1.50330000000000	0
1.50663333333333	2713
1.50996666666667	0
1.51330000000000	0
1.51663333333333	0
1.51998333333333	0
1.52331666666667	0
1.52665000000000	0
1.52998333333333	0
1.53331666666667	0
1.53666666666667	0
1.54000000000000	0
1.54333333333333	0
1.54666666666667	0
1.55000000000000	0
1.55335000000000	0
1.55668333333333	0
1.56001666666667	0
1.56335000000000	0
1.56668333333333	0
1.57003333333333	0
1.57336666666667	0
1.57670000000000	0
1.58003333333333	0
1.58336666666667	0
1.58671666666667	0
1.59005000000000	0
1.59338333333333	0
1.59671666666667	0
1.60005000000000	0
1.60340000000000	0
1.60673333333333	0
1.61006666666667	0
1.61340000000000	0
1.61673333333333	0
1.62008333333333	0
1.62341666666667	0
1.62675000000000	0
1.63008333333333	0
1.63341666666667	0
1.63676666666667	0
1.64010000000000	0
1.64343333333333	0
1.64676666666667	0
1.65010000000000	0
1.65345000000000	0
1.65678333333333	0
1.66011666666667	0
1.66345000000000	0
1.66678333333333	0
1.67013333333333	0
1.67346666666667	0
1.67680000000000	0
1.68013333333333	0
1.68346666666667	0
1.68681666666667	0
1.69015000000000	0
1.69348333333333	0
1.69681666666667	0
1.70015000000000	0
1.70350000000000	0
1.70683333333333	0
1.71016666666667	0
1.71350000000000	0
1.71683333333333	0
1.72018333333333	0
1.72351666666667	0
1.72685000000000	0
1.73018333333333	0
1.73351666666667	0
1.73686666666667	0
1.74020000000000	0
1.74353333333333	0
1.74686666666667	0
1.75020000000000	0
1.75355000000000	0
1.75688333333333	0
1.76021666666667	0
1.76355000000000	0
1.76688333333333	0
1.77023333333333	0
1.77356666666667	0
1.77690000000000	0
1.78023333333333	0
1.78356666666667	0
1.78691666666667	0
1.79025000000000	0
1.79358333333333	0
1.79691666666667	0
1.80025000000000	0
1.80360000000000	0
1.80693333333333	0
1.81026666666667	0
1.81360000000000	0
1.81693333333333	0
1.82026666666667	0
1.82361666666667	0
1.82695000000000	0
1.83028333333333	0
1.83361666666667	0
1.83695000000000	0
1.84030000000000	0
1.84363333333333	0
1.84696666666667	0
1.85030000000000	0
1.85363333333333	0
1.85698333333333	0
1.86031666666667	0
1.86365000000000	0
1.86698333333333	0
1.87031666666667	0
1.87366666666667	0
1.87700000000000	0
1.88033333333333	0
1.88366666666667	0
1.88700000000000	0
1.89035000000000	0
1.89368333333333	0
1.89701666666667	0
1.90035000000000	0
1.90368333333333	0
1.90703333333333	0
1.91036666666667	0
1.91370000000000	0
1.91703333333333	0
1.92036666666667	0
1.92371666666667	0
1.92705000000000	0
1.93038333333333	0
1.93371666666667	0
1.93705000000000	0
1.94040000000000	0
1.94373333333333	0
1.94706666666667	0
1.95040000000000	0
1.95373333333333	0
1.95708333333333	0
1.96041666666667	0
1.96375000000000	0
1.96708333333333	0
1.97041666666667	0
1.97376666666667	0
1.97710000000000	0
1.98043333333333	0
1.98376666666667	0
1.98710000000000	0
1.99045000000000	0
1.99378333333333	0
1.99711666666667	0
2.00045000000000	0
2.00378333333333	0
2.00713333333333	0
2.01046666666667	0
2.01380000000000	0
2.01713333333333	0
2.02046666666667	0
2.02381666666667	0
2.02715000000000	0
2.03048333333333	0
2.03381666666667	42
2.03715000000000	42
2.04050000000000	0
2.04383333333333	0
2.04716666666667	0
2.05050000000000	0
2.05383333333333	0
2.05718333333333	0
2.06051666666667	80
2.06385000000000	40
2.06718333333333	0
2.07051666666667	0
2.07386666666667	0
2.07720000000000	0
2.08053333333333	0
2.08386666666667	0
2.08720000000000	0
2.09055000000000	0
2.09388333333333	0
2.09721666666667	0
2.10055000000000	0
2.10388333333333	0
2.10723333333333	0
2.11056666666667	0
2.11390000000000	0
2.11723333333333	0
2.12056666666667	0
2.12391666666667	0
2.12725000000000	0
2.13058333333333	0
2.13391666666667	0
2.13725000000000	0
2.14060000000000	0
2.14393333333333	0
2.14726666666667	0
2.15060000000000	0
2.15393333333333	0
2.15726666666667	0
2.16061666666667	0
2.16395000000000	0
2.16728333333333	0
2.17061666666667	0
2.17395000000000	0
2.17730000000000	0
2.18063333333333	0
2.18396666666667	0
2.18730000000000	0
2.19063333333333	0
2.19398333333333	0
2.19731666666667	0
2.20065000000000	0
2.20398333333333	0
2.20731666666667	0
2.21066666666667	0
2.21400000000000	0
2.21733333333333	0
2.22066666666667	0
2.22400000000000	0
2.22735000000000	0
2.23068333333333	0
2.23401666666667	0
2.23735000000000	0
2.24068333333333	0
2.24403333333333	0
2.24736666666667	0
2.25070000000000	0
2.25403333333333	1188
2.25736666666667	594
2.26071666666667	0
2.26405000000000	0
2.26738333333333	0
2.27071666666667	0
2.27405000000000	794
2.27740000000000	397
2.28073333333333	0
2.28406666666667	0
2.28740000000000	0
2.29073333333333	0
2.29408333333333	0
2.29741666666667	0
2.30075000000000	0
2.30408333333333	0
2.30741666666667	0
2.31076666666667	0
2.31410000000000	0
2.31743333333333	0
2.32076666666667	0
2.32410000000000	0
2.32745000000000	0
2.33078333333333	0
2.33411666666667	538
2.33745000000000	658
2.34078333333333	777
2.34413333333333	1158
2.34746666666667	1538
2.35080000000000	0
2.35413333333333	2339
2.35746666666667	1644
2.36081666666667	949
2.36415000000000	507
2.36748333333333	1249
2.37081666666667	1992
2.37415000000000	3199
2.37750000000000	3980
2.38083333333333	3430
2.38416666666667	2675
2.38750000000000	3405
2.39083333333333	1575
2.39418333333333	1396
2.39751666666667	1217
2.40085000000000	819
2.40418333333333	4077
2.40751666666667	2856
2.41086666666667	1636
2.41420000000000	3441
2.41753333333333	3169
2.42086666666667	2898
2.42420000000000	2065
2.42755000000000	2866
2.43088333333333	1291
2.43421666666667	578
2.43755000000000	1851
2.44088333333333	486
2.44423333333333	4799
2.44756666666667	4366
2.45090000000000	3334
2.45423333333333	2478
2.45756666666667	1634
2.46091666666667	2401
2.46425000000000	3168
2.46758333333333	4398
2.47091666666667	4235
2.47425000000000	1835
2.47760000000000	3566
2.48093333333333	5217
2.48426666666667	2141
2.48760000000000	1803
2.49093333333333	6006
2.49426666666667	2054
2.49761666666667	1256
2.50095000000000	5755
2.50428333333333	3537
2.50761666666667	4954
2.51095000000000	7050
2.51430000000000	893
2.51763333333333	6108
2.52096666666667	6982
2.52430000000000	0
2.52763333333333	5951
2.53098333333333	7442
2.53431666666667	1299
2.53765000000000	4297
2.54098333333333	6526
2.54431666666667	3858
2.54766666666667	2621
2.55100000000000	6210
2.55433333333333	1573
2.55766666666667	7056
2.56100000000000	3058
2.56435000000000	2160
2.56768333333333	4792
2.57101666666667	4879
2.57435000000000	1325
2.57768333333333	2525
2.58101666666667	4010
2.58435000000000	3013
2.58768333333333	2017
2.59101666666667	3390
2.59435000000000	2858
2.59770000000000	2326
2.60103333333333	1642
2.60436666666667	1935
2.60770000000000	2228
2.61103333333333	0
2.61438333333333	7512
2.61771666666667	7284
2.62105000000000	5004
2.62438333333333	2264
2.62771666666667	4932
2.63106666666667	3712
2.63440000000000	1470
2.63773333333333	4942
2.64106666666667	4416
2.64440000000000	3826
2.64775000000000	4033
2.65108333333333	4241
2.65441666666667	1851
2.65775000000000	2721
2.66108333333333	3592
2.66443333333333	3057
2.66776666666667	3270
2.67110000000000	3483
2.67443333333333	2656
2.67776666666667	2905
2.68111666666667	2555
2.68445000000000	2204
2.68778333333333	3612
2.69111666666667	254
2.69445000000000	4981
2.69780000000000	2491
2.70113333333333	0
2.70446666666667	2119
2.70780000000000	1084
2.71113333333333	2287
2.71448333333333	3489
2.71781666666667	3830
2.72115000000000	4171
2.72448333333333	375
2.72781666666667	4688
2.73116666666667	4979
2.73450000000000	5270
2.73783333333333	5224
2.74116666666667	5177
2.74450000000000	3790
2.74785000000000	2402
2.75118333333333	3818
2.75451666666667	3902
2.75785000000000	3986
2.76118333333333	4233
2.76453333333333	4480
2.76786666666667	731
2.77120000000000	1723
2.77453333333333	2716
2.77786666666667	3289
2.78121666666667	3862
2.78455000000000	7448
2.78788333333333	5280
2.79121666666667	3112
2.79455000000000	7207
2.79790000000000	2960
2.80123333333333	4335
2.80456666666667	5709
2.80790000000000	5617
2.81123333333333	5886
2.81458333333333	8936
2.81791666666667	10732
2.82125000000000	2513
2.82458333333333	3160
2.82791666666667	7047
2.83125000000000	3295
2.83460000000000	7007
2.83793333333333	5905
2.84126666666667	3896
2.84460000000000	2044
2.84793333333333	6958
2.85128333333333	8352
2.85461666666667	2206
2.85795000000000	7804
2.86128333333333	2968
2.86461666666667	6997
2.86796666666667	5879
2.87130000000000	8732
2.87463333333333	10048
2.87796666666667	905
2.88130000000000	4776
2.88465000000000	10284
2.88798333333333	10652
2.89131666666667	5719
2.89465000000000	5884
2.89798333333333	4550
2.90133333333333	7232
2.90466666666667	1999
2.90800000000000	7884
2.91133333333333	6909
2.91466666666667	2359
2.91801666666667	9636
2.92135000000000	3978
2.92468333333333	5276
2.92801666666667	1482
2.93135000000000	2469
2.93470000000000	3456
2.93803333333333	2561
2.94136666666667	1666
2.94470000000000	3918
2.94803333333333	10876
2.95138333333333	10164
2.95471666666667	5067
2.95805000000000	3947
2.96138333333333	3981
2.96471666666667	7228
2.96806666666667	7061
2.97140000000000	2603
2.97473333333333	7816
2.97806666666667	3347
2.98140000000000	7861
2.98475000000000	12860
2.98808333333333	11144
2.99141666666667	1380
2.99475000000000	5446
2.99808333333333	2180
3.00143333333333	1918
3.00476666666667	2791
3.00810000000000	1504
3.01143333333333	855
3.01476666666667	206
3.01811666666667	688
3.02145000000000	1350
3.02478333333333	2012
3.02811666666667	2482
3.03145000000000	2952
3.03480000000000	3309
3.03813333333333	5745
3.04146666666667	7582
3.04480000000000	5918
3.04813333333333	7804
3.05148333333333	4326
3.05481666666667	2667
3.05815000000000	4704
3.06148333333333	5734
3.06481666666667	5368
3.06816666666667	5350
3.07150000000000	5333
3.07483333333333	843
3.07816666666667	3267
3.08150000000000	4637
3.08485000000000	5557
3.08818333333333	2704
3.09151666666667	3440
3.09485000000000	4175
3.09818333333333	2463
3.10153333333333	4399
3.10486666666667	4760
3.10820000000000	4945
3.11153333333333	5823
3.11486666666667	4893
3.11821666666667	3963
3.12155000000000	1981
3.12488333333333	3670
3.12821666666667	4220
3.13155000000000	2600
3.13490000000000	6570
3.13823333333333	7492
3.14156666666667	6756
3.14490000000000	1036
3.14823333333333	5784
3.15158333333333	0
3.15491666666667	7096
3.15825000000000	7224
3.16158333333333	5487
3.16491666666667	3880
3.16825000000000	5403
3.17160000000000	5697
3.17493333333333	4662
3.17826666666667	4490
3.18160000000000	4318
3.18493333333333	3400
3.18828333333333	545
3.19161666666667	2440
3.19495000000000	4335
3.19828333333333	2484
3.20161666666667	3781
3.20496666666667	3918
3.20830000000000	4386
3.21163333333333	5937
3.21496666666667	1002
3.21830000000000	4537
3.22165000000000	2851
3.22498333333333	3729
3.22831666666667	4285
3.23165000000000	5376
3.23498333333333	6467
3.23833333333333	6255
3.24166666666667	6042
3.24500000000000	6121
3.24833333333333	2164
3.25166666666667	5032
3.25501666666667	5937
3.25835000000000	4849
3.26168333333333	4967
3.26501666666667	3487
3.26835000000000	0
3.27170000000000	3938
3.27503333333333	5778
3.27836666666667	9396
3.28170000000000	8436
3.28503333333333	5915
3.28838333333333	2997
3.29171666666667	6295
3.29505000000000	3132
3.29838333333333	3743
3.30171666666667	4354
3.30506666666667	5230
3.30840000000000	2615
3.31173333333333	0
3.31506666666667	5180
3.31840000000000	3859
3.32175000000000	9060
3.32508333333333	8171
3.32841666666667	373
3.33175000000000	3697
3.33508333333333	8512
3.33843333333333	2162
3.34176666666667	10040
3.34510000000000	9060
3.34843333333333	1059
3.35176666666667	5754
3.35511666666667	7947
3.35845000000000	4464
3.36178333333333	4444
3.36511666666667	4423
3.36845000000000	3824
3.37180000000000	3988
3.37513333333333	5988
3.37846666666667	5414
3.38180000000000	4841
3.38513333333333	5710
3.38848333333333	4293
3.39181666666667	2796
3.39515000000000	2070
3.39848333333333	3835
3.40181666666667	4864
3.40516666666667	4947
3.40850000000000	5001
3.41183333333333	3085
3.41516666666667	2635
3.41850000000000	2184
3.42185000000000	3498
3.42518333333333	3264
3.42851666666667	3029
3.43185000000000	2879
3.43518333333333	3285
3.43853333333333	2434
3.44186666666667	6193
3.44520000000000	5065
3.44853333333333	3936
3.45186666666667	6274
3.45521666666667	894
3.45855000000000	1038
3.46188333333333	5719
3.46521666666667	5565
3.46855000000000	175
3.47190000000000	1194
3.47523333333333	1529
3.47856666666667	3695
3.48190000000000	3102
3.48523333333333	2508
3.48858333333333	1719
3.49191666666667	213
3.49525000000000	2639
3.49858333333333	5802
3.50191666666667	7290
3.50525000000000	3504
3.50860000000000	3817
3.51193333333333	1383
3.51526666666667	7716
3.51860000000000	6616
3.52193333333333	236
3.52528333333333	5364
3.52861666666667	5764
3.53195000000000	9256
3.53528333333333	6329
3.53861666666667	6532
3.54196666666667	9228
3.54530000000000	5878
3.54863333333333	5829
3.55196666666667	44
3.55530000000000	4458
3.55865000000000	6278
3.56198333333333	10860
3.56531666666667	8372
3.56865000000000	5883
3.57198333333333	7584
3.57533333333333	4311
3.57866666666667	4715
3.58200000000000	5120
3.58533333333333	4460
3.58866666666667	3016
3.59201666666667	3993
3.59535000000000	4969
3.59868333333333	4686
3.60201666666667	3785
3.60535000000000	2704
3.60870000000000	9312
3.61203333333333	9008
3.61536666666667	8372
3.61870000000000	1975
3.62203333333333	2435
3.62538333333333	6057
3.62871666666667	8588
3.63205000000000	6792
3.63538333333333	4631
3.63871666666667	2031
3.64206666666667	8328
3.64540000000000	7784
3.64873333333333	2021
3.65206666666667	7844
3.65540000000000	4632
3.65875000000000	4263
3.66208333333333	3487
3.66541666666667	9496
3.66875000000000	10388
3.67208333333333	3955
3.67543333333333	7570
3.67876666666667	8528
3.68210000000000	6474
3.68543333333333	4540
3.68876666666667	8308
3.69211666666667	6153
3.69545000000000	704
3.69878333333333	5273
3.70211666666667	670
3.70545000000000	3699
3.70880000000000	1155
3.71213333333333	1311
3.71546666666667	1466
3.71880000000000	4448
3.72213333333333	4621
3.72548333333333	4793
3.72881666666667	3355
3.73215000000000	3172
3.73548333333333	3311
3.73881666666667	3450
3.74216666666667	3949
3.74550000000000	4448
3.74883333333333	5535
3.75216666666667	2768
3.75550000000000	0
3.75885000000000	4504
3.76218333333333	1038
3.76551666666667	11852
3.76885000000000	10016
3.77218333333333	8304
3.77553333333333	6215
3.77886666666667	5431
3.78220000000000	4648
3.78553333333333	4633
3.78886666666667	4618
3.79221666666667	4985
3.79555000000000	5351
3.79888333333333	678
3.80221666666667	7405
3.80555000000000	4328
3.80890000000000	2946
3.81223333333333	6942
3.81556666666667	1900
3.81890000000000	5801
3.82223333333333	6498
3.82558333333333	225
3.82891666666667	5932
3.83225000000000	3824
3.83558333333333	3278
3.83891666666667	2731
3.84225000000000	3460
3.84560000000000	4189
3.84893333333333	3326
3.85226666666667	2462
3.85560000000000	4750
3.85893333333333	6117
3.86228333333333	4954
3.86561666666667	3791
3.86895000000000	6508
3.87228333333333	0
3.87561666666667	4352
3.87896666666667	6721
3.88230000000000	5226
3.88563333333333	3731
3.88896666666667	3288
3.89230000000000	4206
3.89565000000000	3622
3.89898333333333	3039
3.90231666666667	1395
3.90565000000000	920
3.90898333333333	444
3.91233333333333	1557
3.91566666666667	2670
3.91900000000000	8844
3.92233333333333	8904
3.92566666666667	1368
3.92901666666667	6455
3.93235000000000	3456
3.93568333333333	4885
3.93901666666667	6315
3.94235000000000	5576
3.94570000000000	6113
3.94903333333333	6735
3.95236666666667	7356
3.95570000000000	6547
3.95903333333333	2643
3.96238333333333	5182
3.96571666666667	2496
3.96905000000000	6612
3.97238333333333	5706
3.97571666666667	4800
3.97906666666667	4513
3.98240000000000	0
3.98573333333333	5901
3.98906666666667	7470
3.99240000000000	9040
3.99575000000000	5827
3.99908333333333	688
4.00241666666667	3367
4.00575000000000	4107
4.00908333333333	3775
4.01243333333333	4308
4.01576666666667	4842
4.01910000000000	6757
4.02243333333333	1045
4.02576666666667	4243
4.02911666666667	3738
4.03245000000000	3413
4.03578333333333	4705
4.03911666666667	3515
4.04245000000000	2325
4.04580000000000	2756
4.04913333333333	3186
4.05246666666667	2226
4.05580000000000	3712
4.05913333333333	3547
4.06248333333333	3382
4.06581666666667	1859
4.06915000000000	1734
4.07248333333333	1610
4.07581666666667	3713
4.07916666666667	3134
4.08250000000000	2555
4.08583333333333	6870
4.08916666666667	4330
4.09250000000000	1790
4.09585000000000	0
4.09918333333333	2549
4.10251666666667	2266
4.10585000000000	1984
4.10918333333333	610
4.11253333333333	1957
4.11586666666667	3305
4.11920000000000	1652
4.12253333333333	0
4.12586666666667	1968
4.12921666666667	3936
4.13255000000000	9304
4.13588333333333	6944
4.13921666666667	1727
4.14255000000000	1879
4.14590000000000	5358
4.14923333333333	3375
4.15256666666667	1392
4.15590000000000	4157
4.15923333333333	5214
4.16258333333333	6272
4.16591666666667	6837
4.16925000000000	570
4.17258333333333	3969
4.17591666666667	6311
4.17925000000000	3485
4.18260000000000	3643
4.18593333333333	3266
4.18926666666667	2803
4.19260000000000	1827
4.19593333333333	4715
4.19928333333333	3724
4.20261666666667	2733
4.20595000000000	3611
4.20928333333333	4071
4.21261666666667	4532
4.21596666666667	4283
4.21930000000000	4772
4.22263333333333	4767
4.22596666666667	4762
4.22930000000000	4430
4.23265000000000	4991
4.23598333333333	4742
4.23931666666667	4492
4.24265000000000	1487
4.24598333333333	7025
4.24933333333333	5506
4.25266666666667	8284
4.25600000000000	2110
4.25933333333333	3795
4.26266666666667	6713
4.26601666666667	5373
4.26935000000000	2358
4.27268333333333	2867
4.27601666666667	2418
4.27935000000000	1908
4.28270000000000	1783
4.28603333333333	3644
4.28936666666667	3045
4.29270000000000	2446
4.29603333333333	6546
4.29938333333333	3911
4.30271666666667	1276
4.30605000000000	3107
4.30938333333333	5945
4.31271666666667	4135
4.31606666666667	3035
4.31940000000000	1935
4.32273333333333	968
4.32606666666667	0
4.32940000000000	2530
4.33275000000000	5576
4.33608333333333	5964
4.33941666666667	4559
4.34275000000000	3155
4.34608333333333	2892
4.34943333333333	3117
4.35276666666667	3342
4.35610000000000	8864
4.35943333333333	9096
4.36276666666667	2911
4.36611666666667	5990
4.36945000000000	4853
4.37278333333333	4298
4.37611666666667	4866
4.37945000000000	6946
4.38280000000000	5388
4.38613333333333	3830
4.38946666666667	4191
4.39280000000000	4551
4.39613333333333	4970
4.39948333333333	5388
4.40281666666667	3424
4.40615000000000	1459
4.40948333333333	4874
4.41281666666667	4029
4.41616666666667	6398
4.41950000000000	2911
4.42283333333333	2857
4.42616666666667	2803
4.42950000000000	4546
4.43285000000000	6289
4.43618333333333	7164
4.43951666666667	4645
4.44285000000000	7659
4.44618333333333	2294
4.44953333333333	8788
4.45286666666667	5505
4.45620000000000	4173
4.45953333333333	5915
4.46286666666667	6579
4.46621666666667	3799
4.46955000000000	8320
4.47288333333333	8716
4.47621666666667	2714
4.47955000000000	3070
4.48290000000000	9368
4.48623333333333	3775
4.48956666666667	3083
4.49290000000000	4222
4.49623333333333	4480
