1.50330000000000	0
1.50663333333333	0
1.50996666666667	0
1.51330000000000	0
1.51663333333333	386
1.51998333333333	909
1.52331666666667	455
1.52665000000000	0
1.52998333333333	740
1.53331666666667	0
1.53666666666667	0
1.54000000000000	0
1.54333333333333	0
1.54666666666667	0
1.55000000000000	0
1.55335000000000	0
1.55668333333333	0
1.56001666666667	0
1.56335000000000	0
1.56668333333333	0
1.57003333333333	0
1.57336666666667	0
1.57670000000000	0
1.58003333333333	0
1.58336666666667	0
1.58671666666667	0
1.59005000000000	0
1.59338333333333	0
1.59671666666667	0
1.60005000000000	0
1.60340000000000	0
1.60673333333333	0
1.61006666666667	0
1.61340000000000	0
1.61673333333333	0
1.62008333333333	0
1.62341666666667	0
1.62675000000000	0
1.63008333333333	0
1.63341666666667	0
1.63676666666667	0
1.64010000000000	0
1.64343333333333	42
1.64676666666667	21
1.65010000000000	0
1.65345000000000	0
1.65678333333333	0
1.66011666666667	0
1.66345000000000	0
1.66678333333333	0
1.67013333333333	0
1.67346666666667	0
1.67680000000000	0
1.68013333333333	0
1.68346666666667	0
1.68681666666667	0
1.69015000000000	992
1.69348333333333	496
1.69681666666667	0
1.70015000000000	0
1.70350000000000	0
1.70683333333333	0
1.71016666666667	0
1.71350000000000	0
1.71683333333333	0
1.72018333333333	0
1.72351666666667	0
1.72685000000000	0
1.73018333333333	0
1.73351666666667	0
1.73686666666667	0
1.74020000000000	0
1.74353333333333	0
1.74686666666667	0
1.75020000000000	0
1.75355000000000	0
1.75688333333333	0
1.76021666666667	0
1.76355000000000	0
1.76688333333333	0
1.77023333333333	0
1.77356666666667	0
1.77690000000000	0
1.78023333333333	0
1.78356666666667	0
1.78691666666667	0
1.79025000000000	0
1.79358333333333	0
1.79691666666667	0
1.80025000000000	0
1.80360000000000	0
1.80693333333333	0
1.81026666666667	0
1.81360000000000	0
1.81693333333333	0
1.82026666666667	0
1.82361666666667	86
1.82695000000000	43
1.83028333333333	0
1.83361666666667	93
1.83695000000000	0
1.84030000000000	0
1.84363333333333	0
1.84696666666667	0
1.85030000000000	23
1.85363333333333	11
1.85698333333333	0
1.86031666666667	0
1.86365000000000	0
1.86698333333333	0
1.87031666666667	0
1.87366666666667	0
1.87700000000000	0
1.88033333333333	0
1.88366666666667	0
1.88700000000000	0
1.89035000000000	0
1.89368333333333	0
1.89701666666667	0
1.90035000000000	0
1.90368333333333	0
1.90703333333333	0
1.91036666666667	0
1.91370000000000	0
1.91703333333333	0
1.92036666666667	0
1.92371666666667	0
1.92705000000000	0
1.93038333333333	0
1.93371666666667	0
1.93705000000000	0
1.94040000000000	0
1.94373333333333	0
1.94706666666667	0
1.95040000000000	0
1.95373333333333	0
1.95708333333333	0
1.96041666666667	0
1.96375000000000	0
1.96708333333333	0
1.97041666666667	0
1.97376666666667	0
1.97710000000000	0
1.98043333333333	0
1.98376666666667	0
1.98710000000000	0
1.99045000000000	0
1.99378333333333	0
1.99711666666667	0
2.00045000000000	0
2.00378333333333	0
2.00713333333333	0
2.01046666666667	0
2.01380000000000	0
2.01713333333333	0
2.02046666666667	0
2.02381666666667	0
2.02715000000000	0
2.03048333333333	0
2.03381666666667	0
2.03715000000000	0
2.04050000000000	0
2.04383333333333	0
2.04716666666667	0
2.05050000000000	0
2.05383333333333	0
2.05718333333333	0
2.06051666666667	0
2.06385000000000	0
2.06718333333333	0
2.07051666666667	0
2.07386666666667	0
2.07720000000000	0
2.08053333333333	0
2.08386666666667	0
2.08720000000000	0
2.09055000000000	0
2.09388333333333	0
2.09721666666667	0
2.10055000000000	0
2.10388333333333	0
2.10723333333333	0
2.11056666666667	0
2.11390000000000	0
2.11723333333333	0
2.12056666666667	0
2.12391666666667	0
2.12725000000000	0
2.13058333333333	0
2.13391666666667	0
2.13725000000000	0
2.14060000000000	0
2.14393333333333	0
2.14726666666667	0
2.15060000000000	0
2.15393333333333	0
2.15726666666667	0
2.16061666666667	0
2.16395000000000	0
2.16728333333333	0
2.17061666666667	0
2.17395000000000	0
2.17730000000000	0
2.18063333333333	0
2.18396666666667	0
2.18730000000000	0
2.19063333333333	0
2.19398333333333	0
2.19731666666667	0
2.20065000000000	0
2.20398333333333	0
2.20731666666667	0
2.21066666666667	0
2.21400000000000	0
2.21733333333333	0
2.22066666666667	0
2.22400000000000	0
2.22735000000000	0
2.23068333333333	0
2.23401666666667	0
2.23735000000000	0
2.24068333333333	1176
2.24403333333333	588
2.24736666666667	0
2.25070000000000	319
2.25403333333333	637
2.25736666666667	749
2.26071666666667	1016
2.26405000000000	0
2.26738333333333	1313
2.27071666666667	1221
2.27405000000000	1130
2.27740000000000	1714
2.28073333333333	2298
2.28406666666667	2041
2.28740000000000	0
2.29073333333333	988
2.29408333333333	1976
2.29741666666667	5189
2.30075000000000	4787
2.30408333333333	4052
2.30741666666667	3841
2.31076666666667	3630
2.31410000000000	5450
2.31743333333333	6223
2.32076666666667	6914
2.32410000000000	7604
2.32745000000000	6720
2.33078333333333	5836
2.33411666666667	8087
2.33745000000000	10336
2.34078333333333	11164
2.34413333333333	11544
2.34746666666667	11924
2.35080000000000	6552
2.35413333333333	19880
2.35746666666667	19676
2.36081666666667	20944
2.36415000000000	21748
2.36748333333333	24364
2.37081666666667	21360
2.37415000000000	18356
2.37750000000000	20524
2.38083333333333	22692
2.38416666666667	16780
2.38750000000000	18936
2.39083333333333	15508
2.39418333333333	12076
2.39751666666667	15296
2.40085000000000	18520
2.40418333333333	16684
2.40751666666667	27076
2.41086666666667	27344
2.41420000000000	27608
2.41753333333333	13272
2.42086666666667	26548
2.42420000000000	24696
2.42755000000000	22844
2.43088333333333	21536
2.43421666666667	20228
2.43755000000000	29112
2.44088333333333	20720
2.44423333333333	12332
2.44756666666667	14024
2.45090000000000	15716
2.45423333333333	24128
2.45756666666667	21120
2.46091666666667	29452
2.46425000000000	32944
2.46758333333333	26604
2.47091666666667	26932
2.47425000000000	27264
2.47760000000000	31216
2.48093333333333	35168
2.48426666666667	43296
2.48760000000000	15192
2.49093333333333	40688
2.49426666666667	39936
2.49761666666667	39744
2.50095000000000	38432
2.50428333333333	37120
2.50761666666667	39712
2.51095000000000	36368
2.51430000000000	40384
2.51763333333333	44400
2.52096666666667	41584
2.52430000000000	38832
2.52763333333333	36080
2.53098333333333	47632
2.53431666666667	42880
2.53765000000000	38112
2.54098333333333	47168
2.54431666666667	36336
2.54766666666667	40624
2.55100000000000	55008
2.55433333333333	50464
2.55766666666667	39920
2.56100000000000	61616
2.56435000000000	39008
2.56768333333333	31924
2.57101666666667	48352
2.57435000000000	57600
2.57768333333333	48624
2.58103333333333	53888
2.58436666666667	31580
2.58770000000000	44400
2.59103333333333	28072
2.59436666666667	40944
2.59771666666667	41296
2.60105000000000	41632
2.60438333333333	41152
2.60771666666667	40672
2.61105000000000	47824
2.61440000000000	24964
2.61773333333333	34192
2.62106666666667	50672
2.62440000000000	54208
2.62773333333333	23968
2.63108333333333	51616
2.63441666666667	41136
2.63775000000000	63424
2.64108333333333	39232
2.64441666666667	42704
2.64776666666667	44064
2.65110000000000	45408
2.65443333333333	40512
2.65776666666667	35616
2.66110000000000	38832
2.66445000000000	38368
2.66778333333333	37920
2.67111666666667	42384
2.67445000000000	46848
2.67778333333333	45696
2.68113333333333	44544
2.68446666666667	19384
2.68780000000000	58336
2.69113333333333	51424
2.69446666666667	35696
2.69781666666667	52192
2.70115000000000	28376
2.70448333333333	30476
2.70781666666667	32572
2.71115000000000	36576
2.71450000000000	40096
2.71783333333333	43616
2.72116666666667	47376
2.72450000000000	51728
2.72783333333333	47920
2.73118333333333	44112
2.73451666666667	39952
2.73785000000000	52720
2.74118333333333	24900
2.74451666666667	50256
2.74786666666667	35984
2.75120000000000	40960
2.75453333333333	50240
2.75786666666667	59520
2.76120000000000	58800
2.76455000000000	36128
2.76788333333333	34720
2.77121666666667	65120
2.77455000000000	58800
2.77788333333333	21788
2.78123333333333	48288
2.78456666666667	43872
2.78790000000000	49904
2.79123333333333	48752
2.79456666666667	22328
2.79791666666667	49360
2.80125000000000	54128
2.80458333333333	59248
2.80791666666667	29168
2.81125000000000	40320
2.81460000000000	67072
2.81793333333333	47632
2.82126666666667	34864
2.82460000000000	61008
2.82793333333333	39280
2.83126666666667	43904
2.83461666666667	57008
2.83795000000000	59360
2.84128333333333	30764
2.84461666666667	36704
2.84795000000000	28736
2.85130000000000	33808
2.85463333333333	38880
2.85796666666667	43280
2.86130000000000	38576
2.86463333333333	33872
2.86798333333333	34960
2.87131666666667	41328
2.87465000000000	35552
2.87798333333333	29768
2.88131666666667	40320
2.88466666666667	48832
2.88800000000000	41984
2.89133333333333	52400
2.89466666666667	40128
2.89800000000000	27864
2.90135000000000	43152
2.90468333333333	67968
2.90801666666667	57920
2.91135000000000	55136
2.91468333333333	57120
2.91803333333333	46176
2.92136666666667	42560
2.92470000000000	57072
2.92803333333333	50928
2.93136666666667	61968
2.93471666666667	32532
2.93805000000000	36928
2.94138333333333	45168
2.94471666666667	53136
2.94805000000000	50192
2.95140000000000	46656
2.95473333333333	48880
2.95806666666667	55024
2.96140000000000	54256
2.96473333333333	53472
2.96808333333333	51024
2.97141666666667	48560
2.97475000000000	51344
2.97808333333333	54112
2.98141666666667	54128
2.98476666666667	56608
2.98810000000000	37776
2.99143333333333	43536
2.99476666666667	56128
2.99810000000000	57456
3.00145000000000	33200
3.00478333333333	59360
3.00811666666667	64080
3.01145000000000	51472
3.01478333333333	40512
3.01813333333333	69280
3.02146666666667	66208
3.02480000000000	45120
3.02813333333333	58368
3.03146666666667	60416
3.03481666666667	41440
3.03815000000000	53808
3.04148333333333	27756
3.04481666666667	47152
3.04815000000000	46112
3.05150000000000	35088
3.05483333333333	52672
3.05816666666667	42960
3.06150000000000	82288
3.06483333333333	75824
3.06818333333333	43040
3.07151666666667	50432
3.07485000000000	43040
3.07818333333333	55824
3.08151666666667	29936
3.08486666666667	45344
3.08820000000000	40768
3.09153333333333	35232
3.09486666666667	39552
3.09820000000000	43856
3.10155000000000	44992
3.10488333333333	47792
3.10821666666667	57872
3.11155000000000	63552
3.11488333333333	55808
3.11823333333333	30524
3.12156666666667	51712
3.12490000000000	46368
3.12823333333333	39360
3.13156666666667	40384
3.13491666666667	41568
3.13825000000000	30828
3.14158333333333	40752
3.14491666666667	48144
3.14825000000000	38672
3.15160000000000	38000
3.15493333333333	37328
3.15826666666667	44800
3.16160000000000	45888
3.16493333333333	41936
3.16826666666667	47552
3.17161666666667	46128
3.17495000000000	44720
3.17828333333333	65216
3.18161666666667	14488
3.18495000000000	56384
3.18830000000000	42304
3.19163333333333	30608
3.19496666666667	39584
3.19830000000000	45040
3.20163333333333	50496
3.20498333333333	47024
3.20831666666667	73040
3.21165000000000	67872
3.21498333333333	26424
3.21831666666667	55968
3.22166666666667	56240
3.22500000000000	32632
3.22833333333333	52512
3.23166666666667	47888
3.23500000000000	44272
3.23835000000000	23868
3.24168333333333	51872
3.24501666666667	65408
3.24835000000000	41168
3.25168333333333	37872
3.25503333333333	69792
3.25836666666667	55504
3.26170000000000	44880
3.26503333333333	28856
3.26836666666667	40544
3.27171666666667	33984
3.27505000000000	42720
3.27838333333333	51536
3.28171666666667	49504
3.28505000000000	39968
3.28840000000000	50880
3.29173333333333	52128
3.29506666666667	34448
3.29840000000000	45968
3.30173333333333	52384
3.30508333333333	51712
3.30841666666667	47584
3.31175000000000	41568
3.31508333333333	40784
3.31841666666667	49808
3.32176666666667	51680
3.32510000000000	46560
3.32843333333333	29868
3.33176666666667	43808
3.33510000000000	41808
3.33845000000000	29216
3.34178333333333	51152
3.34511666666667	48192
3.34845000000000	31492
3.35178333333333	42320
3.35513333333333	42672
3.35846666666667	43008
3.36180000000000	64624
3.36513333333333	63360
3.36846666666667	26728
3.37181666666667	48272
3.37515000000000	49600
3.37848333333333	46304
3.38181666666667	53504
3.38515000000000	52640
3.38850000000000	51776
3.39183333333333	52320
3.39516666666667	52864
3.39850000000000	50544
3.40183333333333	27812
3.40518333333333	54368
3.40851666666667	70208
3.41185000000000	67936
3.41518333333333	46304
3.41851666666667	47952
3.42186666666667	51200
3.42520000000000	49312
3.42853333333333	47424
3.43186666666667	39072
3.43520000000000	44416
3.43855000000000	32960
3.44188333333333	51488
3.44521666666667	57216
3.44855000000000	56256
3.45188333333333	42288
3.45523333333333	45216
3.45856666666667	55920
3.46190000000000	53040
3.46523333333333	48272
3.46856666666667	52432
3.47191666666667	50160
3.47525000000000	47632
3.47858333333333	33392
3.48191666666667	36400
3.48525000000000	52048
3.48860000000000	59120
3.49193333333333	46592
3.49526666666667	55712
3.49860000000000	57568
3.50193333333333	35904
3.50526666666667	50864
3.50861666666667	27060
3.51195000000000	47888
3.51528333333333	51088
3.51861666666667	54288
3.52195000000000	50992
3.52530000000000	28244
3.52863333333333	47760
3.53196666666667	43056
3.53530000000000	62672
3.53863333333333	62432
3.54198333333333	41200
3.54531666666667	48560
3.54865000000000	55424
3.55198333333333	43040
3.55531666666667	51632
3.55866666666667	61216
3.56200000000000	55872
3.56533333333333	41328
3.56866666666667	49200
3.57200000000000	29044
3.57535000000000	47616
3.57868333333333	56992
3.58201666666667	34608
3.58535000000000	41216
3.58868333333333	46288
3.59203333333333	44832
3.59536666666667	41920
3.59870000000000	39008
3.60203333333333	50784
3.60536666666667	49904
3.60871666666667	49024
3.61205000000000	41216
3.61538333333333	52288
3.61871666666667	36816
3.62205000000000	51488
3.62540000000000	43296
3.62873333333333	40976
3.63206666666667	51264
3.63540000000000	47024
3.63873333333333	48176
3.64208333333333	46928
3.64541666666667	33856
3.64875000000000	41296
3.65208333333333	44128
3.65541666666667	42992
3.65876666666667	41856
3.66210000000000	39936
3.66543333333333	38032
3.66876666666667	50016
3.67210000000000	51824
3.67545000000000	41648
3.67878333333333	54064
3.68211666666667	45136
3.68545000000000	42672
3.68878333333333	32448
3.69213333333333	60256
3.69546666666667	68064
3.69880000000000	58176
3.70213333333333	29152
3.70546666666667	45632
3.70881666666667	51168
3.71215000000000	45344
3.71548333333333	35920
3.71881666666667	48480
3.72215000000000	46176
3.72550000000000	39984
3.72883333333333	35776
3.73216666666667	31580
3.73550000000000	31944
3.73883333333333	37136
3.74218333333333	42336
3.74551666666667	39472
3.74885000000000	36608
3.75218333333333	45712
3.75551666666667	20212
3.75886666666667	57840
3.76220000000000	43120
3.76553333333333	74368
3.76886666666667	67760
3.77220000000000	38432
3.77555000000000	52816
3.77888333333333	58416
3.78221666666667	53984
3.78555000000000	58352
3.78888333333333	36704
3.79223333333333	41008
3.79556666666667	51472
3.79890000000000	46928
3.80223333333333	42384
3.80556666666667	40432
3.80891666666667	44512
3.81225000000000	43392
3.81558333333333	42272
3.81891666666667	49632
3.82225000000000	30772
3.82560000000000	35312
3.82893333333333	28740
3.83226666666667	64080
3.83560000000000	65392
3.83893333333333	25744
3.84226666666667	48880
3.84561666666667	49968
3.84895000000000	50528
3.85228333333333	44416
3.85561666666667	40368
3.85895000000000	50288
3.86230000000000	38480
3.86563333333333	57600
3.86896666666667	52480
3.87230000000000	37728
3.87563333333333	54016
3.87898333333333	46960
3.88231666666667	22456
3.88565000000000	65136
3.88898333333333	49664
3.89231666666667	56512
3.89566666666667	52656
3.89900000000000	46240
3.90233333333333	55840
3.90566666666667	51440
3.90900000000000	43456
3.91235000000000	23532
3.91568333333333	43360
3.91901666666667	40608
3.92235000000000	31400
3.92568333333333	22196
3.92903333333333	44624
3.93236666666667	33936
3.93570000000000	54688
3.93903333333333	47040
3.94236666666667	56416
3.94571666666667	47632
3.94905000000000	56736
3.95238333333333	30040
3.95571666666667	45920
3.95905000000000	40960
3.96240000000000	41392
3.96573333333333	56912
3.96906666666667	54192
3.97240000000000	55280
3.97573333333333	56384
3.97908333333333	48880
3.98241666666667	30036
3.98575000000000	29924
3.98908333333333	41648
3.99241666666667	37312
3.99576666666667	32976
3.99910000000000	30676
4.00243333333333	28376
4.00576666666667	30768
4.00910000000000	33152
4.01245000000000	32208
4.01578333333333	31260
4.01911666666667	34736
4.02245000000000	38224
4.02578333333333	44032
4.02913333333333	45696
4.03246666666667	47888
4.03580000000000	50080
4.03913333333333	56816
4.04246666666667	58976
4.04581666666667	45872
4.04915000000000	42720
4.05248333333333	62704
4.05581666666667	59424
4.05915000000000	63856
4.06250000000000	51488
4.06583333333333	42592
4.06916666666667	60112
4.07250000000000	42032
4.07583333333333	61856
4.07918333333333	56992
4.08251666666667	51200
4.08585000000000	46016
4.08918333333333	30672
4.09251666666667	54336
4.09586666666667	39152
4.09920000000000	60928
4.10253333333333	52208
4.10586666666667	55264
4.10920000000000	60080
4.11255000000000	63696
4.11588333333333	42496
4.11921666666667	40528
4.12255000000000	31752
4.12588333333333	44112
4.12923333333333	44432
4.13256666666667	44752
4.13590000000000	41904
4.13923333333333	39040
4.14256666666667	47904
4.14591666666667	47984
4.14925000000000	48080
4.15258333333333	29868
4.15591666666667	43360
4.15925000000000	47536
4.16260000000000	34336
4.16593333333333	42160
4.16926666666667	49968
4.17260000000000	38880
4.17593333333333	51472
4.17926666666667	42160
4.18261666666667	30040
4.18595000000000	35424
4.18928333333333	30472
4.19261666666667	25524
4.19595000000000	53920
4.19930000000000	47376
4.20263333333333	40832
4.20596666666667	47216
4.20930000000000	42304
4.21263333333333	43344
4.21598333333333	44400
4.21931666666667	43008
4.22265000000000	41616
4.22598333333333	44224
4.22931666666667	49792
4.23266666666667	46128
4.23600000000000	42448
4.23933333333333	38128
4.24266666666667	41312
4.24600000000000	50064
4.24935000000000	52016
4.25268333333333	45792
4.25601666666667	39568
4.25935000000000	41488
4.26268333333333	47744
4.26603333333333	53984
4.26936666666667	50208
4.27270000000000	43376
4.27603333333333	43696
4.27936666666667	44016
4.28271666666667	35056
4.28605000000000	26092
4.28938333333333	49776
4.29271666666667	34016
4.29605000000000	59888
4.29940000000000	68304
4.30273333333333	37680
4.30606666666667	51568
4.30940000000000	47728
4.31273333333333	51616
4.31608333333333	55504
4.31941666666667	41984
4.32275000000000	50448
4.32608333333333	45584
4.32941666666667	40704
4.33276666666667	54448
4.33610000000000	51312
4.33943333333333	52640
4.34276666666667	35520
4.34610000000000	61648
4.34945000000000	48752
4.35278333333333	59664
4.35611666666667	55264
4.35945000000000	58464
4.36278333333333	31884
4.36613333333333	63200
4.36946666666667	36992
4.37280000000000	53968
4.37613333333333	52400
4.37946666666667	61840
4.38281666666667	54560
4.38615000000000	38752
4.38948333333333	43744
4.39281666666667	47472
4.39615000000000	42576
4.39950000000000	45696
4.40283333333333	44576
4.40616666666667	47920
4.40950000000000	51264
4.41283333333333	50992
4.41618333333333	50720
4.41951666666667	55712
4.42285000000000	39664
4.42618333333333	55040
4.42951666666667	61104
4.43286666666667	35712
4.43620000000000	32816
4.43953333333333	45808
4.44286666666667	39936
4.44620000000000	57120
4.44955000000000	49680
4.45288333333333	39520
4.45621666666667	42144
4.45955000000000	50752
4.46288333333333	52816
4.46623333333333	42912
4.46956666666667	55248
4.47290000000000	53520
4.47623333333333	45232
4.47956666666667	30188
4.48291666666667	46144
4.48625000000000	45856
4.48958333333333	53984
4.49291666666667	52896
4.49625000000000	53104
