1.50330000000000	0
1.50663333333333	0
1.50996666666667	342
1.51330000000000	0
1.51663333333333	0
1.51998333333333	376
1.52331666666667	287
1.52665000000000	0
1.52998333333333	261
1.53331666666667	0
1.53666666666667	210
1.54000000000000	0
1.54333333333333	0
1.54666666666667	0
1.55000000000000	27
1.55335000000000	13
1.55668333333333	0
1.56001666666667	0
1.56335000000000	0
1.56668333333333	298
1.57003333333333	159
1.57336666666667	20
1.57670000000000	240
1.58003333333333	0
1.58335000000000	0
1.58670000000000	0
1.59003333333333	0
1.59336666666667	0
1.59670000000000	0
1.60003333333333	0
1.60338333333333	0
1.60671666666667	0
1.61005000000000	0
1.61338333333333	0
1.61671666666667	0
1.62005000000000	0
1.62340000000000	0
1.62673333333333	0
1.63006666666667	0
1.63340000000000	0
1.63673333333333	198
1.64008333333333	229
1.64341666666667	115
1.64675000000000	0
1.65006666666667	420
1.65340000000000	733
1.65675000000000	592
1.66008333333333	725
1.66341666666667	0
1.66675000000000	0
1.67008333333333	0
1.67343333333333	0
1.67676666666667	0
1.68010000000000	0
1.68343333333333	259
1.68676666666667	129
1.69011666666667	0
1.69345000000000	0
1.69678333333333	0
1.70011666666667	0
1.70345000000000	0
1.70680000000000	0
1.71013333333333	0
1.71346666666667	0
1.71680000000000	0
1.72013333333333	0
1.72346666666667	0
1.72680000000000	0
1.73013333333333	0
1.73346666666667	0
1.73680000000000	0
1.74015000000000	0
1.74348333333333	0
1.74681666666667	0
1.75015000000000	0
1.75348333333333	0
1.75681666666667	0
1.76016666666667	0
1.76350000000000	0
1.76683333333333	0
1.77016666666667	0
1.77350000000000	0
1.77685000000000	0
1.78018333333333	0
1.78351666666667	0
1.78685000000000	0
1.79018333333333	0
1.79353333333333	349
1.79686666666667	291
1.80020000000000	307
1.80353333333333	0
1.80685000000000	374
1.81020000000000	0
1.81353333333333	0
1.81686666666667	0
1.82020000000000	0
1.82353333333333	0
1.82688333333333	0
1.83021666666667	0
1.83355000000000	0
1.83688333333333	9
1.84021666666667	18
1.84356666666667	208
1.84690000000000	104
1.85023333333333	0
1.85356666666667	0
1.85690000000000	0
1.86025000000000	0
1.86358333333333	0
1.86691666666667	0
1.87025000000000	0
1.87358333333333	0
1.87693333333333	0
1.88026666666667	0
1.88360000000000	0
1.88693333333333	0
1.89026666666667	0
1.89358333333333	0
1.89693333333333	0
1.90026666666667	0
1.90360000000000	0
1.90693333333333	58
1.91026666666667	29
1.91363333333333	0
1.91696666666667	0
1.92030000000000	0
1.92363333333333	0
1.92695000000000	0
1.93030000000000	422
1.93363333333333	385
1.93696666666667	275
1.94030000000000	212
1.94363333333333	0
1.94698333333333	270
1.95031666666667	0
1.95365000000000	0
1.95698333333333	0
1.96031666666667	0
1.96366666666667	0
1.96700000000000	0
1.97033333333333	0
1.97366666666667	0
1.97700000000000	0
1.98035000000000	0
1.98368333333333	0
1.98701666666667	0
1.99035000000000	10
1.99368333333333	5
1.99701666666667	0
2.00035000000000	0
2.00368333333333	762
2.00701666666667	381
2.01035000000000	0
2.01370000000000	437
2.01703333333333	376
2.02036666666667	0
2.02370000000000	0
2.02703333333333	0
2.03036666666667	0
2.03371666666667	0
2.03705000000000	0
2.04038333333333	203
2.04371666666667	102
2.04705000000000	0
2.05040000000000	181
2.05373333333333	45
2.05706666666667	0
2.06040000000000	0
2.06373333333333	26
2.06708333333333	0
2.07041666666667	0
2.07375000000000	0
2.07708333333333	0
2.08041666666667	0
2.08376666666667	0
2.08710000000000	0
2.09043333333333	0
2.09376666666667	0
2.09708333333333	0
2.10043333333333	0
2.10376666666667	0
2.10710000000000	0
2.11043333333333	0
2.11376666666667	0
2.11711666666667	0
2.12045000000000	0
2.12378333333333	0
2.12711666666667	0
2.13045000000000	0
2.13380000000000	0
2.13713333333333	153
2.14046666666667	76
2.14380000000000	0
2.14713333333333	0
2.15048333333333	0
2.15381666666667	0
2.15715000000000	0
2.16048333333333	0
2.16381666666667	0
2.16715000000000	0
2.17050000000000	0
2.17383333333333	0
2.17716666666667	0
2.18050000000000	0
2.18383333333333	0
2.18718333333333	0
2.19051666666667	0
2.19385000000000	0
2.19718333333333	0
2.20051666666667	0
2.20385000000000	0
2.20718333333333	0
2.21051666666667	0
2.21385000000000	0
2.21718333333333	0
2.22053333333333	0
2.22386666666667	0
2.22720000000000	0
2.23053333333333	0
2.23386666666667	0
2.23721666666667	0
2.24055000000000	0
2.24388333333333	0
2.24721666666667	327
2.25055000000000	597
2.25390000000000	550
2.25723333333333	503
2.26056666666667	1816
2.26390000000000	1789
2.26723333333333	1286
2.27056666666667	1486
2.27390000000000	1004
2.27723333333333	1453
2.28056666666667	615
2.28390000000000	1261
2.28725000000000	551
2.29058333333333	2347
2.29391666666667	2177
2.29725000000000	2007
2.30058333333333	2187
2.30391666666667	2366
2.30726666666667	2758
2.31060000000000	3149
2.31393333333333	5147
2.31726666666667	4627
2.32060000000000	6224
2.32395000000000	6087
2.32728333333333	6500
2.33061666666667	9700
2.33395000000000	10200
2.33728333333333	9580
2.34063333333333	8512
2.34396666666667	8784
2.34730000000000	9596
2.35063333333333	10404
2.35396666666667	5042
2.35731666666667	12772
2.36065000000000	8536
2.36398333333333	9528
2.36731666666667	14980
2.37065000000000	15808
2.37400000000000	17956
2.37733333333333	14104
2.38066666666667	14416
2.38400000000000	14668
2.38733333333333	14924
2.39068333333333	12184
2.39401666666667	15764
2.39735000000000	17504
2.40068333333333	21964
2.40400000000000	22656
2.40735000000000	21916
2.41068333333333	21180
2.41401666666667	15412
2.41735000000000	18004
2.42068333333333	25540
2.42403333333333	26060
2.42736666666667	24764
2.43070000000000	23356
2.43403333333333	23812
2.43736666666667	20156
2.44070000000000	24152
2.44405000000000	28148
2.44738333333333	27232
2.45071666666667	24296
2.45405000000000	21360
2.45738333333333	20956
2.46073333333333	32092
2.46406666666667	31308
2.46740000000000	36048
2.47073333333333	23844
2.47406666666667	24140
2.47741666666667	39536
2.48075000000000	29764
2.48408333333333	30976
2.48741666666667	35232
2.49075000000000	29132
2.49410000000000	26496
2.49743333333333	33696
2.50076666666667	32896
2.50410000000000	36064
2.50743333333333	36224
2.51078333333333	32156
2.51411666666667	28728
2.51745000000000	28816
2.52078333333333	24312
2.52410000000000	25088
2.52745000000000	28212
2.53078333333333	33392
2.53411666666667	36176
2.53745000000000	29272
2.54078333333333	27312
2.54413333333333	25352
2.54746666666667	39200
2.55080000000000	38496
2.55413333333333	18580
2.55746666666667	34528
2.56081666666667	31348
2.56415000000000	44032
2.56748333333333	43696
2.57081666666667	37424
2.57415000000000	45648
2.57748333333333	36848
2.58083333333333	21804
2.58416666666667	50720
2.58750000000000	38592
2.59083333333333	34768
2.59415000000000	53136
2.59750000000000	45216
2.60083333333333	34688
2.60416666666667	41056
2.60750000000000	46912
2.61083333333333	45216
2.61418333333333	33536
2.61751666666667	47152
2.62085000000000	29752
2.62418333333333	27720
2.62751666666667	54512
2.63086666666667	41344
2.63420000000000	47520
2.63753333333333	49792
2.64086666666667	51248
2.64420000000000	45920
2.64755000000000	48512
2.65088333333333	39696
2.65421666666667	31112
2.65755000000000	43488
2.66086666666667	34864
2.66421666666667	38752
2.66755000000000	47680
2.67088333333333	44096
2.67421666666667	48064
2.67755000000000	41664
2.68090000000000	29868
2.68423333333333	42688
2.68756666666667	35136
2.69090000000000	44656
2.69423333333333	37920
2.69758333333333	53984
2.70091666666667	51744
2.70425000000000	49504
2.70758333333333	50736
2.71091666666667	50864
2.71425000000000	40736
2.71760000000000	47680
2.72093333333333	34096
2.72426666666667	41440
2.72760000000000	51952
2.73093333333333	33888
2.73428333333333	41312
2.73761666666667	44688
2.74095000000000	41104
2.74428333333333	37504
2.74761666666667	54480
2.75096666666667	24636
2.75430000000000	47600
2.75763333333333	53248
2.76096666666667	60400
2.76430000000000	39248
2.76765000000000	40880
2.77098333333333	43552
2.77430000000000	47168
2.77763333333333	47984
2.78096666666667	48784
2.78431666666667	47568
2.78765000000000	47120
2.79098333333333	52656
2.79431666666667	52608
2.79765000000000	52560
2.80100000000000	51472
2.80433333333333	50400
2.80766666666667	33712
2.81100000000000	41904
2.81433333333333	32552
2.81768333333333	41616
2.82101666666667	52976
2.82435000000000	51920
2.82768333333333	45600
2.83101666666667	45056
2.83436666666667	44528
2.83770000000000	44496
2.84103333333333	44464
2.84436666666667	48224
2.84770000000000	51072
2.85103333333333	50880
2.85438333333333	49312
2.85771666666667	51424
2.86105000000000	47568
2.86436666666667	53056
2.86770000000000	28660
2.87105000000000	33520
2.87438333333333	41120
2.87771666666667	54080
2.88105000000000	49968
2.88438333333333	50448
2.88773333333333	44368
2.89106666666667	44208
2.89440000000000	43504
2.89773333333333	38192
2.90106666666667	43440
2.90441666666667	42512
2.90775000000000	43264
2.91108333333333	30852
2.91441666666667	48416
2.91775000000000	42912
2.92110000000000	50512
2.92443333333333	44304
2.92776666666667	39248
2.93110000000000	43584
2.93443333333333	43936
2.93778333333333	44304
2.94111666666667	44288
2.94445000000000	44688
2.94778333333333	45088
2.95111666666667	47552
2.95446666666667	45856
2.95780000000000	44160
2.96113333333333	46416
2.96445000000000	45504
2.96778333333333	44608
2.97113333333333	42496
2.97446666666667	40400
2.97780000000000	45120
2.98113333333333	51792
2.98446666666667	51472
2.98780000000000	45344
2.99115000000000	50592
2.99448333333333	41248
2.99781666666667	49296
3.00115000000000	50096
3.00448333333333	36752
3.00783333333333	43744
3.01116666666667	40512
3.01450000000000	39056
3.01783333333333	37856
3.02116666666667	36656
3.02450000000000	50672
3.02783333333333	51824
3.03116666666667	45328
3.03450000000000	45024
3.03783333333333	44720
3.04118333333333	37008
3.04451666666667	51088
3.04785000000000	44944
3.05118333333333	42272
3.05451666666667	50640
3.05786666666667	38496
3.06120000000000	41104
3.06453333333333	39008
3.06786666666667	24496
3.07120000000000	43104
3.07455000000000	51200
3.07788333333333	52160
3.08121666666667	41392
3.08455000000000	42592
3.08788333333333	34400
3.09123333333333	36688
3.09456666666667	38960
3.09790000000000	39616
3.10123333333333	49760
3.10456666666667	53840
3.10790000000000	32832
3.11123333333333	42704
3.11456666666667	43328
3.11790000000000	44480
3.12123333333333	43728
3.12456666666667	42960
3.12791666666667	42448
3.13125000000000	45664
3.13458333333333	31632
3.13791666666667	30004
3.14125000000000	36592
3.14460000000000	42400
3.14793333333333	43136
3.15126666666667	41248
3.15460000000000	39360
3.15793333333333	54608
3.16128333333333	51408
3.16461666666667	48640
3.16795000000000	41792
3.17128333333333	44784
3.17461666666667	42800
3.17796666666667	44544
3.18130000000000	46304
3.18463333333333	42720
3.18795000000000	39120
3.19128333333333	35104
3.19463333333333	50528
3.19796666666667	59824
3.20130000000000	54752
3.20463333333333	42576
3.20796666666667	49056
3.21131666666667	50400
3.21465000000000	41376
3.21798333333333	45968
3.22131666666667	45840
3.22465000000000	46416
3.22800000000000	46992
3.23133333333333	32700
3.23466666666667	55120
3.23800000000000	50048
3.24133333333333	44176
3.24468333333333	40256
3.24801666666667	42560
3.25135000000000	51040
3.25468333333333	49008
3.25801666666667	46928
3.26133333333333	52896
3.26468333333333	36192
3.26801666666667	48016
3.27135000000000	51776
3.27468333333333	33552
3.27801666666667	48928
3.28136666666667	45600
3.28470000000000	32672
3.28803333333333	53248
3.29136666666667	44464
3.29470000000000	48144
3.29805000000000	42720
3.30138333333333	49072
3.30471666666667	46768
3.30805000000000	44480
3.31138333333333	47888
3.31473333333333	48624
3.31806666666667	38512
3.32140000000000	33520
3.32473333333333	50608
3.32805000000000	50336
3.33140000000000	44960
3.33473333333333	48240
3.33806666666667	40400
3.34140000000000	43872
3.34473333333333	52624
3.34808333333333	26208
3.35141666666667	48992
3.35475000000000	55072
3.35808333333333	38864
3.36141666666667	36192
3.36476666666667	43120
3.36810000000000	45056
3.37143333333333	46992
3.37476666666667	48624
3.37810000000000	41440
3.38145000000000	56816
3.38478333333333	53248
3.38811666666667	46848
3.39145000000000	43888
3.39478333333333	28160
3.39811666666667	55216
3.40146666666667	51072
3.40480000000000	50576
3.40813333333333	51952
3.41145000000000	41648
3.41478333333333	56848
3.41813333333333	53024
3.42146666666667	52320
3.42480000000000	57008
3.42813333333333	40864
3.43146666666667	53984
3.43481666666667	56176
3.43815000000000	50928
3.44148333333333	31396
3.44481666666667	52720
3.44815000000000	53024
3.45150000000000	50192
3.45483333333333	53728
3.45816666666667	50864
3.46150000000000	46496
3.46483333333333	43040
3.46818333333333	50096
3.47151666666667	49728
3.47485000000000	57040
3.47818333333333	52480
3.48150000000000	51984
3.48485000000000	52528
3.48818333333333	51744
3.49151666666667	52352
3.49485000000000	43616
3.49818333333333	51872
3.50153333333333	49872
3.50486666666667	49232
3.50820000000000	43216
3.51153333333333	44736
3.51486666666667	38016
3.51821666666667	46080
3.52155000000000	34720
3.52488333333333	43328
3.52821666666667	42432
3.53155000000000	41552
3.53488333333333	42384
3.53823333333333	43216
3.54156666666667	42688
3.54490000000000	42160
3.54823333333333	50848
3.55156666666667	53520
3.55491666666667	53136
3.55825000000000	52736
3.56158333333333	35216
3.56491666666667	51776
3.56825000000000	45968
3.57160000000000	55360
3.57493333333333	44336
3.57826666666667	49168
3.58160000000000	38288
3.58491666666667	47024
3.58826666666667	45824
3.59160000000000	53440
3.59493333333333	48320
3.59826666666667	45408
3.60160000000000	53040
3.60495000000000	40240
3.60828333333333	48384
3.61161666666667	52960
3.61495000000000	37632
3.61828333333333	47008
3.62163333333333	35840
3.62496666666667	49472
3.62830000000000	43088
3.63163333333333	37760
3.63496666666667	52032
3.63831666666667	47056
3.64165000000000	42064
3.64498333333333	49504
3.64831666666667	49280
3.65165000000000	44320
3.65500000000000	40352
3.65833333333333	37616
3.66166666666667	43104
3.66500000000000	44944
3.66833333333333	46768
3.67166666666667	46064
3.67501666666667	48896
3.67835000000000	53136
3.68168333333333	30360
3.68501666666667	57520
3.68835000000000	43584
3.69170000000000	48128
3.69503333333333	49616
3.69836666666667	42704
3.70170000000000	50832
3.70503333333333	45120
3.70838333333333	40496
3.71171666666667	35872
3.71505000000000	51936
3.71836666666667	29752
3.72170000000000	48832
3.72505000000000	46992
3.72838333333333	47888
3.73171666666667	40288
3.73505000000000	49248
3.73838333333333	53232
3.74173333333333	48784
3.74506666666667	45536
3.74840000000000	26832
3.75173333333333	45664
3.75506666666667	33520
3.75841666666667	53520
3.76175000000000	50864
3.76508333333333	46000
3.76841666666667	49136
3.77175000000000	52272
3.77510000000000	58288
3.77843333333333	55888
3.78176666666667	42384
3.78510000000000	40944
3.78843333333333	45472
3.79176666666667	41776
3.79510000000000	47136
3.79843333333333	47872
3.80176666666667	45376
3.80510000000000	53792
3.80843333333333	52800
3.81178333333333	51008
3.81511666666667	31396
3.81845000000000	42272
3.82178333333333	57664
3.82511666666667	48608
3.82846666666667	43936
3.83180000000000	44048
3.83513333333333	49488
3.83846666666667	48064
3.84180000000000	46624
3.84515000000000	38608
3.84848333333333	36480
3.85181666666667	41072
3.85515000000000	45680
3.85848333333333	43264
3.86183333333333	40848
3.86516666666667	39184
3.86850000000000	40656
3.87183333333333	42112
3.87516666666667	43536
3.87850000000000	44976
3.88183333333333	34496
3.88516666666667	47040
3.88850000000000	45136
3.89183333333333	47504
3.89518333333333	46352
3.89851666666667	45200
3.90185000000000	37616
3.90518333333333	42976
3.90851666666667	57792
3.91186666666667	24212
3.91520000000000	47408
3.91853333333333	45264
3.92186666666667	32448
3.92520000000000	43392
3.92855000000000	50960
3.93188333333333	51392
3.93521666666667	43888
3.93855000000000	53936
3.94188333333333	43984
3.94521666666667	38704
3.94856666666667	43872
3.95190000000000	47568
3.95523333333333	36992
3.95856666666667	29188
3.96190000000000	40384
3.96525000000000	37776
3.96858333333333	45920
3.97191666666667	29560
3.97525000000000	45520
3.97858333333333	44512
3.98191666666667	44944
3.98525000000000	54944
3.98858333333333	55856
3.99191666666667	56848
3.99525000000000	47472
3.99860000000000	59392
4.00193333333333	42640
4.00526666666667	61808
4.00860000000000	55536
4.01193333333333	43568
4.01528333333333	30072
4.01861666666667	44240
4.02195000000000	47280
4.02528333333333	52288
4.02861666666667	53616
4.03196666666667	53376
4.03530000000000	54480
4.03863333333333	51344
4.04196666666667	47824
4.04530000000000	56336
4.04865000000000	44768
4.05198333333333	44368
4.05531666666667	39248
4.05865000000000	51568
4.06198333333333	51152
4.06533333333333	39488
4.06866666666667	40272
4.07200000000000	46032
4.07533333333333	38080
4.07865000000000	48832
4.08198333333333	48240
4.08533333333333	45968
4.08866666666667	33072
4.09200000000000	33552
4.09533333333333	36128
4.09866666666667	38704
4.10201666666667	43680
4.10535000000000	48512
4.10868333333333	45152
4.11201666666667	49648
4.11535000000000	37024
4.11870000000000	48112
4.12203333333333	46992
4.12536666666667	48464
4.12870000000000	32548
4.13203333333333	45696
4.13538333333333	53760
4.13871666666667	48400
4.14205000000000	50240
4.14538333333333	43472
4.14871666666667	43712
4.15206666666667	35264
4.15540000000000	45392
4.15873333333333	51904
4.16206666666667	44656
4.16540000000000	39520
4.16875000000000	43056
4.17208333333333	45664
4.17541666666667	48256
4.17875000000000	42720
4.18208333333333	47616
4.18543333333333	41760
4.18876666666667	41920
4.19210000000000	47328
4.19541666666667	41440
4.19875000000000	46512
4.20210000000000	28076
4.20543333333333	49088
4.20876666666667	50784
4.21210000000000	20428
4.21543333333333	45904
4.21876666666667	33376
4.22211666666667	44192
4.22545000000000	46464
4.22878333333333	46560
4.23211666666667	51488
4.23545000000000	48304
4.23880000000000	45120
4.24213333333333	45696
4.24546666666667	50688
4.24880000000000	38848
4.25213333333333	53392
4.25548333333333	45536
4.25881666666667	48496
4.26215000000000	40544
4.26548333333333	50896
4.26880000000000	52480
4.27215000000000	47088
4.27548333333333	42192
4.27881666666667	49616
4.28215000000000	34736
4.28548333333333	43344
4.28883333333333	45872
4.29216666666667	45824
4.29550000000000	41760
4.29883333333333	43728
4.30216666666667	45680
4.30551666666667	35360
4.30885000000000	48800
4.31218333333333	55264
4.31551666666667	41488
4.31885000000000	46832
4.32220000000000	44544
4.32553333333333	49360
4.32886666666667	46016
4.33220000000000	31140
4.33553333333333	54304
4.33886666666667	48096
4.34220000000000	53152
4.34553333333333	53760
4.34886666666667	44048
4.35220000000000	47568
4.35553333333333	39680
4.35888333333333	42144
4.36221666666667	44624
4.36555000000000	43232
4.36888333333333	41776
4.37221666666667	40304
4.37556666666667	40896
4.37890000000000	39472
4.38223333333333	38064
4.38556666666667	49568
4.38890000000000	50976
4.39225000000000	40768
4.39558333333333	46320
4.39891666666667	48560
4.40225000000000	41008
4.40558333333333	37680
4.40893333333333	41088
4.41226666666667	45760
4.41560000000000	46496
4.41891666666667	47216
4.42225000000000	37024
4.42560000000000	42896
4.42893333333333	46048
4.43226666666667	52480
4.43560000000000	53440
4.43893333333333	42032
4.44228333333333	40480
4.44561666666667	42128
4.44895000000000	46944
4.45228333333333	46960
4.45561666666667	47792
4.45896666666667	52896
4.46230000000000	23620
4.46563333333333	46416
4.46896666666667	49952
4.47230000000000	48720
4.47565000000000	49344
4.47898333333333	49968
4.48231666666667	47808
4.48565000000000	45712
4.48898333333333	46544
4.49231666666667	42736
4.49566666666667	41376
