1.50330000000000	679
1.50663333333333	0
1.50996666666667	0
1.51330000000000	0
1.51663333333333	0
1.51998333333333	0
1.52331666666667	0
1.52665000000000	0
1.52998333333333	0
1.53331666666667	0
1.53666666666667	0
1.54000000000000	0
1.54333333333333	0
1.54666666666667	0
1.55000000000000	0
1.55335000000000	0
1.55668333333333	0
1.56001666666667	0
1.56335000000000	0
1.56668333333333	0
1.57003333333333	0
1.57336666666667	0
1.57670000000000	0
1.58003333333333	0
1.58336666666667	0
1.58671666666667	0
1.59005000000000	0
1.59338333333333	0
1.59671666666667	0
1.60005000000000	0
1.60340000000000	0
1.60673333333333	0
1.61006666666667	0
1.61340000000000	0
1.61673333333333	0
1.62008333333333	0
1.62341666666667	0
1.62675000000000	0
1.63008333333333	0
1.63341666666667	0
1.63676666666667	0
1.64010000000000	0
1.64343333333333	0
1.64676666666667	0
1.65010000000000	0
1.65345000000000	0
1.65678333333333	0
1.66011666666667	0
1.66345000000000	0
1.66678333333333	0
1.67013333333333	0
1.67346666666667	0
1.67680000000000	0
1.68013333333333	0
1.68346666666667	0
1.68681666666667	0
1.69015000000000	0
1.69348333333333	0
1.69681666666667	0
1.70015000000000	0
1.70350000000000	0
1.70683333333333	0
1.71016666666667	0
1.71350000000000	0
1.71683333333333	0
1.72018333333333	0
1.72351666666667	1093
1.72685000000000	546
1.73018333333333	0
1.73351666666667	0
1.73686666666667	743
1.74020000000000	372
1.74353333333333	0
1.74686666666667	616
1.75020000000000	308
1.75355000000000	0
1.75688333333333	0
1.76021666666667	0
1.76355000000000	0
1.76688333333333	0
1.77023333333333	0
1.77356666666667	0
1.77690000000000	0
1.78023333333333	0
1.78356666666667	0
1.78691666666667	0
1.79025000000000	0
1.79358333333333	0
1.79691666666667	0
1.80025000000000	0
1.80360000000000	742
1.80693333333333	371
1.81026666666667	0
1.81360000000000	0
1.81693333333333	0
1.82026666666667	0
1.82361666666667	0
1.82695000000000	0
1.83028333333333	0
1.83361666666667	0
1.83695000000000	0
1.84030000000000	0
1.84363333333333	0
1.84696666666667	0
1.85030000000000	0
1.85363333333333	0
1.85698333333333	0
1.86031666666667	0
1.86365000000000	0
1.86698333333333	0
1.87031666666667	0
1.87366666666667	0
1.87700000000000	0
1.88033333333333	0
1.88366666666667	0
1.88700000000000	0
1.89035000000000	0
1.89368333333333	0
1.89701666666667	0
1.90035000000000	0
1.90368333333333	0
1.90703333333333	0
1.91036666666667	0
1.91370000000000	0
1.91703333333333	0
1.92036666666667	0
1.92371666666667	0
1.92705000000000	0
1.93038333333333	0
1.93371666666667	0
1.93705000000000	0
1.94040000000000	0
1.94373333333333	0
1.94706666666667	0
1.95040000000000	0
1.95373333333333	0
1.95708333333333	0
1.96041666666667	0
1.96375000000000	0
1.96708333333333	0
1.97041666666667	0
1.97376666666667	0
1.97710000000000	0
1.98043333333333	0
1.98376666666667	0
1.98710000000000	0
1.99045000000000	0
1.99378333333333	0
1.99711666666667	0
2.00045000000000	0
2.00378333333333	0
2.00713333333333	0
2.01046666666667	0
2.01380000000000	0
2.01713333333333	0
2.02046666666667	0
2.02381666666667	0
2.02715000000000	0
2.03048333333333	0
2.03381666666667	0
2.03715000000000	0
2.04050000000000	0
2.04383333333333	0
2.04716666666667	0
2.05050000000000	0
2.05383333333333	0
2.05718333333333	0
2.06051666666667	0
2.06385000000000	0
2.06718333333333	0
2.07051666666667	0
2.07386666666667	0
2.07720000000000	0
2.08053333333333	0
2.08386666666667	0
2.08720000000000	0
2.09055000000000	0
2.09388333333333	0
2.09721666666667	0
2.10055000000000	0
2.10388333333333	0
2.10723333333333	0
2.11056666666667	0
2.11390000000000	0
2.11723333333333	0
2.12056666666667	0
2.12391666666667	993
2.12725000000000	496
2.13058333333333	0
2.13391666666667	0
2.13725000000000	0
2.14060000000000	0
2.14393333333333	0
2.14726666666667	0
2.15060000000000	0
2.15393333333333	0
2.15726666666667	0
2.16061666666667	0
2.16395000000000	0
2.16728333333333	0
2.17061666666667	0
2.17395000000000	104
2.17730000000000	208
2.18063333333333	104
2.18396666666667	0
2.18730000000000	0
2.19063333333333	0
2.19398333333333	1577
2.19731666666667	1277
2.20065000000000	766
2.20398333333333	0
2.20731666666667	0
2.21066666666667	0
2.21400000000000	0
2.21733333333333	0
2.22066666666667	0
2.22400000000000	44
2.22735000000000	22
2.23068333333333	0
2.23401666666667	0
2.23735000000000	0
2.24068333333333	0
2.24403333333333	0
2.24736666666667	0
2.25070000000000	44
2.25403333333333	22
2.25736666666667	0
2.26071666666667	1933
2.26405000000000	1446
2.26738333333333	1495
2.27071666666667	1289
2.27405000000000	3644
2.27740000000000	3928
2.28073333333333	0
2.28406666666667	0
2.28740000000000	2580
2.29073333333333	1308
2.29408333333333	3543
2.29741666666667	2930
2.30075000000000	2765
2.30408333333333	2079
2.30741666666667	4132
2.31076666666667	203
2.31410000000000	2553
2.31743333333333	1802
2.32076666666667	1051
2.32410000000000	1588
2.32745000000000	0
2.33078333333333	1378
2.33411666666667	3030
2.33745000000000	2714
2.34078333333333	2398
2.34413333333333	3943
2.34746666666667	5507
2.35080000000000	7071
2.35413333333333	7301
2.35746666666667	7841
2.36081666666667	6137
2.36415000000000	9152
2.36748333333333	8552
2.37081666666667	3552
2.37415000000000	10544
2.37750000000000	8596
2.38083333333333	8676
2.38416666666667	12832
2.38750000000000	2812
2.39083333333333	14028
2.39418333333333	13056
2.39751666666667	15528
2.40085000000000	7847
2.40418333333333	11532
2.40751666666667	14024
2.41086666666667	9616
2.41420000000000	4089
2.41753333333333	14496
2.42086666666667	7061
2.42420000000000	8876
2.42755000000000	11816
2.43088333333333	11372
2.43421666666667	10928
2.43755000000000	13844
2.44088333333333	16760
2.44423333333333	16872
2.44756666666667	11704
2.45090000000000	6535
2.45423333333333	18788
2.45756666666667	12472
2.46091666666667	15836
2.46425000000000	16756
2.46758333333333	17356
2.47091666666667	22912
2.47425000000000	24644
2.47760000000000	12600
2.48093333333333	24708
2.48426666666667	25988
2.48760000000000	9984
2.49093333333333	36048
2.49426666666667	29012
2.49761666666667	27956
2.50095000000000	18448
2.50428333333333	23128
2.50761666666667	21048
2.51095000000000	16484
2.51430000000000	11924
2.51763333333333	23852
2.52096666666667	31188
2.52430000000000	25628
2.52763333333333	19648
2.53098333333333	26992
2.53431666666667	31088
2.53765000000000	34784
2.54098333333333	26436
2.54431666666667	22436
2.54766666666667	22848
2.55100000000000	33808
2.55433333333333	36960
2.55766666666667	21000
2.56100000000000	13496
2.56435000000000	28648
2.56768333333333	26008
2.57101666666667	26168
2.57435000000000	18880
2.57768333333333	32176
2.58103333333333	26084
2.58436666666667	31996
2.58770000000000	31372
2.59103333333333	30676
2.59436666666667	27584
2.59771666666667	28588
2.60105000000000	29588
2.60438333333333	30000
2.60771666666667	34720
2.61105000000000	15204
2.61440000000000	43600
2.61773333333333	31260
2.62106666666667	19916
2.62440000000000	30980
2.62773333333333	28960
2.63108333333333	41072
2.63441666666667	33920
2.63775000000000	26764
2.64108333333333	29812
2.64441666666667	25880
2.64776666666667	21948
2.65110000000000	40096
2.65443333333333	37056
2.65776666666667	37344
2.66110000000000	22044
2.66445000000000	25104
2.66778333333333	40256
2.67111666666667	36064
2.67445000000000	41952
2.67778333333333	33936
2.68113333333333	25072
2.68446666666667	36096
2.68780000000000	27576
2.69113333333333	31488
2.69446666666667	34384
2.69781666666667	37296
2.70115000000000	31936
2.70448333333333	27416
2.70781666666667	40848
2.71115000000000	35472
2.71450000000000	22812
2.71783333333333	18524
2.72116666666667	35104
2.72450000000000	32660
2.72783333333333	47808
2.73116666666667	40320
2.73450000000000	40816
2.73783333333333	30280
2.74116666666667	33472
2.74450000000000	39664
2.74785000000000	31192
2.75118333333333	22720
2.75451666666667	38592
2.75785000000000	43568
2.76118333333333	49808
2.76453333333333	28392
2.76786666666667	27388
2.77120000000000	49536
2.77453333333333	35248
2.77786666666667	28024
2.78121666666667	34672
2.78455000000000	31908
2.78788333333333	21904
2.79121666666667	38000
2.79455000000000	23680
2.79790000000000	41280
2.80123333333333	36720
2.80456666666667	31032
2.80790000000000	22588
2.81123333333333	41856
2.81458333333333	39312
2.81791666666667	28724
2.82125000000000	42224
2.82458333333333	33168
2.82791666666667	23688
2.83125000000000	21228
2.83460000000000	22904
2.83793333333333	29540
2.84126666666667	30292
2.84460000000000	23028
2.84793333333333	37376
2.85128333333333	36240
2.85461666666667	24716
2.85795000000000	42768
2.86128333333333	26208
2.86461666666667	46352
2.86796666666667	34016
2.87130000000000	43456
2.87463333333333	29048
2.87796666666667	37312
2.88130000000000	42288
2.88465000000000	35376
2.88798333333333	30920
2.89131666666667	40432
2.89465000000000	43744
2.89798333333333	28328
2.90133333333333	26492
2.90466666666667	31416
2.90800000000000	25124
2.91133333333333	24124
2.91466666666667	27460
2.91801666666667	30792
2.92135000000000	29488
2.92468333333333	37104
2.92801666666667	38400
2.93135000000000	30316
2.93470000000000	34096
2.93803333333333	36736
2.94136666666667	26160
2.94470000000000	36000
2.94803333333333	33824
2.95138333333333	31644
2.95471666666667	20116
2.95805000000000	27740
2.96138333333333	46448
2.96471666666667	47200
2.96806666666667	36752
2.97140000000000	46864
2.97473333333333	30292
2.97806666666667	37792
2.98140000000000	40736
2.98475000000000	43376
2.98808333333333	31520
2.99141666666667	32768
2.99475000000000	34512
2.99808333333333	30188
3.00143333333333	19612
3.00476666666667	22568
3.00810000000000	30296
3.01143333333333	24740
3.01476666666667	32008
3.01811666666667	25128
3.02145000000000	31600
3.02478333333333	38352
3.02811666666667	43520
3.03145000000000	44816
3.03480000000000	40928
3.03813333333333	36448
3.04146666666667	26664
3.04480000000000	37568
3.04813333333333	40304
3.05148333333333	17920
3.05481666666667	33680
3.05815000000000	37584
3.06148333333333	33536
3.06481666666667	39392
3.06816666666667	36096
3.07150000000000	32800
3.07483333333333	24204
3.07816666666667	27096
3.08150000000000	37456
3.08485000000000	34368
3.08818333333333	48064
3.09151666666667	17920
3.09485000000000	40384
3.09818333333333	39392
3.10153333333333	37552
3.10486666666667	34752
3.10820000000000	37152
3.11153333333333	39552
3.11486666666667	27216
3.11821666666667	43824
3.12155000000000	23484
3.12488333333333	25520
3.12821666666667	49136
3.13155000000000	23196
3.13490000000000	37200
3.13823333333333	30616
3.14156666666667	37392
3.14490000000000	29812
3.14823333333333	37904
3.15158333333333	25660
3.15491666666667	38064
3.15825000000000	27972
3.16158333333333	32880
3.16491666666667	23312
3.16825000000000	27708
3.17160000000000	32100
3.17493333333333	34832
3.17826666666667	37584
3.18160000000000	32192
3.18493333333333	35488
3.18828333333333	38896
3.19161666666667	25948
3.19495000000000	17660
3.19828333333333	42208
3.20161666666667	24028
3.20496666666667	39248
3.20830000000000	34512
3.21163333333333	27568
3.21496666666667	26568
3.21830000000000	19408
3.22165000000000	26432
3.22498333333333	33456
3.22831666666667	37376
3.23165000000000	38320
3.23498333333333	38016
3.23833333333333	37856
3.24166666666667	37696
3.24500000000000	38144
3.24833333333333	38592
3.25166666666667	34720
3.25501666666667	38400
3.25835000000000	21440
3.26168333333333	33888
3.26501666666667	31224
3.26835000000000	28620
3.27170000000000	36496
3.27503333333333	37440
3.27836666666667	30680
3.28170000000000	26192
3.28503333333333	21700
3.28838333333333	32416
3.29171666666667	38304
3.29505000000000	45712
3.29838333333333	22956
3.30171666666667	42080
3.30506666666667	31380
3.30840000000000	40464
3.31173333333333	30448
3.31506666666667	30088
3.31840000000000	23116
3.32175000000000	16140
3.32508333333333	46704
3.32841666666667	42944
3.33175000000000	37520
3.33508333333333	30160
3.33843333333333	24864
3.34176666666667	40480
3.34510000000000	22576
3.34843333333333	25764
3.35176666666667	38608
3.35511666666667	36528
3.35845000000000	34432
3.36178333333333	26884
3.36511666666667	37008
3.36845000000000	15688
3.37180000000000	26816
3.37513333333333	36944
3.37846666666667	34048
3.38180000000000	38592
3.38513333333333	29916
3.38848333333333	42464
3.39181666666667	25824
3.39515000000000	32592
3.39848333333333	39360
3.40181666666667	31264
3.40516666666667	23168
3.40850000000000	20368
3.41183333333333	22932
3.41516666666667	25496
3.41850000000000	24636
3.42185000000000	23776
3.42518333333333	33664
3.42851666666667	38256
3.43185000000000	41600
3.43518333333333	28400
3.43853333333333	32328
3.44186666666667	17564
3.44520000000000	38528
3.44853333333333	37008
3.45186666666667	38816
3.45521666666667	37632
3.45855000000000	37536
3.46188333333333	37888
3.46521666666667	38240
3.46855000000000	45040
3.47190000000000	43216
3.47523333333333	29672
3.47856666666667	40240
3.48190000000000	31964
3.48523333333333	19640
3.48858333333333	42368
3.49191666666667	36800
3.49525000000000	37200
3.49858333333333	37616
3.50191666666667	35776
3.50525000000000	29052
3.50860000000000	38592
3.51193333333333	26636
3.51526666666667	34384
3.51860000000000	35424
3.52193333333333	38032
3.52528333333333	35504
3.52861666666667	22020
3.53195000000000	27376
3.53528333333333	32736
3.53861666666667	33680
3.54196666666667	38368
3.54530000000000	38976
3.54863333333333	39568
3.55196666666667	17796
3.55530000000000	27700
3.55865000000000	31064
3.56198333333333	38048
3.56531666666667	28808
3.56865000000000	25728
3.57198333333333	27716
3.57533333333333	42448
3.57866666666667	45040
3.58200000000000	26064
3.58533333333333	28112
3.58866666666667	38240
3.59200000000000	42784
3.59533333333333	31836
3.59866666666667	33744
3.60200000000000	34784
3.60533333333333	24772
3.60868333333333	29408
3.61201666666667	27280
3.61535000000000	23304
3.61868333333333	33424
3.62201666666667	33168
3.62536666666667	32928
3.62870000000000	32688
3.63203333333333	31572
3.63536666666667	30456
3.63870000000000	43728
3.64205000000000	53792
3.64538333333333	47712
3.64871666666667	48048
3.65205000000000	44144
3.65538333333333	36928
3.65873333333333	35136
3.66206666666667	26308
3.66540000000000	24936
3.66873333333333	23568
3.67206666666667	24608
3.67541666666667	11732
3.67875000000000	44640
3.68208333333333	40944
3.68541666666667	41904
3.68875000000000	38656
3.69210000000000	40592
3.69543333333333	37856
3.69876666666667	26308
3.70210000000000	44144
3.70543333333333	29228
3.70878333333333	16432
3.71211666666667	36896
3.71545000000000	28136
3.71878333333333	26792
3.72211666666667	25008
3.72545000000000	23224
3.72878333333333	26112
3.73211666666667	29000
3.73545000000000	37504
3.73878333333333	37792
3.74213333333333	21932
3.74546666666667	36816
3.74880000000000	44944
3.75213333333333	30496
3.75546666666667	18688
3.75881666666667	36208
3.76215000000000	33440
3.76548333333333	30520
3.76881666666667	28280
3.77215000000000	15432
3.77550000000000	42848
3.77883333333333	51824
3.78216666666667	42896
3.78550000000000	44752
3.78883333333333	24908
3.79218333333333	37088
3.79551666666667	33264
3.79885000000000	35952
3.80218333333333	34496
3.80551666666667	33056
3.80886666666667	25156
3.81220000000000	30956
3.81553333333333	29232
3.81886666666667	28872
3.82220000000000	28512
3.82555000000000	26644
3.82888333333333	24776
3.83221666666667	29132
3.83555000000000	33488
3.83888333333333	32316
3.84221666666667	24148
3.84556666666667	18744
3.84890000000000	27452
3.85223333333333	29944
3.85556666666667	29332
3.85890000000000	28720
3.86225000000000	26504
3.86558333333333	24288
3.86891666666667	29584
3.87225000000000	34880
3.87558333333333	36320
3.87893333333333	36208
3.88226666666667	41152
3.88560000000000	39616
3.88893333333333	28780
3.89226666666667	44800
3.89561666666667	40784
3.89895000000000	33136
3.90228333333333	35936
3.90561666666667	40528
3.90895000000000	41344
3.91230000000000	26632
3.91563333333333	41328
3.91896666666667	28768
3.92230000000000	46384
3.92563333333333	48816
3.92898333333333	36016
3.93231666666667	36352
3.93565000000000	39408
3.93898333333333	33456
3.94231666666667	25840
3.94566666666667	36512
3.94900000000000	18424
3.95233333333333	36000
3.95566666666667	47472
3.95900000000000	17780
3.96235000000000	35120
3.96568333333333	41056
3.96901666666667	34256
3.97235000000000	38832
3.97568333333333	29484
3.97903333333333	21008
3.98236666666667	36624
3.98570000000000	34144
3.98903333333333	32216
3.99236666666667	32200
3.99571666666667	38448
3.99905000000000	38096
4.00238333333333	21588
4.00571666666667	43328
4.00905000000000	32304
4.01240000000000	42512
4.01573333333333	34512
4.01906666666667	29892
4.02240000000000	36032
4.02573333333333	28228
4.02908333333333	27436
4.03241666666667	27808
4.03575000000000	28180
4.03908333333333	30448
4.04241666666667	32716
4.04576666666667	13804
4.04910000000000	35008
4.05243333333333	28684
4.05576666666667	33792
4.05910000000000	30812
4.06245000000000	27824
4.06578333333333	19644
4.06911666666667	28680
4.07245000000000	23592
4.07578333333333	18508
4.07913333333333	43088
4.08246666666667	37712
4.08580000000000	30300
4.08913333333333	28948
4.09246666666667	45760
4.09581666666667	45552
4.09915000000000	37280
4.10248333333333	39632
4.10581666666667	22196
4.10915000000000	27780
4.11250000000000	35392
4.11583333333333	34608
4.11916666666667	33808
4.12250000000000	27808
4.12583333333333	22456
4.12918333333333	31696
4.13251666666667	34704
4.13585000000000	21652
4.13918333333333	38400
4.14251666666667	34736
4.14586666666667	50336
4.14920000000000	41104
4.15253333333333	32316
4.15586666666667	36832
4.15920000000000	39808
4.16255000000000	29512
4.16588333333333	25864
4.16921666666667	18452
4.17255000000000	36592
4.17588333333333	30732
4.17921666666667	29960
4.18256666666667	34896
4.18590000000000	39840
4.18923333333333	38912
4.19256666666667	42224
4.19590000000000	23128
4.19925000000000	47328
4.20258333333333	34848
4.20591666666667	34688
4.20925000000000	36480
4.21258333333333	34816
4.21593333333333	33152
4.21926666666667	34848
4.22260000000000	36528
4.22593333333333	29940
4.22926666666667	23352
4.23261666666667	20348
4.23595000000000	24224
4.23928333333333	28096
4.24261666666667	40752
4.24595000000000	36464
4.24930000000000	34096
4.25263333333333	38288
4.25596666666667	28708
4.25930000000000	36432
4.26263333333333	34128
4.26598333333333	16448
4.26931666666667	44896
4.27265000000000	37680
4.27598333333333	37936
4.27931666666667	39040
4.28266666666667	40144
4.28600000000000	25608
4.28933333333333	39136
4.29266666666667	39216
4.29600000000000	31080
4.29935000000000	19264
4.30268333333333	44944
4.30601666666667	48608
4.30935000000000	33488
4.31268333333333	44368
4.31603333333333	29692
4.31936666666667	43056
4.32270000000000	27884
4.32603333333333	46192
4.32936666666667	39616
4.33271666666667	42592
4.33605000000000	45264
4.33938333333333	21968
4.34271666666667	30860
4.34605000000000	34416
4.34940000000000	34544
4.35273333333333	21584
4.35606666666667	30560
4.35940000000000	30968
4.36273333333333	28820
4.36608333333333	31892
4.36941666666667	31484
4.37275000000000	12392
4.37608333333333	34240
4.37941666666667	35920
4.38276666666667	47920
4.38610000000000	25564
4.38943333333333	35472
4.39276666666667	29680
4.39610000000000	45776
4.39945000000000	43296
4.40278333333333	40384
4.40611666666667	43264
4.40945000000000	40400
4.41278333333333	29656
4.41613333333333	39904
4.41946666666667	34752
4.42280000000000	40288
4.42613333333333	32880
4.42946666666667	29324
4.43281666666667	23136
4.43615000000000	33344
4.43948333333333	33072
4.44281666666667	39184
4.44615000000000	28048
4.44950000000000	33808
4.45283333333333	32632
4.45616666666667	30728
4.45950000000000	33040
4.46283333333333	35344
4.46618333333333	32328
4.46951666666667	29304
4.47285000000000	31356
4.47618333333333	38240
4.47951666666667	32544
4.48286666666667	26848
4.48620000000000	32512
4.48953333333333	35840
4.49286666666667	26460
4.49620000000000	43136
