1.50331666666667	0
1.50665000000000	47
1.50998333333333	0
1.51331666666667	0
1.51665000000000	0
1.52000000000000	0
1.52333333333333	0
1.52666666666667	0
1.53000000000000	0
1.53333333333333	230
1.53668333333333	473
1.54001666666667	479
1.54335000000000	334
1.54668333333333	173
1.55001666666667	13
1.55336666666667	37
1.55670000000000	130
1.56003333333333	223
1.56336666666667	293
1.56670000000000	0
1.57005000000000	0
1.57338333333333	0
1.57671666666667	0
1.58005000000000	0
1.58338333333333	452
1.58673333333333	299
1.59006666666667	146
1.59340000000000	346
1.59673333333333	269
1.60006666666667	0
1.60340000000000	0
1.60673333333333	0
1.61006666666667	0
1.61340000000000	0
1.61673333333333	7
1.62006666666667	4
1.62341666666667	0
1.62675000000000	0
1.63008333333333	0
1.63341666666667	0
1.63675000000000	0
1.64010000000000	0
1.64343333333333	0
1.64676666666667	274
1.65010000000000	621
1.65343333333333	654
1.65678333333333	686
1.66011666666667	0
1.66345000000000	0
1.66678333333333	405
1.67011666666667	460
1.67346666666667	0
1.67680000000000	473
1.68013333333333	0
1.68346666666667	0
1.68678333333333	450
1.69013333333333	0
1.69346666666667	0
1.69680000000000	29
1.70013333333333	278
1.70346666666667	224
1.70681666666667	0
1.71015000000000	0
1.71348333333333	0
1.71681666666667	0
1.72015000000000	0
1.72350000000000	0
1.72683333333333	0
1.73016666666667	246
1.73350000000000	123
1.73683333333333	0
1.74018333333333	265
1.74351666666667	180
1.74685000000000	65
1.75018333333333	0
1.75351666666667	35
1.75685000000000	70
1.76020000000000	0
1.76353333333333	0
1.76686666666667	27
1.77020000000000	13
1.77353333333333	0
1.77688333333333	0
1.78021666666667	6
1.78355000000000	13
1.78688333333333	50
1.79021666666667	25
1.79356666666667	0
1.79690000000000	0
1.80023333333333	0
1.80356666666667	0
1.80690000000000	0
1.81025000000000	0
1.81358333333333	0
1.81691666666667	0
1.82025000000000	0
1.82356666666667	68
1.82691666666667	34
1.83025000000000	0
1.83358333333333	0
1.83691666666667	0
1.84025000000000	0
1.84360000000000	0
1.84693333333333	0
1.85026666666667	0
1.85360000000000	0
1.85693333333333	0
1.86028333333333	0
1.86361666666667	0
1.86695000000000	0
1.87028333333333	6
1.87361666666667	3
1.87696666666667	0
1.88030000000000	701
1.88363333333333	1072
1.88696666666667	1076
1.89030000000000	0
1.89363333333333	451
1.89698333333333	46
1.90031666666667	44
1.90365000000000	42
1.90698333333333	21
1.91031666666667	0
1.91366666666667	0
1.91700000000000	0
1.92033333333333	72
1.92366666666667	36
1.92700000000000	0
1.93035000000000	0
1.93368333333333	0
1.93701666666667	0
1.94035000000000	0
1.94368333333333	0
1.94703333333333	0
1.95036666666667	0
1.95370000000000	254
1.95703333333333	246
1.96036666666667	217
1.96371666666667	409
1.96705000000000	0
1.97038333333333	0
1.97371666666667	0
1.97705000000000	0
1.98040000000000	173
1.98373333333333	220
1.98706666666667	0
1.99040000000000	0
1.99373333333333	0
1.99708333333333	0
2.00041666666667	0
2.00375000000000	0
2.00708333333333	0
2.01041666666667	248
2.01376666666667	324
2.01710000000000	169
2.02043333333333	0
2.02376666666667	0
2.02710000000000	0
2.03041666666667	221
2.03376666666667	111
2.03710000000000	0
2.04043333333333	708
2.04376666666667	870
2.04710000000000	511
2.05045000000000	14
2.05378333333333	0
2.05711666666667	0
2.06045000000000	0
2.06378333333333	0
2.06713333333333	0
2.07046666666667	0
2.07380000000000	0
2.07713333333333	0
2.08046666666667	0
2.08381666666667	0
2.08715000000000	0
2.09048333333333	0
2.09381666666667	44
2.09715000000000	89
2.10050000000000	398
2.10383333333333	490
2.10716666666667	353
2.11050000000000	0
2.11381666666667	0
2.11716666666667	185
2.12050000000000	0
2.12383333333333	0
2.12716666666667	701
2.13050000000000	761
2.13385000000000	376
2.13718333333333	370
2.14051666666667	0
2.14385000000000	319
2.14718333333333	0
2.15053333333333	0
2.15386666666667	0
2.15720000000000	0
2.16053333333333	0
2.16386666666667	0
2.16720000000000	0
2.17055000000000	0
2.17388333333333	0
2.17721666666667	12
2.18055000000000	6
2.18388333333333	0
2.18723333333333	0
2.19056666666667	0
2.19390000000000	0
2.19723333333333	0
2.20056666666667	0
2.20391666666667	0
2.20725000000000	0
2.21058333333333	0
2.21391666666667	0
2.21723333333333	0
2.22058333333333	363
2.22391666666667	376
2.22725000000000	0
2.23058333333333	253
2.23391666666667	605
2.23726666666667	468
2.24060000000000	0
2.24393333333333	724
2.24726666666667	0
2.25060000000000	0
2.25395000000000	369
2.25728333333333	0
2.26061666666667	417
2.26395000000000	557
2.26728333333333	0
2.27063333333333	1317
2.27396666666667	2869
2.27730000000000	3239
2.28063333333333	841
2.28396666666667	829
2.28731666666667	2088
2.29065000000000	260
2.29398333333333	1543
2.29731666666667	1679
2.30065000000000	2663
2.30398333333333	2586
2.30733333333333	2509
2.31066666666667	2551
2.31400000000000	2592
2.31733333333333	5450
2.32065000000000	4909
2.32400000000000	1810
2.32733333333333	7820
2.33066666666667	5132
2.33400000000000	4479
2.33733333333333	6236
2.34068333333333	5821
2.34401666666667	5405
2.34735000000000	3339
2.35068333333333	7477
2.35401666666667	6532
2.35736666666667	5587
2.36070000000000	5770
2.36403333333333	8900
2.36736666666667	7925
2.37070000000000	6948
2.37405000000000	8688
2.37738333333333	10428
2.38071666666667	15052
2.38405000000000	13248
2.38738333333333	16416
2.39073333333333	9316
2.39406666666667	16104
2.39740000000000	14844
2.40073333333333	15244
2.40405000000000	17024
2.40740000000000	16880
2.41073333333333	16736
2.41406666666667	22360
2.41740000000000	21928
2.42073333333333	17540
2.42408333333333	25004
2.42741666666667	24944
2.43075000000000	26300
2.43408333333333	21132
2.43741666666667	29968
2.44075000000000	27352
2.44410000000000	28432
2.44743333333333	26032
2.45076666666667	22748
2.45410000000000	27372
2.45743333333333	16968
2.46078333333333	32248
2.46411666666667	29808
2.46745000000000	33168
2.47078333333333	32556
2.47411666666667	32864
2.47746666666667	23016
2.48080000000000	26744
2.48413333333333	36080
2.48746666666667	33856
2.49078333333333	20588
2.49413333333333	26768
2.49746666666667	34192
2.50080000000000	35392
2.50413333333333	33472
2.50746666666667	36640
2.51081666666667	39792
2.51415000000000	39264
2.51748333333333	38720
2.52081666666667	38864
2.52415000000000	39008
2.52750000000000	29748
2.53083333333333	36480
2.53416666666667	43792
2.53750000000000	30368
2.54083333333333	39808
2.54418333333333	47296
2.54751666666667	40720
2.55085000000000	40640
2.55418333333333	37104
2.55751666666667	32080
2.56086666666667	39696
2.56420000000000	46176
2.56753333333333	54064
2.57086666666667	47728
2.57420000000000	46336
2.57751666666667	39776
2.58086666666667	51424
2.58420000000000	54240
2.58753333333333	40032
2.59086666666667	43680
2.59420000000000	46560
2.59755000000000	50480
2.60088333333333	48016
2.60421666666667	43504
2.60755000000000	38992
2.61088333333333	47504
2.61423333333333	32864
2.61756666666667	37104
2.62090000000000	50048
2.62423333333333	56816
2.62756666666667	50336
2.63091666666667	61328
2.63425000000000	37664
2.63758333333333	49824
2.64091666666667	48208
2.64425000000000	52592
2.64760000000000	55888
2.65093333333333	35904
2.65426666666667	53856
2.65760000000000	53664
2.66091666666667	58992
2.66426666666667	53648
2.66760000000000	48288
2.67093333333333	39984
2.67426666666667	54336
2.67760000000000	46528
2.68095000000000	51328
2.68428333333333	51024
2.68761666666667	48144
2.69095000000000	45280
2.69428333333333	46512
2.69763333333333	47744
2.70096666666667	48880
2.70430000000000	50000
2.70763333333333	38144
2.71096666666667	55792
2.71430000000000	47744
2.71765000000000	49552
2.72098333333333	48480
2.72431666666667	50640
2.72765000000000	49712
2.73098333333333	49232
2.73433333333333	48752
2.73766666666667	53600
2.74100000000000	50208
2.74433333333333	46816
2.74765000000000	52704
2.75100000000000	40288
2.75433333333333	47840
2.75766666666667	55392
2.76100000000000	56688
2.76433333333333	49584
2.76768333333333	50608
2.77101666666667	51616
2.77435000000000	47504
2.77768333333333	43376
2.78101666666667	38832
2.78436666666667	34304
2.78770000000000	43808
2.79103333333333	60752
2.79436666666667	60992
2.79770000000000	55568
2.80105000000000	48768
2.80438333333333	57280
2.80771666666667	47408
2.81105000000000	57504
2.81438333333333	55312
2.81773333333333	61232
2.82106666666667	54448
2.82440000000000	41152
2.82773333333333	62096
2.83106666666667	48368
2.83440000000000	55184
2.83773333333333	55536
2.84106666666667	66672
2.84440000000000	61344
2.84773333333333	58640
2.85106666666667	56608
2.85441666666667	44752
2.85775000000000	57408
2.86108333333333	55008
2.86441666666667	45856
2.86775000000000	46944
2.87110000000000	36848
2.87443333333333	54352
2.87776666666667	50032
2.88110000000000	63424
2.88443333333333	53856
2.88778333333333	53648
2.89111666666667	59376
2.89445000000000	53968
2.89778333333333	58928
2.90111666666667	58080
2.90446666666667	60608
2.90780000000000	54144
2.91113333333333	52992
2.91446666666667	57408
2.91778333333333	59456
2.92113333333333	61248
2.92446666666667	58448
2.92780000000000	56016
2.93113333333333	49552
2.93446666666667	43648
2.93781666666667	49136
2.94115000000000	51808
2.94448333333333	51264
2.94781666666667	50720
2.95115000000000	45920
2.95450000000000	53328
2.95783333333333	44112
2.96116666666667	48592
2.96450000000000	53056
2.96783333333333	50240
2.97118333333333	47408
2.97451666666667	55888
2.97785000000000	45472
2.98118333333333	54768
2.98451666666667	49824
2.98785000000000	55888
2.99120000000000	53088
2.99453333333333	50304
2.99786666666667	54000
3.00120000000000	53184
3.00453333333333	52368
3.00786666666667	51696
3.01120000000000	51040
3.01453333333333	58912
3.01786666666667	58960
3.02120000000000	59088
3.02455000000000	55984
3.02788333333333	52864
3.03121666666667	51120
3.03455000000000	43888
3.03788333333333	56176
3.04123333333333	48000
3.04456666666667	62160
3.04790000000000	65120
3.05123333333333	50016
3.05456666666667	51488
3.05791666666667	56592
3.06125000000000	38720
3.06458333333333	48464
3.06791666666667	46224
3.07125000000000	45616
3.07460000000000	42416
3.07793333333333	56640
3.08126666666667	61248
3.08460000000000	57248
3.08793333333333	58544
3.09128333333333	51008
3.09461666666667	32496
3.09795000000000	61904
3.10128333333333	35552
3.10461666666667	55520
3.10795000000000	66176
3.11128333333333	51856
3.11461666666667	52368
3.11795000000000	58432
3.12128333333333	53632
3.12461666666667	50544
3.12796666666667	60928
3.13130000000000	51056
3.13463333333333	61584
3.13796666666667	64592
3.14130000000000	66208
3.14465000000000	47344
3.14798333333333	56512
3.15131666666667	50224
3.15465000000000	53312
3.15798333333333	56944
3.16133333333333	53616
3.16466666666667	56096
3.16800000000000	58576
3.17133333333333	32524
3.17466666666667	49104
3.17801666666667	52816
3.18135000000000	57312
3.18468333333333	58784
3.18801666666667	49360
3.19135000000000	56304
3.19470000000000	57920
3.19803333333333	56528
3.20136666666667	55152
3.20470000000000	43040
3.20803333333333	47088
3.21138333333333	51152
3.21471666666667	54096
3.21805000000000	62480
3.22138333333333	58976
3.22471666666667	55472
3.22806666666667	43296
3.23140000000000	59408
3.23473333333333	47856
3.23806666666667	53888
3.24140000000000	50112
3.24475000000000	48336
3.24808333333333	48912
3.25141666666667	52752
3.25475000000000	53648
3.25808333333333	54528
3.26141666666667	54832
3.26476666666667	55136
3.26810000000000	54016
3.27143333333333	52896
3.27476666666667	51680
3.27808333333333	50464
3.28143333333333	61264
3.28476666666667	63072
3.28810000000000	62640
3.29143333333333	50368
3.29476666666667	55008
3.29811666666667	53152
3.30145000000000	51280
3.30478333333333	48160
3.30811666666667	57312
3.31145000000000	60112
3.31480000000000	56416
3.31813333333333	49808
3.32146666666667	56000
3.32480000000000	48464
3.32813333333333	47104
3.33148333333333	52192
3.33481666666667	58640
3.33815000000000	56704
3.34148333333333	54352
3.34481666666667	40608
3.34816666666667	48848
3.35150000000000	71360
3.35483333333333	71008
3.35816666666667	54880
3.36150000000000	67680
3.36483333333333	51136
3.36816666666667	56352
3.37150000000000	69664
3.37483333333333	59440
3.37816666666667	67696
3.38151666666667	54112
3.38485000000000	63968
3.38818333333333	56720
3.39151666666667	57600
3.39485000000000	48656
3.39818333333333	47520
3.40153333333333	73104
3.40486666666667	70208
3.40820000000000	66704
3.41153333333333	53760
3.41486666666667	62576
3.41821666666667	60736
3.42155000000000	57024
3.42488333333333	53312
3.42821666666667	40768
3.43155000000000	59024
3.43490000000000	56448
3.43823333333333	59040
3.44156666666667	58816
3.44490000000000	52992
3.44823333333333	58336
3.45158333333333	46944
3.45491666666667	56992
3.45825000000000	60688
3.46158333333333	46624
3.46491666666667	41328
3.46826666666667	58592
3.47160000000000	72544
3.47493333333333	65664
3.47826666666667	58336
3.48160000000000	43760
3.48495000000000	63040
3.48828333333333	60848
3.49161666666667	61920
3.49495000000000	40800
3.49828333333333	63360
3.50163333333333	44016
3.50496666666667	45168
3.50830000000000	59008
3.51163333333333	57072
3.51495000000000	53200
3.51830000000000	56752
3.52163333333333	44672
3.52496666666667	44432
3.52830000000000	44192
3.53163333333333	45200
3.53496666666667	46224
3.53831666666667	51072
3.54165000000000	54400
3.54498333333333	46672
3.54831666666667	38944
3.55165000000000	56528
3.55500000000000	55312
3.55833333333333	58544
3.56166666666667	55936
3.56500000000000	53344
3.56833333333333	62176
3.57168333333333	62368
3.57501666666667	53920
3.57835000000000	50720
3.58168333333333	60688
3.58501666666667	54240
3.58836666666667	50704
3.59170000000000	52064
3.59503333333333	55872
3.59836666666667	57568
3.60170000000000	50880
3.60505000000000	53872
3.60838333333333	49568
3.61171666666667	52608
3.61505000000000	46832
3.61838333333333	41056
3.62173333333333	60496
3.62506666666667	60080
3.62840000000000	35296
3.63173333333333	56704
3.63506666666667	58992
3.63840000000000	57920
3.64173333333333	59008
3.64506666666667	45232
3.64840000000000	64288
3.65173333333333	62480
3.65508333333333	54704
3.65841666666667	51856
3.66175000000000	43808
3.66508333333333	48576
3.66841666666667	53360
3.67175000000000	59104
3.67510000000000	65888
3.67843333333333	59840
3.68176666666667	61584
3.68510000000000	45072
3.68843333333333	53632
3.69178333333333	59536
3.69511666666667	66928
3.69845000000000	42144
3.70178333333333	48160
3.70511666666667	53872
3.70846666666667	54624
3.71180000000000	50400
3.71513333333333	57456
3.71846666666667	56368
3.72180000000000	36848
3.72515000000000	65600
3.72848333333333	44208
3.73181666666667	55344
3.73515000000000	55904
3.73848333333333	56096
3.74181666666667	39680
3.74515000000000	55088
3.74848333333333	53984
3.75181666666667	38464
3.75515000000000	48672
3.75850000000000	57184
3.76183333333333	39376
3.76516666666667	63760
3.76850000000000	48384
3.77183333333333	47776
3.77518333333333	40128
3.77851666666667	44976
3.78185000000000	49840
3.78518333333333	45760
3.78851666666667	41664
3.79186666666667	56512
3.79520000000000	56864
3.79853333333333	63776
3.80186666666667	47216
3.80520000000000	37184
3.80853333333333	52560
3.81188333333333	47584
3.81521666666667	55664
3.81855000000000	57808
3.82188333333333	47552
3.82521666666667	60384
3.82856666666667	59616
3.83190000000000	54592
3.83523333333333	60816
3.83856666666667	57728
3.84190000000000	55936
3.84525000000000	45888
3.84858333333333	59696
3.85191666666667	59664
3.85525000000000	61424
3.85858333333333	58912
3.86193333333333	55904
3.86526666666667	63504
3.86860000000000	54240
3.87193333333333	67744
3.87526666666667	47440
3.87861666666667	53904
3.88195000000000	46688
3.88528333333333	50480
3.88861666666667	54288
3.89195000000000	48912
3.89530000000000	54608
3.89863333333333	60304
3.90196666666667	39024
3.90530000000000	53968
3.90863333333333	57120
3.91196666666667	64096
3.91530000000000	57776
3.91863333333333	55280
3.92196666666667	53488
3.92530000000000	44464
3.92865000000000	48512
3.93198333333333	52576
3.93531666666667	47696
3.93865000000000	42816
3.94198333333333	44624
3.94531666666667	59472
3.94866666666667	60240
3.95200000000000	52064
3.95533333333333	53680
3.95866666666667	62272
3.96200000000000	58144
3.96535000000000	54032
3.96868333333333	49296
3.97201666666667	62112
3.97535000000000	58800
3.97868333333333	67472
3.98203333333333	62048
3.98536666666667	60528
3.98870000000000	59952
3.99203333333333	59376
3.99536666666667	47088
3.99871666666667	62640
4.00205000000000	64080
4.00538333333333	55216
4.00871666666667	50352
4.01203333333333	54640
4.01538333333333	44320
4.01871666666667	41552
4.02205000000000	42944
4.02538333333333	44336
4.02871666666667	54048
4.03206666666667	54656
4.03540000000000	44608
4.03873333333333	50368
4.04206666666667	62736
4.04540000000000	59136
4.04875000000000	55536
4.05208333333333	58432
4.05541666666667	47808
4.05875000000000	60112
4.06208333333333	58336
4.06543333333333	53648
4.06876666666667	59584
4.07210000000000	56880
4.07543333333333	67792
4.07876666666667	41104
4.08210000000000	48624
4.08545000000000	43472
4.08878333333333	52032
4.09211666666667	54288
4.09545000000000	51040
4.09876666666667	47808
4.10211666666667	49232
4.10545000000000	50672
4.10878333333333	57264
4.11211666666667	61696
4.11545000000000	60624
4.11880000000000	60832
4.12213333333333	50224
4.12546666666667	42832
4.12880000000000	54016
4.13213333333333	56336
4.13548333333333	52256
4.13881666666667	55104
4.14215000000000	57952
4.14548333333333	36880
4.14881666666667	58160
4.15216666666667	49152
4.15550000000000	53984
4.15883333333333	61328
4.16216666666667	55584
4.16548333333333	50032
4.16883333333333	55792
4.17216666666667	60592
4.17550000000000	56912
4.17883333333333	44736
4.18216666666667	62864
4.18551666666667	52816
4.18885000000000	48992
4.19218333333333	54448
4.19551666666667	57008
4.19885000000000	48112
4.20220000000000	57504
4.20553333333333	53648
4.20886666666667	51248
4.21220000000000	36864
4.21553333333333	38896
4.21886666666667	40928
4.22221666666667	57056
4.22555000000000	57520
4.22888333333333	56080
4.23221666666667	45552
4.23555000000000	54944
4.23890000000000	39936
4.24223333333333	58976
4.24556666666667	52384
4.24890000000000	66256
4.25221666666667	48192
4.25556666666667	71264
4.25890000000000	49888
4.26223333333333	56672
4.26556666666667	52656
4.26890000000000	38768
4.27225000000000	61584
4.27558333333333	62000
4.27891666666667	60064
4.28225000000000	51120
4.28558333333333	52640
4.28893333333333	63296
4.29226666666667	63760
4.29560000000000	66352
4.29893333333333	72400
4.30226666666667	53536
4.30561666666667	50624
4.30895000000000	54048
4.31228333333333	43168
4.31561666666667	50880
4.31895000000000	50880
4.32228333333333	50880
4.32561666666667	48960
4.32895000000000	56016
4.33228333333333	37584
4.33561666666667	47696
4.33896666666667	65664
4.34230000000000	57696
4.34563333333333	39920
4.34896666666667	59072
4.35230000000000	58800
4.35563333333333	37616
4.35898333333333	66096
4.36231666666667	40480
4.36565000000000	53712
4.36898333333333	51344
4.37231666666667	56848
4.37566666666667	54192
4.37900000000000	61936
4.38233333333333	61456
4.38566666666667	40256
4.38900000000000	61968
4.39235000000000	56176
4.39568333333333	63216
4.39901666666667	61792
4.40235000000000	49024
4.40568333333333	60560
4.40903333333333	54752
4.41236666666667	46480
4.41570000000000	62256
4.41903333333333	55024
4.42236666666667	51216
4.42571666666667	47408
4.42905000000000	47408
4.43238333333333	48400
4.43571666666667	50368
4.43905000000000	47328
4.44240000000000	44288
4.44573333333333	41728
4.44906666666667	39168
4.45240000000000	53920
4.45571666666667	53152
4.45906666666667	54368
4.46240000000000	47936
4.46573333333333	50448
4.46906666666667	41440
4.47240000000000	55520
4.47575000000000	60368
4.47908333333333	59424
4.48241666666667	48720
4.48575000000000	51184
4.48908333333333	49984
4.49241666666667	48784
4.49576666666667	48896
