1.50330000000000	0
1.50663333333333	0
1.50996666666667	0
1.51330000000000	0
1.51663333333333	0
1.51998333333333	0
1.52331666666667	0
1.52665000000000	0
1.52998333333333	0
1.53331666666667	0
1.53666666666667	0
1.54000000000000	0
1.54333333333333	0
1.54666666666667	0
1.55000000000000	0
1.55335000000000	0
1.55668333333333	0
1.56001666666667	1351
1.56335000000000	1303
1.56668333333333	0
1.57003333333333	1815
1.57336666666667	0
1.57670000000000	0
1.58003333333333	0
1.58336666666667	0
1.58671666666667	0
1.59005000000000	0
1.59338333333333	0
1.59671666666667	0
1.60005000000000	0
1.60340000000000	0
1.60673333333333	0
1.61006666666667	0
1.61340000000000	0
1.61673333333333	0
1.62006666666667	0
1.62340000000000	0
1.62673333333333	0
1.63006666666667	0
1.63340000000000	0
1.63675000000000	0
1.64008333333333	0
1.64341666666667	0
1.64675000000000	0
1.65008333333333	0
1.65343333333333	0
1.65676666666667	0
1.66010000000000	0
1.66343333333333	0
1.66676666666667	0
1.67011666666667	0
1.67345000000000	0
1.67678333333333	0
1.68011666666667	0
1.68345000000000	0
1.68680000000000	0
1.69013333333333	0
1.69346666666667	0
1.69680000000000	0
1.70013333333333	0
1.70348333333333	0
1.70681666666667	0
1.71015000000000	0
1.71348333333333	0
1.71681666666667	0
1.72016666666667	0
1.72350000000000	0
1.72683333333333	0
1.73016666666667	0
1.73350000000000	0
1.73685000000000	0
1.74018333333333	0
1.74351666666667	0
1.74685000000000	0
1.75018333333333	0
1.75353333333333	0
1.75686666666667	0
1.76020000000000	0
1.76353333333333	0
1.76686666666667	0
1.77021666666667	0
1.77355000000000	0
1.77688333333333	0
1.78021666666667	0
1.78355000000000	0
1.78690000000000	0
1.79023333333333	0
1.79356666666667	0
1.79690000000000	0
1.80023333333333	0
1.80358333333333	0
1.80691666666667	0
1.81025000000000	0
1.81358333333333	0
1.81691666666667	0
1.82025000000000	0
1.82360000000000	0
1.82693333333333	0
1.83026666666667	0
1.83360000000000	0
1.83693333333333	0
1.84028333333333	0
1.84361666666667	0
1.84695000000000	0
1.85028333333333	0
1.85361666666667	0
1.85696666666667	0
1.86030000000000	0
1.86363333333333	0
1.86696666666667	0
1.87030000000000	0
1.87365000000000	0
1.87698333333333	0
1.88031666666667	0
1.88365000000000	0
1.88698333333333	0
1.89033333333333	0
1.89366666666667	0
1.89700000000000	0
1.90033333333333	0
1.90366666666667	0
1.90701666666667	0
1.91035000000000	0
1.91368333333333	0
1.91701666666667	0
1.92035000000000	0
1.92370000000000	0
1.92703333333333	0
1.93036666666667	0
1.93370000000000	0
1.93703333333333	0
1.94038333333333	0
1.94371666666667	0
1.94705000000000	0
1.95038333333333	0
1.95371666666667	0
1.95706666666667	0
1.96040000000000	0
1.96373333333333	0
1.96706666666667	0
1.97040000000000	0
1.97375000000000	0
1.97708333333333	0
1.98041666666667	0
1.98375000000000	0
1.98708333333333	0
1.99043333333333	0
1.99376666666667	0
1.99710000000000	0
2.00043333333333	0
2.00376666666667	0
2.00711666666667	0
2.01045000000000	0
2.01378333333333	0
2.01711666666667	0
2.02045000000000	0
2.02378333333333	0
2.02711666666667	0
2.03045000000000	0
2.03378333333333	0
2.03711666666667	0
2.04046666666667	0
2.04380000000000	0
2.04713333333333	0
2.05046666666667	0
2.05380000000000	0
2.05715000000000	0
2.06048333333333	0
2.06381666666667	0
2.06715000000000	0
2.07048333333333	0
2.07383333333333	0
2.07716666666667	0
2.08050000000000	0
2.08383333333333	0
2.08716666666667	0
2.09051666666667	0
2.09385000000000	0
2.09718333333333	0
2.10051666666667	0
2.10385000000000	0
2.10720000000000	0
2.11053333333333	0
2.11386666666667	0
2.11720000000000	0
2.12053333333333	0
2.12388333333333	0
2.12721666666667	0
2.13055000000000	0
2.13388333333333	0
2.13721666666667	0
2.14056666666667	0
2.14390000000000	0
2.14723333333333	0
2.15056666666667	0
2.15390000000000	0
2.15723333333333	0
2.16058333333333	0
2.16391666666667	0
2.16725000000000	0
2.17058333333333	0
2.17391666666667	0
2.17726666666667	0
2.18060000000000	0
2.18393333333333	0
2.18726666666667	0
2.19060000000000	0
2.19395000000000	0
2.19728333333333	0
2.20061666666667	0
2.20395000000000	43
2.20728333333333	86
2.21063333333333	1095
2.21396666666667	1289
2.21730000000000	0
2.22063333333333	0
2.22396666666667	0
2.22731666666667	0
2.23065000000000	0
2.23398333333333	0
2.23731666666667	0
2.24065000000000	0
2.24400000000000	0
2.24733333333333	0
2.25066666666667	0
2.25400000000000	0
2.25733333333333	0
2.26068333333333	0
2.26401666666667	620
2.26735000000000	1240
2.27068333333333	1116
2.27401666666667	1060
2.27736666666667	905
2.28070000000000	1132
2.28403333333333	2307
2.28736666666667	1385
2.29070000000000	463
2.29405000000000	1680
2.29738333333333	1192
2.30071666666667	0
2.30405000000000	5895
2.30738333333333	7127
2.31073333333333	1410
2.31406666666667	3241
2.31740000000000	4855
2.32073333333333	4074
2.32406666666667	1522
2.32741666666667	5742
2.33075000000000	4878
2.33408333333333	1805
2.33741666666667	4525
2.34075000000000	7244
2.34410000000000	6921
2.34743333333333	6047
2.35076666666667	5173
2.35410000000000	9372
2.35743333333333	10100
2.36078333333333	13536
2.36411666666667	4295
2.36745000000000	16224
2.37078333333333	12020
2.37411666666667	15932
2.37746666666667	8632
2.38080000000000	5493
2.38413333333333	15888
2.38746666666667	10112
2.39080000000000	27920
2.39415000000000	22648
2.39748333333333	11916
2.40081666666667	18724
2.40415000000000	20692
2.40748333333333	26680
2.41083333333333	24748
2.41416666666667	23620
2.41750000000000	22492
2.42083333333333	18972
2.42416666666667	23116
2.42750000000000	25212
2.43083333333333	22868
2.43416666666667	22912
2.43750000000000	16440
2.44083333333333	20528
2.44418333333333	27072
2.44751666666667	25772
2.45085000000000	24472
2.45418333333333	30788
2.45751666666667	29752
2.46086666666667	34896
2.46420000000000	20312
2.46753333333333	35824
2.47086666666667	18540
2.47420000000000	40688
2.47755000000000	24120
2.48088333333333	34448
2.48421666666667	43376
2.48755000000000	44912
2.49088333333333	27896
2.49421666666667	39680
2.49756666666667	25628
2.50090000000000	30368
2.50423333333333	44992
2.50756666666667	44400
2.51090000000000	18948
2.51425000000000	41088
2.51758333333333	35472
2.52091666666667	23488
2.52425000000000	36032
2.52758333333333	42400
2.53093333333333	35232
2.53426666666667	23672
2.53760000000000	22544
2.54093333333333	53088
2.54426666666667	53088
2.54761666666667	40784
2.55095000000000	58976
2.55428333333333	49840
2.55761666666667	39296
2.56095000000000	41808
2.56430000000000	47120
2.56763333333333	46928
2.57096666666667	50880
2.57430000000000	37408
2.57763333333333	48096
2.58098333333333	30500
2.58431666666667	35360
2.58765000000000	45872
2.59098333333333	38960
2.59431666666667	36416
2.59766666666667	34576
2.60100000000000	36048
2.60433333333333	37920
2.60766666666667	39792
2.61100000000000	68080
2.61435000000000	65648
2.61768333333333	25804
2.62101666666667	54512
2.62435000000000	29760
2.62768333333333	38160
2.63103333333333	46544
2.63436666666667	38592
2.63770000000000	49328
2.64103333333333	36736
2.64436666666667	51360
2.64771666666667	43600
2.65105000000000	50912
2.65438333333333	49296
2.65771666666667	31736
2.66105000000000	39584
2.66440000000000	37008
2.66773333333333	35792
2.67106666666667	34576
2.67440000000000	44160
2.67773333333333	42352
2.68108333333333	40544
2.68441666666667	40576
2.68775000000000	40608
2.69108333333333	40832
2.69441666666667	41056
2.69776666666667	41280
2.70110000000000	38736
2.70443333333333	36176
2.70776666666667	61648
2.71110000000000	63872
2.71445000000000	62368
2.71778333333333	59168
2.72111666666667	46736
2.72445000000000	42224
2.72778333333333	51568
2.73113333333333	40592
2.73446666666667	54064
2.73780000000000	34336
2.74113333333333	57344
2.74446666666667	50240
2.74781666666667	39472
2.75115000000000	61536
2.75448333333333	45216
2.75781666666667	46464
2.76115000000000	32880
2.76448333333333	56928
2.76781666666667	58544
2.77115000000000	42912
2.77448333333333	48928
2.77781666666667	54944
2.78116666666667	47536
2.78450000000000	40112
2.78783333333333	32604
2.79116666666667	34592
2.79450000000000	44672
2.79785000000000	54736
2.80118333333333	46448
2.80451666666667	63216
2.80785000000000	61200
2.81118333333333	52000
2.81453333333333	54992
2.81786666666667	40048
2.82120000000000	36512
2.82453333333333	32976
2.82786666666667	37344
2.83120000000000	41696
2.83455000000000	44432
2.83788333333333	55968
2.84121666666667	58720
2.84455000000000	39088
2.84788333333333	42768
2.85123333333333	48624
2.85456666666667	45232
2.85790000000000	57136
2.86123333333333	50640
2.86456666666667	44144
2.86791666666667	48256
2.87125000000000	44240
2.87458333333333	46688
2.87791666666667	49152
2.88125000000000	57728
2.88460000000000	23288
2.88793333333333	51920
2.89126666666667	70160
2.89460000000000	34704
2.89793333333333	54960
2.90128333333333	21284
2.90461666666667	52560
2.90795000000000	39168
2.91128333333333	33408
2.91461666666667	35824
2.91796666666667	38224
2.92130000000000	46864
2.92463333333333	49136
2.92796666666667	49824
2.93130000000000	25864
2.93465000000000	49824
2.93798333333333	51088
2.94131666666667	38992
2.94465000000000	32224
2.94798333333333	43152
2.95133333333333	45856
2.95466666666667	48544
2.95800000000000	56800
2.96133333333333	55216
2.96466666666667	53536
2.96801666666667	53888
2.97135000000000	29240
2.97468333333333	46432
2.97801666666667	36784
2.98135000000000	39760
2.98470000000000	50784
2.98803333333333	55248
2.99136666666667	45424
2.99470000000000	44288
2.99803333333333	47584
3.00138333333333	21980
3.00471666666667	43248
3.00805000000000	33568
3.01138333333333	37776
3.01471666666667	37824
3.01806666666667	37024
3.02140000000000	42560
3.02473333333333	43488
3.02806666666667	44400
3.03140000000000	36688
3.03475000000000	48400
3.03808333333333	34400
3.04141666666667	40848
3.04475000000000	36512
3.04808333333333	46528
3.05143333333333	43008
3.05476666666667	39472
3.05810000000000	39712
3.06143333333333	41920
3.06476666666667	44128
3.06811666666667	52800
3.07145000000000	51024
3.07478333333333	59840
3.07811666666667	39968
3.08145000000000	41440
3.08480000000000	50080
3.08813333333333	25000
3.09146666666667	35984
3.09480000000000	61024
3.09813333333333	48464
3.10148333333333	55904
3.10481666666667	52384
3.10815000000000	57984
3.11148333333333	38720
3.11481666666667	27044
3.11816666666667	61312
3.12150000000000	36896
3.12483333333333	48112
3.12816666666667	47184
3.13150000000000	51104
3.13485000000000	55024
3.13818333333333	58352
3.14151666666667	46832
3.14485000000000	52864
3.14818333333333	42960
3.15153333333333	41728
3.15486666666667	26236
3.15820000000000	39712
3.16153333333333	49376
3.16486666666667	58992
3.16820000000000	48944
3.17155000000000	45280
3.17488333333333	60304
3.17821666666667	48800
3.18155000000000	41280
3.18488333333333	42752
3.18823333333333	42256
3.19156666666667	53840
3.19490000000000	57392
3.19823333333333	45072
3.20156666666667	32768
3.20491666666667	54480
3.20825000000000	51888
3.21158333333333	61264
3.21491666666667	61312
3.21825000000000	53840
3.22160000000000	62624
3.22493333333333	45136
3.22826666666667	51664
3.23160000000000	64816
3.23493333333333	22852
3.23828333333333	43120
3.24161666666667	29012
3.24495000000000	39888
3.24828333333333	50768
3.25161666666667	43872
3.25496666666667	42352
3.25830000000000	48944
3.26163333333333	47056
3.26496666666667	45168
3.26830000000000	17780
3.27165000000000	52832
3.27498333333333	30584
3.27831666666667	53296
3.28165000000000	42608
3.28498333333333	54240
3.28833333333333	60656
3.29166666666667	54880
3.29500000000000	40416
3.29833333333333	52656
3.30166666666667	45088
3.30501666666667	37536
3.30835000000000	47616
3.31168333333333	46656
3.31501666666667	41488
3.31835000000000	38432
3.32170000000000	44672
3.32503333333333	52192
3.32836666666667	50000
3.33170000000000	48832
3.33503333333333	46912
3.33838333333333	51312
3.34171666666667	45904
3.34505000000000	56528
3.34838333333333	49152
3.35171666666667	41760
3.35506666666667	54240
3.35840000000000	51584
3.36173333333333	48352
3.36506666666667	45120
3.36840000000000	57008
3.37175000000000	37184
3.37508333333333	30336
3.37841666666667	47120
3.38175000000000	52672
3.38508333333333	56208
3.38843333333333	53744
3.39176666666667	48720
3.39510000000000	54608
3.39843333333333	51696
3.40176666666667	48800
3.40511666666667	46320
3.40845000000000	54400
3.41178333333333	50144
3.41511666666667	45888
3.41845000000000	53248
3.42180000000000	60592
3.42513333333333	55968
3.42846666666667	42560
3.43180000000000	32020
3.43513333333333	40928
3.43848333333333	37408
3.44181666666667	33888
3.44515000000000	20260
3.44848333333333	49648
3.45181666666667	51936
3.45516666666667	41264
3.45850000000000	35312
3.46183333333333	54912
3.46516666666667	35872
3.46850000000000	41616
3.47185000000000	32864
3.47518333333333	64656
3.47851666666667	63920
3.48185000000000	51344
3.48518333333333	61184
3.48853333333333	48704
3.49186666666667	40272
3.49520000000000	46256
3.49853333333333	45088
3.50186666666667	34992
3.50520000000000	42848
3.50855000000000	41040
3.51188333333333	45520
3.51521666666667	50000
3.51855000000000	33264
3.52188333333333	34528
3.52523333333333	45280
3.52856666666667	56032
3.53190000000000	52000
3.53523333333333	57568
3.53856666666667	53168
3.54191666666667	31440
3.54525000000000	50320
3.54858333333333	34592
3.55191666666667	38304
3.55525000000000	34656
3.55860000000000	42800
3.56193333333333	41584
3.56526666666667	40368
3.56860000000000	51760
3.57193333333333	48672
3.57528333333333	45584
3.57861666666667	46336
3.58195000000000	51520
3.58528333333333	45168
3.58861666666667	38816
3.59196666666667	51984
3.59530000000000	49456
3.59863333333333	46928
3.60196666666667	42480
3.60530000000000	50368
3.60865000000000	45888
3.61198333333333	44832
3.61531666666667	56928
3.61865000000000	55904
3.62198333333333	57792
3.62533333333333	54768
3.62866666666667	51760
3.63200000000000	46736
3.63533333333333	32976
3.63866666666667	41296
3.64201666666667	28928
3.64535000000000	31472
3.64868333333333	34016
3.65201666666667	39616
3.65535000000000	38624
3.65870000000000	37648
3.66203333333333	45936
3.66536666666667	41248
3.66870000000000	36544
3.67203333333333	46592
3.67536666666667	49344
3.67870000000000	31048
3.68203333333333	46752
3.68536666666667	43248
3.68870000000000	27880
3.69205000000000	45440
3.69538333333333	49248
3.69871666666667	47632
3.70205000000000	46032
3.70538333333333	60192
3.70873333333333	54656
3.71206666666667	49120
3.71540000000000	53776
3.71873333333333	58416
3.72206666666667	46160
3.72541666666667	38544
3.72875000000000	36272
3.73208333333333	45248
3.73541666666667	46832
3.73875000000000	44144
3.74210000000000	50128
3.74543333333333	52864
3.74876666666667	59424
3.75210000000000	58080
3.75543333333333	30076
3.75878333333333	54880
3.76211666666667	46352
3.76545000000000	41504
3.76878333333333	64352
3.77211666666667	62544
3.77546666666667	64096
3.77880000000000	50416
3.78213333333333	42224
3.78546666666667	50480
3.78880000000000	42112
3.79215000000000	38256
3.79548333333333	52960
3.79881666666667	27916
3.80215000000000	43568
3.80548333333333	51952
3.80883333333333	35952
3.81216666666667	46368
3.81550000000000	59568
3.81883333333333	33072
3.82216666666667	62080
3.82551666666667	49072
3.82885000000000	42832
3.83218333333333	48240
3.83551666666667	52432
3.83885000000000	17072
3.84218333333333	54000
3.84553333333333	55920
3.84886666666667	52112
3.85220000000000	31976
3.85553333333333	54496
3.85886666666667	47808
3.86221666666667	44624
3.86555000000000	45488
3.86888333333333	42864
3.87221666666667	42944
3.87555000000000	38304
3.87890000000000	33664
3.88223333333333	20816
3.88556666666667	56608
3.88890000000000	49136
3.89223333333333	48960
3.89558333333333	50848
3.89891666666667	49920
3.90225000000000	48976
3.90558333333333	26836
3.90891666666667	59104
3.91226666666667	45888
3.91560000000000	48016
3.91893333333333	61296
3.92226666666667	21280
3.92560000000000	30528
3.92895000000000	55568
3.93228333333333	47568
3.93561666666667	68464
3.93895000000000	58864
3.94228333333333	45120
3.94563333333333	51568
3.94896666666667	32264
3.95230000000000	53568
3.95563333333333	55584
3.95896666666667	44608
3.96231666666667	57616
3.96565000000000	52512
3.96898333333333	29108
3.97231666666667	42576
3.97565000000000	24012
3.97900000000000	23604
3.98233333333333	23196
3.98566666666667	57024
3.98900000000000	52352
3.99233333333333	50576
3.99568333333333	44880
3.99901666666667	39200
4.00235000000000	47744
4.00568333333333	47392
4.00901666666667	44384
4.01236666666667	41392
4.01570000000000	46688
4.01903333333333	41696
4.02236666666667	36304
4.02570000000000	30920
4.02905000000000	34304
4.03238333333333	37696
4.03571666666667	41312
4.03905000000000	40320
4.04238333333333	31744
4.04573333333333	60256
4.04906666666667	54080
4.05240000000000	26312
4.05573333333333	41312
4.05906666666667	56224
4.06241666666667	48864
4.06575000000000	57952
4.06908333333333	28872
4.07241666666667	68944
4.07575000000000	78592
4.07910000000000	35120
4.08243333333333	55088
4.08576666666667	50336
4.08910000000000	35328
4.09243333333333	47040
4.09578333333333	31604
4.09911666666667	32068
4.10245000000000	36128
4.10578333333333	40720
4.10911666666667	42752
4.11246666666667	44768
4.11580000000000	42624
4.11913333333333	31768
4.12246666666667	49376
4.12580000000000	49056
4.12915000000000	47264
4.13248333333333	46192
4.13581666666667	48672
4.13915000000000	51152
4.14248333333333	29324
4.14583333333333	46496
4.14916666666667	64640
4.15250000000000	61872
4.15583333333333	59648
4.15916666666667	43584
4.16251666666667	38096
4.16585000000000	47040
4.16918333333333	41008
4.17251666666667	49968
4.17585000000000	39152
4.17918333333333	46448
4.18253333333333	37376
4.18586666666667	40128
4.18920000000000	42864
4.19253333333333	43792
4.19586666666667	55344
4.19921666666667	51552
4.20255000000000	47744
4.20588333333333	44272
4.20921666666667	47472
4.21255000000000	49824
4.21590000000000	64096
4.21923333333333	64976
4.22256666666667	65216
4.22590000000000	54176
4.22923333333333	44384
4.23258333333333	31232
4.23591666666667	47312
4.23925000000000	46112
4.24258333333333	38432
4.24591666666667	41936
4.24926666666667	43216
4.25260000000000	39040
4.25593333333333	38848
4.25926666666667	38656
4.26260000000000	41264
4.26595000000000	41968
4.26928333333333	55408
4.27261666666667	53600
4.27595000000000	51792
4.27928333333333	45536
4.28263333333333	47808
4.28596666666667	50064
4.28930000000000	53888
4.29263333333333	58080
4.29596666666667	54208
4.29931666666667	48960
4.30265000000000	36096
4.30598333333333	39328
4.30931666666667	49920
4.31265000000000	43824
4.31600000000000	45600
4.31933333333333	47376
4.32266666666667	58768
4.32600000000000	59536
4.32933333333333	55056
4.33268333333333	33904
4.33601666666667	38096
4.33935000000000	36608
4.34268333333333	37056
4.34601666666667	21828
4.34936666666667	56624
4.35270000000000	64432
4.35603333333333	34784
4.35936666666667	62112
4.36270000000000	68720
4.36605000000000	46224
4.36938333333333	54384
4.37271666666667	43088
4.37605000000000	27200
4.37938333333333	54208
4.38273333333333	50704
4.38606666666667	43376
4.38940000000000	38032
4.39273333333333	42544
4.39606666666667	47056
4.39941666666667	45312
4.40275000000000	43552
4.40608333333333	36576
4.40941666666667	29992
4.41275000000000	38768
4.41610000000000	47536
4.41943333333333	42640
4.42276666666667	51952
4.42610000000000	47456
4.42943333333333	50192
4.43278333333333	45360
4.43611666666667	48304
4.43945000000000	51232
4.44278333333333	37872
4.44611666666667	42448
4.44946666666667	53584
4.45280000000000	59168
4.45613333333333	55824
4.45946666666667	51776
4.46280000000000	25800
4.46615000000000	31188
4.46948333333333	36576
4.47281666666667	36896
4.47615000000000	60800
4.47948333333333	63904
4.48283333333333	38704
4.48616666666667	66880
4.48950000000000	54256
4.49283333333333	55376
4.49616666666667	38032
