1.50331666666667	321
1.50665000000000	441
1.50998333333333	0
1.51331666666667	0
1.51665000000000	235
1.51998333333333	0
1.52331666666667	0
1.52665000000000	0
1.52998333333333	0
1.53331666666667	0
1.53666666666667	0
1.54000000000000	0
1.54333333333333	0
1.54666666666667	0
1.55000000000000	0
1.55335000000000	65
1.55668333333333	62
1.56001666666667	59
1.56335000000000	227
1.56668333333333	195
1.57003333333333	163
1.57336666666667	386
1.57670000000000	557
1.58003333333333	299
1.58336666666667	42
1.58670000000000	0
1.59003333333333	0
1.59336666666667	0
1.59670000000000	206
1.60003333333333	218
1.60338333333333	231
1.60671666666667	0
1.61005000000000	0
1.61338333333333	0
1.61671666666667	595
1.62005000000000	521
1.62340000000000	447
1.62673333333333	0
1.63006666666667	857
1.63340000000000	701
1.63673333333333	0
1.64008333333333	616
1.64341666666667	0
1.64675000000000	275
1.65008333333333	261
1.65341666666667	246
1.65676666666667	0
1.66010000000000	144
1.66343333333333	0
1.66676666666667	154
1.67010000000000	546
1.67345000000000	511
1.67678333333333	0
1.68011666666667	220
1.68345000000000	157
1.68678333333333	79
1.69013333333333	0
1.69346666666667	160
1.69680000000000	181
1.70013333333333	203
1.70346666666667	176
1.70681666666667	174
1.71015000000000	171
1.71348333333333	0
1.71681666666667	251
1.72015000000000	0
1.72348333333333	0
1.72681666666667	298
1.73015000000000	186
1.73348333333333	0
1.73681666666667	375
1.74016666666667	588
1.74350000000000	674
1.74683333333333	457
1.75016666666667	248
1.75350000000000	0
1.75683333333333	0
1.76018333333333	529
1.76351666666667	388
1.76685000000000	278
1.77018333333333	0
1.77351666666667	0
1.77686666666667	0
1.78020000000000	346
1.78353333333333	173
1.78686666666667	0
1.79020000000000	45
1.79355000000000	0
1.79688333333333	0
1.80021666666667	0
1.80355000000000	0
1.80686666666667	0
1.81021666666667	0
1.81355000000000	0
1.81688333333333	137
1.82021666666667	69
1.82355000000000	0
1.82690000000000	0
1.83023333333333	0
1.83356666666667	0
1.83690000000000	0
1.84023333333333	0
1.84358333333333	0
1.84691666666667	0
1.85025000000000	0
1.85358333333333	0
1.85691666666667	158
1.86026666666667	79
1.86360000000000	0
1.86693333333333	0
1.87026666666667	117
1.87360000000000	59
1.87695000000000	0
1.88028333333333	0
1.88361666666667	216
1.88695000000000	195
1.89028333333333	0
1.89361666666667	171
1.89696666666667	292
1.90030000000000	0
1.90363333333333	0
1.90696666666667	0
1.91030000000000	0
1.91365000000000	380
1.91698333333333	190
1.92031666666667	0
1.92365000000000	859
1.92698333333333	637
1.93033333333333	526
1.93366666666667	35
1.93700000000000	364
1.94033333333333	0
1.94366666666667	0
1.94701666666667	0
1.95035000000000	0
1.95368333333333	0
1.95701666666667	0
1.96035000000000	0
1.96370000000000	0
1.96703333333333	0
1.97036666666667	0
1.97370000000000	0
1.97703333333333	0
1.98038333333333	482
1.98371666666667	545
1.98705000000000	0
1.99038333333333	0
1.99371666666667	263
1.99705000000000	421
2.00038333333333	229
2.00371666666667	38
2.00705000000000	464
2.01038333333333	0
2.01373333333333	820
2.01706666666667	496
2.02040000000000	0
2.02373333333333	0
2.02706666666667	646
2.03040000000000	631
2.03375000000000	295
2.03708333333333	0
2.04041666666667	101
2.04375000000000	0
2.04708333333333	0
2.05043333333333	0
2.05376666666667	0
2.05710000000000	0
2.06043333333333	0
2.06375000000000	577
2.06710000000000	288
2.07043333333333	0
2.07376666666667	0
2.07710000000000	0
2.08043333333333	514
2.08378333333333	388
2.08711666666667	0
2.09045000000000	0
2.09378333333333	0
2.09711666666667	0
2.10046666666667	0
2.10380000000000	0
2.10713333333333	0
2.11046666666667	0
2.11380000000000	0
2.11715000000000	0
2.12048333333333	461
2.12381666666667	230
2.12715000000000	0
2.13048333333333	0
2.13383333333333	0
2.13716666666667	0
2.14050000000000	0
2.14383333333333	0
2.14716666666667	0
2.15051666666667	0
2.15385000000000	82
2.15718333333333	164
2.16051666666667	82
2.16383333333333	0
2.16716666666667	0
2.17051666666667	87
2.17385000000000	44
2.17718333333333	0
2.18051666666667	0
2.18385000000000	0
2.18720000000000	138
2.19053333333333	69
2.19386666666667	0
2.19720000000000	0
2.20053333333333	0
2.20388333333333	0
2.20721666666667	222
2.21055000000000	278
2.21388333333333	0
2.21721666666667	0
2.22056666666667	324
2.22390000000000	266
2.22723333333333	0
2.23056666666667	579
2.23388333333333	803
2.23723333333333	0
2.24056666666667	474
2.24390000000000	0
2.24723333333333	372
2.25056666666667	0
2.25391666666667	0
2.25725000000000	547
2.26058333333333	442
2.26391666666667	338
2.26725000000000	0
2.27060000000000	430
2.27393333333333	451
2.27726666666667	473
2.28060000000000	379
2.28393333333333	292
2.28728333333333	206
2.29061666666667	546
2.29395000000000	863
2.29728333333333	1047
2.30060000000000	913
2.30393333333333	1145
2.30728333333333	1377
2.31061666666667	1933
2.31395000000000	1859
2.31728333333333	1785
2.32061666666667	3550
2.32396666666667	3240
2.32730000000000	2401
2.33063333333333	2914
2.33396666666667	3428
2.33730000000000	3861
2.34065000000000	3176
2.34398333333333	1751
2.34731666666667	2602
2.35065000000000	1758
2.35398333333333	2568
2.35733333333333	3379
2.36066666666667	3474
2.36400000000000	2981
2.36733333333333	5155
2.37066666666667	4963
2.37401666666667	4770
2.37735000000000	4718
2.38068333333333	6420
2.38401666666667	8121
2.38735000000000	7854
2.39070000000000	9508
2.39403333333333	8336
2.39736666666667	10376
2.40070000000000	9912
2.40401666666667	9448
2.40736666666667	8106
2.41070000000000	8932
2.41403333333333	9756
2.41736666666667	12740
2.42070000000000	14716
2.42405000000000	12908
2.42738333333333	11552
2.43071666666667	12396
2.43405000000000	14772
2.43738333333333	14212
2.44071666666667	14740
2.44406666666667	15272
2.44740000000000	15860
2.45073333333333	16448
2.45406666666667	13376
2.45740000000000	10308
2.46075000000000	18552
2.46408333333333	16288
2.46741666666667	20272
2.47075000000000	17840
2.47408333333333	18956
2.47743333333333	17228
2.48076666666667	18076
2.48410000000000	18924
2.48743333333333	19796
2.49075000000000	20664
2.49410000000000	19392
2.49743333333333	18116
2.50076666666667	17552
2.50410000000000	16988
2.50743333333333	21668
2.51078333333333	20616
2.51411666666667	21232
2.51745000000000	21848
2.52078333333333	20656
2.52411666666667	20604
2.52746666666667	23448
2.53080000000000	23412
2.53413333333333	20744
2.53746666666667	18076
2.54080000000000	19984
2.54415000000000	24116
2.54748333333333	28248
2.55081666666667	31608
2.55415000000000	32896
2.55746666666667	24996
2.56081666666667	31264
2.56415000000000	26076
2.56748333333333	28036
2.57081666666667	32304
2.57415000000000	28636
2.57748333333333	24976
2.58083333333333	28772
2.58416666666667	27628
2.58750000000000	26484
2.59083333333333	25108
2.59416666666667	23732
2.59751666666667	26312
2.60085000000000	28896
2.60418333333333	30788
2.60751666666667	26992
2.61085000000000	33616
2.61420000000000	33248
2.61753333333333	22004
2.62086666666667	31476
2.62420000000000	28288
2.62751666666667	27996
2.63086666666667	27708
2.63420000000000	29124
2.63753333333333	30544
2.64086666666667	27972
2.64420000000000	25396
2.64755000000000	33824
2.65088333333333	31832
2.65421666666667	28700
2.65755000000000	27148
2.66088333333333	25592
2.66423333333333	26284
2.66756666666667	26972
2.67090000000000	30164
2.67423333333333	29748
2.67756666666667	29336
2.68091666666667	24732
2.68425000000000	30628
2.68758333333333	31876
2.69091666666667	33120
2.69425000000000	32960
2.69758333333333	28112
2.70091666666667	24680
2.70425000000000	17168
2.70758333333333	34784
2.71091666666667	37248
2.71425000000000	38672
2.71760000000000	29492
2.72093333333333	35184
2.72426666666667	30788
2.72760000000000	36960
2.73093333333333	33488
2.73428333333333	30032
2.73761666666667	34592
2.74095000000000	34240
2.74428333333333	36160
2.74761666666667	24940
2.75096666666667	31396
2.75430000000000	30644
2.75763333333333	29888
2.76096666666667	27468
2.76430000000000	31392
2.76763333333333	30208
2.77096666666667	29020
2.77430000000000	35056
2.77763333333333	32016
2.78096666666667	28976
2.78431666666667	30900
2.78765000000000	32832
2.79098333333333	34368
2.79431666666667	28148
2.79765000000000	33184
2.80100000000000	30976
2.80433333333333	28768
2.80766666666667	30092
2.81100000000000	32200
2.81433333333333	34304
2.81768333333333	24620
2.82101666666667	26412
2.82435000000000	33152
2.82768333333333	28740
2.83101666666667	33888
2.83435000000000	31800
2.83768333333333	36832
2.84101666666667	35600
2.84435000000000	34352
2.84768333333333	29156
2.85101666666667	21000
2.85436666666667	36224
2.85770000000000	33296
2.86103333333333	39360
2.86436666666667	32880
2.86770000000000	37232
2.87105000000000	38544
2.87438333333333	28208
2.87771666666667	35216
2.88105000000000	25512
2.88438333333333	25056
2.88773333333333	40816
2.89106666666667	36160
2.89440000000000	37840
2.89773333333333	41536
2.90106666666667	24132
2.90441666666667	35456
2.90775000000000	27112
2.91108333333333	33088
2.91441666666667	39376
2.91775000000000	33808
2.92110000000000	41760
2.92443333333333	43440
2.92776666666667	31496
2.93110000000000	35168
2.93443333333333	39360
2.93778333333333	29560
2.94111666666667	37744
2.94445000000000	33824
2.94776666666667	29976
2.95110000000000	41152
2.95445000000000	42992
2.95778333333333	35200
2.96111666666667	43920
2.96445000000000	33664
2.96778333333333	34656
2.97113333333333	26256
2.97446666666667	29216
2.97780000000000	34464
2.98113333333333	34176
2.98446666666667	31124
2.98780000000000	29792
2.99115000000000	28460
2.99448333333333	28972
2.99781666666667	30524
3.00115000000000	29056
3.00448333333333	27588
3.00783333333333	37680
3.01116666666667	39632
3.01450000000000	40720
3.01783333333333	32720
3.02116666666667	34592
3.02451666666667	27628
3.02785000000000	39280
3.03118333333333	39152
3.03450000000000	32656
3.03783333333333	27368
3.04118333333333	30880
3.04451666666667	40432
3.04785000000000	41328
3.05118333333333	33856
3.05451666666667	40128
3.05786666666667	37744
3.06120000000000	22284
3.06453333333333	29548
3.06786666666667	25952
3.07120000000000	24800
3.07455000000000	25520
3.07788333333333	26236
3.08121666666667	27460
3.08455000000000	28684
3.08788333333333	32644
3.09123333333333	36608
3.09456666666667	33488
3.09790000000000	36000
3.10123333333333	35152
3.10456666666667	37696
3.10791666666667	40240
3.11125000000000	30160
3.11458333333333	41280
3.11791666666667	33744
3.12125000000000	34256
3.12458333333333	41344
3.12793333333333	32080
3.13126666666667	33888
3.13460000000000	22132
3.13793333333333	28348
3.14126666666667	36208
3.14461666666667	26608
3.14795000000000	39088
3.15128333333333	43248
3.15461666666667	32288
3.15795000000000	36432
3.16130000000000	32036
3.16463333333333	34048
3.16796666666667	20116
3.17128333333333	30224
3.17461666666667	32036
3.17796666666667	37856
3.18130000000000	32324
3.18463333333333	36368
3.18796666666667	28216
3.19130000000000	26692
3.19465000000000	27984
3.19798333333333	37456
3.20131666666667	39072
3.20465000000000	38864
3.20798333333333	31100
3.21133333333333	33952
3.21466666666667	36816
3.21800000000000	33424
3.22133333333333	34816
3.22466666666667	36592
3.22801666666667	36368
3.23135000000000	30040
3.23468333333333	33072
3.23801666666667	24832
3.24135000000000	27292
3.24470000000000	29756
3.24803333333333	32944
3.25136666666667	31652
3.25468333333333	29736
3.25801666666667	27820
3.26135000000000	27912
3.26470000000000	28008
3.26803333333333	38816
3.27136666666667	39408
3.27470000000000	34240
3.27803333333333	34528
3.28138333333333	35136
3.28471666666667	35744
3.28805000000000	24360
3.29138333333333	38928
3.29471666666667	34400
3.29806666666667	31204
3.30140000000000	41104
3.30473333333333	24204
3.30806666666667	33024
3.31140000000000	28668
3.31475000000000	30892
3.31808333333333	33120
3.32141666666667	36768
3.32475000000000	38112
3.32806666666667	38192
3.33141666666667	35664
3.33475000000000	30580
3.33808333333333	39648
3.34141666666667	37824
3.34475000000000	27072
3.34810000000000	33248
3.35143333333333	34192
3.35476666666667	37760
3.35810000000000	29544
3.36143333333333	30784
3.36478333333333	36608
3.36811666666667	38784
3.37145000000000	40848
3.37478333333333	35152
3.37811666666667	34896
3.38146666666667	34624
3.38480000000000	38336
3.38813333333333	27928
3.39146666666667	20452
3.39480000000000	34160
3.39813333333333	31708
3.40148333333333	34816
3.40481666666667	35248
3.40815000000000	29292
3.41148333333333	38800
3.41481666666667	31048
3.41816666666667	32712
3.42150000000000	28872
3.42483333333333	30276
3.42816666666667	39488
3.43150000000000	40688
3.43485000000000	38928
3.43818333333333	30376
3.44151666666667	39632
3.44485000000000	37552
3.44818333333333	36688
3.45153333333333	39824
3.45486666666667	34160
3.45820000000000	31636
3.46153333333333	32128
3.46486666666667	34816
3.46821666666667	31864
3.47155000000000	36976
3.47488333333333	34896
3.47820000000000	33536
3.48153333333333	32816
3.48488333333333	33136
3.48821666666667	33456
3.49155000000000	35552
3.49488333333333	32864
3.49821666666667	30180
3.50156666666667	34192
3.50490000000000	24636
3.50823333333333	30548
3.51156666666667	36464
3.51490000000000	25264
3.51825000000000	36240
3.52158333333333	36096
3.52491666666667	40208
3.52825000000000	32216
3.53158333333333	32944
3.53491666666667	36672
3.53826666666667	36432
3.54160000000000	29940
3.54493333333333	29588
3.54826666666667	33344
3.55160000000000	32236
3.55495000000000	30764
3.55828333333333	33136
3.56161666666667	32372
3.56493333333333	30360
3.56826666666667	28348
3.57161666666667	38352
3.57495000000000	39008
3.57828333333333	44832
3.58161666666667	30084
3.58495000000000	36176
3.58830000000000	39792
3.59163333333333	38016
3.59496666666667	36688
3.59830000000000	36624
3.60163333333333	35552
3.60498333333333	34080
3.60831666666667	39264
3.61165000000000	29956
3.61498333333333	30380
3.61831666666667	30800
3.62166666666667	27616
3.62500000000000	38016
3.62833333333333	35776
3.63166666666667	29948
3.63500000000000	33424
3.63835000000000	34736
3.64168333333333	31348
3.64501666666667	23040
3.64835000000000	32316
3.65168333333333	36784
3.65503333333333	38224
3.65836666666667	35792
3.66170000000000	36016
3.66503333333333	36256
3.66835000000000	34448
3.67168333333333	27868
3.67503333333333	32660
3.67836666666667	35184
3.68170000000000	37712
3.68503333333333	32912
3.68836666666667	39824
3.69171666666667	36640
3.69505000000000	36320
3.69838333333333	36512
3.70171666666667	33456
3.70505000000000	41488
3.70840000000000	40208
3.71173333333333	30572
3.71506666666667	37120
3.71840000000000	36912
3.72173333333333	32300
3.72508333333333	33168
3.72841666666667	32616
3.73175000000000	34656
3.73508333333333	36176
3.73841666666667	41792
3.74175000000000	39376
3.74508333333333	35824
3.74841666666667	35168
3.75175000000000	31896
3.75508333333333	37440
3.75843333333333	38928
3.76176666666667	29912
3.76510000000000	26820
3.76843333333333	23828
3.77176666666667	27888
3.77511666666667	27868
3.77845000000000	27844
3.78178333333333	40752
3.78511666666667	39088
3.78845000000000	28344
3.79180000000000	30760
3.79513333333333	37296
3.79846666666667	36496
3.80180000000000	31988
3.80513333333333	32592
3.80845000000000	36592
3.81180000000000	35488
3.81513333333333	34400
3.81846666666667	35824
3.82180000000000	28908
3.82513333333333	29640
3.82848333333333	30372
3.83181666666667	24840
3.83515000000000	41680
3.83848333333333	40960
3.84181666666667	37632
3.84516666666667	32188
3.84850000000000	32784
3.85183333333333	25480
3.85516666666667	28940
3.85850000000000	32400
3.86185000000000	30556
3.86518333333333	29868
3.86851666666667	35856
3.87185000000000	39648
3.87518333333333	40496
3.87853333333333	28980
3.88186666666667	31204
3.88520000000000	33664
3.88853333333333	34784
3.89186666666667	35904
3.89521666666667	32912
3.89855000000000	35904
3.90188333333333	38144
3.90521666666667	42272
3.90855000000000	41664
3.91188333333333	37664
3.91521666666667	29908
3.91855000000000	30824
3.92188333333333	38144
3.92521666666667	38384
3.92856666666667	38608
3.93190000000000	25032
3.93523333333333	38800
3.93856666666667	34800
3.94190000000000	25824
3.94523333333333	44880
3.94858333333333	42400
3.95191666666667	38544
3.95525000000000	37504
3.95858333333333	29764
3.96191666666667	34384
3.96526666666667	30720
3.96860000000000	33552
3.97193333333333	36384
3.97526666666667	28688
3.97860000000000	33904
3.98195000000000	32640
3.98528333333333	35680
3.98861666666667	43200
3.99195000000000	46592
3.99526666666667	36288
3.99861666666667	43056
4.00195000000000	40496
4.00528333333333	37856
4.00861666666667	36928
4.01195000000000	39552
4.01530000000000	34368
4.01863333333333	31248
4.02196666666667	32232
4.02530000000000	36544
4.02863333333333	34944
4.03198333333333	33360
4.03531666666667	43792
4.03865000000000	42656
4.04198333333333	22688
4.04531666666667	40624
4.04866666666667	39056
4.05200000000000	39520
4.05533333333333	38240
4.05866666666667	36624
4.06200000000000	34912
4.06535000000000	37568
4.06868333333333	33920
4.07201666666667	36464
4.07535000000000	34848
4.07868333333333	34128
4.08200000000000	38464
4.08535000000000	30208
4.08868333333333	28864
4.09201666666667	27520
4.09535000000000	29444
4.09868333333333	31372
4.10203333333333	37136
4.10536666666667	36496
4.10870000000000	35856
4.11203333333333	32928
4.11536666666667	28104
4.11871666666667	38272
4.12205000000000	39312
4.12538333333333	38320
4.12871666666667	30732
4.13205000000000	29940
4.13540000000000	34192
4.13873333333333	33600
4.14206666666667	35168
4.14540000000000	25184
4.14873333333333	41184
4.15208333333333	37648
4.15541666666667	30352
4.15875000000000	40192
4.16208333333333	36528
4.16541666666667	41328
4.16876666666667	29892
4.17210000000000	26768
4.17543333333333	38976
4.17876666666667	34448
4.18208333333333	37696
4.18543333333333	34960
4.18876666666667	45232
4.19210000000000	24604
4.19543333333333	33504
4.19876666666667	45200
4.20211666666667	29440
4.20545000000000	23004
4.20878333333333	20956
4.21211666666667	25352
4.21545000000000	31688
4.21878333333333	40272
4.22213333333333	40832
4.22546666666667	27684
4.22880000000000	38160
4.23213333333333	41056
4.23546666666667	42720
4.23881666666667	36800
4.24215000000000	32636
4.24548333333333	43312
4.24881666666667	42416
4.25215000000000	36304
4.25550000000000	25876
4.25883333333333	38368
4.26216666666667	36272
4.26550000000000	36288
4.26881666666667	37696
4.27216666666667	34752
4.27550000000000	37136
4.27883333333333	34864
4.28216666666667	30244
4.28550000000000	36752
4.28885000000000	36320
4.29218333333333	29228
4.29551666666667	32596
4.29885000000000	32468
4.30218333333333	18940
4.30553333333333	32848
4.30886666666667	33456
4.31220000000000	32240
4.31553333333333	25008
4.31886666666667	29124
4.32221666666667	39104
4.32555000000000	36800
4.32888333333333	32832
4.33221666666667	36432
4.33555000000000	34464
4.33890000000000	33216
4.34223333333333	42464
4.34556666666667	41056
4.34890000000000	23016
4.35223333333333	19908
4.35556666666667	35616
4.35891666666667	40544
4.36225000000000	34400
4.36558333333333	35520
4.36891666666667	37264
4.37225000000000	34464
4.37560000000000	27544
4.37893333333333	36160
4.38226666666667	33296
4.38560000000000	40032
4.38893333333333	37168
4.39228333333333	34944
4.39561666666667	40048
4.39895000000000	22936
4.40228333333333	29332
4.40561666666667	26432
4.40896666666667	30112
4.41230000000000	42432
4.41563333333333	41712
4.41896666666667	37344
4.42230000000000	41280
4.42563333333333	33920
4.42896666666667	38464
4.43230000000000	37056
4.43563333333333	30608
4.43896666666667	35920
4.44231666666667	43536
4.44565000000000	40864
4.44898333333333	40176
4.45231666666667	38176
4.45565000000000	36192
4.45900000000000	38160
4.46233333333333	42432
4.46566666666667	30496
4.46900000000000	32184
4.47233333333333	26304
4.47568333333333	35632
4.47901666666667	18696
4.48235000000000	28100
4.48568333333333	35680
4.48901666666667	29300
4.49235000000000	32912
4.49570000000000	38000
