1.50330000000000	0
1.50663333333333	0
1.50996666666667	0
1.51330000000000	0
1.51663333333333	0
1.51998333333333	0
1.52331666666667	0
1.52665000000000	0
1.52998333333333	0
1.53331666666667	0
1.53666666666667	0
1.54000000000000	0
1.54333333333333	0
1.54666666666667	0
1.55000000000000	0
1.55335000000000	0
1.55668333333333	0
1.56001666666667	0
1.56335000000000	834
1.56668333333333	692
1.57003333333333	994
1.57336666666667	0
1.57670000000000	0
1.58003333333333	0
1.58336666666667	0
1.58671666666667	0
1.59005000000000	0
1.59338333333333	0
1.59671666666667	0
1.60005000000000	0
1.60340000000000	0
1.60673333333333	0
1.61006666666667	0
1.61340000000000	0
1.61673333333333	0
1.62008333333333	218
1.62341666666667	109
1.62675000000000	0
1.63008333333333	2006
1.63341666666667	1977
1.63676666666667	0
1.64010000000000	0
1.64343333333333	0
1.64676666666667	0
1.65010000000000	0
1.65345000000000	0
1.65678333333333	0
1.66011666666667	0
1.66345000000000	0
1.66678333333333	0
1.67013333333333	0
1.67346666666667	0
1.67680000000000	0
1.68013333333333	0
1.68346666666667	99
1.68681666666667	50
1.69015000000000	0
1.69348333333333	0
1.69681666666667	0
1.70015000000000	0
1.70350000000000	0
1.70683333333333	0
1.71016666666667	0
1.71350000000000	0
1.71683333333333	0
1.72018333333333	0
1.72351666666667	0
1.72685000000000	0
1.73018333333333	0
1.73351666666667	0
1.73686666666667	0
1.74020000000000	0
1.74353333333333	0
1.74686666666667	0
1.75020000000000	0
1.75355000000000	0
1.75688333333333	0
1.76021666666667	460
1.76355000000000	230
1.76688333333333	0
1.77023333333333	0
1.77356666666667	0
1.77690000000000	0
1.78023333333333	0
1.78356666666667	0
1.78691666666667	0
1.79025000000000	0
1.79358333333333	0
1.79691666666667	0
1.80025000000000	0
1.80360000000000	0
1.80693333333333	0
1.81026666666667	0
1.81360000000000	0
1.81693333333333	0
1.82026666666667	0
1.82361666666667	0
1.82695000000000	0
1.83028333333333	0
1.83361666666667	0
1.83695000000000	0
1.84030000000000	0
1.84363333333333	0
1.84696666666667	0
1.85030000000000	0
1.85363333333333	0
1.85698333333333	0
1.86031666666667	0
1.86365000000000	0
1.86698333333333	0
1.87031666666667	0
1.87366666666667	0
1.87700000000000	0
1.88033333333333	0
1.88366666666667	0
1.88700000000000	448
1.89035000000000	248
1.89368333333333	47
1.89701666666667	0
1.90035000000000	0
1.90368333333333	0
1.90703333333333	85
1.91036666666667	43
1.91370000000000	0
1.91703333333333	0
1.92036666666667	44
1.92371666666667	22
1.92705000000000	0
1.93038333333333	0
1.93371666666667	365
1.93705000000000	183
1.94040000000000	0
1.94373333333333	0
1.94706666666667	0
1.95040000000000	0
1.95373333333333	0
1.95708333333333	0
1.96041666666667	0
1.96375000000000	0
1.96708333333333	0
1.97041666666667	0
1.97376666666667	0
1.97710000000000	0
1.98043333333333	0
1.98376666666667	0
1.98710000000000	0
1.99045000000000	0
1.99378333333333	0
1.99711666666667	0
2.00045000000000	0
2.00378333333333	0
2.00713333333333	0
2.01046666666667	0
2.01380000000000	0
2.01713333333333	0
2.02046666666667	0
2.02381666666667	0
2.02715000000000	0
2.03048333333333	0
2.03381666666667	0
2.03715000000000	0
2.04050000000000	0
2.04383333333333	0
2.04716666666667	0
2.05050000000000	0
2.05383333333333	0
2.05718333333333	0
2.06051666666667	0
2.06385000000000	0
2.06718333333333	0
2.07051666666667	0
2.07386666666667	0
2.07720000000000	0
2.08053333333333	0
2.08386666666667	0
2.08720000000000	0
2.09055000000000	0
2.09388333333333	0
2.09721666666667	0
2.10055000000000	0
2.10388333333333	0
2.10723333333333	0
2.11056666666667	0
2.11390000000000	0
2.11723333333333	327
2.12056666666667	164
2.12391666666667	0
2.12725000000000	0
2.13058333333333	0
2.13391666666667	0
2.13725000000000	0
2.14060000000000	0
2.14393333333333	0
2.14726666666667	0
2.15060000000000	0
2.15393333333333	0
2.15726666666667	0
2.16061666666667	0
2.16395000000000	0
2.16728333333333	0
2.17061666666667	0
2.17395000000000	0
2.17730000000000	0
2.18063333333333	0
2.18396666666667	0
2.18730000000000	0
2.19063333333333	0
2.19398333333333	0
2.19731666666667	0
2.20065000000000	0
2.20398333333333	0
2.20731666666667	0
2.21066666666667	0
2.21400000000000	0
2.21733333333333	0
2.22066666666667	0
2.22400000000000	0
2.22735000000000	0
2.23068333333333	1336
2.23401666666667	1706
2.23735000000000	0
2.24068333333333	1749
2.24403333333333	0
2.24736666666667	0
2.25070000000000	0
2.25403333333333	0
2.25736666666667	0
2.26071666666667	0
2.26405000000000	213
2.26738333333333	107
2.27071666666667	0
2.27405000000000	0
2.27740000000000	0
2.28073333333333	472
2.28406666666667	633
2.28740000000000	794
2.29073333333333	397
2.29408333333333	0
2.29741666666667	330
2.30075000000000	660
2.30408333333333	4569
2.30741666666667	4072
2.31076666666667	3280
2.31410000000000	2489
2.31743333333333	5211
2.32076666666667	0
2.32410000000000	2481
2.32745000000000	5952
2.33078333333333	1553
2.33411666666667	5920
2.33745000000000	5677
2.34078333333333	3772
2.34413333333333	1868
2.34746666666667	1606
2.35080000000000	4414
2.35413333333333	5870
2.35746666666667	3867
2.36081666666667	5493
2.36415000000000	7118
2.36748333333333	6355
2.37081666666667	9220
2.37415000000000	8636
2.37750000000000	8049
2.38083333333333	7648
2.38416666666667	9468
2.38750000000000	8908
2.39083333333333	8892
2.39418333333333	9988
2.39751666666667	11084
2.40085000000000	5397
2.40418333333333	18396
2.40751666666667	14952
2.41086666666667	11116
2.41420000000000	15508
2.41753333333333	11652
2.42086666666667	13484
2.42420000000000	14924
2.42755000000000	18304
2.43088333333333	18164
2.43421666666667	18352
2.43755000000000	18116
2.44088333333333	17876
2.44423333333333	20296
2.44756666666667	22720
2.45090000000000	25520
2.45423333333333	15108
2.45756666666667	9764
2.46091666666667	20296
2.46425000000000	18736
2.46758333333333	17176
2.47091666666667	18484
2.47425000000000	19796
2.47760000000000	13348
2.48093333333333	16380
2.48426666666667	20556
2.48760000000000	18404
2.49093333333333	17624
2.49426666666667	24248
2.49761666666667	24812
2.50095000000000	25376
2.50428333333333	13792
2.50761666666667	42736
2.51095000000000	43712
2.51430000000000	33920
2.51763333333333	35312
2.52096666666667	35760
2.52430000000000	22564
2.52763333333333	37504
2.53098333333333	37968
2.53431666666667	34896
2.53765000000000	38656
2.54098333333333	34832
2.54431666666667	30280
2.54766666666667	33792
2.55100000000000	21532
2.55433333333333	27920
2.55766666666667	23832
2.56100000000000	20600
2.56435000000000	25984
2.56768333333333	24908
2.57101666666667	22532
2.57435000000000	31040
2.57768333333333	30732
2.58103333333333	18432
2.58436666666667	25804
2.58770000000000	21748
2.59103333333333	17692
2.59436666666667	28976
2.59771666666667	23956
2.60105000000000	28000
2.60438333333333	27008
2.60771666666667	28804
2.61105000000000	30604
2.61440000000000	37328
2.61773333333333	39664
2.62106666666667	27096
2.62440000000000	37520
2.62773333333333	31508
2.63108333333333	34608
2.63441666666667	28200
2.63775000000000	35056
2.64108333333333	38736
2.64441666666667	39664
2.64776666666667	40480
2.65110000000000	39248
2.65443333333333	30988
2.65776666666667	27652
2.66110000000000	38320
2.66445000000000	39936
2.66778333333333	22320
2.67111666666667	38048
2.67445000000000	37744
2.67778333333333	33632
2.68113333333333	32568
2.68446666666667	34928
2.68780000000000	37280
2.69113333333333	19128
2.69446666666667	42704
2.69781666666667	30900
2.70115000000000	17620
2.70448333333333	33216
2.70781666666667	15460
2.71115000000000	26472
2.71450000000000	35376
2.71783333333333	32744
2.72116666666667	30104
2.72450000000000	35088
2.72783333333333	34336
2.73116666666667	30332
2.73450000000000	35488
2.73783333333333	32928
2.74116666666667	30376
2.74450000000000	23568
2.74785000000000	30936
2.75118333333333	16108
2.75451666666667	20752
2.75785000000000	25396
2.76118333333333	30392
2.76453333333333	31008
2.76786666666667	26948
2.77120000000000	33344
2.77453333333333	30264
2.77786666666667	27188
2.78121666666667	32784
2.78455000000000	22180
2.78788333333333	34000
2.79121666666667	28712
2.79455000000000	22880
2.79790000000000	31592
2.80123333333333	29004
2.80456666666667	26420
2.80790000000000	24672
2.81123333333333	22928
2.81458333333333	30364
2.81791666666667	28548
2.82125000000000	26736
2.82458333333333	31008
2.82791666666667	28400
2.83125000000000	25788
2.83460000000000	33312
2.83793333333333	19952
2.84126666666667	28460
2.84460000000000	27600
2.84793333333333	26744
2.85128333333333	27608
2.85461666666667	28472
2.85795000000000	32076
2.86128333333333	35680
2.86461666666667	42880
2.86796666666667	40576
2.87130000000000	22596
2.87463333333333	28232
2.87796666666667	34896
2.88130000000000	34352
2.88465000000000	29732
2.88798333333333	25116
2.89131666666667	31436
2.89465000000000	32100
2.89798333333333	32760
2.90133333333333	21216
2.90466666666667	35008
2.90800000000000	20380
2.91133333333333	27996
2.91466666666667	28376
2.91801666666667	31448
2.92135000000000	29060
2.92468333333333	26672
2.92801666666667	27396
2.93135000000000	22708
2.93470000000000	23780
2.93803333333333	24852
2.94136666666667	37200
2.94470000000000	38784
2.94803333333333	30460
2.95138333333333	22132
2.95471666666667	33568
2.95805000000000	35120
2.96138333333333	39472
2.96471666666667	43760
2.96806666666667	25172
2.97140000000000	43472
2.97473333333333	38208
2.97806666666667	21676
2.98140000000000	21604
2.98475000000000	32944
2.98808333333333	36480
2.99141666666667	20904
2.99475000000000	20648
2.99808333333333	20392
3.00143333333333	23356
3.00476666666667	27660
3.00810000000000	30656
3.01143333333333	33648
3.01476666666667	24000
3.01811666666667	23840
3.02145000000000	37760
3.02478333333333	14740
3.02811666666667	32832
3.03145000000000	42624
3.03480000000000	39856
3.03813333333333	32380
3.04146666666667	37312
3.04480000000000	31024
3.04813333333333	24740
3.05148333333333	22560
3.05481666666667	37024
3.05815000000000	38624
3.06148333333333	27408
3.06481666666667	29544
3.06816666666667	30532
3.07150000000000	30320
3.07483333333333	31852
3.07816666666667	33392
3.08150000000000	38528
3.08485000000000	39152
3.08818333333333	39520
3.09151666666667	39904
3.09485000000000	36256
3.09818333333333	39712
3.10153333333333	29588
3.10486666666667	26756
3.10820000000000	27092
3.11153333333333	27432
3.11486666666667	23748
3.11821666666667	20064
3.12155000000000	22648
3.12488333333333	25232
3.12821666666667	28904
3.13155000000000	23504
3.13490000000000	18108
3.13823333333333	25536
3.14156666666667	49344
3.14490000000000	43024
3.14823333333333	26636
3.15158333333333	22896
3.15491666666667	49456
3.15825000000000	32784
3.16158333333333	48464
3.16491666666667	44560
3.16825000000000	51840
3.17160000000000	33360
3.17493333333333	38624
3.17826666666667	41184
3.18160000000000	22684
3.18493333333333	47392
3.18828333333333	36832
3.19161666666667	19592
3.19495000000000	33536
3.19828333333333	39008
3.20161666666667	19128
3.20496666666667	43584
3.20830000000000	27624
3.21163333333333	41456
3.21496666666667	37008
3.21830000000000	18844
3.22165000000000	44768
3.22498333333333	33168
3.22831666666667	43744
3.23165000000000	34176
3.23498333333333	29836
3.23833333333333	32044
3.24166666666667	34288
3.24500000000000	28452
3.24833333333333	27888
3.25166666666667	27296
3.25501666666667	26704
3.25835000000000	31508
3.26168333333333	36320
3.26501666666667	38160
3.26835000000000	40016
3.27170000000000	30884
3.27503333333333	26476
3.27836666666667	27976
3.28170000000000	26364
3.28503333333333	29408
3.28838333333333	35840
3.29171666666667	39680
3.29505000000000	37472
3.29838333333333	35264
3.30171666666667	35472
3.30506666666667	29816
3.30840000000000	32728
3.31173333333333	35632
3.31506666666667	33168
3.31840000000000	34864
3.32175000000000	32296
3.32508333333333	29728
3.32841666666667	25248
3.33175000000000	26316
3.33508333333333	27384
3.33843333333333	28972
3.34176666666667	21144
3.34510000000000	32880
3.34843333333333	29828
3.35176666666667	24372
3.35511666666667	18920
3.35845000000000	42288
3.36178333333333	43280
3.36511666666667	25508
3.36845000000000	46688
3.37180000000000	20220
3.37513333333333	26108
3.37846666666667	45056
3.38180000000000	37568
3.38513333333333	32080
3.38848333333333	39072
3.39181666666667	39328
3.39515000000000	27828
3.39848333333333	33648
3.40181666666667	27644
3.40516666666667	25560
3.40850000000000	23480
3.41183333333333	28332
3.41516666666667	27232
3.41850000000000	26136
3.42185000000000	19988
3.42518333333333	30944
3.42851666666667	26664
3.43185000000000	31332
3.43518333333333	37968
3.43853333333333	33296
3.44186666666667	28624
3.44520000000000	36704
3.44853333333333	35712
3.45186666666667	20928
3.45521666666667	36272
3.45855000000000	36064
3.46188333333333	35856
3.46521666666667	32048
3.46855000000000	34752
3.47190000000000	38304
3.47523333333333	26680
3.47856666666667	28424
3.48190000000000	39808
3.48523333333333	42016
3.48858333333333	34368
3.49191666666667	35840
3.49525000000000	35728
3.49858333333333	34784
3.50191666666667	18004
3.50525000000000	35824
3.50860000000000	45376
3.51193333333333	32100
3.51526666666667	44320
3.51860000000000	30000
3.52193333333333	26956
3.52528333333333	34160
3.52861666666667	31184
3.53195000000000	28212
3.53528333333333	40992
3.53861666666667	34880
3.54196666666667	28752
3.54530000000000	30408
3.54863333333333	30188
3.55196666666667	29968
3.55530000000000	35152
3.55865000000000	33920
3.56198333333333	32676
3.56531666666667	20940
3.56865000000000	27368
3.57198333333333	24556
3.57533333333333	31148
3.57866666666667	35344
3.58200000000000	40640
3.58533333333333	42352
3.58866666666667	37024
3.59200000000000	31740
3.59533333333333	20676
3.59866666666667	35568
3.60200000000000	36528
3.60533333333333	37472
3.60868333333333	34064
3.61201666666667	30644
3.61535000000000	20336
3.61868333333333	41424
3.62201666666667	43632
3.62536666666667	50880
3.62870000000000	27572
3.63203333333333	30156
3.63536666666667	15204
3.63870000000000	40464
3.64205000000000	39472
3.64538333333333	42288
3.64871666666667	13000
3.65205000000000	11364
3.65538333333333	35120
3.65873333333333	28388
3.66206666666667	32160
3.66540000000000	35344
3.66873333333333	36912
3.67206666666667	39680
3.67541666666667	36448
3.67875000000000	43184
3.68208333333333	47360
3.68541666666667	25432
3.68875000000000	40208
3.69210000000000	26072
3.69543333333333	31896
3.69876666666667	33264
3.70210000000000	34624
3.70543333333333	34432
3.70878333333333	27308
3.71211666666667	21244
3.71545000000000	25308
3.71878333333333	29368
3.72211666666667	23648
3.72545000000000	25844
3.72878333333333	25344
3.73211666666667	16488
3.73545000000000	24992
3.73878333333333	39072
3.74213333333333	36960
3.74546666666667	43888
3.74880000000000	41504
3.75213333333333	24420
3.75546666666667	45440
3.75881666666667	37280
3.76215000000000	25556
3.76548333333333	25284
3.76881666666667	25012
3.77215000000000	27652
3.77550000000000	30292
3.77883333333333	18524
3.78216666666667	26688
3.78550000000000	28816
3.78883333333333	20368
3.79218333333333	37312
3.79551666666667	38288
3.79885000000000	44560
3.80218333333333	32752
3.80551666666667	31212
3.80886666666667	15628
3.81220000000000	48880
3.81553333333333	50560
3.81886666666667	38160
3.82220000000000	47920
3.82555000000000	46768
3.82888333333333	43888
3.83221666666667	37376
3.83555000000000	33200
3.83888333333333	29904
3.84221666666667	31344
3.84556666666667	40592
3.84890000000000	41312
3.85223333333333	38736
3.85556666666667	24516
3.85890000000000	24512
3.86225000000000	43584
3.86558333333333	24288
3.86891666666667	45744
3.87225000000000	40480
3.87558333333333	18756
3.87893333333333	30432
3.88226666666667	33968
3.88560000000000	37968
3.88893333333333	19336
3.89226666666667	36720
3.89561666666667	14956
3.89895000000000	33056
3.90228333333333	35344
3.90561666666667	30580
3.90895000000000	31528
3.91230000000000	26584
3.91563333333333	29036
3.91896666666667	31484
3.92230000000000	43408
3.92563333333333	36384
3.92898333333333	29368
3.93231666666667	47424
3.93565000000000	36176
3.93898333333333	23092
3.94231666666667	34752
3.94566666666667	39664
3.94900000000000	49504
3.95233333333333	41248
3.95566666666667	19016
3.95900000000000	37696
3.96235000000000	33296
3.96568333333333	34608
3.96901666666667	27768
3.97235000000000	29844
3.97568333333333	20340
3.97903333333333	28448
3.98236666666667	28476
3.98570000000000	34640
3.98903333333333	35840
3.99236666666667	30284
3.99571666666667	29192
3.99905000000000	31076
4.00238333333333	32960
4.00571666666667	25908
4.00905000000000	35344
4.01240000000000	40288
4.01573333333333	21124
4.01906666666667	39504
4.02240000000000	39456
4.02573333333333	27128
4.02908333333333	24872
4.03241666666667	43008
4.03575000000000	35136
4.03908333333333	49200
4.04241666666667	35856
4.04576666666667	20524
4.04910000000000	48160
4.05243333333333	38640
4.05576666666667	43440
4.05910000000000	34736
4.06245000000000	24932
4.06578333333333	23316
4.06911666666667	29332
4.07245000000000	29284
4.07578333333333	29236
4.07913333333333	28712
4.08246666666667	28184
4.08580000000000	38912
4.08913333333333	32452
4.09246666666667	25988
4.09581666666667	33712
4.09915000000000	37696
4.10248333333333	46848
4.10581666666667	15484
4.10915000000000	25312
4.11250000000000	37680
4.11583333333333	39728
4.11916666666667	31176
4.12250000000000	28304
4.12583333333333	25536
4.12918333333333	38912
4.13251666666667	41088
4.13585000000000	29480
4.13918333333333	31884
4.14251666666667	30040
4.14586666666667	40608
4.14920000000000	39952
4.15253333333333	39312
4.15586666666667	41568
4.15920000000000	35184
4.16255000000000	26812
4.16588333333333	41024
4.16921666666667	31532
4.17255000000000	45616
4.17588333333333	24608
4.17921666666667	31136
4.18256666666667	20108
4.18590000000000	26984
4.18923333333333	27592
4.19256666666667	28200
4.19590000000000	32392
4.19925000000000	30820
4.20258333333333	29244
4.20591666666667	36176
4.20925000000000	32284
4.21258333333333	28400
4.21593333333333	34368
4.21926666666667	23172
4.22260000000000	38544
4.22593333333333	42688
4.22926666666667	46560
4.23261666666667	36640
4.23595000000000	40288
4.23928333333333	52816
4.24261666666667	50320
4.24595000000000	43840
4.24930000000000	25548
4.25263333333333	39472
4.25596666666667	19820
4.25930000000000	43104
4.26263333333333	29096
4.26598333333333	21888
4.26931666666667	49040
4.27265000000000	37856
4.27598333333333	20624
4.27931666666667	41840
4.28266666666667	34080
4.28600000000000	29216
4.28933333333333	45376
4.29266666666667	17464
4.29600000000000	21136
4.29935000000000	34704
4.30268333333333	38112
4.30601666666667	41632
4.30935000000000	33152
4.31268333333333	45584
4.31603333333333	41072
4.31936666666667	22452
4.32270000000000	43136
4.32603333333333	20296
4.32936666666667	40544
4.33271666666667	42272
4.33605000000000	26484
4.33938333333333	29064
4.34271666666667	45840
4.34605000000000	41264
4.34940000000000	11728
4.35273333333333	40192
4.35606666666667	38288
4.35940000000000	35024
4.36273333333333	34032
4.36608333333333	36496
4.36941666666667	38320
4.37275000000000	37440
4.37608333333333	38608
4.37941666666667	35472
4.38276666666667	26932
4.38610000000000	22508
4.38943333333333	38880
4.39276666666667	32848
4.39610000000000	38368
4.39945000000000	21380
4.40278333333333	33200
4.40611666666667	39904
4.40945000000000	24744
4.41278333333333	30612
4.41613333333333	38384
4.41946666666667	36736
4.42280000000000	26664
4.42613333333333	14572
4.42946666666667	47424
4.43281666666667	38864
4.43615000000000	37552
4.43948333333333	34128
4.44281666666667	21352
4.44615000000000	39120
4.44950000000000	32496
4.45283333333333	38256
4.45616666666667	35008
4.45950000000000	41344
4.46283333333333	47504
4.46618333333333	14088
4.46951666666667	37680
4.47285000000000	50672
4.47618333333333	22136
4.47951666666667	28368
4.48286666666667	38784
4.48620000000000	22636
4.48953333333333	34592
4.49286666666667	39120
4.49620000000000	43648
