1.50331666666667	796
1.50665000000000	0
1.50998333333333	493
1.51331666666667	1283
1.51665000000000	763
1.52000000000000	0
1.52333333333333	0
1.52666666666667	415
1.53000000000000	198
1.53331666666667	379
1.53666666666667	189
1.54000000000000	0
1.54333333333333	152
1.54666666666667	305
1.55000000000000	452
1.55335000000000	851
1.55668333333333	988
1.56001666666667	235
1.56335000000000	612
1.56668333333333	253
1.57003333333333	801
1.57336666666667	0
1.57670000000000	0
1.58003333333333	874
1.58336666666667	764
1.58671666666667	653
1.59005000000000	544
1.59338333333333	311
1.59671666666667	285
1.60005000000000	1102
1.60340000000000	703
1.60673333333333	305
1.61006666666667	858
1.61340000000000	719
1.61673333333333	642
1.62005000000000	708
1.62340000000000	775
1.62673333333333	15
1.63006666666667	172
1.63340000000000	177
1.63673333333333	182
1.64008333333333	269
1.64341666666667	0
1.64675000000000	0
1.65008333333333	341
1.65341666666667	426
1.65676666666667	510
1.66010000000000	0
1.66343333333333	0
1.66676666666667	0
1.67010000000000	0
1.67345000000000	0
1.67678333333333	0
1.68011666666667	0
1.68345000000000	108
1.68678333333333	215
1.69013333333333	108
1.69346666666667	0
1.69680000000000	0
1.70013333333333	0
1.70345000000000	0
1.70680000000000	162
1.71013333333333	323
1.71346666666667	378
1.71680000000000	351
1.72013333333333	275
1.72348333333333	199
1.72681666666667	347
1.73015000000000	495
1.73348333333333	0
1.73681666666667	149
1.74016666666667	298
1.74350000000000	907
1.74683333333333	918
1.75016666666667	763
1.75350000000000	483
1.75683333333333	294
1.76018333333333	0
1.76351666666667	0
1.76685000000000	467
1.77016666666667	233
1.77350000000000	0
1.77685000000000	0
1.78018333333333	94
1.78351666666667	47
1.78685000000000	0
1.79018333333333	0
1.79353333333333	0
1.79686666666667	0
1.80020000000000	0
1.80353333333333	0
1.80686666666667	0
1.81021666666667	456
1.81355000000000	815
1.81688333333333	578
1.82021666666667	496
1.82355000000000	684
1.82690000000000	0
1.83023333333333	310
1.83356666666667	0
1.83690000000000	276
1.84021666666667	138
1.84356666666667	0
1.84690000000000	579
1.85023333333333	479
1.85356666666667	379
1.85690000000000	52
1.86025000000000	0
1.86358333333333	0
1.86691666666667	662
1.87025000000000	868
1.87358333333333	354
1.87693333333333	383
1.88026666666667	0
1.88360000000000	0
1.88693333333333	0
1.89026666666667	223
1.89360000000000	215
1.89695000000000	207
1.90028333333333	503
1.90361666666667	252
1.90695000000000	0
1.91026666666667	232
1.91363333333333	0
1.91696666666667	115
1.92030000000000	230
1.92363333333333	115
1.92696666666667	0
1.93031666666667	40
1.93365000000000	79
1.93698333333333	0
1.94031666666667	90
1.94365000000000	180
1.94700000000000	546
1.95033333333333	460
1.95366666666667	375
1.95698333333333	864
1.96031666666667	0
1.96366666666667	597
1.96700000000000	294
1.97033333333333	792
1.97366666666667	0
1.97700000000000	675
1.98035000000000	80
1.98368333333333	964
1.98701666666667	472
1.99035000000000	17
1.99368333333333	669
1.99703333333333	0
2.00036666666667	41
2.00370000000000	0
2.00703333333333	0
2.01036666666667	0
2.01371666666667	0
2.01705000000000	0
2.02038333333333	0
2.02371666666667	0
2.02705000000000	0
2.03036666666667	347
2.03371666666667	606
2.03705000000000	354
2.04038333333333	0
2.04371666666667	613
2.04705000000000	540
2.05040000000000	551
2.05373333333333	502
2.05706666666667	454
2.06040000000000	727
2.06373333333333	501
2.06708333333333	276
2.07041666666667	138
2.07375000000000	0
2.07708333333333	141
2.08041666666667	190
2.08376666666667	240
2.08710000000000	239
2.09043333333333	0
2.09376666666667	598
2.09710000000000	571
2.10043333333333	201
2.10376666666667	769
2.10710000000000	376
2.11043333333333	474
2.11376666666667	209
2.11711666666667	0
2.12045000000000	0
2.12378333333333	330
2.12711666666667	988
2.13045000000000	941
2.13380000000000	0
2.13713333333333	0
2.14046666666667	291
2.14380000000000	282
2.14713333333333	274
2.15048333333333	0
2.15381666666667	395
2.15715000000000	356
2.16048333333333	316
2.16381666666667	0
2.16715000000000	0
2.17050000000000	435
2.17383333333333	353
2.17716666666667	271
2.18050000000000	404
2.18381666666667	537
2.18716666666667	0
2.19050000000000	13
2.19383333333333	639
2.19716666666667	0
2.20050000000000	652
2.20385000000000	0
2.20718333333333	12
2.21051666666667	0
2.21385000000000	0
2.21718333333333	0
2.22053333333333	436
2.22386666666667	327
2.22720000000000	198
2.23053333333333	0
2.23386666666667	31
2.23721666666667	63
2.24055000000000	394
2.24388333333333	197
2.24721666666667	0
2.25053333333333	0
2.25388333333333	0
2.25721666666667	0
2.26055000000000	1735
2.26388333333333	1549
2.26721666666667	1363
2.27056666666667	1350
2.27390000000000	1498
2.27723333333333	1646
2.28056666666667	2459
2.28390000000000	3272
2.28725000000000	3962
2.29058333333333	2733
2.29391666666667	2977
2.29725000000000	3509
2.30058333333333	3065
2.30391666666667	2802
2.30726666666667	6662
2.31060000000000	8368
2.31393333333333	8824
2.31726666666667	8067
2.32060000000000	8656
2.32395000000000	12064
2.32728333333333	11444
2.33061666666667	8888
2.33395000000000	13824
2.33728333333333	12128
2.34063333333333	8780
2.34396666666667	13356
2.34730000000000	14680
2.35063333333333	15300
2.35396666666667	12396
2.35731666666667	15840
2.36065000000000	19280
2.36398333333333	19588
2.36731666666667	24504
2.37065000000000	22908
2.37398333333333	21124
2.37731666666667	19344
2.38065000000000	25144
2.38398333333333	30396
2.38731666666667	26656
2.39066666666667	31340
2.39400000000000	30012
2.39733333333333	31832
2.40066666666667	38176
2.40400000000000	40544
2.40735000000000	43520
2.41068333333333	44800
2.41401666666667	47552
2.41735000000000	38080
2.42068333333333	44672
2.42403333333333	47920
2.42736666666667	51168
2.43070000000000	46592
2.43403333333333	53264
2.43736666666667	53664
2.44070000000000	49456
2.44405000000000	51104
2.44738333333333	59792
2.45071666666667	61664
2.45405000000000	57888
2.45738333333333	54128
2.46073333333333	54800
2.46406666666667	67856
2.46740000000000	67456
2.47073333333333	64384
2.47406666666667	71664
2.47741666666667	71264
2.48075000000000	65616
2.48408333333333	66992
2.48741666666667	68384
2.49075000000000	79552
2.49410000000000	76592
2.49743333333333	64832
2.50076666666667	66160
2.50410000000000	77312
2.50743333333333	81776
2.51078333333333	77664
2.51411666666667	64912
2.51745000000000	65664
2.52078333333333	87392
2.52410000000000	89632
2.52745000000000	85440
2.53078333333333	78768
2.53411666666667	94768
2.53745000000000	101936
2.54078333333333	106384
2.54413333333333	92288
2.54746666666667	78528
2.55080000000000	75024
2.55413333333333	93440
2.55746666666667	86960
2.56081666666667	90080
2.56415000000000	102960
2.56748333333333	103344
2.57081666666667	85360
2.57415000000000	99888
2.57748333333333	60832
2.58083333333333	105520
2.58416666666667	102144
2.58750000000000	67824
2.59083333333333	90288
2.59416666666667	104512
2.59751666666667	120384
2.60085000000000	74080
2.60418333333333	114640
2.60751666666667	98736
2.61085000000000	85808
2.61420000000000	112176
2.61753333333333	107984
2.62086666666667	93888
2.62420000000000	108096
2.62753333333333	94752
2.63088333333333	111392
2.63421666666667	109824
2.63755000000000	108272
2.64088333333333	106704
2.64421666666667	105136
2.64756666666667	105136
2.65090000000000	94032
2.65423333333333	114688
2.65756666666667	109280
2.66090000000000	105200
2.66425000000000	103824
2.66758333333333	102448
2.67091666666667	110944
2.67425000000000	111664
2.67756666666667	112368
2.68091666666667	94928
2.68425000000000	122288
2.68758333333333	110128
2.69091666666667	100048
2.69425000000000	123104
2.69760000000000	108336
2.70093333333333	124624
2.70426666666667	101296
2.70760000000000	93520
2.71093333333333	112752
2.71426666666667	104752
2.71761666666667	113312
2.72095000000000	108784
2.72428333333333	120880
2.72761666666667	84128
2.73095000000000	113120
2.73430000000000	119168
2.73763333333333	132160
2.74096666666667	104736
2.74430000000000	122176
2.74763333333333	116384
2.75098333333333	80112
2.75431666666667	120496
2.75765000000000	114032
2.76098333333333	127568
2.76430000000000	108272
2.76765000000000	122880
2.77098333333333	99312
2.77431666666667	116432
2.77765000000000	129488
2.78098333333333	137920
2.78433333333333	128768
2.78766666666667	113584
2.79100000000000	116256
2.79433333333333	116208
2.79766666666667	97264
2.80101666666667	80848
2.80435000000000	132160
2.80768333333333	117472
2.81101666666667	105376
2.81435000000000	102672
2.81770000000000	122496
2.82103333333333	112704
2.82436666666667	114688
2.82770000000000	120128
2.83103333333333	110512
2.83438333333333	75088
2.83771666666667	134912
2.84105000000000	97936
2.84438333333333	115648
2.84771666666667	91296
2.85103333333333	109904
2.85438333333333	118912
2.85771666666667	121360
2.86105000000000	112752
2.86438333333333	118208
2.86771666666667	123664
2.87106666666667	121152
2.87440000000000	106048
2.87773333333333	112400
2.88106666666667	105744
2.88440000000000	125104
2.88775000000000	124000
2.89108333333333	92704
2.89441666666667	99552
2.89775000000000	117568
2.90108333333333	116048
2.90443333333333	100736
2.90776666666667	96192
2.91110000000000	103760
2.91443333333333	121072
2.91776666666667	115936
2.92111666666667	122544
2.92445000000000	114704
2.92778333333333	116352
2.93111666666667	118800
2.93445000000000	121264
2.93780000000000	123424
2.94113333333333	125584
2.94446666666667	123248
2.94778333333333	123200
2.95111666666667	104112
2.95446666666667	94960
2.95780000000000	85168
2.96113333333333	100928
2.96446666666667	116688
2.96780000000000	123488
2.97115000000000	123552
2.97448333333333	129552
2.97781666666667	126832
2.98115000000000	116928
2.98448333333333	100864
2.98781666666667	105360
2.99116666666667	112208
2.99450000000000	118048
2.99783333333333	111392
3.00116666666667	114368
3.00450000000000	117344
3.00785000000000	115376
3.01118333333333	113392
3.01451666666667	117568
3.01785000000000	115360
3.02118333333333	113136
3.02453333333333	105872
3.02786666666667	114656
3.03120000000000	123440
3.03451666666667	91552
3.03785000000000	127488
3.04120000000000	116400
3.04453333333333	138496
3.04786666666667	108816
3.05120000000000	118864
3.05453333333333	89456
3.05788333333333	129632
3.06121666666667	115424
3.06455000000000	115696
3.06788333333333	118544
3.07121666666667	112384
3.07456666666667	114528
3.07790000000000	126672
3.08123333333333	116352
3.08456666666667	106016
3.08790000000000	116176
3.09125000000000	112560
3.09458333333333	108928
3.09791666666667	78336
3.10125000000000	102064
3.10458333333333	119264
3.10793333333333	117312
3.11126666666667	137600
3.11460000000000	137664
3.11793333333333	125024
3.12126666666667	114880
3.12458333333333	124208
3.12793333333333	113264
3.13126666666667	106720
3.13460000000000	118064
3.13793333333333	99584
3.14126666666667	86656
3.14461666666667	98704
3.14795000000000	100432
3.15128333333333	102176
3.15461666666667	99840
3.15795000000000	97488
3.16130000000000	115104
3.16463333333333	120608
3.16796666666667	126112
3.17130000000000	106368
3.17463333333333	114752
3.17798333333333	127968
3.18131666666667	107232
3.18465000000000	124384
3.18798333333333	79616
3.19131666666667	118576
3.19466666666667	81136
3.19800000000000	107408
3.20133333333333	92224
3.20466666666667	95152
3.20798333333333	130176
3.21133333333333	123040
3.21466666666667	127536
3.21800000000000	122288
3.22133333333333	108144
3.22466666666667	110608
3.22801666666667	91456
3.23135000000000	117488
3.23468333333333	124480
3.23801666666667	104400
3.24135000000000	112416
3.24470000000000	120432
3.24803333333333	110208
3.25136666666667	94432
3.25470000000000	123152
3.25803333333333	107792
3.26136666666667	135552
3.26471666666667	136640
3.26805000000000	118080
3.27138333333333	92240
3.27471666666667	89216
3.27805000000000	93584
3.28140000000000	97968
3.28473333333333	110448
3.28806666666667	136640
3.29140000000000	138304
3.29473333333333	131712
3.29808333333333	114848
3.30141666666667	90560
3.30475000000000	102560
3.30808333333333	101648
3.31140000000000	100720
3.31475000000000	122400
3.31808333333333	118784
3.32141666666667	115168
3.32475000000000	107152
3.32808333333333	129632
3.33143333333333	130752
3.33476666666667	108496
3.33810000000000	124848
3.34143333333333	137152
3.34476666666667	101728
3.34811666666667	125216
3.35145000000000	111616
3.35478333333333	94112
3.35811666666667	100160
3.36145000000000	106224
3.36480000000000	132864
3.36813333333333	134080
3.37146666666667	129776
3.37480000000000	106240
3.37813333333333	129616
3.38146666666667	111024
3.38480000000000	120160
3.38813333333333	125200
3.39146666666667	125520
3.39480000000000	116448
3.39813333333333	79488
3.40148333333333	84976
3.40481666666667	136640
3.40815000000000	139072
3.41148333333333	137600
3.41481666666667	102416
3.41816666666667	118368
3.42150000000000	102784
3.42483333333333	143616
3.42816666666667	133056
3.43150000000000	87520
3.43485000000000	119984
3.43818333333333	109856
3.44151666666667	123824
3.44485000000000	136512
3.44818333333333	133888
3.45153333333333	116032
3.45486666666667	75264
3.45820000000000	122784
3.46153333333333	97824
3.46486666666667	125408
3.46821666666667	91216
3.47155000000000	107120
3.47488333333333	129968
3.47821666666667	120176
3.48155000000000	126864
3.48490000000000	114592
3.48823333333333	103584
3.49156666666667	141696
3.49490000000000	129808
3.49821666666667	114160
3.50156666666667	124976
3.50490000000000	118096
3.50823333333333	103520
3.51156666666667	121536
3.51490000000000	124256
3.51825000000000	120304
3.52158333333333	119072
3.52491666666667	117824
3.52825000000000	138304
3.53158333333333	88864
3.53491666666667	113552
3.53826666666667	134784
3.54160000000000	126080
3.54493333333333	125056
3.54826666666667	116288
3.55160000000000	119392
3.55495000000000	114944
3.55828333333333	114144
3.56161666666667	113328
3.56495000000000	111392
3.56828333333333	113200
3.57163333333333	124992
3.57496666666667	122352
3.57830000000000	119712
3.58163333333333	119888
3.58496666666667	120080
3.58831666666667	118384
3.59165000000000	96128
3.59498333333333	106384
3.59831666666667	115952
3.60165000000000	125520
3.60500000000000	113648
3.60833333333333	123664
3.61166666666667	105808
3.61500000000000	136128
3.61833333333333	135360
3.62168333333333	130224
3.62501666666667	128912
3.62835000000000	133568
3.63168333333333	131200
3.63501666666667	132288
3.63836666666667	122064
3.64170000000000	115504
3.64503333333333	116336
3.64836666666667	102144
3.65170000000000	114432
3.65505000000000	114160
3.65838333333333	120992
3.66171666666667	114032
3.66505000000000	118928
3.66838333333333	125808
3.67171666666667	132672
3.67506666666667	60432
3.67840000000000	109728
3.68173333333333	114080
3.68505000000000	137024
3.68838333333333	102896
3.69173333333333	90816
3.69506666666667	118720
3.69840000000000	130528
3.70173333333333	119152
3.70506666666667	130800
3.70841666666667	137344
3.71175000000000	112880
3.71508333333333	129072
3.71841666666667	135936
3.72175000000000	118048
3.72510000000000	88880
3.72843333333333	120352
3.73176666666667	127952
3.73510000000000	125904
3.73843333333333	117024
3.74178333333333	100384
3.74511666666667	104768
3.74845000000000	118352
3.75178333333333	102192
3.75511666666667	110416
3.75846666666667	118640
3.76180000000000	110512
3.76513333333333	121392
3.76846666666667	92528
3.77180000000000	131904
3.77515000000000	140224
3.77848333333333	134656
3.78181666666667	138944
3.78515000000000	122640
3.78846666666667	103296
3.79181666666667	128352
3.79515000000000	81040
3.79848333333333	122496
3.80181666666667	123312
3.80515000000000	125360
3.80848333333333	131200
3.81183333333333	109472
3.81516666666667	97488
3.81850000000000	99856
3.82183333333333	107872
3.82516666666667	109456
3.82851666666667	96912
3.83185000000000	84384
3.83518333333333	96352
3.83851666666667	112928
3.84185000000000	134912
3.84520000000000	132160
3.84853333333333	112416
3.85186666666667	117952
3.85520000000000	138880
3.85853333333333	110880
3.86188333333333	113296
3.86521666666667	113168
3.86855000000000	94832
3.87188333333333	111184
3.87521666666667	100976
3.87856666666667	111360
3.88190000000000	124800
3.88523333333333	132800
3.88856666666667	124688
3.89190000000000	132544
3.89525000000000	125168
3.89858333333333	124528
3.90191666666667	93904
3.90525000000000	118832
3.90858333333333	90416
3.91193333333333	117248
3.91526666666667	116048
3.91860000000000	107216
3.92193333333333	125376
3.92526666666667	124560
3.92861666666667	118432
3.93195000000000	128688
3.93528333333333	127952
3.93861666666667	131392
3.94195000000000	134912
3.94528333333333	107456
3.94863333333333	135424
3.95196666666667	121056
3.95528333333333	129808
3.95861666666667	103552
3.96195000000000	130784
3.96530000000000	98448
3.96863333333333	127392
3.97196666666667	126576
3.97530000000000	88192
3.97863333333333	74320
3.98198333333333	107472
3.98531666666667	128768
3.98865000000000	132096
3.99198333333333	115152
3.99531666666667	116816
3.99866666666667	117216
4.00200000000000	133952
4.00533333333333	84272
4.00866666666667	102128
4.01200000000000	92032
4.01535000000000	101024
4.01868333333333	102640
4.02201666666667	108496
4.02535000000000	114336
4.02868333333333	111600
4.03203333333333	108848
4.03536666666667	108496
4.03870000000000	120848
4.04203333333333	119824
4.04536666666667	110656
4.04871666666667	101472
4.05205000000000	123104
4.05538333333333	129328
4.05871666666667	125184
4.06205000000000	108864
4.06540000000000	119776
4.06873333333333	110448
4.07206666666667	114688
4.07540000000000	102944
4.07873333333333	120080
4.08206666666667	96048
4.08541666666667	100336
4.08875000000000	117632
4.09208333333333	119248
4.09541666666667	126288
4.09873333333333	121936
4.10208333333333	123952
4.10541666666667	81200
4.10875000000000	87696
4.11208333333333	117392
4.11541666666667	117344
4.11876666666667	116416
4.12210000000000	122544
4.12543333333333	100384
4.12876666666667	105984
4.13210000000000	87472
4.13545000000000	83200
4.13878333333333	127040
4.14211666666667	125712
4.14545000000000	121792
4.14878333333333	116800
4.15213333333333	119024
4.15546666666667	112624
4.15880000000000	79072
4.16213333333333	129168
4.16546666666667	136448
4.16881666666667	117488
4.17215000000000	115680
4.17548333333333	123344
4.17881666666667	117264
4.18213333333333	109568
4.18548333333333	126272
4.18881666666667	96480
4.19215000000000	124176
4.19548333333333	96480
4.19881666666667	136512
4.20216666666667	134336
4.20550000000000	135168
4.20883333333333	120000
4.21216666666667	118800
4.21550000000000	117264
4.21883333333333	113520
4.22218333333333	118016
4.22551666666667	122496
4.22885000000000	94432
4.23218333333333	125824
4.23551666666667	126256
4.23886666666667	102112
4.24220000000000	123568
4.24553333333333	115776
4.24886666666667	125824
4.25218333333333	116896
4.25553333333333	111536
4.25886666666667	107936
4.26220000000000	89296
4.26553333333333	87600
4.26886666666667	101440
4.27221666666667	120144
4.27555000000000	120848
4.27888333333333	123488
4.28221666666667	117008
4.28555000000000	121600
4.28890000000000	116176
4.29223333333333	121536
4.29556666666667	96704
4.29890000000000	96288
4.30223333333333	124160
4.30558333333333	113120
4.30891666666667	122800
4.31225000000000	128992
4.31558333333333	89600
4.31891666666667	140352
4.32226666666667	134464
4.32560000000000	96384
4.32893333333333	122288
4.33226666666667	125808
4.33560000000000	127120
4.33895000000000	101200
4.34228333333333	128192
4.34561666666667	125888
4.34895000000000	123584
4.35228333333333	97968
4.35561666666667	90048
4.35896666666667	115856
4.36230000000000	119456
4.36563333333333	133056
4.36896666666667	114848
4.37230000000000	83600
4.37565000000000	115648
4.37898333333333	136640
4.38231666666667	134144
4.38565000000000	126592
4.38898333333333	124624
4.39233333333333	127872
4.39566666666667	125344
4.39900000000000	123568
4.40233333333333	121776
4.40566666666667	123712
4.40901666666667	121232
4.41235000000000	124848
4.41568333333333	128480
4.41901666666667	106880
4.42233333333333	125600
4.42568333333333	126656
4.42901666666667	125824
4.43235000000000	110240
4.43568333333333	87504
4.43901666666667	126848
4.44236666666667	102048
4.44570000000000	128688
4.44903333333333	113840
4.45236666666667	74656
4.45570000000000	101120
4.45905000000000	109312
4.46238333333333	97232
4.46571666666667	85632
4.46905000000000	118832
4.47238333333333	129328
4.47573333333333	127392
4.47906666666667	84592
4.48240000000000	100448
4.48573333333333	134016
4.48906666666667	77936
4.49240000000000	129168
4.49575000000000	118240
