1.50330000000000	563
1.50663333333333	13
1.50996666666667	455
1.51330000000000	500
1.51663333333333	13
1.51998333333333	0
1.52331666666667	468
1.52665000000000	162
1.52998333333333	213
1.53331666666667	515
1.53666666666667	0
1.54000000000000	400
1.54333333333333	0
1.54666666666667	0
1.55000000000000	258
1.55335000000000	0
1.55668333333333	0
1.56001666666667	0
1.56335000000000	0
1.56668333333333	0
1.57003333333333	0
1.57336666666667	0
1.57670000000000	334
1.58003333333333	410
1.58335000000000	486
1.58670000000000	258
1.59003333333333	294
1.59336666666667	0
1.59670000000000	286
1.60003333333333	374
1.60338333333333	302
1.60671666666667	0
1.61005000000000	0
1.61338333333333	369
1.61671666666667	0
1.62005000000000	370
1.62340000000000	0
1.62673333333333	0
1.63006666666667	462
1.63340000000000	0
1.63673333333333	210
1.64008333333333	0
1.64341666666667	0
1.64675000000000	0
1.65006666666667	0
1.65340000000000	0
1.65675000000000	0
1.66008333333333	0
1.66341666666667	0
1.66675000000000	178
1.67008333333333	188
1.67343333333333	0
1.67676666666667	628
1.68010000000000	643
1.68343333333333	658
1.68676666666667	542
1.69011666666667	349
1.69345000000000	0
1.69678333333333	303
1.70011666666667	277
1.70345000000000	296
1.70680000000000	251
1.71013333333333	206
1.71346666666667	0
1.71680000000000	268
1.72013333333333	38
1.72346666666667	44
1.72680000000000	50
1.73013333333333	110
1.73346666666667	125
1.73680000000000	0
1.74015000000000	0
1.74348333333333	113
1.74681666666667	0
1.75015000000000	0
1.75348333333333	470
1.75681666666667	512
1.76016666666667	0
1.76350000000000	0
1.76683333333333	0
1.77016666666667	0
1.77350000000000	0
1.77685000000000	0
1.78018333333333	0
1.78351666666667	0
1.78685000000000	0
1.79018333333333	0
1.79353333333333	0
1.79686666666667	0
1.80020000000000	0
1.80353333333333	0
1.80685000000000	0
1.81020000000000	0
1.81353333333333	119
1.81686666666667	128
1.82020000000000	0
1.82353333333333	47
1.82688333333333	95
1.83021666666667	0
1.83355000000000	0
1.83688333333333	13
1.84021666666667	0
1.84356666666667	0
1.84690000000000	76
1.85023333333333	38
1.85356666666667	0
1.85690000000000	0
1.86025000000000	0
1.86358333333333	0
1.86691666666667	0
1.87025000000000	0
1.87358333333333	135
1.87693333333333	68
1.88026666666667	0
1.88360000000000	0
1.88693333333333	0
1.89026666666667	0
1.89358333333333	0
1.89693333333333	0
1.90026666666667	0
1.90360000000000	0
1.90693333333333	469
1.91026666666667	475
1.91363333333333	0
1.91696666666667	0
1.92030000000000	0
1.92363333333333	0
1.92695000000000	0
1.93030000000000	0
1.93363333333333	0
1.93696666666667	0
1.94030000000000	0
1.94363333333333	0
1.94698333333333	13
1.95031666666667	7
1.95365000000000	0
1.95698333333333	0
1.96031666666667	0
1.96366666666667	0
1.96700000000000	532
1.97033333333333	541
1.97366666666667	368
1.97700000000000	0
1.98035000000000	0
1.98368333333333	0
1.98701666666667	0
1.99035000000000	0
1.99368333333333	0
1.99701666666667	0
2.00035000000000	0
2.00368333333333	0
2.00701666666667	0
2.01035000000000	0
2.01370000000000	0
2.01703333333333	0
2.02036666666667	0
2.02370000000000	0
2.02703333333333	0
2.03036666666667	247
2.03371666666667	124
2.03705000000000	0
2.04038333333333	0
2.04371666666667	0
2.04705000000000	0
2.05040000000000	0
2.05373333333333	0
2.05706666666667	0
2.06040000000000	0
2.06373333333333	0
2.06708333333333	0
2.07041666666667	0
2.07375000000000	0
2.07708333333333	302
2.08041666666667	214
2.08376666666667	125
2.08710000000000	63
2.09043333333333	0
2.09376666666667	0
2.09708333333333	0
2.10043333333333	0
2.10376666666667	0
2.10710000000000	0
2.11043333333333	0
2.11376666666667	0
2.11711666666667	0
2.12045000000000	0
2.12378333333333	0
2.12711666666667	0
2.13045000000000	0
2.13380000000000	0
2.13713333333333	0
2.14046666666667	0
2.14380000000000	0
2.14713333333333	0
2.15048333333333	6
2.15381666666667	12
2.15715000000000	95
2.16048333333333	53
2.16381666666667	12
2.16715000000000	0
2.17050000000000	0
2.17383333333333	0
2.17716666666667	255
2.18050000000000	282
2.18383333333333	128
2.18718333333333	64
2.19051666666667	0
2.19385000000000	0
2.19718333333333	0
2.20051666666667	0
2.20385000000000	0
2.20718333333333	0
2.21051666666667	0
2.21385000000000	0
2.21718333333333	0
2.22053333333333	0
2.22386666666667	0
2.22720000000000	0
2.23053333333333	0
2.23386666666667	32
2.23721666666667	16
2.24055000000000	0
2.24388333333333	0
2.24721666666667	0
2.25055000000000	394
2.25390000000000	365
2.25723333333333	336
2.26056666666667	785
2.26390000000000	392
2.26723333333333	0
2.27056666666667	479
2.27390000000000	417
2.27723333333333	355
2.28056666666667	1184
2.28390000000000	1155
2.28725000000000	1489
2.29058333333333	1823
2.29391666666667	1760
2.29725000000000	3571
2.30058333333333	5598
2.30391666666667	4463
2.30726666666667	3014
2.31060000000000	3507
2.31393333333333	4512
2.31726666666667	4401
2.32060000000000	4831
2.32395000000000	5262
2.32728333333333	5217
2.33061666666667	7046
2.33395000000000	9228
2.33728333333333	8308
2.34063333333333	6277
2.34396666666667	10060
2.34730000000000	10828
2.35063333333333	4747
2.35396666666667	12908
2.35731666666667	11804
2.36065000000000	10756
2.36398333333333	7842
2.36731666666667	9968
2.37065000000000	12368
2.37400000000000	10572
2.37733333333333	10636
2.38066666666667	10696
2.38400000000000	15232
2.38733333333333	15908
2.39068333333333	8408
2.39401666666667	15612
2.39735000000000	17892
2.40068333333333	18796
2.40400000000000	19828
2.40735000000000	16036
2.41068333333333	21164
2.41401666666667	22368
2.41735000000000	16772
2.42068333333333	14784
2.42403333333333	18840
2.42736666666667	12028
2.43070000000000	29192
2.43403333333333	24804
2.43736666666667	19540
2.44070000000000	28664
2.44405000000000	24284
2.44738333333333	18952
2.45071666666667	30584
2.45405000000000	24140
2.45738333333333	24932
2.46073333333333	28576
2.46406666666667	28616
2.46740000000000	28656
2.47073333333333	32768
2.47406666666667	31480
2.47741666666667	30188
2.48075000000000	31248
2.48408333333333	36640
2.48741666666667	36560
2.49075000000000	30400
2.49410000000000	42384
2.49743333333333	27772
2.50076666666667	30052
2.50410000000000	30144
2.50743333333333	27556
2.51078333333333	24972
2.51411666666667	25944
2.51745000000000	26912
2.52078333333333	28052
2.52410000000000	29192
2.52745000000000	30128
2.53078333333333	31068
2.53411666666667	32500
2.53745000000000	33936
2.54078333333333	34848
2.54413333333333	31652
2.54746666666667	34976
2.55080000000000	35712
2.55413333333333	36448
2.55746666666667	36560
2.56081666666667	36688
2.56415000000000	36784
2.56748333333333	36880
2.57081666666667	45408
2.57415000000000	47680
2.57748333333333	27752
2.58083333333333	35776
2.58416666666667	45696
2.58750000000000	43200
2.59083333333333	40656
2.59415000000000	42064
2.59750000000000	42480
2.60083333333333	42896
2.60416666666667	43712
2.60750000000000	30376
2.61083333333333	37920
2.61418333333333	44768
2.61751666666667	30908
2.62085000000000	38848
2.62418333333333	33904
2.62751666666667	46080
2.63086666666667	52912
2.63420000000000	46208
2.63753333333333	44544
2.64086666666667	38496
2.64420000000000	41120
2.64755000000000	39008
2.65088333333333	48112
2.65421666666667	48544
2.65755000000000	41008
2.66086666666667	48512
2.66421666666667	43344
2.66755000000000	45856
2.67088333333333	45936
2.67421666666667	32332
2.67755000000000	41136
2.68090000000000	42192
2.68423333333333	43888
2.68756666666667	31040
2.69090000000000	45824
2.69423333333333	40720
2.69758333333333	43984
2.70091666666667	47264
2.70425000000000	49472
2.70758333333333	40480
2.71091666666667	44752
2.71425000000000	41120
2.71760000000000	41952
2.72093333333333	42800
2.72426666666667	45744
2.72760000000000	35184
2.73093333333333	33456
2.73428333333333	47584
2.73761666666667	37728
2.74095000000000	43152
2.74428333333333	43008
2.74761666666667	44096
2.75096666666667	45664
2.75430000000000	44960
2.75763333333333	44256
2.76096666666667	45520
2.76430000000000	46880
2.76765000000000	48240
2.77098333333333	47568
2.77430000000000	43904
2.77763333333333	42352
2.78096666666667	40816
2.78431666666667	41088
2.78765000000000	41360
2.79098333333333	35104
2.79431666666667	44128
2.79765000000000	43312
2.80100000000000	43952
2.80433333333333	50000
2.80766666666667	50464
2.81100000000000	50944
2.81433333333333	32160
2.81768333333333	48672
2.82101666666667	35952
2.82435000000000	58128
2.82768333333333	53504
2.83101666666667	57744
2.83436666666667	40624
2.83770000000000	46560
2.84103333333333	44368
2.84436666666667	43104
2.84770000000000	41840
2.85103333333333	30568
2.85438333333333	46752
2.85771666666667	48640
2.86105000000000	43376
2.86436666666667	58320
2.86770000000000	31796
2.87105000000000	50208
2.87438333333333	53984
2.87771666666667	47424
2.88105000000000	39312
2.88438333333333	30456
2.88773333333333	40768
2.89106666666667	45184
2.89440000000000	40752
2.89773333333333	47872
2.90106666666667	46672
2.90441666666667	45488
2.90775000000000	32592
2.91108333333333	33840
2.91441666666667	45312
2.91775000000000	47264
2.92110000000000	33984
2.92443333333333	54848
2.92776666666667	56592
2.93110000000000	32008
2.93443333333333	43936
2.93778333333333	50144
2.94111666666667	50400
2.94445000000000	58784
2.94778333333333	28920
2.95111666666667	44464
2.95446666666667	49152
2.95780000000000	34096
2.96113333333333	41472
2.96445000000000	33104
2.96778333333333	41520
2.97113333333333	45024
2.97446666666667	42096
2.97780000000000	31532
2.98113333333333	48608
2.98446666666667	47504
2.98780000000000	49760
2.99115000000000	48560
2.99448333333333	52448
2.99781666666667	51664
3.00115000000000	45504
3.00448333333333	34512
3.00783333333333	41120
3.01116666666667	50560
3.01450000000000	41840
3.01783333333333	30468
3.02116666666667	47440
3.02450000000000	36544
3.02783333333333	47024
3.03116666666667	42080
3.03450000000000	42560
3.03783333333333	45216
3.04118333333333	51456
3.04451666666667	51488
3.04785000000000	28652
3.05118333333333	40640
3.05451666666667	35952
3.05786666666667	33696
3.06120000000000	31432
3.06453333333333	40976
3.06786666666667	46384
3.07120000000000	39952
3.07455000000000	40048
3.07788333333333	56144
3.08121666666667	54784
3.08455000000000	40864
3.08788333333333	45040
3.09123333333333	44176
3.09456666666667	49200
3.09790000000000	33488
3.10123333333333	35344
3.10456666666667	43552
3.10790000000000	43856
3.11123333333333	47328
3.11456666666667	35456
3.11790000000000	25492
3.12123333333333	42976
3.12456666666667	49488
3.12791666666667	30644
3.13125000000000	50016
3.13458333333333	54656
3.13791666666667	48400
3.14125000000000	40304
3.14460000000000	45440
3.14793333333333	39360
3.15126666666667	30936
3.15460000000000	42816
3.15793333333333	37024
3.16128333333333	52144
3.16461666666667	46224
3.16795000000000	54048
3.17128333333333	44480
3.17461666666667	34976
3.17796666666667	52416
3.18130000000000	45728
3.18463333333333	32816
3.18795000000000	54464
3.19128333333333	44960
3.19463333333333	48384
3.19796666666667	50656
3.20130000000000	44464
3.20463333333333	44128
3.20796666666667	47216
3.21131666666667	47488
3.21465000000000	50608
3.21798333333333	50544
3.22131666666667	35632
3.22465000000000	47664
3.22800000000000	31352
3.23133333333333	46704
3.23466666666667	40960
3.23800000000000	33232
3.24133333333333	34912
3.24468333333333	49888
3.24801666666667	49152
3.25135000000000	38672
3.25468333333333	47440
3.25801666666667	43200
3.26133333333333	42544
3.26468333333333	41888
3.26801666666667	45024
3.27135000000000	47728
3.27468333333333	48368
3.27801666666667	49024
3.28136666666667	49872
3.28470000000000	50704
3.28803333333333	39312
3.29136666666667	50816
3.29470000000000	43312
3.29805000000000	51072
3.30138333333333	32976
3.30471666666667	46928
3.30805000000000	31836
3.31138333333333	47472
3.31473333333333	51504
3.31806666666667	36992
3.32140000000000	51168
3.32473333333333	59984
3.32805000000000	30476
3.33140000000000	42624
3.33473333333333	38192
3.33806666666667	52064
3.34140000000000	53520
3.34473333333333	45072
3.34808333333333	52272
3.35141666666667	46032
3.35475000000000	47488
3.35808333333333	52912
3.36141666666667	51952
3.36476666666667	50992
3.36810000000000	52032
3.37143333333333	53056
3.37476666666667	45232
3.37810000000000	50704
3.38145000000000	53296
3.38478333333333	52384
3.38811666666667	46352
3.39145000000000	43008
3.39478333333333	49920
3.39811666666667	55360
3.40146666666667	54208
3.40480000000000	54496
3.40813333333333	47088
3.41145000000000	53168
3.41478333333333	56128
3.41813333333333	46640
3.42146666666667	30376
3.42480000000000	26412
3.42813333333333	53152
3.43146666666667	45760
3.43481666666667	38368
3.43815000000000	46400
3.44148333333333	47408
3.44481666666667	46448
3.44815000000000	36080
3.45150000000000	50160
3.45483333333333	43440
3.45816666666667	43664
3.46150000000000	46672
3.46483333333333	42272
3.46818333333333	38976
3.47151666666667	54528
3.47485000000000	54624
3.47818333333333	50304
3.48150000000000	56736
3.48485000000000	52288
3.48818333333333	41600
3.49151666666667	47568
3.49485000000000	52320
3.49818333333333	37488
3.50153333333333	46336
3.50486666666667	47424
3.50820000000000	51472
3.51153333333333	53040
3.51486666666667	51024
3.51821666666667	55920
3.52155000000000	45808
3.52488333333333	53312
3.52821666666667	51136
3.53155000000000	41968
3.53488333333333	44608
3.53823333333333	39232
3.54156666666667	34704
3.54490000000000	43248
3.54823333333333	43168
3.55156666666667	49504
3.55491666666667	43600
3.55825000000000	37680
3.56158333333333	53088
3.56491666666667	45120
3.56825000000000	38496
3.57160000000000	51136
3.57493333333333	53376
3.57826666666667	53072
3.58160000000000	52944
3.58491666666667	52816
3.58826666666667	41616
3.59160000000000	56960
3.59493333333333	30544
3.59826666666667	52128
3.60160000000000	55344
3.60495000000000	47248
3.60828333333333	46384
3.61161666666667	50400
3.61495000000000	38336
3.61828333333333	37232
3.62163333333333	23780
3.62496666666667	41456
3.62830000000000	29468
3.63163333333333	51520
3.63496666666667	44128
3.63831666666667	56064
3.64165000000000	41360
3.64498333333333	52304
3.64831666666667	40640
3.65165000000000	41680
3.65500000000000	51920
3.65833333333333	45488
3.66166666666667	45136
3.66500000000000	55792
3.66833333333333	57040
3.67166666666667	55648
3.67501666666667	31468
3.67835000000000	48608
3.68168333333333	48000
3.68501666666667	60336
3.68835000000000	47168
3.69170000000000	52128
3.69503333333333	43904
3.69836666666667	50624
3.70170000000000	42464
3.70503333333333	40480
3.70838333333333	48608
3.71171666666667	47456
3.71505000000000	46304
3.71836666666667	51776
3.72170000000000	35824
3.72505000000000	50096
3.72838333333333	35312
3.73171666666667	40560
3.73505000000000	50624
3.73838333333333	44416
3.74173333333333	47136
3.74506666666667	46032
3.74840000000000	47216
3.75173333333333	46128
3.75506666666667	45024
3.75841666666667	48656
3.76175000000000	52288
3.76508333333333	53664
3.76841666666667	42992
3.77175000000000	54800
3.77510000000000	34464
3.77843333333333	56304
3.78176666666667	39600
3.78510000000000	45840
3.78843333333333	32548
3.79176666666667	48048
3.79510000000000	39056
3.79843333333333	50048
3.80176666666667	47920
3.80510000000000	40032
3.80843333333333	49952
3.81178333333333	50448
3.81511666666667	58368
3.81845000000000	54656
3.82178333333333	55696
3.82511666666667	49920
3.82846666666667	49504
3.83180000000000	46448
3.83513333333333	50912
3.83846666666667	54960
3.84180000000000	38048
3.84515000000000	36672
3.84848333333333	31368
3.85181666666667	44640
3.85515000000000	58592
3.85848333333333	51632
3.86183333333333	41584
3.86516666666667	61264
3.86850000000000	47408
3.87183333333333	51696
3.87516666666667	43264
3.87850000000000	42144
3.88183333333333	51472
3.88516666666667	24512
3.88850000000000	35712
3.89183333333333	40336
3.89518333333333	55216
3.89851666666667	57520
3.90185000000000	45648
3.90518333333333	49568
3.90851666666667	40688
3.91186666666667	40512
3.91520000000000	40720
3.91853333333333	43008
3.92186666666667	44272
3.92520000000000	45152
3.92855000000000	46016
3.93188333333333	41040
3.93521666666667	32404
3.93855000000000	43232
3.94188333333333	52656
3.94521666666667	45648
3.94856666666667	40864
3.95190000000000	35776
3.95523333333333	34400
3.95856666666667	46048
3.96190000000000	46256
3.96525000000000	45040
3.96858333333333	43824
3.97191666666667	44112
3.97525000000000	44400
3.97858333333333	30188
3.98191666666667	46992
3.98525000000000	33648
3.98858333333333	47872
3.99191666666667	42896
3.99525000000000	47664
3.99860000000000	50160
4.00193333333333	43616
4.00526666666667	38656
4.00860000000000	53440
4.01193333333333	53056
4.01528333333333	48080
4.01861666666667	58512
4.02195000000000	45472
4.02528333333333	54288
4.02861666666667	44304
4.03196666666667	48720
4.03530000000000	50944
4.03863333333333	32300
4.04196666666667	39280
4.04530000000000	51440
4.04865000000000	44768
4.05198333333333	48688
4.05531666666667	35904
4.05865000000000	41904
4.06198333333333	47408
4.06533333333333	40656
4.06866666666667	36608
4.07200000000000	47248
4.07533333333333	44048
4.07865000000000	45648
4.08198333333333	47392
4.08533333333333	53872
4.08866666666667	51968
4.09200000000000	51776
4.09533333333333	44176
4.09866666666667	45152
4.10201666666667	42768
4.10535000000000	44672
4.10868333333333	46560
4.11201666666667	29076
4.11535000000000	39888
4.11870000000000	33632
4.12203333333333	27368
4.12536666666667	40144
4.12870000000000	57696
4.13203333333333	51552
4.13538333333333	47008
4.13871666666667	44272
4.14205000000000	52192
4.14538333333333	40272
4.14871666666667	45040
4.15206666666667	26724
4.15540000000000	48144
4.15873333333333	46352
4.16206666666667	55632
4.16540000000000	48992
4.16875000000000	30444
4.17208333333333	52192
4.17541666666667	41808
4.17875000000000	48896
4.18208333333333	39504
4.18543333333333	39872
4.18876666666667	38272
4.19210000000000	40480
4.19541666666667	42672
4.19875000000000	46720
4.20210000000000	33488
4.20543333333333	44432
4.20876666666667	51120
4.21210000000000	26284
4.21543333333333	47728
4.21876666666667	48064
4.22211666666667	45504
4.22545000000000	40224
4.22878333333333	58288
4.23211666666667	63840
4.23545000000000	37168
4.23880000000000	44400
4.24213333333333	48848
4.24546666666667	47920
4.24880000000000	46992
4.25213333333333	50832
4.25548333333333	49728
4.25881666666667	48608
4.26215000000000	37088
4.26548333333333	52448
4.26880000000000	55568
4.27215000000000	53520
4.27548333333333	49888
4.27881666666667	53504
4.28215000000000	45168
4.28548333333333	37344
4.28883333333333	46336
4.29216666666667	50704
4.29550000000000	44112
4.29883333333333	49664
4.30216666666667	43120
4.30551666666667	28604
4.30885000000000	44720
4.31218333333333	43744
4.31551666666667	43440
4.31885000000000	43264
4.32220000000000	44768
4.32553333333333	52384
4.32886666666667	53904
4.33220000000000	40816
4.33553333333333	43424
4.33886666666667	42400
4.34220000000000	32156
4.34553333333333	34576
4.34886666666667	36992
4.35220000000000	35808
4.35553333333333	34640
4.35888333333333	39216
4.36221666666667	43808
4.36555000000000	43344
4.36888333333333	42896
4.37221666666667	38976
4.37556666666667	42576
4.37890000000000	32076
4.38223333333333	35584
4.38556666666667	39088
4.38890000000000	48240
4.39225000000000	48416
4.39558333333333	45008
4.39891666666667	43216
4.40225000000000	40992
4.40558333333333	43088
4.40893333333333	45168
4.41226666666667	45264
4.41560000000000	42080
4.41891666666667	38512
4.42225000000000	46592
4.42560000000000	39904
4.42893333333333	42576
4.43226666666667	45232
4.43560000000000	44688
4.43893333333333	44144
4.44228333333333	37360
4.44561666666667	42976
4.44895000000000	46432
4.45228333333333	45040
4.45561666666667	43664
4.45896666666667	43360
4.46230000000000	43040
4.46563333333333	45824
4.46896666666667	45936
4.47230000000000	46048
4.47565000000000	48208
4.47898333333333	50352
4.48231666666667	58704
4.48565000000000	57472
4.48898333333333	32440
4.49231666666667	30796
4.49566666666667	46032
