1.50330000000000	0
1.50663333333333	0
1.50996666666667	0
1.51330000000000	0
1.51663333333333	0
1.51998333333333	0
1.52331666666667	0
1.52665000000000	0
1.52998333333333	0
1.53331666666667	0
1.53666666666667	0
1.54000000000000	0
1.54333333333333	0
1.54666666666667	0
1.55000000000000	0
1.55335000000000	0
1.55668333333333	0
1.56001666666667	0
1.56335000000000	0
1.56668333333333	0
1.57003333333333	0
1.57336666666667	0
1.57670000000000	0
1.58003333333333	0
1.58336666666667	0
1.58671666666667	0
1.59005000000000	0
1.59338333333333	0
1.59671666666667	0
1.60005000000000	0
1.60340000000000	0
1.60673333333333	0
1.61006666666667	0
1.61340000000000	0
1.61673333333333	0
1.62006666666667	0
1.62340000000000	0
1.62673333333333	0
1.63006666666667	0
1.63340000000000	0
1.63675000000000	0
1.64008333333333	0
1.64341666666667	0
1.64675000000000	0
1.65008333333333	0
1.65343333333333	0
1.65676666666667	0
1.66010000000000	0
1.66343333333333	0
1.66676666666667	0
1.67011666666667	0
1.67345000000000	0
1.67678333333333	0
1.68011666666667	0
1.68345000000000	0
1.68680000000000	0
1.69013333333333	0
1.69346666666667	0
1.69680000000000	0
1.70013333333333	0
1.70348333333333	0
1.70681666666667	0
1.71015000000000	0
1.71348333333333	0
1.71681666666667	0
1.72016666666667	0
1.72350000000000	0
1.72683333333333	0
1.73016666666667	0
1.73350000000000	0
1.73685000000000	421
1.74018333333333	211
1.74351666666667	0
1.74685000000000	42
1.75018333333333	0
1.75353333333333	0
1.75686666666667	0
1.76020000000000	0
1.76353333333333	0
1.76686666666667	0
1.77021666666667	0
1.77355000000000	0
1.77688333333333	0
1.78021666666667	0
1.78355000000000	0
1.78690000000000	0
1.79023333333333	0
1.79356666666667	0
1.79690000000000	0
1.80023333333333	0
1.80358333333333	0
1.80691666666667	401
1.81025000000000	803
1.81358333333333	424
1.81691666666667	45
1.82025000000000	1119
1.82360000000000	0
1.82693333333333	0
1.83026666666667	0
1.83360000000000	0
1.83693333333333	0
1.84028333333333	0
1.84361666666667	0
1.84695000000000	0
1.85028333333333	0
1.85361666666667	0
1.85696666666667	1074
1.86030000000000	537
1.86363333333333	0
1.86696666666667	129
1.87030000000000	0
1.87365000000000	0
1.87698333333333	0
1.88031666666667	0
1.88365000000000	0
1.88698333333333	1160
1.89033333333333	580
1.89366666666667	0
1.89700000000000	0
1.90033333333333	0
1.90366666666667	0
1.90701666666667	0
1.91035000000000	0
1.91368333333333	0
1.91701666666667	0
1.92035000000000	0
1.92370000000000	0
1.92703333333333	0
1.93036666666667	0
1.93370000000000	0
1.93703333333333	0
1.94038333333333	0
1.94371666666667	0
1.94705000000000	0
1.95038333333333	0
1.95371666666667	0
1.95706666666667	0
1.96040000000000	0
1.96373333333333	0
1.96706666666667	0
1.97040000000000	0
1.97375000000000	0
1.97708333333333	0
1.98041666666667	0
1.98375000000000	0
1.98708333333333	0
1.99043333333333	0
1.99376666666667	0
1.99710000000000	0
2.00043333333333	0
2.00376666666667	0
2.00711666666667	0
2.01045000000000	0
2.01378333333333	0
2.01711666666667	0
2.02045000000000	0
2.02378333333333	0
2.02711666666667	0
2.03045000000000	0
2.03378333333333	0
2.03711666666667	0
2.04046666666667	0
2.04380000000000	0
2.04713333333333	0
2.05046666666667	0
2.05380000000000	0
2.05715000000000	0
2.06048333333333	0
2.06381666666667	0
2.06715000000000	0
2.07048333333333	0
2.07383333333333	0
2.07716666666667	0
2.08050000000000	0
2.08383333333333	0
2.08716666666667	0
2.09051666666667	0
2.09385000000000	0
2.09718333333333	0
2.10051666666667	0
2.10385000000000	0
2.10720000000000	0
2.11053333333333	0
2.11386666666667	0
2.11720000000000	0
2.12053333333333	0
2.12388333333333	0
2.12721666666667	0
2.13055000000000	0
2.13388333333333	0
2.13721666666667	0
2.14056666666667	0
2.14390000000000	0
2.14723333333333	0
2.15056666666667	0
2.15390000000000	0
2.15723333333333	0
2.16058333333333	0
2.16391666666667	0
2.16725000000000	0
2.17058333333333	0
2.17391666666667	0
2.17726666666667	397
2.18060000000000	199
2.18393333333333	0
2.18726666666667	1155
2.19060000000000	1214
2.19395000000000	0
2.19728333333333	0
2.20061666666667	0
2.20395000000000	0
2.20728333333333	0
2.21063333333333	0
2.21396666666667	0
2.21730000000000	0
2.22063333333333	0
2.22396666666667	0
2.22731666666667	0
2.23065000000000	0
2.23398333333333	0
2.23731666666667	0
2.24065000000000	0
2.24400000000000	0
2.24733333333333	0
2.25066666666667	0
2.25400000000000	124
2.25733333333333	248
2.26068333333333	124
2.26401666666667	0
2.26735000000000	0
2.27068333333333	22
2.27401666666667	43
2.27736666666667	647
2.28070000000000	1645
2.28403333333333	823
2.28736666666667	0
2.29070000000000	79
2.29405000000000	2005
2.29738333333333	2563
2.30071666666667	1850
2.30405000000000	1539
2.30738333333333	1228
2.31073333333333	5418
2.31406666666667	6928
2.31740000000000	3390
2.32073333333333	7774
2.32406666666667	3325
2.32741666666667	5622
2.33075000000000	5458
2.33408333333333	5294
2.33741666666667	5056
2.34075000000000	4777
2.34410000000000	4498
2.34743333333333	5444
2.35076666666667	13100
2.35410000000000	12136
2.35743333333333	7104
2.36078333333333	9964
2.36411666666667	10864
2.36745000000000	11768
2.37078333333333	12196
2.37411666666667	1989
2.37746666666667	8732
2.38080000000000	10708
2.38413333333333	15476
2.38746666666667	12320
2.39080000000000	9164
2.39415000000000	20956
2.39748333333333	18716
2.40081666666667	16944
2.40415000000000	23440
2.40748333333333	26204
2.41083333333333	21112
2.41416666666667	13340
2.41750000000000	17624
2.42083333333333	13932
2.42416666666667	15996
2.42750000000000	18064
2.43083333333333	16956
2.43416666666667	15852
2.43750000000000	15044
2.44083333333333	14232
2.44418333333333	20024
2.44751666666667	19812
2.45085000000000	18508
2.45418333333333	17208
2.45751666666667	26940
2.46086666666667	25380
2.46420000000000	23816
2.46753333333333	28040
2.47086666666667	16360
2.47420000000000	26552
2.47755000000000	24600
2.48088333333333	31440
2.48421666666667	25880
2.48755000000000	33072
2.49088333333333	25612
2.49421666666667	33696
2.49756666666667	34608
2.50090000000000	32744
2.50423333333333	30872
2.50756666666667	27520
2.51090000000000	44096
2.51425000000000	38704
2.51758333333333	33296
2.52091666666667	47392
2.52425000000000	35920
2.52758333333333	41248
2.53093333333333	51904
2.53426666666667	47872
2.53760000000000	43856
2.54093333333333	22880
2.54426666666667	39072
2.54761666666667	37520
2.55095000000000	51040
2.55428333333333	40528
2.55761666666667	41520
2.56095000000000	37248
2.56430000000000	35136
2.56763333333333	33024
2.57096666666667	24712
2.57430000000000	31424
2.57763333333333	38128
2.58098333333333	36464
2.58431666666667	34112
2.58765000000000	34928
2.59098333333333	35744
2.59431666666667	38240
2.59766666666667	30028
2.60100000000000	35344
2.60433333333333	40672
2.60766666666667	23264
2.61100000000000	55040
2.61435000000000	49312
2.61768333333333	40816
2.62101666666667	44864
2.62435000000000	37408
2.62768333333333	31840
2.63103333333333	36112
2.63436666666667	40384
2.63770000000000	52032
2.64103333333333	49680
2.64436666666667	45296
2.64771666666667	26312
2.65105000000000	21476
2.65438333333333	51184
2.65771666666667	41520
2.66105000000000	65104
2.66440000000000	41696
2.66773333333333	28844
2.67106666666667	39776
2.67440000000000	46752
2.67773333333333	41536
2.68108333333333	26488
2.68441666666667	56576
2.68775000000000	34432
2.69108333333333	27992
2.69441666666667	45600
2.69776666666667	20268
2.70110000000000	30948
2.70443333333333	41632
2.70776666666667	40032
2.71110000000000	37296
2.71445000000000	38464
2.71778333333333	31752
2.72111666666667	35168
2.72445000000000	38576
2.72778333333333	44016
2.73113333333333	49440
2.73446666666667	54848
2.73780000000000	30824
2.74113333333333	37024
2.74446666666667	49376
2.74781666666667	19196
2.75115000000000	43808
2.75448333333333	54512
2.75781666666667	49296
2.76115000000000	49888
2.76448333333333	44608
2.76781666666667	36016
2.77115000000000	54064
2.77448333333333	53440
2.77781666666667	34176
2.78116666666667	56016
2.78450000000000	40432
2.78783333333333	49120
2.79116666666667	31176
2.79450000000000	47312
2.79785000000000	47824
2.80118333333333	57504
2.80451666666667	55632
2.80785000000000	53568
2.81118333333333	36224
2.81453333333333	51952
2.81786666666667	67376
2.82120000000000	62144
2.82453333333333	67936
2.82786666666667	50448
2.83120000000000	35616
2.83455000000000	40016
2.83788333333333	48480
2.84121666666667	38224
2.84455000000000	40368
2.84788333333333	42512
2.85123333333333	38832
2.85456666666667	35472
2.85790000000000	32112
2.86123333333333	49264
2.86456666666667	45920
2.86791666666667	42592
2.87125000000000	50784
2.87458333333333	29808
2.87791666666667	42016
2.88125000000000	54208
2.88460000000000	28280
2.88793333333333	36688
2.89126666666667	45104
2.89460000000000	55504
2.89793333333333	51936
2.90128333333333	45920
2.90461666666667	40880
2.90795000000000	47184
2.91128333333333	40608
2.91461666666667	34048
2.91796666666667	49264
2.92130000000000	42016
2.92463333333333	34784
2.92796666666667	62496
2.93130000000000	53248
2.93465000000000	46736
2.93798333333333	43392
2.94131666666667	48848
2.94465000000000	48720
2.94798333333333	60240
2.95133333333333	62976
2.95466666666667	46752
2.95800000000000	48752
2.96133333333333	43136
2.96466666666667	37520
2.96801666666667	39776
2.97135000000000	42032
2.97468333333333	42736
2.97801666666667	35968
2.98135000000000	38080
2.98470000000000	40192
2.98803333333333	49376
2.99136666666667	40688
2.99470000000000	32000
2.99803333333333	47776
3.00138333333333	51440
3.00471666666667	42048
3.00805000000000	53664
3.01138333333333	53616
3.01471666666667	55792
3.01806666666667	32476
3.02140000000000	58880
3.02473333333333	47904
3.02806666666667	47168
3.03140000000000	24508
3.03475000000000	39280
3.03808333333333	38288
3.04141666666667	45008
3.04475000000000	47136
3.04808333333333	52656
3.05143333333333	27132
3.05476666666667	67072
3.05810000000000	45424
3.06143333333333	33968
3.06476666666667	61984
3.06811666666667	34112
3.07145000000000	37712
3.07478333333333	73584
3.07811666666667	55712
3.08145000000000	69408
3.08480000000000	48864
3.08813333333333	54288
3.09146666666667	49248
3.09480000000000	44656
3.09813333333333	48944
3.10148333333333	46016
3.10481666666667	43088
3.10815000000000	30424
3.11148333333333	22268
3.11481666666667	32188
3.11816666666667	40016
3.12150000000000	47856
3.12483333333333	55472
3.12816666666667	64736
3.13150000000000	31396
3.13485000000000	53504
3.13818333333333	36544
3.14151666666667	42128
3.14485000000000	47840
3.14818333333333	38288
3.15153333333333	28184
3.15486666666667	46976
3.15820000000000	38560
3.16153333333333	54832
3.16486666666667	59920
3.16820000000000	41232
3.17155000000000	39344
3.17488333333333	56864
3.17821666666667	55712
3.18155000000000	41840
3.18488333333333	57216
3.18823333333333	44352
3.19156666666667	31476
3.19490000000000	57840
3.19823333333333	67584
3.20156666666667	45952
3.20491666666667	35504
3.20825000000000	37920
3.21158333333333	48352
3.21491666666667	43008
3.21825000000000	37664
3.22160000000000	45648
3.22493333333333	37040
3.22826666666667	41792
3.23160000000000	46544
3.23493333333333	36704
3.23828333333333	54096
3.24161666666667	53760
3.24495000000000	37776
3.24828333333333	43200
3.25161666666667	44544
3.25496666666667	41408
3.25830000000000	43504
3.26163333333333	45616
3.26496666666667	41504
3.26830000000000	37408
3.27165000000000	26284
3.27498333333333	26664
3.27831666666667	36160
3.28165000000000	41296
3.28498333333333	45120
3.28833333333333	51056
3.29166666666667	46192
3.29500000000000	48336
3.29833333333333	44208
3.30166666666667	40096
3.30501666666667	42080
3.30835000000000	44064
3.31168333333333	44640
3.31501666666667	45216
3.31835000000000	41104
3.32170000000000	36976
3.32503333333333	50016
3.32836666666667	54560
3.33170000000000	57056
3.33503333333333	56032
3.33838333333333	55008
3.34171666666667	55136
3.34505000000000	31428
3.34838333333333	40432
3.35171666666667	52432
3.35506666666667	39296
3.35840000000000	36240
3.36173333333333	42096
3.36506666666667	43952
3.36840000000000	44768
3.37175000000000	27284
3.37508333333333	56432
3.37841666666667	65632
3.38175000000000	49520
3.38508333333333	51696
3.38843333333333	68784
3.39176666666667	52272
3.39510000000000	63168
3.39843333333333	54032
3.40176666666667	52640
3.40511666666667	52656
3.40845000000000	44496
3.41178333333333	42960
3.41511666666667	41616
3.41845000000000	46272
3.42180000000000	44704
3.42513333333333	43152
3.42846666666667	47120
3.43180000000000	48224
3.43513333333333	30544
3.43848333333333	52128
3.44181666666667	38048
3.44515000000000	35440
3.44848333333333	60336
3.45181666666667	58576
3.45516666666667	46992
3.45850000000000	47904
3.46183333333333	54128
3.46516666666667	61472
3.46850000000000	37264
3.47185000000000	56032
3.47518333333333	53904
3.47851666666667	51776
3.48185000000000	50384
3.48518333333333	41184
3.48853333333333	60048
3.49186666666667	18852
3.49520000000000	61808
3.49853333333333	39008
3.50186666666667	36848
3.50520000000000	42992
3.50855000000000	44080
3.51188333333333	43728
3.51521666666667	43392
3.51855000000000	40528
3.52188333333333	43312
3.52523333333333	46096
3.52856666666667	53088
3.53190000000000	50528
3.53523333333333	45696
3.53856666666667	53472
3.54191666666667	51120
3.54525000000000	45568
3.54858333333333	37296
3.55191666666667	24364
3.55525000000000	42464
3.55860000000000	47104
3.56193333333333	21944
3.56526666666667	28748
3.56860000000000	35552
3.57193333333333	45888
3.57528333333333	42560
3.57861666666667	41152
3.58195000000000	44448
3.58528333333333	38640
3.58861666666667	32832
3.59196666666667	38560
3.59530000000000	35936
3.59863333333333	33296
3.60196666666667	41296
3.60530000000000	38192
3.60865000000000	35104
3.61198333333333	57552
3.61531666666667	51968
3.61865000000000	48512
3.62198333333333	61264
3.62533333333333	41408
3.62866666666667	64576
3.63200000000000	58624
3.63533333333333	67088
3.63866666666667	42992
3.64201666666667	48400
3.64535000000000	49792
3.64868333333333	46624
3.65201666666667	41616
3.65535000000000	54480
3.65870000000000	55248
3.66203333333333	47568
3.66536666666667	48704
3.66870000000000	52256
3.67203333333333	24288
3.67536666666667	38816
3.67870000000000	41200
3.68203333333333	43568
3.68536666666667	38896
3.68870000000000	34224
3.69205000000000	31784
3.69538333333333	34912
3.69871666666667	38048
3.70205000000000	43360
3.70538333333333	48688
3.70873333333333	51632
3.71206666666667	54560
3.71540000000000	47712
3.71873333333333	40880
3.72206666666667	58896
3.72541666666667	45088
3.72875000000000	26136
3.73208333333333	36784
3.73541666666667	32748
3.73875000000000	42784
3.74210000000000	38496
3.74543333333333	34208
3.74876666666667	32460
3.75210000000000	31408
3.75543333333333	33712
3.75878333333333	36000
3.76211666666667	38368
3.76545000000000	40736
3.76878333333333	29760
3.77211666666667	46720
3.77546666666667	28816
3.77880000000000	32536
3.78213333333333	36256
3.78546666666667	31896
3.78880000000000	37712
3.79215000000000	39824
3.79548333333333	50752
3.79881666666667	50512
3.80215000000000	41120
3.80548333333333	37200
3.80883333333333	50288
3.81216666666667	47408
3.81550000000000	40624
3.81883333333333	21240
3.82216666666667	66368
3.82551666666667	58112
3.82885000000000	45216
3.83218333333333	39696
3.83551666666667	46976
3.83885000000000	41184
3.84218333333333	32580
3.84553333333333	39088
3.84886666666667	45600
3.85220000000000	31244
3.85553333333333	38560
3.85886666666667	44800
3.86221666666667	39072
3.86555000000000	41968
3.86888333333333	44864
3.87221666666667	50912
3.87555000000000	48032
3.87890000000000	45136
3.88223333333333	42336
3.88556666666667	53040
3.88890000000000	32424
3.89223333333333	32056
3.89558333333333	35264
3.89891666666667	31204
3.90225000000000	29472
3.90558333333333	27736
3.90891666666667	39552
3.91226666666667	43696
3.91560000000000	35424
3.91893333333333	41904
3.92226666666667	39344
3.92560000000000	38592
3.92895000000000	37840
3.93228333333333	60288
3.93561666666667	55536
3.93895000000000	41456
3.94228333333333	48752
3.94563333333333	38848
3.94896666666667	38224
3.95230000000000	37600
3.95563333333333	45376
3.95896666666667	40112
3.96231666666667	34848
3.96565000000000	46352
3.96898333333333	44976
3.97231666666667	43600
3.97565000000000	52304
3.97900000000000	50720
3.98233333333333	49392
3.98566666666667	48064
3.98900000000000	56800
3.99233333333333	60208
3.99568333333333	53984
3.99901666666667	55904
4.00235000000000	57840
4.00568333333333	45072
4.00901666666667	44528
4.01236666666667	38592
4.01570000000000	29640
4.01903333333333	20688
4.02236666666667	49120
4.02570000000000	39552
4.02905000000000	42432
4.03238333333333	37264
4.03571666666667	32992
4.03905000000000	44304
4.04238333333333	45936
4.04573333333333	37264
4.04906666666667	38000
4.05240000000000	38736
4.05573333333333	48432
4.05906666666667	52624
4.06241666666667	48592
4.06575000000000	34000
4.06908333333333	58480
4.07241666666667	67600
4.07575000000000	40272
4.07910000000000	25672
4.08243333333333	45936
4.08576666666667	55856
4.08910000000000	29292
4.09243333333333	32756
4.09578333333333	58768
4.09911666666667	48432
4.10245000000000	48128
4.10578333333333	52928
4.10911666666667	48464
4.11246666666667	48496
4.11580000000000	54960
4.11913333333333	59200
4.12246666666667	66928
4.12580000000000	62784
4.12915000000000	27524
4.13248333333333	31060
4.13581666666667	71584
4.13915000000000	62080
4.14248333333333	29524
4.14583333333333	46736
4.14916666666667	35568
4.15250000000000	50128
4.15583333333333	36480
4.15916666666667	37552
4.16251666666667	38624
4.16585000000000	42784
4.16918333333333	46944
4.17251666666667	48672
4.17585000000000	42832
4.17918333333333	31556
4.18253333333333	46336
4.18586666666667	41280
4.18920000000000	39360
4.19253333333333	37456
4.19586666666667	43040
4.19921666666667	48624
4.20255000000000	45648
4.20588333333333	43824
4.20921666666667	42000
4.21255000000000	44528
4.21590000000000	48000
4.21923333333333	46352
4.22256666666667	44688
4.22590000000000	26940
4.22923333333333	54112
4.23258333333333	44608
4.23591666666667	43344
4.23925000000000	46896
4.24258333333333	40544
4.24591666666667	48208
4.24926666666667	31000
4.25260000000000	42304
4.25593333333333	35328
4.25926666666667	54016
4.26260000000000	58928
4.26595000000000	43712
4.26928333333333	52640
4.27261666666667	45792
4.27595000000000	31944
4.27928333333333	49344
4.28263333333333	37264
4.28596666666667	43296
4.28930000000000	44400
4.29263333333333	45504
4.29596666666667	48240
4.29931666666667	50960
4.30265000000000	45808
4.30598333333333	40656
4.30931666666667	36000
4.31265000000000	37472
4.31600000000000	36432
4.31933333333333	53968
4.32266666666667	49616
4.32600000000000	48976
4.32933333333333	53696
4.33268333333333	59008
4.33601666666667	56032
4.33935000000000	59872
4.34268333333333	40400
4.34601666666667	48144
4.34936666666667	42080
4.35270000000000	34816
4.35603333333333	44368
4.35936666666667	33168
4.36270000000000	52640
4.36605000000000	48896
4.36938333333333	55440
4.37271666666667	21656
4.37605000000000	48192
4.37938333333333	59568
4.38273333333333	67424
4.38606666666667	64432
4.38940000000000	37584
4.39273333333333	62224
4.39606666666667	44960
4.39941666666667	36080
4.40275000000000	53760
4.40608333333333	43216
4.40941666666667	35152
4.41275000000000	35680
4.41610000000000	42752
4.41943333333333	38016
4.42276666666667	33280
4.42610000000000	35968
4.42943333333333	38640
4.43278333333333	28412
4.43611666666667	18192
4.43945000000000	44608
4.44278333333333	50048
4.44611666666667	47040
4.44946666666667	39664
4.45280000000000	53376
4.45613333333333	44560
4.45946666666667	46528
4.46280000000000	37056
4.46615000000000	38896
4.46948333333333	50448
4.47281666666667	57600
4.47615000000000	49744
4.47948333333333	48464
4.48283333333333	50304
4.48616666666667	30792
4.48950000000000	67152
4.49283333333333	53888
4.49616666666667	55360
