1.50331666666667	305
1.50665000000000	0
1.50998333333333	293
1.51331666666667	147
1.51665000000000	0
1.51998333333333	0
1.52331666666667	281
1.52665000000000	403
1.52998333333333	252
1.53331666666667	0
1.53666666666667	0
1.54000000000000	0
1.54333333333333	93
1.54666666666667	47
1.55000000000000	0
1.55335000000000	0
1.55668333333333	0
1.56001666666667	0
1.56335000000000	0
1.56668333333333	0
1.57003333333333	0
1.57336666666667	547
1.57670000000000	527
1.58003333333333	12
1.58336666666667	127
1.58671666666667	0
1.59005000000000	0
1.59338333333333	11
1.59671666666667	5
1.60003333333333	0
1.60338333333333	201
1.60671666666667	222
1.61005000000000	242
1.61338333333333	0
1.61671666666667	0
1.62005000000000	0
1.62340000000000	0
1.62673333333333	0
1.63006666666667	0
1.63340000000000	0
1.63673333333333	0
1.64008333333333	0
1.64341666666667	129
1.64675000000000	64
1.65008333333333	0
1.65341666666667	0
1.65676666666667	0
1.66010000000000	0
1.66343333333333	29
1.66675000000000	15
1.67008333333333	0
1.67343333333333	12
1.67676666666667	176
1.68010000000000	88
1.68343333333333	0
1.68676666666667	0
1.69011666666667	0
1.69345000000000	0
1.69678333333333	0
1.70011666666667	0
1.70345000000000	9
1.70680000000000	5
1.71013333333333	0
1.71346666666667	0
1.71680000000000	0
1.72013333333333	0
1.72348333333333	0
1.72681666666667	298
1.73015000000000	149
1.73348333333333	0
1.73681666666667	381
1.74016666666667	0
1.74350000000000	0
1.74683333333333	123
1.75016666666667	61
1.75350000000000	0
1.75683333333333	0
1.76018333333333	0
1.76351666666667	0
1.76685000000000	0
1.77018333333333	0
1.77351666666667	0
1.77686666666667	0
1.78020000000000	0
1.78353333333333	0
1.78686666666667	0
1.79020000000000	0
1.79355000000000	0
1.79688333333333	0
1.80021666666667	0
1.80355000000000	0
1.80688333333333	0
1.81023333333333	0
1.81356666666667	0
1.81690000000000	0
1.82023333333333	251
1.82356666666667	125
1.82690000000000	0
1.83023333333333	0
1.83356666666667	0
1.83690000000000	0
1.84023333333333	0
1.84358333333333	0
1.84691666666667	119
1.85025000000000	59
1.85358333333333	0
1.85691666666667	0
1.86026666666667	132
1.86360000000000	72
1.86693333333333	12
1.87026666666667	6
1.87360000000000	0
1.87695000000000	0
1.88028333333333	0
1.88361666666667	0
1.88695000000000	0
1.89028333333333	0
1.89361666666667	0
1.89696666666667	0
1.90030000000000	0
1.90363333333333	135
1.90696666666667	322
1.91030000000000	230
1.91365000000000	0
1.91698333333333	725
1.92031666666667	363
1.92365000000000	0
1.92698333333333	0
1.93033333333333	0
1.93366666666667	0
1.93700000000000	0
1.94033333333333	0
1.94366666666667	431
1.94701666666667	336
1.95035000000000	397
1.95368333333333	212
1.95701666666667	380
1.96035000000000	0
1.96370000000000	42
1.96703333333333	136
1.97036666666667	68
1.97370000000000	0
1.97703333333333	0
1.98038333333333	0
1.98371666666667	0
1.98705000000000	0
1.99038333333333	0
1.99371666666667	0
1.99706666666667	0
2.00040000000000	0
2.00373333333333	0
2.00706666666667	83
2.01040000000000	166
2.01375000000000	227
2.01708333333333	114
2.02041666666667	0
2.02375000000000	0
2.02708333333333	0
2.03040000000000	0
2.03375000000000	0
2.03708333333333	0
2.04041666666667	0
2.04375000000000	0
2.04708333333333	0
2.05043333333333	0
2.05376666666667	489
2.05710000000000	532
2.06043333333333	0
2.06376666666667	0
2.06711666666667	309
2.07045000000000	202
2.07378333333333	0
2.07711666666667	219
2.08045000000000	109
2.08380000000000	0
2.08713333333333	80
2.09046666666667	0
2.09380000000000	0
2.09713333333333	301
2.10048333333333	390
2.10381666666667	480
2.10715000000000	409
2.11048333333333	0
2.11381666666667	0
2.11716666666667	0
2.12050000000000	0
2.12383333333333	0
2.12716666666667	0
2.13050000000000	0
2.13385000000000	232
2.13718333333333	241
2.14051666666667	0
2.14385000000000	0
2.14718333333333	6
2.15053333333333	13
2.15386666666667	6
2.15720000000000	0
2.16053333333333	0
2.16386666666667	0
2.16720000000000	137
2.17055000000000	68
2.17388333333333	0
2.17721666666667	353
2.18055000000000	334
2.18386666666667	55
2.18721666666667	250
2.19055000000000	0
2.19388333333333	0
2.19721666666667	0
2.20055000000000	0
2.20390000000000	551
2.20723333333333	460
2.21056666666667	0
2.21390000000000	717
2.21723333333333	1002
2.22058333333333	0
2.22391666666667	12
2.22725000000000	0
2.23058333333333	0
2.23391666666667	0
2.23726666666667	0
2.24060000000000	0
2.24393333333333	0
2.24726666666667	610
2.25060000000000	609
2.25395000000000	0
2.25728333333333	0
2.26061666666667	559
2.26395000000000	337
2.26728333333333	219
2.27063333333333	642
2.27396666666667	532
2.27730000000000	423
2.28063333333333	1741
2.28395000000000	2032
2.28730000000000	1430
2.29063333333333	1443
2.29396666666667	1261
2.29730000000000	1080
2.30063333333333	735
2.30396666666667	2592
2.30731666666667	2167
2.31065000000000	1742
2.31398333333333	848
2.31731666666667	2621
2.32065000000000	4393
2.32400000000000	4660
2.32733333333333	8748
2.33066666666667	9652
2.33400000000000	1384
2.33733333333333	5683
2.34068333333333	6338
2.34401666666667	6946
2.34735000000000	6952
2.35068333333333	6957
2.35401666666667	6246
2.35736666666667	11152
2.36070000000000	10748
2.36403333333333	7526
2.36736666666667	6789
2.37070000000000	6053
2.37405000000000	12716
2.37738333333333	11868
2.38071666666667	11436
2.38405000000000	12432
2.38736666666667	12872
2.39071666666667	9868
2.39405000000000	13660
2.39738333333333	16284
2.40071666666667	18448
2.40405000000000	16032
2.40740000000000	13616
2.41073333333333	17532
2.41406666666667	16860
2.41740000000000	18328
2.42073333333333	18096
2.42408333333333	17512
2.42741666666667	16932
2.43075000000000	19192
2.43408333333333	19196
2.43741666666667	19204
2.44075000000000	25468
2.44410000000000	30456
2.44743333333333	30204
2.45076666666667	26564
2.45410000000000	24900
2.45743333333333	23236
2.46078333333333	22376
2.46411666666667	22020
2.46745000000000	21664
2.47078333333333	28412
2.47410000000000	29344
2.47745000000000	34912
2.48078333333333	38448
2.48411666666667	34976
2.48745000000000	35952
2.49078333333333	32880
2.49413333333333	34368
2.49746666666667	35872
2.50080000000000	35664
2.50413333333333	40224
2.50746666666667	38576
2.51081666666667	36928
2.51415000000000	34752
2.51748333333333	34496
2.52081666666667	34256
2.52415000000000	34592
2.52750000000000	34928
2.53083333333333	33552
2.53416666666667	35472
2.53750000000000	34560
2.54083333333333	33632
2.54418333333333	35904
2.54751666666667	38160
2.55085000000000	44624
2.55418333333333	42224
2.55751666666667	35808
2.56086666666667	30760
2.56420000000000	54048
2.56753333333333	47760
2.57086666666667	43856
2.57420000000000	40624
2.57753333333333	55952
2.58088333333333	52784
2.58421666666667	48256
2.58755000000000	49536
2.59086666666667	41600
2.59420000000000	52240
2.59755000000000	36080
2.60088333333333	45344
2.60421666666667	50384
2.60755000000000	49856
2.61088333333333	47200
2.61423333333333	53504
2.61756666666667	51264
2.62090000000000	50688
2.62423333333333	46960
2.62756666666667	42688
2.63091666666667	46160
2.63425000000000	53920
2.63758333333333	49568
2.64091666666667	45216
2.64425000000000	48144
2.64760000000000	50496
2.65093333333333	49040
2.65426666666667	47584
2.65760000000000	46768
2.66093333333333	45952
2.66428333333333	45088
2.66761666666667	44784
2.67095000000000	48992
2.67428333333333	53216
2.67761666666667	55040
2.68096666666667	37552
2.68430000000000	49392
2.68763333333333	27264
2.69096666666667	55136
2.69430000000000	49152
2.69763333333333	60896
2.70096666666667	42768
2.70430000000000	49248
2.70763333333333	43280
2.71096666666667	46384
2.71430000000000	49472
2.71765000000000	38528
2.72098333333333	49344
2.72431666666667	41376
2.72765000000000	42240
2.73098333333333	43088
2.73433333333333	52400
2.73766666666667	56976
2.74100000000000	49408
2.74433333333333	42592
2.74766666666667	53488
2.75101666666667	46640
2.75435000000000	39776
2.75768333333333	43728
2.76101666666667	52848
2.76435000000000	52176
2.76770000000000	49328
2.77103333333333	48320
2.77436666666667	40560
2.77770000000000	59264
2.78103333333333	62752
2.78438333333333	50560
2.78771666666667	46944
2.79105000000000	45648
2.79438333333333	42752
2.79770000000000	39840
2.80105000000000	44736
2.80438333333333	49616
2.80771666666667	48704
2.81105000000000	47792
2.81438333333333	50672
2.81773333333333	54320
2.82106666666667	56224
2.82440000000000	53872
2.82773333333333	51520
2.83106666666667	45520
2.83441666666667	50208
2.83775000000000	50784
2.84108333333333	51344
2.84441666666667	42848
2.84775000000000	47520
2.85108333333333	52208
2.85443333333333	53248
2.85776666666667	52160
2.86110000000000	61104
2.86443333333333	55280
2.86776666666667	49456
2.87111666666667	66496
2.87445000000000	46496
2.87778333333333	51632
2.88111666666667	48848
2.88445000000000	55024
2.88778333333333	57616
2.89111666666667	58528
2.89445000000000	54336
2.89778333333333	37856
2.90111666666667	50784
2.90446666666667	49632
2.90780000000000	52384
2.91113333333333	51440
2.91446666666667	50496
2.91780000000000	50336
2.92115000000000	50160
2.92448333333333	49696
2.92781666666667	49472
2.93115000000000	52880
2.93448333333333	56288
2.93783333333333	54496
2.94116666666667	56896
2.94450000000000	58000
2.94783333333333	53520
2.95116666666667	40784
2.95451666666667	49920
2.95785000000000	55632
2.96118333333333	44976
2.96451666666667	53040
2.96785000000000	51488
2.97120000000000	35184
2.97453333333333	50992
2.97786666666667	59632
2.98120000000000	59168
2.98453333333333	52736
2.98786666666667	52112
2.99121666666667	51488
2.99455000000000	52912
2.99788333333333	56496
3.00121666666667	58096
3.00455000000000	52304
3.00790000000000	58576
3.01123333333333	50032
3.01456666666667	40496
3.01788333333333	61280
3.02121666666667	50864
3.02456666666667	59296
3.02790000000000	60624
3.03123333333333	46256
3.03456666666667	54720
3.03790000000000	54704
3.04125000000000	52480
3.04458333333333	49536
3.04791666666667	43232
3.05125000000000	53840
3.05458333333333	51568
3.05793333333333	50640
3.06126666666667	51840
3.06460000000000	53088
3.06793333333333	54320
3.07126666666667	56688
3.07461666666667	47312
3.07795000000000	59616
3.08128333333333	46352
3.08461666666667	43664
3.08795000000000	64896
3.09130000000000	55120
3.09463333333333	65776
3.09796666666667	60096
3.10130000000000	59696
3.10463333333333	50768
3.10798333333333	58624
3.11131666666667	53344
3.11465000000000	58672
3.11798333333333	59376
3.12131666666667	61872
3.12463333333333	69360
3.12798333333333	46032
3.13131666666667	48944
3.13465000000000	46560
3.13798333333333	63936
3.14131666666667	63984
3.14466666666667	41680
3.14800000000000	59088
3.15133333333333	57328
3.15466666666667	51808
3.15800000000000	46768
3.16135000000000	56016
3.16468333333333	40656
3.16801666666667	57440
3.17135000000000	56864
3.17468333333333	63216
3.17803333333333	58496
3.18136666666667	53248
3.18470000000000	51504
3.18803333333333	53392
3.19136666666667	44544
3.19471666666667	38576
3.19805000000000	60672
3.20138333333333	54192
3.20471666666667	59376
3.20805000000000	57024
3.21140000000000	52400
3.21473333333333	55696
3.21806666666667	54544
3.22140000000000	54256
3.22473333333333	53952
3.22808333333333	54912
3.23141666666667	55024
3.23475000000000	55120
3.23808333333333	53984
3.24140000000000	52832
3.24475000000000	52944
3.24808333333333	53056
3.25141666666667	55744
3.25475000000000	55280
3.25808333333333	54832
3.26141666666667	63504
3.26476666666667	44768
3.26810000000000	53168
3.27143333333333	46432
3.27476666666667	59872
3.27810000000000	61280
3.28145000000000	59792
3.28478333333333	70064
3.28811666666667	69056
3.29145000000000	53952
3.29478333333333	50880
3.29813333333333	41408
3.30146666666667	49184
3.30480000000000	50528
3.30813333333333	53040
3.31146666666667	51760
3.31481666666667	50496
3.31815000000000	52928
3.32148333333333	52688
3.32481666666667	52464
3.32813333333333	44512
3.33148333333333	55920
3.33481666666667	61984
3.33815000000000	58160
3.34148333333333	65472
3.34481666666667	51776
3.34816666666667	58000
3.35150000000000	54864
3.35483333333333	52592
3.35816666666667	50320
3.36150000000000	59328
3.36485000000000	56944
3.36818333333333	62976
3.37151666666667	51152
3.37485000000000	56864
3.37818333333333	51536
3.38153333333333	45536
3.38486666666667	49840
3.38820000000000	54144
3.39153333333333	56480
3.39486666666667	58816
3.39820000000000	57200
3.40155000000000	59904
3.40488333333333	52944
3.40821666666667	55696
3.41155000000000	48832
3.41486666666667	60320
3.41821666666667	62144
3.42155000000000	53456
3.42488333333333	61968
3.42821666666667	42912
3.43155000000000	63952
3.43490000000000	47648
3.43823333333333	58992
3.44156666666667	41536
3.44490000000000	56144
3.44823333333333	50608
3.45158333333333	59600
3.45491666666667	60128
3.45825000000000	69456
3.46158333333333	62336
3.46491666666667	68576
3.46826666666667	58160
3.47160000000000	59056
3.47493333333333	39424
3.47826666666667	59296
3.48160000000000	46880
3.48495000000000	51568
3.48828333333333	56064
3.49161666666667	53536
3.49495000000000	54304
3.49828333333333	55072
3.50163333333333	50640
3.50496666666667	50992
3.50830000000000	51344
3.51163333333333	58272
3.51496666666667	60560
3.51830000000000	52048
3.52163333333333	59088
3.52496666666667	49616
3.52830000000000	50624
3.53163333333333	51152
3.53496666666667	49328
3.53831666666667	47504
3.54165000000000	49328
3.54498333333333	51168
3.54831666666667	50432
3.55165000000000	60528
3.55500000000000	71312
3.55833333333333	71024
3.56166666666667	47584
3.56500000000000	53904
3.56833333333333	42464
3.57168333333333	46240
3.57501666666667	50016
3.57835000000000	51600
3.58168333333333	53168
3.58501666666667	55840
3.58836666666667	45984
3.59170000000000	45872
3.59503333333333	41776
3.59836666666667	46128
3.60168333333333	50480
3.60503333333333	61200
3.60836666666667	61536
3.61170000000000	59424
3.61503333333333	51280
3.61836666666667	47808
3.62171666666667	44224
3.62505000000000	31832
3.62838333333333	35984
3.63171666666667	40128
3.63505000000000	43456
3.63840000000000	46800
3.64173333333333	46880
3.64506666666667	46976
3.64840000000000	60880
3.65173333333333	60368
3.65508333333333	64336
3.65841666666667	39456
3.66175000000000	54400
3.66508333333333	65872
3.66841666666667	49680
3.67175000000000	63424
3.67510000000000	52784
3.67843333333333	59056
3.68176666666667	45584
3.68510000000000	67088
3.68843333333333	61024
3.69178333333333	52208
3.69511666666667	57024
3.69845000000000	46432
3.70178333333333	44080
3.70511666666667	41744
3.70846666666667	42800
3.71180000000000	43856
3.71513333333333	48896
3.71846666666667	53920
3.72180000000000	52528
3.72515000000000	48720
3.72848333333333	57184
3.73181666666667	59088
3.73515000000000	50736
3.73848333333333	56224
3.74181666666667	52272
3.74515000000000	58512
3.74848333333333	39648
3.75181666666667	53280
3.75515000000000	48256
3.75850000000000	59808
3.76183333333333	52000
3.76516666666667	44192
3.76850000000000	62688
3.77183333333333	58704
3.77518333333333	57776
3.77851666666667	53072
3.78185000000000	41952
3.78518333333333	49376
3.78851666666667	55584
3.79186666666667	67568
3.79520000000000	59248
3.79853333333333	58384
3.80186666666667	46960
3.80520000000000	57040
3.80853333333333	58128
3.81188333333333	62240
3.81521666666667	56512
3.81855000000000	40960
3.82188333333333	49248
3.82521666666667	51120
3.82856666666667	48784
3.83190000000000	46448
3.83523333333333	51504
3.83856666666667	50416
3.84188333333333	49312
3.84523333333333	50384
3.84856666666667	49744
3.85190000000000	49088
3.85523333333333	46512
3.85856666666667	57600
3.86191666666667	53696
3.86525000000000	49792
3.86858333333333	55664
3.87191666666667	57952
3.87525000000000	52112
3.87860000000000	61520
3.88193333333333	61248
3.88526666666667	50912
3.88860000000000	56224
3.89193333333333	47536
3.89528333333333	43792
3.89861666666667	56976
3.90195000000000	52592
3.90528333333333	52416
3.90861666666667	51120
3.91196666666667	49696
3.91530000000000	48288
3.91863333333333	53744
3.92196666666667	59200
3.92530000000000	41232
3.92865000000000	64256
3.93198333333333	62256
3.93531666666667	49104
3.93865000000000	35504
3.94196666666667	49344
3.94530000000000	46656
3.94865000000000	50592
3.95198333333333	49040
3.95531666666667	47488
3.95865000000000	45568
3.96198333333333	43648
3.96533333333333	53328
3.96866666666667	52336
3.97200000000000	51344
3.97533333333333	55728
3.97866666666667	58400
3.98201666666667	55424
3.98535000000000	56640
3.98868333333333	57856
3.99201666666667	53584
3.99535000000000	55200
3.99870000000000	56832
4.00203333333333	58640
4.00536666666667	45600
4.00870000000000	36464
4.01203333333333	47184
4.01538333333333	45296
4.01871666666667	47344
4.02205000000000	38240
4.02538333333333	29132
4.02870000000000	51168
4.03205000000000	48288
4.03538333333333	67136
4.03871666666667	50112
4.04205000000000	49888
4.04538333333333	55936
4.04873333333333	60336
4.05206666666667	56272
4.05540000000000	60864
4.05873333333333	52592
4.06206666666667	58096
4.06541666666667	47728
4.06875000000000	51424
4.07208333333333	55136
4.07541666666667	41552
4.07875000000000	57360
4.08208333333333	44304
4.08543333333333	59632
4.08876666666667	53536
4.09210000000000	65888
4.09543333333333	48896
4.09876666666667	57984
4.10211666666667	46192
4.10545000000000	57648
4.10878333333333	47120
4.11211666666667	60576
4.11545000000000	52176
4.11880000000000	56768
4.12213333333333	58336
4.12546666666667	59456
4.12880000000000	50736
4.13211666666667	60032
4.13546666666667	59360
4.13880000000000	58688
4.14213333333333	61408
4.14546666666667	54736
4.14880000000000	55728
4.15215000000000	55344
4.15548333333333	39616
4.15881666666667	57904
4.16215000000000	59664
4.16548333333333	39024
4.16883333333333	40016
4.17216666666667	65040
4.17550000000000	37600
4.17883333333333	58224
4.18216666666667	55376
4.18551666666667	57680
4.18885000000000	58080
4.19218333333333	58480
4.19551666666667	61216
4.19885000000000	66112
4.20220000000000	42848
4.20553333333333	67520
4.20886666666667	39984
4.21220000000000	58656
4.21553333333333	64528
4.21886666666667	47936
4.22221666666667	61392
4.22555000000000	69728
4.22888333333333	52752
4.23221666666667	71120
4.23553333333333	47344
4.23888333333333	36304
4.24221666666667	61696
4.24555000000000	62928
4.24888333333333	47024
4.25221666666667	64848
4.25556666666667	61680
4.25890000000000	46064
4.26223333333333	60400
4.26556666666667	45600
4.26890000000000	65616
4.27225000000000	69136
4.27558333333333	46768
4.27891666666667	67600
4.28225000000000	67184
4.28558333333333	66672
4.28893333333333	55712
4.29226666666667	51840
4.29560000000000	40160
4.29893333333333	61664
4.30226666666667	60592
4.30561666666667	59264
4.30895000000000	48576
4.31228333333333	55984
4.31561666666667	60224
4.31893333333333	53824
4.32228333333333	40704
4.32561666666667	35456
4.32895000000000	56592
4.33228333333333	61952
4.33561666666667	52928
4.33896666666667	44640
4.34230000000000	52288
4.34563333333333	56944
4.34896666666667	63808
4.35230000000000	69648
4.35563333333333	65520
4.35898333333333	55888
4.36231666666667	50080
4.36565000000000	59104
4.36898333333333	63136
4.37231666666667	43888
4.37566666666667	55440
4.37900000000000	56576
4.38233333333333	58768
4.38566666666667	51120
4.38900000000000	56944
4.39235000000000	59392
4.39568333333333	48448
4.39901666666667	53968
4.40235000000000	54144
4.40568333333333	51584
4.40901666666667	50368
4.41235000000000	44896
4.41568333333333	52592
4.41901666666667	52768
4.42235000000000	52944
4.42570000000000	48144
4.42903333333333	53536
4.43236666666667	60720
4.43570000000000	63632
4.43903333333333	54656
4.44238333333333	39408
4.44571666666667	49072
4.44905000000000	52400
4.45238333333333	47648
4.45571666666667	42896
4.45906666666667	50704
4.46240000000000	50912
4.46573333333333	51120
4.46906666666667	59952
4.47240000000000	59856
4.47575000000000	49504
4.47908333333333	61440
4.48241666666667	48864
4.48575000000000	61344
4.48908333333333	38816
4.49240000000000	55536
4.49575000000000	59584
