1.50330000000000	1543
1.50663333333333	0
1.50996666666667	0
1.51330000000000	0
1.51663333333333	0
1.51998333333333	0
1.52331666666667	0
1.52665000000000	0
1.52998333333333	0
1.53331666666667	0
1.53666666666667	0
1.54000000000000	0
1.54333333333333	0
1.54666666666667	0
1.55000000000000	0
1.55335000000000	0
1.55668333333333	0
1.56001666666667	0
1.56335000000000	0
1.56668333333333	0
1.57003333333333	0
1.57336666666667	0
1.57670000000000	0
1.58003333333333	0
1.58336666666667	748
1.58671666666667	374
1.59005000000000	0
1.59338333333333	0
1.59671666666667	0
1.60005000000000	0
1.60340000000000	0
1.60673333333333	0
1.61006666666667	0
1.61340000000000	1898
1.61673333333333	2070
1.62008333333333	0
1.62341666666667	0
1.62675000000000	44
1.63008333333333	0
1.63341666666667	0
1.63676666666667	0
1.64010000000000	0
1.64343333333333	0
1.64676666666667	0
1.65010000000000	0
1.65345000000000	0
1.65678333333333	0
1.66011666666667	0
1.66345000000000	0
1.66678333333333	0
1.67013333333333	0
1.67346666666667	0
1.67680000000000	0
1.68013333333333	0
1.68346666666667	0
1.68681666666667	0
1.69015000000000	0
1.69348333333333	0
1.69681666666667	0
1.70015000000000	0
1.70350000000000	0
1.70683333333333	0
1.71016666666667	0
1.71350000000000	0
1.71683333333333	0
1.72018333333333	0
1.72351666666667	0
1.72685000000000	0
1.73018333333333	0
1.73351666666667	0
1.73686666666667	0
1.74020000000000	0
1.74353333333333	0
1.74686666666667	0
1.75020000000000	0
1.75355000000000	0
1.75688333333333	0
1.76021666666667	0
1.76355000000000	0
1.76688333333333	0
1.77023333333333	0
1.77356666666667	0
1.77690000000000	0
1.78023333333333	0
1.78356666666667	0
1.78691666666667	0
1.79025000000000	0
1.79358333333333	526
1.79691666666667	263
1.80025000000000	0
1.80360000000000	0
1.80693333333333	0
1.81026666666667	0
1.81360000000000	0
1.81693333333333	0
1.82026666666667	0
1.82361666666667	0
1.82695000000000	0
1.83028333333333	0
1.83361666666667	0
1.83695000000000	0
1.84030000000000	0
1.84363333333333	0
1.84696666666667	0
1.85030000000000	0
1.85363333333333	0
1.85698333333333	0
1.86031666666667	0
1.86365000000000	0
1.86698333333333	0
1.87031666666667	0
1.87366666666667	0
1.87700000000000	0
1.88033333333333	0
1.88366666666667	58
1.88700000000000	44
1.89035000000000	0
1.89368333333333	0
1.89701666666667	0
1.90035000000000	0
1.90368333333333	0
1.90703333333333	0
1.91036666666667	0
1.91370000000000	0
1.91703333333333	0
1.92036666666667	0
1.92371666666667	0
1.92705000000000	0
1.93038333333333	0
1.93371666666667	0
1.93705000000000	0
1.94040000000000	0
1.94373333333333	0
1.94706666666667	0
1.95040000000000	0
1.95373333333333	0
1.95708333333333	0
1.96041666666667	0
1.96375000000000	0
1.96708333333333	0
1.97041666666667	0
1.97376666666667	0
1.97710000000000	0
1.98043333333333	0
1.98376666666667	0
1.98710000000000	0
1.99045000000000	0
1.99378333333333	0
1.99711666666667	0
2.00045000000000	0
2.00378333333333	0
2.00713333333333	0
2.01046666666667	0
2.01380000000000	0
2.01713333333333	0
2.02046666666667	0
2.02381666666667	0
2.02715000000000	0
2.03048333333333	0
2.03381666666667	0
2.03715000000000	0
2.04050000000000	0
2.04383333333333	0
2.04716666666667	0
2.05050000000000	0
2.05383333333333	0
2.05718333333333	0
2.06051666666667	0
2.06385000000000	0
2.06718333333333	0
2.07051666666667	0
2.07386666666667	44
2.07720000000000	46
2.08053333333333	0
2.08386666666667	0
2.08720000000000	0
2.09055000000000	0
2.09388333333333	0
2.09721666666667	0
2.10055000000000	0
2.10388333333333	0
2.10723333333333	0
2.11056666666667	0
2.11390000000000	0
2.11723333333333	0
2.12056666666667	0
2.12391666666667	0
2.12725000000000	0
2.13058333333333	0
2.13391666666667	0
2.13725000000000	0
2.14060000000000	0
2.14393333333333	0
2.14726666666667	0
2.15060000000000	0
2.15393333333333	0
2.15726666666667	0
2.16061666666667	0
2.16395000000000	0
2.16728333333333	0
2.17061666666667	0
2.17395000000000	0
2.17730000000000	0
2.18063333333333	0
2.18396666666667	0
2.18730000000000	0
2.19063333333333	0
2.19398333333333	0
2.19731666666667	0
2.20065000000000	0
2.20398333333333	0
2.20731666666667	0
2.21066666666667	0
2.21400000000000	0
2.21733333333333	0
2.22066666666667	0
2.22400000000000	0
2.22735000000000	0
2.23068333333333	0
2.23401666666667	0
2.23735000000000	44
2.24068333333333	22
2.24403333333333	0
2.24736666666667	0
2.25070000000000	0
2.25403333333333	0
2.25736666666667	1709
2.26071666666667	855
2.26405000000000	0
2.26738333333333	0
2.27071666666667	2348
2.27405000000000	1590
2.27740000000000	832
2.28073333333333	2531
2.28406666666667	2500
2.28740000000000	2506
2.29073333333333	2513
2.29408333333333	753
2.29741666666667	1813
2.30075000000000	1573
2.30408333333333	1333
2.30741666666667	3169
2.31076666666667	4814
2.31410000000000	3242
2.31743333333333	1669
2.32076666666667	5968
2.32410000000000	5878
2.32745000000000	6599
2.33078333333333	3400
2.33411666666667	7113
2.33745000000000	8620
2.34078333333333	8264
2.34413333333333	8260
2.34746666666667	8256
2.35080000000000	8169
2.35413333333333	8084
2.35746666666667	9512
2.36081666666667	10000
2.36415000000000	10492
2.36748333333333	8017
2.37081666666667	7697
2.37415000000000	15464
2.37750000000000	12032
2.38083333333333	8600
2.38416666666667	18152
2.38750000000000	24516
2.39083333333333	31004
2.39418333333333	18008
2.39751666666667	33776
2.40085000000000	10400
2.40418333333333	19436
2.40751666666667	15468
2.41086666666667	35504
2.41420000000000	31156
2.41753333333333	20152
2.42086666666667	25792
2.42420000000000	21388
2.42755000000000	22976
2.43088333333333	25724
2.43421666666667	27064
2.43755000000000	26504
2.44088333333333	25252
2.44423333333333	25584
2.44756666666667	25916
2.45090000000000	25972
2.45423333333333	26032
2.45756666666667	27856
2.46091666666667	40736
2.46425000000000	40128
2.46758333333333	25268
2.47091666666667	40304
2.47425000000000	41024
2.47760000000000	26900
2.48093333333333	22468
2.48426666666667	36688
2.48760000000000	31880
2.49093333333333	27076
2.49426666666667	32648
2.49761666666667	36208
2.50095000000000	35232
2.50428333333333	17628
2.50761666666667	42992
2.51095000000000	30788
2.51430000000000	30484
2.51763333333333	30320
2.52096666666667	14292
2.52430000000000	21684
2.52763333333333	29080
2.53098333333333	48560
2.53431666666667	43776
2.53765000000000	34352
2.54098333333333	21700
2.54431666666667	38992
2.54766666666667	34976
2.55100000000000	35808
2.55433333333333	14448
2.55766666666667	31024
2.56100000000000	22892
2.56435000000000	32944
2.56768333333333	28988
2.57101666666667	29912
2.57435000000000	33552
2.57768333333333	34304
2.58101666666667	34048
2.58435000000000	31492
2.58768333333333	28940
2.59101666666667	34512
2.59435000000000	54832
2.59770000000000	53136
2.60103333333333	28980
2.60436666666667	36784
2.60770000000000	47824
2.61103333333333	46320
2.61438333333333	41168
2.61771666666667	49184
2.62105000000000	45520
2.62438333333333	37632
2.62771666666667	22832
2.63106666666667	38672
2.63440000000000	35792
2.63773333333333	32896
2.64106666666667	44688
2.64440000000000	45392
2.64775000000000	51152
2.65108333333333	40736
2.65441666666667	41328
2.65775000000000	41936
2.66108333333333	48384
2.66443333333333	28380
2.66776666666667	47904
2.67110000000000	43840
2.67443333333333	40816
2.67776666666667	38208
2.68111666666667	50544
2.68445000000000	27180
2.68778333333333	44768
2.69111666666667	43056
2.69445000000000	41344
2.69780000000000	44816
2.70113333333333	48288
2.70446666666667	38256
2.70780000000000	28228
2.71113333333333	37824
2.71448333333333	45024
2.71781666666667	36272
2.72115000000000	36608
2.72448333333333	25012
2.72781666666667	28316
2.73116666666667	58544
2.73450000000000	55376
2.73783333333333	25092
2.74116666666667	34944
2.74450000000000	31712
2.74785000000000	35152
2.75118333333333	38592
2.75451666666667	48304
2.75785000000000	51936
2.76118333333333	52608
2.76453333333333	30432
2.76786666666667	45248
2.77120000000000	37808
2.77453333333333	42448
2.77786666666667	49472
2.78121666666667	24484
2.78455000000000	54832
2.78788333333333	35536
2.79121666666667	53472
2.79455000000000	37904
2.79790000000000	54736
2.80123333333333	53872
2.80456666666667	36048
2.80790000000000	38544
2.81123333333333	38256
2.81458333333333	35488
2.81791666666667	40128
2.82125000000000	38352
2.82458333333333	36576
2.82791666666667	41456
2.83125000000000	62752
2.83460000000000	57808
2.83793333333333	42112
2.84126666666667	57008
2.84460000000000	37648
2.84793333333333	30872
2.85128333333333	61728
2.85461666666667	44432
2.85795000000000	39280
2.86128333333333	35680
2.86461666666667	34096
2.86796666666667	35136
2.87130000000000	38096
2.87463333333333	40352
2.87796666666667	42608
2.88130000000000	44400
2.88465000000000	20828
2.88798333333333	41744
2.89131666666667	44560
2.89465000000000	46736
2.89798333333333	18504
2.90133333333333	62336
2.90466666666667	50160
2.90800000000000	47584
2.91133333333333	25484
2.91466666666667	32100
2.91801666666667	52608
2.92135000000000	46848
2.92468333333333	41840
2.92801666666667	51680
2.93135000000000	36704
2.93470000000000	47840
2.93803333333333	38560
2.94136666666667	43472
2.94470000000000	45872
2.94803333333333	35440
2.95138333333333	58816
2.95471666666667	61824
2.95805000000000	58512
2.96138333333333	39536
2.96471666666667	44448
2.96806666666667	31612
2.97140000000000	41200
2.97473333333333	38208
2.97806666666667	40240
2.98140000000000	29832
2.98475000000000	27268
2.98808333333333	32784
2.99141666666667	23072
2.99475000000000	40944
2.99808333333333	42464
3.00143333333333	38112
3.00476666666667	46160
3.00810000000000	47776
3.01143333333333	49392
3.01476666666667	52368
3.01811666666667	50144
3.02145000000000	47920
3.02478333333333	46688
3.02811666666667	50256
3.03145000000000	47408
3.03480000000000	50208
3.03813333333333	50176
3.04146666666667	50144
3.04480000000000	34432
3.04813333333333	25884
3.05148333333333	46672
3.05481666666667	39760
3.05815000000000	32848
3.06148333333333	43984
3.06481666666667	42528
3.06816666666667	41072
3.07150000000000	45248
3.07483333333333	61712
3.07816666666667	59872
3.08150000000000	50912
3.08485000000000	49648
3.08818333333333	61920
3.09151666666667	59808
3.09485000000000	43152
3.09818333333333	36672
3.10153333333333	38880
3.10486666666667	42912
3.10820000000000	39968
3.11153333333333	24844
3.11486666666667	36352
3.11821666666667	42592
3.12155000000000	48704
3.12488333333333	36768
3.12821666666667	45024
3.13155000000000	40800
3.13490000000000	38752
3.13823333333333	44640
3.14156666666667	45360
3.14490000000000	48784
3.14823333333333	35280
3.15158333333333	43664
3.15491666666667	44752
3.15825000000000	46256
3.16158333333333	44160
3.16491666666667	42064
3.16825000000000	40480
3.17160000000000	38896
3.17493333333333	56656
3.17826666666667	57360
3.18160000000000	51200
3.18493333333333	48096
3.18828333333333	24788
3.19161666666667	35440
3.19495000000000	36720
3.19828333333333	38000
3.20161666666667	41600
3.20496666666667	11768
3.20830000000000	44320
3.21163333333333	57536
3.21496666666667	38320
3.21830000000000	37040
3.22165000000000	39600
3.22498333333333	50928
3.22831666666667	53984
3.23165000000000	49408
3.23498333333333	32928
3.23833333333333	57664
3.24166666666667	60768
3.24500000000000	51920
3.24833333333333	63952
3.25166666666667	44304
3.25501666666667	32008
3.25835000000000	52144
3.26168333333333	41904
3.26501666666667	39280
3.26835000000000	46144
3.27170000000000	60640
3.27503333333333	18080
3.27836666666667	41712
3.28170000000000	54000
3.28503333333333	53440
3.28838333333333	35680
3.29171666666667	49184
3.29505000000000	63136
3.29838333333333	50048
3.30171666666667	41904
3.30506666666667	56528
3.30840000000000	39920
3.31173333333333	49872
3.31506666666667	34912
3.31840000000000	38896
3.32175000000000	30196
3.32508333333333	67824
3.32841666666667	65536
3.33175000000000	66992
3.33508333333333	50256
3.33843333333333	68496
3.34176666666667	40192
3.34510000000000	60096
3.34843333333333	38880
3.35176666666667	50320
3.35511666666667	56688
3.35845000000000	43568
3.36178333333333	60768
3.36511666666667	48480
3.36845000000000	40384
3.37180000000000	50368
3.37513333333333	44320
3.37846666666667	49120
3.38180000000000	46912
3.38513333333333	37376
3.38848333333333	33904
3.39181666666667	30428
3.39515000000000	39568
3.39848333333333	48720
3.40181666666667	45824
3.40516666666667	37808
3.40850000000000	23492
3.41183333333333	44544
3.41516666666667	35648
3.41850000000000	24972
3.42185000000000	32284
3.42518333333333	42912
3.42851666666667	60032
3.43185000000000	53904
3.43518333333333	59056
3.43853333333333	37664
3.44186666666667	33808
3.44520000000000	49664
3.44853333333333	37328
3.45186666666667	45424
3.45521666666667	42496
3.45855000000000	39568
3.46188333333333	43136
3.46521666666667	46704
3.46855000000000	59264
3.47190000000000	58032
3.47523333333333	40912
3.47856666666667	39952
3.48190000000000	52160
3.48523333333333	46064
3.48858333333333	46384
3.49191666666667	46832
3.49525000000000	46384
3.49858333333333	45920
3.50191666666667	40352
3.50525000000000	39968
3.50860000000000	43152
3.51193333333333	38768
3.51526666666667	34384
3.51860000000000	39136
3.52193333333333	43888
3.52528333333333	43776
3.52861666666667	48752
3.53195000000000	52368
3.53528333333333	55984
3.53861666666667	53952
3.54196666666667	49600
3.54530000000000	33520
3.54863333333333	45936
3.55196666666667	38928
3.55530000000000	38784
3.55865000000000	51600
3.56198333333333	31708
3.56531666666667	32044
3.56865000000000	44928
3.57198333333333	41376
3.57533333333333	37808
3.57866666666667	38352
3.58200000000000	38896
3.58533333333333	39376
3.58866666666667	44464
3.59201666666667	43664
3.59535000000000	53344
3.59868333333333	47472
3.60201666666667	41600
3.60535000000000	52704
3.60870000000000	40480
3.61203333333333	46432
3.61536666666667	50432
3.61870000000000	37136
3.62203333333333	41440
3.62538333333333	40256
3.62871666666667	41648
3.63205000000000	40816
3.63538333333333	39984
3.63871666666667	40400
3.64206666666667	37920
3.64540000000000	35440
3.64873333333333	34896
3.65206666666667	34352
3.65540000000000	28360
3.65875000000000	32784
3.66208333333333	29684
3.66541666666667	39120
3.66875000000000	40256
3.67208333333333	28616
3.67543333333333	48144
3.67876666666667	45232
3.68210000000000	46448
3.68543333333333	54784
3.68876666666667	33600
3.69211666666667	47088
3.69545000000000	61088
3.69878333333333	31892
3.70211666666667	40912
3.70545000000000	39312
3.70880000000000	46336
3.71213333333333	24788
3.71546666666667	51120
3.71880000000000	31476
3.72213333333333	43360
3.72548333333333	46000
3.72881666666667	42544
3.73215000000000	39088
3.73548333333333	46112
3.73881666666667	29828
3.74216666666667	36096
3.74550000000000	33184
3.74883333333333	30276
3.75216666666667	39200
3.75550000000000	40928
3.75885000000000	42656
3.76218333333333	46048
3.76551666666667	52336
3.76885000000000	49488
3.77218333333333	50688
3.77553333333333	41056
3.77886666666667	51600
3.78220000000000	27572
3.78553333333333	49952
3.78886666666667	46512
3.79221666666667	32992
3.79555000000000	32644
3.79888333333333	46992
3.80221666666667	37200
3.80555000000000	33584
3.80890000000000	29972
3.81223333333333	37216
3.81556666666667	42288
3.81890000000000	35760
3.82223333333333	29232
3.82558333333333	34400
3.82891666666667	39568
3.83225000000000	51184
3.83558333333333	46352
3.83891666666667	28316
3.84225000000000	22824
3.84560000000000	32976
3.84893333333333	41264
3.85226666666667	40128
3.85560000000000	39008
3.85893333333333	36176
3.86228333333333	39408
3.86561666666667	42272
3.86895000000000	40352
3.87228333333333	38416
3.87561666666667	15412
3.87896666666667	35520
3.88230000000000	45728
3.88563333333333	40864
3.88896666666667	41136
3.89230000000000	42432
3.89565000000000	37952
3.89898333333333	38912
3.90231666666667	29816
3.90565000000000	37168
3.90898333333333	44512
3.91233333333333	45200
3.91566666666667	40896
3.91900000000000	36592
3.92233333333333	36928
3.92566666666667	30888
3.92901666666667	44976
3.93235000000000	43264
3.93568333333333	41536
3.93901666666667	30916
3.94235000000000	47968
3.94570000000000	45136
3.94903333333333	58336
3.95236666666667	49200
3.95570000000000	46128
3.95903333333333	54384
3.96238333333333	27268
3.96571666666667	37200
3.96905000000000	42480
3.97238333333333	37664
3.97571666666667	27896
3.97906666666667	40016
3.98240000000000	34768
3.98573333333333	38096
3.98906666666667	39568
3.99240000000000	51744
3.99575000000000	48928
3.99908333333333	39504
4.00241666666667	32404
4.00575000000000	37600
4.00908333333333	42784
4.01243333333333	27304
4.01576666666667	55264
4.01910000000000	48352
4.02243333333333	36528
4.02576666666667	23660
4.02911666666667	58144
4.03245000000000	39616
4.03578333333333	38608
4.03911666666667	50688
4.04245000000000	52848
4.04580000000000	33952
4.04913333333333	42352
4.05246666666667	47248
4.05580000000000	57088
4.05913333333333	60896
4.06248333333333	60432
4.06581666666667	45296
4.06915000000000	55648
4.07248333333333	57088
4.07581666666667	49472
4.07916666666667	29556
4.08250000000000	34400
4.08583333333333	39552
4.08916666666667	52528
4.09250000000000	53024
4.09585000000000	37888
4.09918333333333	29412
4.10251666666667	44304
4.10585000000000	46128
4.10918333333333	50992
4.11253333333333	32896
4.11586666666667	42992
4.11920000000000	43968
4.12253333333333	30936
4.12586666666667	21800
4.12921666666667	44928
4.13255000000000	37184
4.13588333333333	26532
4.13921666666667	42624
4.14255000000000	29528
4.14590000000000	67648
4.14923333333333	56864
4.15256666666667	71296
4.15590000000000	48496
4.15923333333333	38256
4.16258333333333	43408
4.16591666666667	16360
4.16925000000000	47408
4.17258333333333	62368
4.17591666666667	43776
4.17925000000000	36784
4.18260000000000	55392
4.18593333333333	48960
4.18926666666667	29480
4.19260000000000	37184
4.19593333333333	32616
4.19928333333333	33168
4.20261666666667	42496
4.20595000000000	39728
4.20928333333333	39520
4.21261666666667	42832
4.21596666666667	44480
4.21930000000000	46112
4.22263333333333	43584
4.22596666666667	41040
4.22930000000000	44336
4.23265000000000	47648
4.23598333333333	36336
4.23931666666667	42432
4.24265000000000	48512
4.24598333333333	28444
4.24933333333333	42768
4.25266666666667	47248
4.25600000000000	50256
4.25933333333333	40672
4.26266666666667	38496
4.26601666666667	36304
4.26935000000000	33840
4.27268333333333	24468
4.27601666666667	33888
4.27935000000000	34448
4.28270000000000	35008
4.28603333333333	39104
4.28936666666667	43216
4.29270000000000	40944
4.29603333333333	40304
4.29938333333333	50224
4.30271666666667	53824
4.30605000000000	44976
4.30938333333333	33984
4.31271666666667	39520
4.31606666666667	45056
4.31940000000000	38544
4.32273333333333	35056
4.32606666666667	51392
4.32940000000000	49952
4.33275000000000	43504
4.33608333333333	23460
4.33941666666667	49728
4.34275000000000	35808
4.34608333333333	35360
4.34943333333333	58160
4.35276666666667	61488
4.35610000000000	65120
4.35943333333333	44800
4.36276666666667	43808
4.36611666666667	44576
4.36945000000000	43824
4.37278333333333	52304
4.37611666666667	31560
4.37945000000000	60992
4.38280000000000	54944
4.38613333333333	46064
4.38946666666667	19108
4.39280000000000	46304
4.39613333333333	54656
4.39948333333333	53664
4.40281666666667	22164
4.40615000000000	48432
4.40948333333333	58832
4.41281666666667	30972
4.41616666666667	46544
4.41950000000000	50128
4.42283333333333	30060
4.42616666666667	46400
4.42950000000000	40320
4.43285000000000	32760
4.43618333333333	25192
4.43951666666667	33600
4.44285000000000	24944
4.44618333333333	30048
4.44953333333333	35152
4.45286666666667	24180
4.45620000000000	32608
4.45953333333333	32428
4.46286666666667	44272
4.46621666666667	42560
4.46955000000000	44800
4.47288333333333	47040
4.47621666666667	25900
4.47955000000000	53136
4.48290000000000	42400
4.48623333333333	42912
4.48956666666667	45728
4.49290000000000	24948
4.49623333333333	63120
