1.50330000000000	0
1.50663333333333	0
1.50996666666667	0
1.51330000000000	0
1.51663333333333	0
1.51998333333333	0
1.52331666666667	0
1.52665000000000	0
1.52998333333333	0
1.53331666666667	0
1.53666666666667	0
1.54000000000000	0
1.54333333333333	0
1.54666666666667	0
1.55000000000000	0
1.55335000000000	0
1.55668333333333	0
1.56001666666667	0
1.56335000000000	0
1.56668333333333	0
1.57003333333333	0
1.57336666666667	0
1.57670000000000	0
1.58003333333333	0
1.58336666666667	0
1.58671666666667	0
1.59005000000000	0
1.59338333333333	0
1.59671666666667	0
1.60005000000000	0
1.60340000000000	0
1.60673333333333	0
1.61006666666667	0
1.61340000000000	0
1.61673333333333	0
1.62008333333333	0
1.62341666666667	0
1.62675000000000	0
1.63008333333333	0
1.63341666666667	0
1.63676666666667	0
1.64010000000000	0
1.64343333333333	0
1.64676666666667	0
1.65010000000000	0
1.65345000000000	0
1.65678333333333	0
1.66011666666667	0
1.66345000000000	0
1.66678333333333	0
1.67013333333333	0
1.67346666666667	0
1.67680000000000	0
1.68013333333333	0
1.68346666666667	0
1.68681666666667	0
1.69015000000000	0
1.69348333333333	0
1.69681666666667	0
1.70015000000000	0
1.70350000000000	0
1.70683333333333	0
1.71016666666667	0
1.71350000000000	0
1.71683333333333	0
1.72018333333333	0
1.72351666666667	0
1.72685000000000	0
1.73018333333333	0
1.73351666666667	0
1.73686666666667	0
1.74020000000000	0
1.74353333333333	0
1.74686666666667	0
1.75020000000000	0
1.75355000000000	0
1.75688333333333	0
1.76021666666667	0
1.76355000000000	0
1.76688333333333	0
1.77023333333333	0
1.77356666666667	0
1.77690000000000	0
1.78023333333333	0
1.78356666666667	0
1.78691666666667	0
1.79025000000000	0
1.79358333333333	0
1.79691666666667	0
1.80025000000000	0
1.80360000000000	0
1.80693333333333	0
1.81026666666667	0
1.81360000000000	0
1.81693333333333	0
1.82026666666667	0
1.82361666666667	0
1.82695000000000	0
1.83028333333333	0
1.83361666666667	0
1.83695000000000	0
1.84030000000000	0
1.84363333333333	0
1.84696666666667	0
1.85030000000000	0
1.85363333333333	0
1.85698333333333	0
1.86031666666667	0
1.86365000000000	0
1.86698333333333	0
1.87031666666667	0
1.87366666666667	0
1.87700000000000	0
1.88033333333333	0
1.88366666666667	0
1.88700000000000	0
1.89035000000000	0
1.89368333333333	0
1.89701666666667	0
1.90035000000000	0
1.90368333333333	0
1.90703333333333	0
1.91036666666667	0
1.91370000000000	0
1.91703333333333	0
1.92036666666667	0
1.92371666666667	0
1.92705000000000	0
1.93038333333333	0
1.93371666666667	0
1.93705000000000	0
1.94040000000000	0
1.94373333333333	0
1.94706666666667	0
1.95040000000000	0
1.95373333333333	0
1.95708333333333	0
1.96041666666667	0
1.96375000000000	0
1.96708333333333	0
1.97041666666667	0
1.97376666666667	0
1.97710000000000	0
1.98043333333333	0
1.98376666666667	0
1.98710000000000	0
1.99045000000000	0
1.99378333333333	0
1.99711666666667	0
2.00045000000000	0
2.00378333333333	0
2.00711666666667	0
2.01045000000000	0
2.01378333333333	0
2.01711666666667	2204
2.02045000000000	1881
2.02380000000000	0
2.02713333333333	0
2.03046666666667	0
2.03380000000000	0
2.03713333333333	0
2.04048333333333	0
2.04381666666667	0
2.04715000000000	0
2.05048333333333	0
2.05381666666667	0
2.05716666666667	0
2.06050000000000	0
2.06383333333333	0
2.06716666666667	0
2.07050000000000	0
2.07385000000000	0
2.07718333333333	0
2.08051666666667	0
2.08385000000000	0
2.08718333333333	0
2.09053333333333	0
2.09386666666667	0
2.09720000000000	0
2.10053333333333	0
2.10386666666667	0
2.10721666666667	0
2.11055000000000	0
2.11388333333333	0
2.11721666666667	0
2.12055000000000	0
2.12390000000000	0
2.12723333333333	0
2.13056666666667	0
2.13390000000000	0
2.13723333333333	0
2.14058333333333	0
2.14391666666667	0
2.14725000000000	0
2.15058333333333	0
2.15391666666667	0
2.15725000000000	0
2.16060000000000	0
2.16393333333333	0
2.16726666666667	0
2.17060000000000	0
2.17393333333333	0
2.17728333333333	0
2.18061666666667	0
2.18395000000000	0
2.18728333333333	0
2.19061666666667	0
2.19396666666667	0
2.19730000000000	0
2.20063333333333	0
2.20396666666667	0
2.20730000000000	154
2.21065000000000	1555
2.21398333333333	1584
2.21731666666667	1088
2.22065000000000	0
2.22398333333333	782
2.22733333333333	0
2.23066666666667	0
2.23400000000000	0
2.23733333333333	0
2.24066666666667	671
2.24401666666667	1342
2.24735000000000	1799
2.25068333333333	1106
2.25401666666667	920
2.25735000000000	1801
2.26070000000000	0
2.26403333333333	0
2.26736666666667	770
2.27070000000000	0
2.27403333333333	704
2.27738333333333	352
2.28071666666667	0
2.28405000000000	1024
2.28738333333333	1188
2.29071666666667	1352
2.29406666666667	1201
2.29740000000000	1472
2.30073333333333	862
2.30406666666667	7209
2.30740000000000	8340
2.31075000000000	4978
2.31408333333333	6077
2.31741666666667	5994
2.32075000000000	5926
2.32408333333333	5859
2.32743333333333	4888
2.33076666666667	5560
2.33410000000000	7012
2.33743333333333	7268
2.34076666666667	7523
2.34411666666667	3868
2.34745000000000	12232
2.35078333333333	15108
2.35411666666667	10968
2.35745000000000	7858
2.36080000000000	10480
2.36413333333333	8816
2.36746666666667	6982
2.37080000000000	5149
2.37413333333333	8668
2.37748333333333	5637
2.38081666666667	5634
2.38415000000000	5631
2.38748333333333	21364
2.39081666666667	22420
2.39416666666667	22684
2.39750000000000	24316
2.40083333333333	9776
2.40416666666667	30000
2.40750000000000	14428
2.41085000000000	17556
2.41418333333333	18072
2.41751666666667	21000
2.42085000000000	21040
2.42418333333333	21084
2.42753333333333	14612
2.43086666666667	8141
2.43420000000000	17744
2.43753333333333	22352
2.44086666666667	16688
2.44421666666667	16444
2.44755000000000	22220
2.45088333333333	23896
2.45421666666667	21176
2.45755000000000	15968
2.46090000000000	22220
2.46423333333333	30040
2.46756666666667	27904
2.47090000000000	28500
2.47423333333333	29096
2.47758333333333	20160
2.48091666666667	26892
2.48425000000000	31936
2.48758333333333	27420
2.49091666666667	22908
2.49425000000000	32816
2.49760000000000	26852
2.50093333333333	21244
2.50426666666667	24924
2.50760000000000	22296
2.51093333333333	22540
2.51428333333333	22780
2.51761666666667	25320
2.52095000000000	27856
2.52428333333333	24764
2.52761666666667	21672
2.53096666666667	39632
2.53430000000000	33536
2.53763333333333	27452
2.54096666666667	23496
2.54430000000000	25644
2.54765000000000	23448
2.55098333333333	22992
2.55431666666667	22540
2.55765000000000	39728
2.56098333333333	38176
2.56433333333333	37392
2.56766666666667	29588
2.57100000000000	34560
2.57433333333333	44256
2.57766666666667	40064
2.58101666666667	48176
2.58435000000000	43360
2.58768333333333	36768
2.59101666666667	24584
2.59435000000000	20996
2.59770000000000	27628
2.60103333333333	29500
2.60436666666667	46032
2.60770000000000	43760
2.61103333333333	61792
2.61438333333333	52608
2.61771666666667	46048
2.62105000000000	36080
2.62438333333333	26232
2.62771666666667	34976
2.63106666666667	21416
2.63440000000000	29060
2.63773333333333	36704
2.64106666666667	35440
2.64440000000000	34160
2.64775000000000	45680
2.65108333333333	57488
2.65441666666667	52656
2.65775000000000	49760
2.66108333333333	52624
2.66443333333333	33104
2.66776666666667	34688
2.67110000000000	36528
2.67443333333333	31868
2.67776666666667	27204
2.68111666666667	31992
2.68445000000000	41792
2.68778333333333	39568
2.69111666666667	29896
2.69445000000000	37232
2.69780000000000	26728
2.70113333333333	36624
2.70446666666667	33600
2.70780000000000	30572
2.71113333333333	45168
2.71448333333333	45104
2.71781666666667	43072
2.72115000000000	42352
2.72448333333333	29296
2.72781666666667	35552
2.73116666666667	40608
2.73450000000000	45680
2.73783333333333	41248
2.74116666666667	36864
2.74450000000000	52384
2.74785000000000	48816
2.75118333333333	37232
2.75451666666667	35952
2.75785000000000	48320
2.76118333333333	45392
2.76453333333333	45472
2.76786666666667	27956
2.77120000000000	49344
2.77453333333333	42112
2.77786666666667	43392
2.78121666666667	26324
2.78455000000000	44960
2.78788333333333	38736
2.79121666666667	35536
2.79455000000000	29428
2.79790000000000	23312
2.80123333333333	32028
2.80456666666667	29424
2.80790000000000	26820
2.81123333333333	38576
2.81458333333333	35184
2.81791666666667	53584
2.82125000000000	48528
2.82458333333333	22764
2.82791666666667	34128
2.83125000000000	44064
2.83460000000000	34000
2.83793333333333	37360
2.84126666666667	31208
2.84460000000000	25056
2.84793333333333	46416
2.85128333333333	44112
2.85461666666667	52848
2.85795000000000	49920
2.86128333333333	50976
2.86461666666667	38672
2.86796666666667	50592
2.87130000000000	20040
2.87463333333333	49088
2.87796666666667	38832
2.88130000000000	47488
2.88465000000000	22724
2.88798333333333	46352
2.89131666666667	45152
2.89465000000000	32864
2.89798333333333	35888
2.90133333333333	43872
2.90466666666667	32600
2.90800000000000	39632
2.91133333333333	36464
2.91466666666667	38080
2.91801666666667	38528
2.92135000000000	38992
2.92468333333333	38384
2.92801666666667	37792
2.93135000000000	29824
2.93470000000000	36272
2.93803333333333	35184
2.94136666666667	34096
2.94470000000000	42080
2.94803333333333	40480
2.95138333333333	26804
2.95471666666667	41632
2.95805000000000	38992
2.96138333333333	37952
2.96471666666667	36896
2.96806666666667	45600
2.97140000000000	28728
2.97473333333333	34960
2.97806666666667	30116
2.98140000000000	36640
2.98475000000000	43168
2.98808333333333	39376
2.99141666666667	35584
2.99475000000000	43264
2.99808333333333	33488
3.00143333333333	39792
3.00476666666667	46096
3.00810000000000	51616
3.01143333333333	48848
3.01476666666667	31568
3.01811666666667	44896
3.02145000000000	49152
3.02478333333333	58192
3.02811666666667	42496
3.03145000000000	39520
3.03480000000000	43568
3.03813333333333	26688
3.04146666666667	49216
3.04480000000000	41216
3.04813333333333	54640
3.05148333333333	53904
3.05481666666667	33776
3.05815000000000	49616
3.06148333333333	61056
3.06481666666667	37152
3.06816666666667	31784
3.07150000000000	46496
3.07483333333333	35536
3.07816666666667	28248
3.08150000000000	27664
3.08485000000000	52064
3.08818333333333	53280
3.09151666666667	37328
3.09485000000000	59728
3.09818333333333	48752
3.10153333333333	60736
3.10486666666667	44688
3.10820000000000	32912
3.11153333333333	40112
3.11486666666667	35904
3.11821666666667	42192
3.12155000000000	48464
3.12488333333333	50032
3.12821666666667	23776
3.13155000000000	40272
3.13490000000000	37760
3.13823333333333	42416
3.14156666666667	33344
3.14490000000000	44800
3.14823333333333	41312
3.15158333333333	56896
3.15491666666667	52640
3.15825000000000	61008
3.16158333333333	24936
3.16491666666667	45840
3.16825000000000	45904
3.17160000000000	42144
3.17493333333333	43904
3.17826666666667	45680
3.18160000000000	44240
3.18493333333333	49648
3.18828333333333	55520
3.19161666666667	61264
3.19495000000000	32044
3.19828333333333	41392
3.20161666666667	42368
3.20496666666667	45408
3.20830000000000	47120
3.21163333333333	48736
3.21496666666667	50336
3.21830000000000	53264
3.22165000000000	32324
3.22498333333333	53872
3.22831666666667	31384
3.23165000000000	37568
3.23498333333333	46608
3.23833333333333	54128
3.24166666666667	53152
3.24500000000000	61600
3.24833333333333	70048
3.25166666666667	30644
3.25501666666667	60112
3.25835000000000	42240
3.26168333333333	24376
3.26501666666667	39504
3.26835000000000	53520
3.27170000000000	41328
3.27503333333333	29152
3.27836666666667	61696
3.28170000000000	44416
3.28503333333333	55584
3.28838333333333	40432
3.29171666666667	49600
3.29505000000000	38608
3.29838333333333	29580
3.30171666666667	38352
3.30506666666667	49568
3.30840000000000	49568
3.31173333333333	53936
3.31506666666667	25892
3.31840000000000	28640
3.32175000000000	32896
3.32508333333333	36880
3.32841666666667	39072
3.33175000000000	40768
3.33508333333333	42464
3.33843333333333	40224
3.34176666666667	37984
3.34510000000000	30344
3.34843333333333	39440
3.35176666666667	39968
3.35511666666667	40496
3.35845000000000	38336
3.36178333333333	36192
3.36511666666667	39152
3.36845000000000	42112
3.37180000000000	47312
3.37513333333333	46688
3.37846666666667	46048
3.38180000000000	41888
3.38513333333333	59920
3.38848333333333	56224
3.39181666666667	39840
3.39515000000000	57152
3.39848333333333	43040
3.40181666666667	39600
3.40516666666667	53632
3.40850000000000	55984
3.41183333333333	40048
3.41516666666667	33472
3.41850000000000	54272
3.42185000000000	44944
3.42518333333333	54848
3.42851666666667	36912
3.43185000000000	37616
3.43518333333333	47104
3.43853333333333	39808
3.44186666666667	32500
3.44520000000000	20112
3.44853333333333	47888
3.45186666666667	30756
3.45521666666667	52192
3.45855000000000	46416
3.46188333333333	46608
3.46521666666667	39088
3.46855000000000	24900
3.47190000000000	42752
3.47523333333333	62016
3.47856666666667	61744
3.48190000000000	53152
3.48523333333333	43392
3.48858333333333	49824
3.49191666666667	44416
3.49525000000000	48992
3.49858333333333	37744
3.50191666666667	31324
3.50523333333333	21084
3.50858333333333	54160
3.51191666666667	53952
3.51525000000000	51712
3.51858333333333	39536
3.52191666666667	52880
3.52526666666667	48112
3.52860000000000	53984
3.53193333333333	38688
3.53526666666667	18028
3.53860000000000	22768
3.54195000000000	21324
3.54528333333333	39664
3.54861666666667	56640
3.55195000000000	50016
3.55528333333333	53072
3.55863333333333	36096
3.56196666666667	46720
3.56530000000000	52512
3.56863333333333	58544
3.57196666666667	32424
3.57531666666667	61168
3.57865000000000	37552
3.58198333333333	49776
3.58531666666667	39008
3.58865000000000	42528
3.59200000000000	45424
3.59533333333333	37728
3.59866666666667	37808
3.60200000000000	37888
3.60533333333333	50960
3.60868333333333	47504
3.61201666666667	44048
3.61535000000000	45648
3.61868333333333	47248
3.62201666666667	43376
3.62536666666667	56528
3.62870000000000	54176
3.63203333333333	34736
3.63536666666667	51504
3.63870000000000	28356
3.64205000000000	28888
3.64538333333333	43008
3.64871666666667	35888
3.65205000000000	49696
3.65538333333333	49728
3.65873333333333	51648
3.66206666666667	49440
3.66540000000000	52832
3.66873333333333	34256
3.67206666666667	38848
3.67541666666667	42176
3.67875000000000	42784
3.68208333333333	42640
3.68541666666667	42480
3.68875000000000	37872
3.69210000000000	37712
3.69543333333333	44096
3.69876666666667	44416
3.70210000000000	44720
3.70543333333333	43936
3.70878333333333	43152
3.71211666666667	35504
3.71545000000000	46464
3.71878333333333	48352
3.72211666666667	46048
3.72546666666667	43744
3.72880000000000	43120
3.73213333333333	42512
3.73546666666667	39904
3.73880000000000	37312
3.74215000000000	27756
3.74548333333333	39584
3.74881666666667	38512
3.75215000000000	37440
3.75548333333333	35248
3.75883333333333	39344
3.76216666666667	38240
3.76550000000000	37120
3.76883333333333	35024
3.77216666666667	32928
3.77551666666667	43360
3.77885000000000	51920
3.78218333333333	59088
3.78551666666667	38192
3.78885000000000	34480
3.79220000000000	47728
3.79553333333333	57424
3.79886666666667	54976
3.80220000000000	21656
3.80553333333333	50928
3.80886666666667	62784
3.81220000000000	33312
3.81553333333333	33152
3.81886666666667	33248
3.82220000000000	26352
3.82555000000000	35184
3.82888333333333	44016
3.83221666666667	45904
3.83555000000000	42912
3.83888333333333	45104
3.84221666666667	43792
3.84556666666667	42464
3.84890000000000	48032
3.85223333333333	47648
3.85556666666667	47248
3.85890000000000	36480
3.86225000000000	32208
3.86558333333333	31052
3.86891666666667	29900
3.87225000000000	41872
3.87558333333333	46416
3.87893333333333	44944
3.88226666666667	54432
3.88560000000000	61392
3.88893333333333	27452
3.89226666666667	49760
3.89561666666667	42416
3.89895000000000	37984
3.90228333333333	53120
3.90561666666667	28264
3.90895000000000	31824
3.91230000000000	43072
3.91563333333333	30656
3.91896666666667	18252
3.92230000000000	30880
3.92563333333333	33648
3.92898333333333	38688
3.93231666666667	36176
3.93565000000000	33680
3.93898333333333	37184
3.94231666666667	34144
3.94566666666667	31088
3.94900000000000	36352
3.95233333333333	41632
3.95566666666667	41792
3.95900000000000	41968
3.96235000000000	28944
3.96568333333333	49616
3.96901666666667	24076
3.97235000000000	51488
3.97568333333333	45056
3.97903333333333	40656
3.98236666666667	34400
3.98570000000000	39040
3.98903333333333	25048
3.99236666666667	48160
3.99571666666667	54608
3.99905000000000	38224
4.00238333333333	55584
4.00571666666667	37920
4.00905000000000	24068
4.01240000000000	55712
4.01573333333333	30232
4.01906666666667	58528
4.02240000000000	44352
4.02573333333333	51760
4.02908333333333	41664
4.03241666666667	43840
4.03575000000000	46016
4.03908333333333	52672
4.04241666666667	51648
4.04576666666667	41184
4.04910000000000	54192
4.05243333333333	40352
4.05576666666667	37376
4.05910000000000	36208
4.06245000000000	35184
4.06578333333333	31740
4.06911666666667	25028
4.07245000000000	43664
4.07578333333333	37072
4.07913333333333	43648
4.08246666666667	40800
4.08580000000000	37952
4.08913333333333	36352
4.09246666666667	42496
4.09581666666667	30932
4.09915000000000	45168
4.10248333333333	41264
4.10581666666667	26472
4.10915000000000	63040
4.11248333333333	66768
4.11581666666667	47696
4.11915000000000	45104
4.12248333333333	26584
4.12581666666667	35168
4.12916666666667	39264
4.13250000000000	39600
4.13583333333333	31520
4.13916666666667	23448
4.14250000000000	44000
4.14585000000000	45888
4.14918333333333	45536
4.15251666666667	23292
4.15585000000000	56064
4.15918333333333	37952
4.16253333333333	48224
4.16586666666667	35888
4.16920000000000	36448
4.17253333333333	48800
4.17586666666667	29436
4.17920000000000	54320
4.18255000000000	48992
4.18588333333333	53136
4.18921666666667	48480
4.19255000000000	46592
4.19588333333333	44224
4.19923333333333	28680
4.20256666666667	45056
4.20590000000000	34384
4.20923333333333	53264
4.21256666666667	48800
4.21591666666667	28364
4.21925000000000	38208
4.22258333333333	46912
4.22591666666667	38160
4.22925000000000	47312
4.23260000000000	37664
4.23593333333333	35216
4.23926666666667	32768
4.24260000000000	49664
4.24593333333333	45808
4.24928333333333	58848
4.25261666666667	59472
4.25595000000000	28492
4.25928333333333	20060
4.26261666666667	54944
4.26596666666667	22172
4.26930000000000	57664
4.27263333333333	65584
4.27596666666667	48432
4.27930000000000	35584
4.28265000000000	37248
4.28598333333333	33680
4.28931666666667	36544
4.29265000000000	29848
4.29598333333333	41216
4.29933333333333	44128
4.30266666666667	34480
4.30600000000000	24828
4.30933333333333	36256
4.31266666666667	37248
4.31601666666667	38240
4.31935000000000	54064
4.32268333333333	57504
4.32601666666667	27116
4.32935000000000	53280
4.33270000000000	27596
4.33603333333333	33264
4.33936666666667	53104
4.34270000000000	36656
4.34603333333333	43712
4.34938333333333	44320
4.35271666666667	40432
4.35605000000000	36560
4.35938333333333	29308
4.36271666666667	22056
4.36605000000000	45216
4.36938333333333	45936
4.37271666666667	45552
4.37605000000000	33008
4.37938333333333	44192
4.38273333333333	44800
4.38606666666667	37568
4.38940000000000	33584
4.39273333333333	43824
4.39606666666667	37344
4.39941666666667	36000
4.40275000000000	34640
4.40608333333333	33168
4.40941666666667	31684
4.41275000000000	33792
4.41610000000000	43744
4.41943333333333	52112
4.42276666666667	50352
4.42610000000000	29272
4.42943333333333	48720
4.43278333333333	55216
4.43611666666667	26108
4.43945000000000	25104
4.44278333333333	43264
4.44611666666667	60528
4.44946666666667	53616
4.45280000000000	49776
4.45613333333333	52512
4.45946666666667	29052
4.46280000000000	34624
4.46615000000000	47920
4.46948333333333	50560
4.47281666666667	49424
4.47615000000000	49504
4.47948333333333	51328
4.48283333333333	53152
4.48616666666667	38640
4.48950000000000	40320
4.49283333333333	52496
4.49616666666667	47264
