1.50330000000000	0
1.50663333333333	2571
1.50996666666667	1323
1.51330000000000	0
1.51663333333333	878
1.51998333333333	0
1.52331666666667	952
1.52665000000000	0
1.52998333333333	0
1.53331666666667	0
1.53666666666667	0
1.54000000000000	0
1.54333333333333	0
1.54666666666667	0
1.55000000000000	0
1.55335000000000	0
1.55668333333333	0
1.56001666666667	0
1.56335000000000	0
1.56668333333333	0
1.57003333333333	0
1.57336666666667	1431
1.57670000000000	1422
1.58003333333333	0
1.58336666666667	572
1.58671666666667	1280
1.59005000000000	0
1.59338333333333	0
1.59671666666667	1578
1.60005000000000	44
1.60340000000000	1874
1.60673333333333	0
1.61006666666667	0
1.61340000000000	0
1.61673333333333	0
1.62008333333333	0
1.62341666666667	0
1.62675000000000	0
1.63008333333333	0
1.63341666666667	0
1.63676666666667	0
1.64010000000000	0
1.64343333333333	0
1.64676666666667	0
1.65010000000000	0
1.65345000000000	0
1.65678333333333	0
1.66011666666667	0
1.66345000000000	0
1.66678333333333	0
1.67013333333333	0
1.67346666666667	0
1.67680000000000	2099
1.68013333333333	2351
1.68346666666667	0
1.68681666666667	0
1.69015000000000	0
1.69348333333333	0
1.69681666666667	0
1.70015000000000	0
1.70350000000000	0
1.70683333333333	0
1.71016666666667	0
1.71350000000000	0
1.71683333333333	0
1.72018333333333	0
1.72351666666667	0
1.72685000000000	0
1.73018333333333	0
1.73351666666667	0
1.73686666666667	0
1.74020000000000	0
1.74353333333333	0
1.74686666666667	368
1.75020000000000	184
1.75355000000000	0
1.75688333333333	0
1.76021666666667	0
1.76355000000000	0
1.76688333333333	0
1.77023333333333	0
1.77356666666667	0
1.77690000000000	0
1.78023333333333	0
1.78356666666667	0
1.78691666666667	0
1.79025000000000	0
1.79358333333333	0
1.79691666666667	0
1.80025000000000	0
1.80360000000000	0
1.80693333333333	0
1.81026666666667	0
1.81360000000000	0
1.81693333333333	574
1.82026666666667	287
1.82361666666667	0
1.82695000000000	0
1.83028333333333	0
1.83361666666667	0
1.83695000000000	0
1.84030000000000	0
1.84363333333333	0
1.84696666666667	0
1.85030000000000	0
1.85363333333333	0
1.85698333333333	0
1.86031666666667	0
1.86365000000000	0
1.86698333333333	0
1.87031666666667	0
1.87366666666667	0
1.87700000000000	0
1.88033333333333	0
1.88366666666667	0
1.88700000000000	0
1.89035000000000	0
1.89368333333333	0
1.89701666666667	182
1.90035000000000	91
1.90368333333333	0
1.90703333333333	0
1.91036666666667	0
1.91370000000000	0
1.91703333333333	0
1.92036666666667	0
1.92371666666667	0
1.92705000000000	0
1.93038333333333	0
1.93371666666667	0
1.93705000000000	0
1.94040000000000	0
1.94373333333333	0
1.94706666666667	0
1.95040000000000	0
1.95373333333333	0
1.95708333333333	0
1.96041666666667	0
1.96375000000000	0
1.96708333333333	0
1.97041666666667	0
1.97376666666667	0
1.97710000000000	0
1.98043333333333	0
1.98376666666667	0
1.98710000000000	0
1.99045000000000	0
1.99378333333333	0
1.99711666666667	0
2.00045000000000	0
2.00378333333333	0
2.00713333333333	0
2.01046666666667	0
2.01380000000000	0
2.01713333333333	0
2.02046666666667	0
2.02381666666667	0
2.02715000000000	0
2.03048333333333	0
2.03381666666667	0
2.03715000000000	0
2.04050000000000	0
2.04383333333333	0
2.04716666666667	0
2.05050000000000	0
2.05383333333333	0
2.05718333333333	0
2.06051666666667	0
2.06385000000000	0
2.06718333333333	0
2.07051666666667	74
2.07386666666667	37
2.07720000000000	0
2.08053333333333	0
2.08386666666667	0
2.08720000000000	0
2.09055000000000	0
2.09388333333333	0
2.09721666666667	0
2.10055000000000	0
2.10388333333333	0
2.10723333333333	0
2.11056666666667	0
2.11390000000000	0
2.11723333333333	0
2.12056666666667	0
2.12391666666667	0
2.12725000000000	0
2.13058333333333	0
2.13391666666667	0
2.13725000000000	0
2.14060000000000	0
2.14393333333333	0
2.14726666666667	0
2.15060000000000	0
2.15393333333333	0
2.15726666666667	0
2.16061666666667	0
2.16395000000000	0
2.16728333333333	557
2.17061666666667	1115
2.17395000000000	557
2.17730000000000	0
2.18063333333333	0
2.18396666666667	0
2.18730000000000	0
2.19063333333333	0
2.19398333333333	0
2.19731666666667	0
2.20065000000000	0
2.20398333333333	0
2.20731666666667	0
2.21066666666667	0
2.21400000000000	0
2.21733333333333	0
2.22066666666667	0
2.22400000000000	720
2.22735000000000	633
2.23068333333333	545
2.23401666666667	273
2.23735000000000	0
2.24068333333333	769
2.24403333333333	1538
2.24736666666667	769
2.25070000000000	0
2.25403333333333	0
2.25736666666667	580
2.26071666666667	1161
2.26405000000000	2852
2.26738333333333	2768
2.27071666666667	2941
2.27403333333333	4481
2.27738333333333	6021
2.28071666666667	10304
2.28405000000000	8236
2.28738333333333	7905
2.29071666666667	7573
2.29406666666667	14500
2.29740000000000	19740
2.30073333333333	18864
2.30406666666667	20388
2.30740000000000	16528
2.31075000000000	14628
2.31408333333333	9152
2.31741666666667	25600
2.32075000000000	31496
2.32408333333333	21280
2.32743333333333	29624
2.33076666666667	32096
2.33410000000000	33376
2.33743333333333	34672
2.34076666666667	36624
2.34411666666667	38576
2.34745000000000	57088
2.35078333333333	53744
2.35411666666667	54608
2.35745000000000	48864
2.36080000000000	43104
2.36413333333333	49024
2.36746666666667	60368
2.37080000000000	57760
2.37413333333333	55136
2.37748333333333	62272
2.38081666666667	46800
2.38415000000000	58576
2.38748333333333	76704
2.39081666666667	74992
2.39416666666667	92224
2.39750000000000	79296
2.40083333333333	79824
2.40416666666667	88048
2.40750000000000	76688
2.41085000000000	65328
2.41418333333333	76784
2.41751666666667	81968
2.42085000000000	75312
2.42418333333333	107552
2.42753333333333	113600
2.43086666666667	91744
2.43420000000000	115280
2.43753333333333	111312
2.44086666666667	107344
2.44421666666667	110080
2.44755000000000	112832
2.45088333333333	103728
2.45421666666667	103936
2.45755000000000	104128
2.46090000000000	115200
2.46423333333333	123376
2.46756666666667	117632
2.47090000000000	139840
2.47423333333333	137792
2.47758333333333	135744
2.48091666666667	135040
2.48425000000000	137152
2.48758333333333	139328
2.49091666666667	134848
2.49425000000000	130320
2.49760000000000	140416
2.50093333333333	129392
2.50426666666667	118400
2.50760000000000	128352
2.51093333333333	116928
2.51428333333333	113920
2.51761666666667	152768
2.52095000000000	165952
2.52428333333333	149760
2.52761666666667	120016
2.53096666666667	152640
2.53430000000000	176000
2.53763333333333	201920
2.54096666666667	113488
2.54430000000000	102672
2.54765000000000	115552
2.55098333333333	125600
2.55431666666667	142528
2.55765000000000	146752
2.56098333333333	149056
2.56433333333333	151360
2.56766666666667	151104
2.57100000000000	150784
2.57433333333333	182208
2.57766666666667	99840
2.58101666666667	134848
2.58435000000000	111584
2.58768333333333	175616
2.59101666666667	167872
2.59435000000000	177344
2.59770000000000	174976
2.60103333333333	167104
2.60436666666667	159232
2.60770000000000	159104
2.61103333333333	170944
2.61438333333333	171136
2.61771666666667	138624
2.62105000000000	132864
2.62438333333333	166784
2.62771666666667	156992
2.63106666666667	112560
2.63440000000000	177408
2.63773333333333	151872
2.64106666666667	126320
2.64440000000000	155392
2.64775000000000	182272
2.65108333333333	189504
2.65441666666667	169984
2.65775000000000	180800
2.66108333333333	193472
2.66443333333333	172992
2.66776666666667	177280
2.67110000000000	165120
2.67443333333333	182272
2.67776666666667	187200
2.68111666666667	179264
2.68445000000000	171328
2.68778333333333	120432
2.69111666666667	113232
2.69445000000000	120800
2.69780000000000	152448
2.70113333333333	184064
2.70446666666667	171328
2.70780000000000	165312
2.71113333333333	177984
2.71448333333333	168192
2.71781666666667	179008
2.72115000000000	189888
2.72448333333333	138368
2.72781666666667	209088
2.73116666666667	131200
2.73450000000000	187328
2.73783333333333	214592
2.74116666666667	151424
2.74450000000000	137472
2.74785000000000	166400
2.75118333333333	121104
2.75451666666667	152576
2.75785000000000	137152
2.76118333333333	152576
2.76453333333333	192640
2.76786666666667	90352
2.77120000000000	165632
2.77453333333333	204224
2.77786666666667	173952
2.78121666666667	141696
2.78455000000000	187264
2.78788333333333	157568
2.79121666666667	134208
2.79455000000000	149504
2.79790000000000	135808
2.80123333333333	122128
2.80456666666667	129184
2.80790000000000	178432
2.81123333333333	167424
2.81458333333333	151808
2.81791666666667	154816
2.82125000000000	157888
2.82458333333333	187520
2.82791666666667	192832
2.83125000000000	139904
2.83460000000000	182848
2.83793333333333	116416
2.84126666666667	200512
2.84460000000000	157568
2.84793333333333	187520
2.85128333333333	164992
2.85461666666667	165248
2.85795000000000	139264
2.86128333333333	129040
2.86461666666667	141952
2.86796666666667	154816
2.87130000000000	94448
2.87463333333333	188992
2.87796666666667	174912
2.88130000000000	93536
2.88465000000000	233280
2.88798333333333	172480
2.89131666666667	115008
2.89465000000000	201664
2.89798333333333	182208
2.90133333333333	171520
2.90466666666667	179776
2.90800000000000	175744
2.91133333333333	171776
2.91466666666667	159040
2.91801666666667	182528
2.92135000000000	175936
2.92468333333333	163072
2.92801666666667	150144
2.93135000000000	179968
2.93470000000000	115280
2.93803333333333	167936
2.94136666666667	188544
2.94470000000000	198272
2.94803333333333	156480
2.95138333333333	136960
2.95471666666667	187712
2.95805000000000	181056
2.96138333333333	200320
2.96471666666667	166016
2.96806666666667	145472
2.97140000000000	179712
2.97473333333333	162752
2.97806666666667	179968
2.98140000000000	167296
2.98475000000000	154688
2.98808333333333	152768
2.99141666666667	150848
2.99475000000000	162368
2.99808333333333	173888
3.00143333333333	171520
3.00476666666667	192256
3.00810000000000	193088
3.01143333333333	189056
3.01476666666667	127424
3.01811666666667	163712
3.02145000000000	114608
3.02478333333333	112096
3.02811666666667	154176
3.03145000000000	175488
3.03480000000000	176192
3.03813333333333	163520
3.04146666666667	160512
3.04480000000000	167616
3.04813333333333	173440
3.05148333333333	179264
3.05481666666667	120432
3.05815000000000	186496
3.06148333333333	190016
3.06481666666667	181568
3.06816666666667	143296
3.07150000000000	159104
3.07483333333333	197568
3.07816666666667	208320
3.08150000000000	171008
3.08485000000000	127856
3.08818333333333	115744
3.09151666666667	168128
3.09485000000000	139456
3.09818333333333	162880
3.10153333333333	156992
3.10486666666667	120592
3.10820000000000	204096
3.11153333333333	188416
3.11486666666667	163072
3.11821666666667	190016
3.12155000000000	129008
3.12488333333333	171456
3.12821666666667	201600
3.13155000000000	156160
3.13490000000000	198976
3.13823333333333	159168
3.14156666666667	141440
3.14490000000000	162816
3.14823333333333	169600
3.15158333333333	151744
3.15491666666667	195136
3.15825000000000	184704
3.16158333333333	189056
3.16491666666667	165760
3.16825000000000	185216
3.17160000000000	173824
3.17493333333333	140032
3.17826666666667	128912
3.18160000000000	160000
3.18493333333333	149504
3.18828333333333	157632
3.19161666666667	165760
3.19495000000000	172672
3.19828333333333	179584
3.20161666666667	84432
3.20496666666667	169536
3.20830000000000	188096
3.21163333333333	169088
3.21496666666667	148288
3.21830000000000	157504
3.22165000000000	159488
3.22498333333333	161536
3.22831666666667	164224
3.23165000000000	170432
3.23498333333333	178048
3.23833333333333	151168
3.24166666666667	203328
3.24500000000000	214976
3.24833333333333	107712
3.25166666666667	143296
3.25501666666667	157824
3.25835000000000	179328
3.26168333333333	184960
3.26501666666667	159488
3.26835000000000	139520
3.27170000000000	158464
3.27503333333333	165312
3.27836666666667	170752
3.28170000000000	168256
3.28503333333333	159936
3.28838333333333	170752
3.29171666666667	181504
3.29505000000000	186560
3.29838333333333	198528
3.30171666666667	188864
3.30506666666667	189632
3.30840000000000	194048
3.31173333333333	149824
3.31506666666667	194560
3.31840000000000	174464
3.32175000000000	119136
3.32508333333333	192192
3.32841666666667	166400
3.33175000000000	181696
3.33508333333333	139904
3.33843333333333	162944
3.34176666666667	198080
3.34510000000000	129664
3.34843333333333	177664
3.35176666666667	181056
3.35511666666667	172544
3.35845000000000	161600
3.36178333333333	157120
3.36511666666667	183040
3.36845000000000	181568
3.37180000000000	149888
3.37513333333333	122816
3.37846666666667	183424
3.38180000000000	182656
3.38513333333333	198016
3.38848333333333	202880
3.39181666666667	99792
3.39515000000000	175936
3.39848333333333	196352
3.40181666666667	138688
3.40516666666667	144256
3.40850000000000	160512
3.41183333333333	136896
3.41516666666667	113296
3.41850000000000	150336
3.42185000000000	158976
3.42518333333333	167616
3.42851666666667	160896
3.43185000000000	154240
3.43518333333333	178624
3.43853333333333	194944
3.44186666666667	184640
3.44520000000000	136128
3.44853333333333	195776
3.45186666666667	107200
3.45521666666667	208960
3.45855000000000	182144
3.46188333333333	201664
3.46521666666667	112128
3.46855000000000	192896
3.47190000000000	169216
3.47523333333333	114176
3.47856666666667	170368
3.48190000000000	117520
3.48523333333333	182144
3.48858333333333	179328
3.49191666666667	157376
3.49525000000000	199296
3.49858333333333	104848
3.50191666666667	188608
3.50525000000000	200896
3.50860000000000	98592
3.51193333333333	182848
3.51526666666667	184896
3.51860000000000	205504
3.52193333333333	144896
3.52528333333333	202304
3.52861666666667	198912
3.53195000000000	171072
3.53528333333333	156096
3.53861666666667	156672
3.54196666666667	157184
3.54530000000000	149888
3.54863333333333	150848
3.55196666666667	151744
3.55530000000000	194432
3.55865000000000	189312
3.56198333333333	213632
3.56531666666667	109168
3.56865000000000	167040
3.57198333333333	177152
3.57533333333333	186304
3.57866666666667	179968
3.58200000000000	166784
3.58533333333333	175296
3.58866666666667	156736
3.59201666666667	164864
3.59535000000000	171264
3.59868333333333	177664
3.60201666666667	172480
3.60535000000000	167232
3.60870000000000	178880
3.61203333333333	175040
3.61536666666667	171136
3.61870000000000	161280
3.62203333333333	151360
3.62538333333333	151744
3.62871666666667	184704
3.63205000000000	183936
3.63538333333333	197248
3.63871666666667	139968
3.64206666666667	199616
3.64540000000000	151552
3.64873333333333	179584
3.65206666666667	84528
3.65540000000000	170048
3.65875000000000	191872
3.66208333333333	181952
3.66541666666667	185152
3.66875000000000	171712
3.67208333333333	181824
3.67543333333333	191936
3.67876666666667	176064
3.68210000000000	160256
3.68543333333333	196608
3.68876666666667	182272
3.69211666666667	160896
3.69545000000000	167360
3.69878333333333	180800
3.70211666666667	176448
3.70545000000000	172096
3.70880000000000	176512
3.71213333333333	180928
3.71546666666667	173312
3.71880000000000	165632
3.72213333333333	146304
3.72548333333333	134912
3.72881666666667	144512
3.73215000000000	142656
3.73548333333333	132416
3.73881666666667	181952
3.74216666666667	176000
3.74550000000000	171328
3.74883333333333	171200
3.75216666666667	164160
3.75550000000000	157184
3.75885000000000	166784
3.76218333333333	174272
3.76551666666667	181760
3.76885000000000	173760
3.77218333333333	168000
3.77553333333333	162240
3.77886666666667	174464
3.78220000000000	183488
3.78553333333333	153600
3.78886666666667	173440
3.79221666666667	126864
3.79555000000000	176256
3.79888333333333	124208
3.80221666666667	179264
3.80555000000000	123056
3.80890000000000	187584
3.81223333333333	182656
3.81556666666667	193088
3.81890000000000	191872
3.82223333333333	171840
3.82558333333333	153408
3.82891666666667	178496
3.83225000000000	168640
3.83558333333333	144384
3.83891666666667	170816
3.84225000000000	167552
3.84560000000000	104400
3.84893333333333	178944
3.85226666666667	154368
3.85560000000000	138112
3.85893333333333	198912
3.86228333333333	123504
3.86561666666667	192128
3.86895000000000	138880
3.87228333333333	184832
3.87561666666667	194048
3.87896666666667	182336
3.88230000000000	192960
3.88563333333333	203520
3.88896666666667	148608
3.89230000000000	177408
3.89565000000000	164032
3.89898333333333	190528
3.90231666666667	141056
3.90565000000000	167872
3.90898333333333	171072
3.91233333333333	149632
3.91566666666667	155328
3.91900000000000	161024
3.92233333333333	147072
3.92566666666667	133056
3.92901666666667	185472
3.93235000000000	193408
3.93568333333333	212480
3.93901666666667	137856
3.94235000000000	200000
3.94568333333333	175296
3.94901666666667	174400
3.95235000000000	123104
3.95568333333333	140416
3.95901666666667	155712
3.96236666666667	158272
3.96570000000000	160832
3.96903333333333	197120
3.97236666666667	197824
3.97570000000000	176064
3.97905000000000	154752
3.98238333333333	170304
3.98571666666667	180288
3.98905000000000	188160
3.99238333333333	195968
3.99573333333333	163584
3.99906666666667	111600
4.00240000000000	155008
4.00573333333333	195328
4.00906666666667	191552
4.01241666666667	138112
4.01575000000000	210112
4.01908333333333	136512
4.02241666666667	118880
4.02575000000000	186368
4.02910000000000	177344
4.03243333333333	211008
4.03576666666667	184832
4.03910000000000	187008
4.04243333333333	198400
4.04578333333333	181120
4.04911666666667	133824
4.05245000000000	109440
4.05578333333333	198976
4.05911666666667	160192
4.06246666666667	223552
4.06580000000000	197504
4.06913333333333	214912
4.07246666666667	171392
4.07580000000000	177280
4.07915000000000	189376
4.08248333333333	152704
4.08581666666667	194304
4.08915000000000	200448
4.09248333333333	202368
4.09581666666667	144768
4.09915000000000	166976
4.10248333333333	175360
4.10581666666667	168640
4.10915000000000	177728
4.11250000000000	172224
4.11583333333333	166656
4.11916666666667	168192
4.12250000000000	167744
4.12583333333333	167360
4.12918333333333	161216
4.13251666666667	205568
4.13585000000000	200832
4.13918333333333	155200
4.14251666666667	150912
4.14586666666667	155200
4.14920000000000	159680
4.15253333333333	209024
4.15586666666667	204608
4.15920000000000	217792
4.16255000000000	197312
4.16588333333333	160128
4.16921666666667	147008
4.17255000000000	165760
4.17588333333333	169920
4.17921666666667	174016
4.18256666666667	174784
4.18590000000000	160128
4.18923333333333	185536
4.19256666666667	182464
4.19590000000000	176064
4.19925000000000	151296
4.20258333333333	135552
4.20591666666667	147520
4.20925000000000	140224
4.21258333333333	132992
4.21593333333333	155904
4.21926666666667	126752
4.22260000000000	157120
4.22593333333333	133824
4.22926666666667	189888
4.23261666666667	170176
4.23595000000000	159296
4.23928333333333	195840
4.24261666666667	192192
4.24595000000000	184896
4.24930000000000	179136
4.25263333333333	206656
4.25596666666667	152640
4.25930000000000	195776
4.26263333333333	125376
4.26598333333333	178816
4.26931666666667	152512
4.27265000000000	170880
4.27598333333333	186304
4.27931666666667	186624
4.28266666666667	210432
4.28600000000000	129856
4.28933333333333	185024
4.29266666666667	165056
4.29600000000000	161728
4.29935000000000	203904
4.30268333333333	188160
4.30601666666667	176128
4.30935000000000	161792
4.31268333333333	166272
4.31603333333333	173376
4.31936666666667	176448
4.32270000000000	165440
4.32603333333333	154432
4.32936666666667	201216
4.33271666666667	191232
4.33605000000000	190144
4.33938333333333	166464
4.34271666666667	115360
4.34605000000000	178304
4.34940000000000	99728
4.35273333333333	200000
4.35606666666667	157760
4.35940000000000	121040
4.36273333333333	113712
4.36608333333333	189120
4.36941666666667	186240
4.37275000000000	159296
4.37608333333333	193408
4.37941666666667	183040
4.38276666666667	172608
4.38610000000000	176064
4.38943333333333	205504
4.39276666666667	122432
4.39610000000000	200704
4.39945000000000	172096
4.40278333333333	162880
4.40611666666667	187904
4.40945000000000	186304
4.41278333333333	184704
4.41613333333333	191552
4.41946666666667	198464
4.42280000000000	163392
4.42613333333333	162496
4.42946666666667	150720
4.43281666666667	167232
4.43615000000000	149568
4.43948333333333	131968
4.44281666666667	128032
4.44615000000000	171008
4.44950000000000	184384
4.45283333333333	197696
4.45616666666667	139776
4.45950000000000	188096
4.46283333333333	106464
4.46618333333333	109360
4.46951666666667	187712
4.47285000000000	140672
4.47618333333333	183488
4.47951666666667	159040
4.48286666666667	183168
4.48620000000000	155520
4.48953333333333	177152
4.49286666666667	190592
4.49620000000000	134912
