1.50330000000000	0
1.50663333333333	0
1.50996666666667	0
1.51330000000000	0
1.51663333333333	0
1.51998333333333	0
1.52331666666667	0
1.52665000000000	0
1.52998333333333	0
1.53331666666667	0
1.53666666666667	0
1.54000000000000	0
1.54333333333333	0
1.54666666666667	0
1.55000000000000	0
1.55335000000000	0
1.55668333333333	0
1.56001666666667	0
1.56335000000000	0
1.56668333333333	0
1.57003333333333	0
1.57336666666667	0
1.57670000000000	0
1.58003333333333	0
1.58336666666667	0
1.58671666666667	0
1.59005000000000	0
1.59338333333333	0
1.59671666666667	0
1.60005000000000	0
1.60340000000000	0
1.60673333333333	0
1.61006666666667	0
1.61340000000000	0
1.61673333333333	0
1.62006666666667	0
1.62340000000000	0
1.62673333333333	0
1.63006666666667	0
1.63340000000000	0
1.63675000000000	0
1.64008333333333	0
1.64341666666667	0
1.64675000000000	0
1.65008333333333	0
1.65343333333333	0
1.65676666666667	0
1.66010000000000	0
1.66343333333333	0
1.66676666666667	0
1.67011666666667	0
1.67345000000000	0
1.67678333333333	0
1.68011666666667	0
1.68345000000000	0
1.68680000000000	0
1.69013333333333	0
1.69346666666667	0
1.69680000000000	0
1.70013333333333	0
1.70348333333333	0
1.70681666666667	872
1.71015000000000	1132
1.71348333333333	566
1.71681666666667	0
1.72016666666667	0
1.72350000000000	0
1.72683333333333	0
1.73016666666667	0
1.73350000000000	0
1.73685000000000	0
1.74018333333333	0
1.74351666666667	0
1.74685000000000	0
1.75018333333333	0
1.75353333333333	0
1.75686666666667	45
1.76020000000000	23
1.76353333333333	0
1.76686666666667	0
1.77021666666667	0
1.77355000000000	0
1.77688333333333	0
1.78021666666667	0
1.78355000000000	0
1.78690000000000	0
1.79023333333333	0
1.79356666666667	0
1.79690000000000	0
1.80023333333333	0
1.80358333333333	0
1.80691666666667	0
1.81025000000000	0
1.81358333333333	0
1.81691666666667	0
1.82025000000000	0
1.82360000000000	0
1.82693333333333	0
1.83026666666667	0
1.83360000000000	0
1.83693333333333	0
1.84028333333333	0
1.84361666666667	0
1.84695000000000	0
1.85028333333333	0
1.85361666666667	0
1.85696666666667	0
1.86030000000000	0
1.86363333333333	0
1.86696666666667	0
1.87030000000000	0
1.87365000000000	0
1.87698333333333	0
1.88031666666667	0
1.88365000000000	0
1.88698333333333	0
1.89033333333333	0
1.89366666666667	0
1.89700000000000	0
1.90033333333333	0
1.90366666666667	0
1.90701666666667	0
1.91035000000000	0
1.91368333333333	0
1.91701666666667	0
1.92035000000000	0
1.92370000000000	0
1.92703333333333	0
1.93036666666667	0
1.93370000000000	0
1.93703333333333	103
1.94038333333333	205
1.94371666666667	973
1.94705000000000	487
1.95038333333333	0
1.95371666666667	0
1.95706666666667	0
1.96040000000000	0
1.96373333333333	0
1.96706666666667	0
1.97040000000000	0
1.97375000000000	0
1.97708333333333	0
1.98041666666667	0
1.98375000000000	0
1.98708333333333	0
1.99043333333333	0
1.99376666666667	0
1.99710000000000	0
2.00043333333333	0
2.00376666666667	0
2.00711666666667	0
2.01045000000000	0
2.01378333333333	0
2.01711666666667	0
2.02045000000000	0
2.02378333333333	0
2.02711666666667	0
2.03045000000000	0
2.03378333333333	0
2.03711666666667	0
2.04046666666667	0
2.04380000000000	0
2.04713333333333	0
2.05046666666667	0
2.05380000000000	0
2.05715000000000	0
2.06048333333333	0
2.06381666666667	0
2.06715000000000	0
2.07048333333333	0
2.07383333333333	0
2.07716666666667	0
2.08050000000000	0
2.08383333333333	0
2.08716666666667	0
2.09051666666667	0
2.09385000000000	0
2.09718333333333	0
2.10051666666667	0
2.10385000000000	0
2.10720000000000	0
2.11053333333333	0
2.11386666666667	0
2.11720000000000	0
2.12053333333333	0
2.12388333333333	0
2.12721666666667	0
2.13055000000000	0
2.13388333333333	0
2.13721666666667	0
2.14056666666667	0
2.14390000000000	0
2.14723333333333	0
2.15056666666667	224
2.15390000000000	112
2.15723333333333	0
2.16058333333333	0
2.16391666666667	0
2.16725000000000	0
2.17058333333333	0
2.17391666666667	0
2.17726666666667	0
2.18060000000000	0
2.18393333333333	0
2.18726666666667	0
2.19060000000000	0
2.19395000000000	0
2.19728333333333	0
2.20061666666667	0
2.20395000000000	0
2.20728333333333	0
2.21063333333333	0
2.21396666666667	0
2.21730000000000	0
2.22063333333333	0
2.22396666666667	0
2.22731666666667	0
2.23065000000000	0
2.23398333333333	0
2.23731666666667	0
2.24065000000000	0
2.24400000000000	0
2.24733333333333	0
2.25066666666667	0
2.25400000000000	0
2.25733333333333	0
2.26068333333333	0
2.26401666666667	595
2.26735000000000	297
2.27068333333333	0
2.27401666666667	432
2.27736666666667	216
2.28070000000000	0
2.28403333333333	836
2.28736666666667	1671
2.29070000000000	1131
2.29405000000000	0
2.29738333333333	1566
2.30071666666667	3133
2.30405000000000	3691
2.30738333333333	589
2.31073333333333	1291
2.31406666666667	1491
2.31740000000000	1690
2.32073333333333	856
2.32406666666667	1549
2.32741666666667	1269
2.33075000000000	6623
2.33408333333333	5433
2.33741666666667	4073
2.34075000000000	3677
2.34410000000000	3280
2.34743333333333	5556
2.35076666666667	5356
2.35410000000000	5155
2.35743333333333	5512
2.36078333333333	5869
2.36411666666667	10904
2.36745000000000	9188
2.37078333333333	7474
2.37411666666667	10712
2.37746666666667	10344
2.38080000000000	4890
2.38413333333333	10500
2.38746666666667	10512
2.39080000000000	8364
2.39415000000000	9044
2.39748333333333	11268
2.40081666666667	4255
2.40415000000000	19764
2.40748333333333	15376
2.41083333333333	16524
2.41416666666667	13664
2.41750000000000	19588
2.42083333333333	8724
2.42416666666667	14212
2.42750000000000	12540
2.43083333333333	19888
2.43416666666667	18016
2.43750000000000	18792
2.44083333333333	17348
2.44418333333333	15576
2.44751666666667	13804
2.45085000000000	13516
2.45418333333333	13228
2.45751666666667	15748
2.46086666666667	17308
2.46420000000000	23360
2.46753333333333	21112
2.47086666666667	15636
2.47420000000000	25432
2.47755000000000	25668
2.48088333333333	22300
2.48421666666667	18932
2.48755000000000	15352
2.49088333333333	16000
2.49421666666667	16652
2.49756666666667	19064
2.50090000000000	21284
2.50423333333333	23500
2.50756666666667	28880
2.51090000000000	23172
2.51425000000000	17464
2.51758333333333	25080
2.52091666666667	24020
2.52425000000000	22956
2.52758333333333	24284
2.53093333333333	26404
2.53426666666667	28488
2.53760000000000	31968
2.54093333333333	32120
2.54426666666667	20340
2.54761666666667	28552
2.55095000000000	28184
2.55428333333333	14960
2.55761666666667	24700
2.56095000000000	20364
2.56430000000000	24148
2.56763333333333	28372
2.57096666666667	18236
2.57430000000000	24236
2.57763333333333	23824
2.58098333333333	20080
2.58431666666667	16336
2.58765000000000	22624
2.59098333333333	22852
2.59431666666667	23076
2.59766666666667	15392
2.60100000000000	30680
2.60433333333333	30100
2.60766666666667	36560
2.61100000000000	26784
2.61435000000000	34784
2.61768333333333	25264
2.62101666666667	32880
2.62435000000000	34304
2.62768333333333	35728
2.63103333333333	29656
2.63436666666667	39792
2.63770000000000	35408
2.64103333333333	38784
2.64436666666667	35296
2.64771666666667	27728
2.65105000000000	40352
2.65438333333333	38944
2.65771666666667	17548
2.66105000000000	19088
2.66440000000000	35216
2.66773333333333	29796
2.67106666666667	37632
2.67440000000000	34304
2.67773333333333	30980
2.68108333333333	30844
2.68441666666667	30224
2.68775000000000	29604
2.69108333333333	30736
2.69441666666667	31868
2.69776666666667	20440
2.70110000000000	38416
2.70443333333333	18952
2.70776666666667	43456
2.71110000000000	34816
2.71445000000000	31104
2.71778333333333	30624
2.72111666666667	37616
2.72445000000000	38112
2.72778333333333	31488
2.73113333333333	32832
2.73446666666667	30836
2.73780000000000	28840
2.74113333333333	23928
2.74446666666667	39888
2.74781666666667	35712
2.75115000000000	34000
2.75448333333333	27332
2.75781666666667	39520
2.76115000000000	31524
2.76448333333333	19588
2.76781666666667	27384
2.77115000000000	32880
2.77448333333333	22980
2.77781666666667	41840
2.78116666666667	40960
2.78450000000000	39104
2.78783333333333	42704
2.79116666666667	45776
2.79450000000000	39248
2.79785000000000	32732
2.80118333333333	43904
2.80451666666667	37840
2.80785000000000	26768
2.81118333333333	18168
2.81453333333333	40640
2.81786666666667	23768
2.82120000000000	33152
2.82453333333333	34000
2.82786666666667	29280
2.83120000000000	24552
2.83455000000000	29720
2.83788333333333	33136
2.84121666666667	36544
2.84455000000000	25244
2.84788333333333	40320
2.85123333333333	33328
2.85456666666667	18912
2.85790000000000	38432
2.86123333333333	36784
2.86456666666667	36272
2.86791666666667	22644
2.87125000000000	29404
2.87458333333333	43840
2.87791666666667	34480
2.88125000000000	31896
2.88460000000000	18368
2.88793333333333	33600
2.89126666666667	26448
2.89460000000000	20796
2.89793333333333	43328
2.90128333333333	34512
2.90461666666667	25704
2.90795000000000	32592
2.91128333333333	33744
2.91461666666667	34896
2.91796666666667	24884
2.92130000000000	41424
2.92463333333333	37696
2.92796666666667	37936
2.93130000000000	33424
2.93465000000000	32012
2.93798333333333	31324
2.94131666666667	32864
2.94465000000000	32708
2.94798333333333	32556
2.95133333333333	33104
2.95466666666667	33648
2.95800000000000	35776
2.96133333333333	36272
2.96466666666667	36752
2.96801666666667	45552
2.97135000000000	14944
2.97468333333333	26664
2.97801666666667	29640
2.98135000000000	26108
2.98470000000000	33744
2.98803333333333	20692
2.99136666666667	48032
2.99470000000000	42080
2.99803333333333	47728
3.00138333333333	25732
3.00471666666667	32424
3.00805000000000	39216
3.01138333333333	44784
3.01471666666667	42256
3.01806666666667	42592
3.02140000000000	22416
3.02473333333333	24980
3.02806666666667	18840
3.03140000000000	29048
3.03475000000000	35952
3.03808333333333	40352
3.04141666666667	31904
3.04475000000000	31088
3.04808333333333	42080
3.05143333333333	43856
3.05476666666667	34240
3.05810000000000	42528
3.06143333333333	31552
3.06476666666667	33344
3.06811666666667	29576
3.07145000000000	22888
3.07478333333333	31844
3.07811666666667	25268
3.08145000000000	18696
3.08480000000000	18856
3.08813333333333	26680
3.09146666666667	34496
3.09480000000000	36416
3.09813333333333	33312
3.10148333333333	40432
3.10481666666667	35616
3.10815000000000	30804
3.11148333333333	40448
3.11481666666667	33536
3.11816666666667	29696
3.12150000000000	33024
3.12483333333333	36352
3.12816666666667	25580
3.13150000000000	31264
3.13485000000000	36944
3.13818333333333	23728
3.14151666666667	24448
3.14485000000000	39376
3.14818333333333	32268
3.15153333333333	27560
3.15486666666667	22852
3.15820000000000	20784
3.16153333333333	18712
3.16486666666667	28676
3.16820000000000	38640
3.17155000000000	45792
3.17488333333333	36448
3.17821666666667	32724
3.18155000000000	36352
3.18488333333333	33792
3.18823333333333	15712
3.19156666666667	36288
3.19490000000000	39856
3.19823333333333	30880
3.20156666666667	32832
3.20491666666667	34800
3.20825000000000	37136
3.21158333333333	39472
3.21491666666667	26356
3.21825000000000	25392
3.22160000000000	31388
3.22493333333333	33392
3.22826666666667	22104
3.23160000000000	40368
3.23493333333333	36448
3.23828333333333	33424
3.24161666666667	35680
3.24495000000000	34880
3.24828333333333	34080
3.25161666666667	35856
3.25496666666667	32484
3.25830000000000	25716
3.26163333333333	37424
3.26496666666667	34368
3.26830000000000	30440
3.27165000000000	34704
3.27498333333333	36608
3.27831666666667	30292
3.28165000000000	28848
3.28498333333333	24620
3.28833333333333	33744
3.29166666666667	36128
3.29500000000000	34368
3.29833333333333	32612
3.30166666666667	30844
3.30501666666667	27100
3.30835000000000	23352
3.31168333333333	33168
3.31501666666667	34096
3.31835000000000	35024
3.32170000000000	42064
3.32503333333333	17404
3.32836666666667	43376
3.33170000000000	28460
3.33503333333333	14896
3.33838333333333	50400
3.34171666666667	25152
3.34505000000000	34896
3.34838333333333	42176
3.35171666666667	36000
3.35506666666667	29824
3.35840000000000	31324
3.36173333333333	31044
3.36506666666667	40560
3.36840000000000	43904
3.37175000000000	23996
3.37508333333333	24180
3.37841666666667	15316
3.38175000000000	29192
3.38508333333333	35968
3.38843333333333	25732
3.39176666666667	27180
3.39510000000000	28548
3.39843333333333	38848
3.40176666666667	39600
3.40511666666667	45840
3.40845000000000	35472
3.41178333333333	36016
3.41511666666667	22248
3.41845000000000	40608
3.42180000000000	31776
3.42513333333333	35296
3.42846666666667	28988
3.43180000000000	28236
3.43513333333333	31604
3.43848333333333	35376
3.44181666666667	33952
3.44515000000000	33248
3.44848333333333	29136
3.45181666666667	26824
3.45516666666667	24512
3.45850000000000	29200
3.46183333333333	33888
3.46516666666667	37424
3.46850000000000	40960
3.47185000000000	38512
3.47518333333333	36064
3.47851666666667	24048
3.48185000000000	43328
3.48518333333333	41136
3.48853333333333	27656
3.49186666666667	33968
3.49520000000000	32460
3.49853333333333	31440
3.50186666666667	30420
3.50520000000000	26744
3.50855000000000	23064
3.51188333333333	22736
3.51521666666667	25596
3.51855000000000	28452
3.52188333333333	30312
3.52523333333333	32172
3.52856666666667	33392
3.53190000000000	32240
3.53523333333333	30604
3.53856666666667	32864
3.54191666666667	35104
3.54525000000000	35744
3.54858333333333	36368
3.55191666666667	34368
3.55525000000000	40976
3.55860000000000	24768
3.56193333333333	29124
3.56526666666667	35312
3.56860000000000	28132
3.57193333333333	26232
3.57528333333333	24336
3.57861666666667	24188
3.58195000000000	24040
3.58528333333333	37232
3.58861666666667	33856
3.59196666666667	35856
3.59530000000000	33376
3.59863333333333	30892
3.60196666666667	32768
3.60530000000000	34640
3.60865000000000	34320
3.61198333333333	33664
3.61531666666667	36768
3.61865000000000	39872
3.62198333333333	27652
3.62533333333333	21308
3.62866666666667	52992
3.63200000000000	42128
3.63533333333333	53488
3.63866666666667	31932
3.64201666666667	30772
3.64535000000000	46720
3.64868333333333	39792
3.65201666666667	33200
3.65535000000000	45664
3.65870000000000	24144
3.66203333333333	47920
3.66536666666667	46720
3.66870000000000	41296
3.67203333333333	18200
3.67536666666667	28496
3.67870000000000	42560
3.68203333333333	36176
3.68536666666667	23268
3.68870000000000	45008
3.69205000000000	21364
3.69538333333333	31472
3.69871666666667	28968
3.70205000000000	34592
3.70538333333333	35760
3.70873333333333	36944
3.71206666666667	25868
3.71540000000000	36816
3.71873333333333	30528
3.72206666666667	31568
3.72541666666667	32608
3.72875000000000	26896
3.73208333333333	21184
3.73541666666667	24792
3.73875000000000	28404
3.74210000000000	32080
3.74543333333333	45472
3.74876666666667	48112
3.75210000000000	29640
3.75543333333333	21656
3.75878333333333	30708
3.76211666666667	38800
3.76545000000000	38304
3.76878333333333	42560
3.77211666666667	36768
3.77546666666667	35424
3.77880000000000	42096
3.78213333333333	27592
3.78546666666667	25280
3.78880000000000	27688
3.79215000000000	33168
3.79548333333333	43504
3.79881666666667	49392
3.80215000000000	43632
3.80548333333333	20320
3.80883333333333	48432
3.81216666666667	38064
3.81550000000000	15748
3.81883333333333	24360
3.82216666666667	24568
3.82551666666667	24780
3.82885000000000	13804
3.83218333333333	28552
3.83551666666667	28924
3.83885000000000	29296
3.84218333333333	48672
3.84553333333333	45744
3.84886666666667	44704
3.85220000000000	33696
3.85553333333333	33808
3.85886666666667	24288
3.86221666666667	37200
3.86555000000000	42624
3.86888333333333	18872
3.87221666666667	30980
3.87555000000000	41888
3.87890000000000	44160
3.88223333333333	29972
3.88556666666667	25388
3.88890000000000	53424
3.89223333333333	47792
3.89558333333333	37120
3.89891666666667	20212
3.90225000000000	22128
3.90558333333333	35664
3.90891666666667	36912
3.91226666666667	26520
3.91560000000000	27028
3.91893333333333	27536
3.92226666666667	35440
3.92560000000000	37296
3.92895000000000	39136
3.93228333333333	37232
3.93561666666667	32864
3.93895000000000	42128
3.94228333333333	23172
3.94563333333333	32596
3.94896666666667	37152
3.95230000000000	40464
3.95563333333333	29972
3.95896666666667	34768
3.96231666666667	38608
3.96565000000000	31648
3.96898333333333	30456
3.97231666666667	36944
3.97565000000000	32156
3.97900000000000	33360
3.98233333333333	34576
3.98566666666667	19128
3.98900000000000	27832
3.99233333333333	30332
3.99568333333333	28616
3.99901666666667	33472
4.00235000000000	30976
4.00568333333333	28476
4.00901666666667	29092
4.01236666666667	29708
4.01570000000000	17784
4.01903333333333	33680
4.02236666666667	30020
4.02570000000000	31160
4.02905000000000	34336
4.03238333333333	37520
4.03571666666667	38192
4.03905000000000	29320
4.04238333333333	36576
4.04573333333333	27168
4.04906666666667	9580
4.05240000000000	13764
4.05573333333333	18832
4.05906666666667	23900
4.06241666666667	33024
4.06575000000000	31972
4.06908333333333	31264
4.07241666666667	30556
4.07575000000000	30144
4.07910000000000	33936
4.08243333333333	29700
4.08576666666667	25468
4.08910000000000	31624
4.09243333333333	28364
4.09578333333333	25188
4.09911666666667	27372
4.10245000000000	29552
4.10578333333333	31012
4.10911666666667	24700
4.11246666666667	19132
4.11580000000000	33776
4.11913333333333	28360
4.12246666666667	37440
4.12580000000000	31412
4.12915000000000	22484
4.13248333333333	26256
4.13581666666667	30028
4.13915000000000	32440
4.14248333333333	34848
4.14583333333333	33376
4.14916666666667	33968
4.15250000000000	34816
4.15583333333333	28972
4.15916666666667	26436
4.16251666666667	23896
4.16585000000000	28252
4.16918333333333	32604
4.17251666666667	31160
4.17585000000000	20728
4.17918333333333	34976
4.18253333333333	28952
4.18586666666667	29732
4.18920000000000	25020
4.19253333333333	30888
4.19586666666667	31600
4.19921666666667	32744
4.20255000000000	29568
4.20588333333333	31412
4.20921666666667	32304
4.21255000000000	31580
4.21590000000000	30852
4.21923333333333	29532
4.22256666666667	29636
4.22590000000000	29736
4.22923333333333	19460
4.23258333333333	13872
4.23591666666667	38336
4.23925000000000	42976
4.24258333333333	43952
4.24591666666667	34304
4.24926666666667	40832
4.25260000000000	37024
4.25593333333333	38208
4.25926666666667	37008
4.26260000000000	32056
4.26595000000000	34800
4.26928333333333	19096
4.27261666666667	41904
4.27595000000000	37328
4.27928333333333	38032
4.28263333333333	32848
4.28596666666667	36128
4.28930000000000	34192
4.29263333333333	22944
4.29596666666667	13060
4.29931666666667	37328
4.30265000000000	16472
4.30598333333333	33696
4.30931666666667	35536
4.31265000000000	37360
4.31600000000000	34176
4.31933333333333	23624
4.32266666666667	20884
4.32600000000000	18148
4.32933333333333	31764
4.33268333333333	32316
4.33601666666667	22796
4.33935000000000	31252
4.34268333333333	33456
4.34601666666667	25916
4.34936666666667	18368
4.35270000000000	13432
4.35603333333333	17876
4.35936666666667	22324
4.36270000000000	35120
4.36605000000000	35472
4.36938333333333	16172
4.37271666666667	39168
4.37605000000000	34160
4.37938333333333	31628
4.38273333333333	37536
4.38606666666667	34864
4.38940000000000	38848
4.39273333333333	42832
4.39606666666667	46704
4.39941666666667	20644
4.40275000000000	39824
4.40608333333333	39344
4.40941666666667	54272
4.41275000000000	56416
4.41610000000000	15692
4.41943333333333	42512
4.42276666666667	45984
4.42610000000000	22460
4.42943333333333	20312
4.43278333333333	24552
4.43611666666667	23568
4.43945000000000	22588
4.44278333333333	33008
4.44611666666667	38640
4.44946666666667	35536
4.45280000000000	32448
4.45613333333333	38064
4.45946666666667	35264
4.46280000000000	36544
4.46615000000000	37808
4.46948333333333	18324
4.47281666666667	18312
4.47615000000000	26416
4.47948333333333	30356
4.48283333333333	39712
4.48616666666667	35664
4.48950000000000	36704
4.49283333333333	23940
4.49616666666667	41168
