1.50331666666667	0
1.50665000000000	0
1.50998333333333	0
1.51331666666667	0
1.51665000000000	0
1.52000000000000	0
1.52333333333333	0
1.52666666666667	0
1.53000000000000	336
1.53333333333333	168
1.53668333333333	0
1.54001666666667	0
1.54335000000000	0
1.54668333333333	0
1.55001666666667	0
1.55336666666667	0
1.55670000000000	0
1.56003333333333	0
1.56336666666667	0
1.56670000000000	0
1.57005000000000	0
1.57338333333333	0
1.57671666666667	0
1.58005000000000	0
1.58338333333333	0
1.58673333333333	0
1.59006666666667	0
1.59340000000000	0
1.59673333333333	0
1.60006666666667	0
1.60341666666667	0
1.60675000000000	0
1.61008333333333	0
1.61341666666667	0
1.61675000000000	0
1.62010000000000	0
1.62343333333333	0
1.62676666666667	0
1.63010000000000	0
1.63343333333333	0
1.63678333333333	0
1.64011666666667	0
1.64345000000000	0
1.64678333333333	0
1.65011666666667	0
1.65346666666667	0
1.65680000000000	0
1.66013333333333	0
1.66346666666667	0
1.66680000000000	0
1.67015000000000	0
1.67348333333333	0
1.67681666666667	0
1.68015000000000	0
1.68348333333333	0
1.68683333333333	0
1.69016666666667	0
1.69350000000000	0
1.69683333333333	0
1.70016666666667	0
1.70351666666667	0
1.70685000000000	0
1.71018333333333	0
1.71351666666667	0
1.71685000000000	0
1.72020000000000	0
1.72353333333333	0
1.72686666666667	0
1.73020000000000	0
1.73353333333333	0
1.73688333333333	0
1.74021666666667	0
1.74355000000000	0
1.74688333333333	0
1.75021666666667	0
1.75356666666667	0
1.75690000000000	0
1.76023333333333	0
1.76356666666667	0
1.76690000000000	0
1.77025000000000	0
1.77358333333333	0
1.77691666666667	0
1.78025000000000	0
1.78358333333333	0
1.78693333333333	0
1.79026666666667	0
1.79360000000000	0
1.79693333333333	0
1.80026666666667	0
1.80361666666667	0
1.80695000000000	0
1.81028333333333	188
1.81361666666667	1870
1.81695000000000	2434
1.82028333333333	0
1.82363333333333	0
1.82696666666667	0
1.83030000000000	0
1.83363333333333	0
1.83696666666667	0
1.84031666666667	0
1.84365000000000	0
1.84698333333333	0
1.85031666666667	0
1.85365000000000	0
1.85700000000000	0
1.86033333333333	0
1.86366666666667	763
1.86700000000000	381
1.87033333333333	0
1.87368333333333	1858
1.87701666666667	1686
1.88035000000000	0
1.88368333333333	0
1.88701666666667	0
1.89036666666667	0
1.89370000000000	0
1.89703333333333	0
1.90036666666667	0
1.90370000000000	0
1.90705000000000	0
1.91038333333333	0
1.91371666666667	0
1.91705000000000	0
1.92038333333333	0
1.92373333333333	0
1.92706666666667	0
1.93040000000000	0
1.93373333333333	0
1.93706666666667	0
1.94041666666667	0
1.94375000000000	0
1.94708333333333	0
1.95041666666667	0
1.95375000000000	0
1.95710000000000	0
1.96043333333333	0
1.96376666666667	0
1.96710000000000	0
1.97043333333333	0
1.97378333333333	0
1.97711666666667	0
1.98045000000000	0
1.98378333333333	0
1.98711666666667	0
1.99046666666667	0
1.99380000000000	0
1.99713333333333	0
2.00046666666667	0
2.00380000000000	0
2.00715000000000	0
2.01048333333333	0
2.01381666666667	0
2.01715000000000	0
2.02048333333333	0
2.02383333333333	0
2.02716666666667	0
2.03050000000000	0
2.03383333333333	0
2.03716666666667	0
2.04051666666667	0
2.04385000000000	0
2.04718333333333	0
2.05051666666667	0
2.05385000000000	0
2.05720000000000	0
2.06053333333333	0
2.06386666666667	0
2.06720000000000	0
2.07053333333333	0
2.07388333333333	0
2.07721666666667	0
2.08055000000000	0
2.08388333333333	0
2.08721666666667	0
2.09056666666667	0
2.09390000000000	1891
2.09723333333333	1490
2.10056666666667	0
2.10390000000000	0
2.10725000000000	1086
2.11058333333333	0
2.11391666666667	0
2.11725000000000	0
2.12058333333333	0
2.12393333333333	0
2.12726666666667	0
2.13060000000000	0
2.13393333333333	0
2.13726666666667	0
2.14061666666667	0
2.14395000000000	0
2.14728333333333	0
2.15061666666667	0
2.15395000000000	0
2.15728333333333	0
2.16063333333333	0
2.16396666666667	0
2.16730000000000	0
2.17063333333333	0
2.17396666666667	0
2.17731666666667	0
2.18065000000000	0
2.18398333333333	0
2.18731666666667	0
2.19065000000000	0
2.19400000000000	0
2.19733333333333	0
2.20066666666667	0
2.20400000000000	0
2.20733333333333	0
2.21068333333333	0
2.21401666666667	0
2.21735000000000	0
2.22068333333333	0
2.22401666666667	0
2.22736666666667	0
2.23070000000000	0
2.23403333333333	0
2.23736666666667	0
2.24070000000000	0
2.24405000000000	0
2.24738333333333	0
2.25071666666667	384
2.25405000000000	768
2.25738333333333	1372
2.26073333333333	1098
2.26406666666667	5727
2.26740000000000	6257
2.27073333333333	647
2.27406666666667	2770
2.27741666666667	7305
2.28075000000000	4609
2.28408333333333	6922
2.28741666666667	3030
2.29075000000000	3356
2.29410000000000	5001
2.29743333333333	5202
2.30076666666667	5094
2.30410000000000	4986
2.30743333333333	5049
2.31078333333333	5260
2.31411666666667	5472
2.31745000000000	5887
2.32078333333333	6301
2.32411666666667	5949
2.32746666666667	5596
2.33080000000000	12112
2.33413333333333	13372
2.33746666666667	10952
2.34080000000000	10704
2.34415000000000	10460
2.34748333333333	11172
2.35081666666667	14552
2.35415000000000	17932
2.35748333333333	20876
2.36083333333333	18800
2.36416666666667	26348
2.36750000000000	25412
2.37083333333333	36720
2.37416666666667	30196
2.37751666666667	23676
2.38085000000000	33296
2.38418333333333	29540
2.38751666666667	43792
2.39085000000000	42096
2.39420000000000	44912
2.39753333333333	30832
2.40086666666667	38656
2.40420000000000	41232
2.40753333333333	51504
2.41088333333333	50544
2.41421666666667	54304
2.41755000000000	33280
2.42088333333333	23608
2.42421666666667	48864
2.42756666666667	60832
2.43090000000000	63024
2.43423333333333	56112
2.43756666666667	57296
2.44090000000000	58656
2.44425000000000	55520
2.44758333333333	52384
2.45091666666667	61600
2.45425000000000	65728
2.45758333333333	62160
2.46093333333333	47056
2.46426666666667	64048
2.46760000000000	65280
2.47093333333333	72624
2.47426666666667	76016
2.47761666666667	76384
2.48095000000000	71424
2.48428333333333	66464
2.48761666666667	79264
2.49095000000000	62704
2.49428333333333	78160
2.49763333333333	46944
2.50096666666667	60272
2.50430000000000	80592
2.50763333333333	104000
2.51096666666667	87120
2.51431666666667	89568
2.51765000000000	90656
2.52098333333333	48624
2.52431666666667	74976
2.52765000000000	107264
2.53100000000000	103264
2.53433333333333	112048
2.53766666666667	112912
2.54100000000000	94400
2.54433333333333	102048
2.54768333333333	89424
2.55101666666667	67472
2.55435000000000	53664
2.55768333333333	106304
2.56101666666667	98112
2.56436666666667	105328
2.56770000000000	112864
2.57103333333333	88912
2.57436666666667	96976
2.57770000000000	112432
2.58105000000000	119552
2.58438333333333	77424
2.58771666666667	98384
2.59105000000000	96592
2.59438333333333	111280
2.59773333333333	114592
2.60106666666667	117920
2.60440000000000	128272
2.60773333333333	90320
2.61106666666667	125552
2.61441666666667	133440
2.61775000000000	115616
2.62108333333333	95104
2.62441666666667	129840
2.62775000000000	123968
2.63110000000000	91648
2.63443333333333	142400
2.63776666666667	89008
2.64110000000000	131584
2.64443333333333	144960
2.64778333333333	134592
2.65111666666667	69920
2.65445000000000	116448
2.65778333333333	96944
2.66111666666667	91216
2.66446666666667	84448
2.66780000000000	105424
2.67113333333333	95968
2.67446666666667	86528
2.67780000000000	90928
2.68115000000000	95328
2.68448333333333	108000
2.68781666666667	111904
2.69115000000000	73824
2.69448333333333	65600
2.69783333333333	89728
2.70116666666667	122768
2.70450000000000	116768
2.70783333333333	112048
2.71116666666667	99920
2.71451666666667	119056
2.71785000000000	88192
2.72118333333333	116656
2.72451666666667	131584
2.72785000000000	106896
2.73120000000000	100736
2.73453333333333	97952
2.73786666666667	108960
2.74120000000000	104528
2.74453333333333	100080
2.74788333333333	102208
2.75121666666667	98432
2.75455000000000	119296
2.75788333333333	128048
2.76121666666667	119072
2.76456666666667	136128
2.76790000000000	82480
2.77123333333333	103392
2.77456666666667	98992
2.77790000000000	96448
2.78125000000000	93920
2.78458333333333	97808
2.78791666666667	99008
2.79125000000000	100192
2.79458333333333	110560
2.79793333333333	66880
2.80126666666667	111072
2.80460000000000	113280
2.80793333333333	128240
2.81126666666667	70256
2.81461666666667	150784
2.81795000000000	98704
2.82128333333333	131648
2.82461666666667	151616
2.82795000000000	66864
2.83128333333333	126496
2.83463333333333	132096
2.83796666666667	67520
2.84130000000000	146944
2.84463333333333	111008
2.84796666666667	129392
2.85131666666667	143936
2.85465000000000	101792
2.85798333333333	113616
2.86131666666667	144064
2.86465000000000	100192
2.86800000000000	99968
2.87133333333333	101264
2.87466666666667	141120
2.87800000000000	144832
2.88133333333333	135936
2.88468333333333	128528
2.88801666666667	121776
2.89135000000000	78352
2.89468333333333	122464
2.89801666666667	132352
2.90136666666667	122448
2.90470000000000	55312
2.90803333333333	124160
2.91136666666667	129008
2.91470000000000	109664
2.91805000000000	107152
2.92138333333333	129696
2.92471666666667	114848
2.92805000000000	135296
2.93138333333333	104304
2.93473333333333	145600
2.93806666666667	134976
2.94140000000000	101952
2.94473333333333	125952
2.94806666666667	118352
2.95141666666667	107104
2.95475000000000	105984
2.95808333333333	104864
2.96141666666667	131008
2.96475000000000	127792
2.96810000000000	84176
2.97143333333333	101904
2.97476666666667	106784
2.97810000000000	99072
2.98143333333333	91344
2.98478333333333	93456
2.98811666666667	95568
2.99145000000000	89504
2.99478333333333	83440
2.99811666666667	94480
3.00146666666667	105536
3.00480000000000	108832
3.00813333333333	112144
3.01146666666667	87488
3.01480000000000	76368
3.01815000000000	92000
3.02148333333333	112416
3.02481666666667	119888
3.02815000000000	132672
3.03148333333333	113536
3.03483333333333	116352
3.03816666666667	94320
3.04150000000000	112528
3.04483333333333	127280
3.04816666666667	136704
3.05151666666667	134848
3.05485000000000	151616
3.05818333333333	101056
3.06151666666667	134848
3.06485000000000	77520
3.06820000000000	120592
3.07153333333333	80960
3.07486666666667	90496
3.07820000000000	100016
3.08153333333333	85952
3.08488333333333	92128
3.08821666666667	98304
3.09155000000000	87392
3.09488333333333	76480
3.09821666666667	98880
3.10156666666667	138176
3.10490000000000	125520
3.10823333333333	126304
3.11156666666667	97616
3.11490000000000	105504
3.11825000000000	103840
3.12158333333333	115392
3.12491666666667	115264
3.12825000000000	115136
3.13158333333333	64816
3.13493333333333	101488
3.13826666666667	134400
3.14160000000000	118416
3.14493333333333	104992
3.14826666666667	104096
3.15161666666667	98848
3.15495000000000	93584
3.15828333333333	112128
3.16161666666667	113424
3.16495000000000	114720
3.16828333333333	75808
3.17163333333333	71552
3.17496666666667	131840
3.17830000000000	118448
3.18163333333333	107984
3.18496666666667	115392
3.18831666666667	112592
3.19165000000000	109776
3.19498333333333	109600
3.19831666666667	109408
3.20165000000000	115040
3.20500000000000	139392
3.20833333333333	141888
3.21166666666667	110352
3.21500000000000	139584
3.21833333333333	157056
3.22168333333333	111776
3.22501666666667	145984
3.22835000000000	78960
3.23168333333333	121008
3.23501666666667	110320
3.23836666666667	146432
3.24170000000000	142336
3.24503333333333	124064
3.24836666666667	131840
3.25170000000000	122112
3.25505000000000	86176
3.25838333333333	99184
3.26171666666667	101744
3.26505000000000	104288
3.26838333333333	98496
3.27173333333333	124880
3.27506666666667	124864
3.27840000000000	124864
3.28173333333333	125920
3.28506666666667	113808
3.28841666666667	94640
3.29175000000000	101760
3.29508333333333	108880
3.29841666666667	104016
3.30175000000000	107376
3.30510000000000	110720
3.30843333333333	83904
3.31176666666667	99776
3.31510000000000	107952
3.31843333333333	104304
3.32178333333333	89040
3.32511666666667	130640
3.32845000000000	140160
3.33178333333333	122912
3.33511666666667	98608
3.33846666666667	107696
3.34180000000000	100064
3.34513333333333	105312
3.34846666666667	110544
3.35180000000000	99312
3.35515000000000	98432
3.35848333333333	97552
3.36181666666667	96688
3.36515000000000	95824
3.36848333333333	89648
3.37183333333333	83488
3.37516666666667	81760
3.37850000000000	124960
3.38183333333333	145984
3.38516666666667	139584
3.38851666666667	141696
3.39185000000000	143808
3.39518333333333	106144
3.39851666666667	117200
3.40185000000000	127888
3.40520000000000	86592
3.40853333333333	121792
3.41186666666667	111744
3.41520000000000	138816
3.41853333333333	117584
3.42188333333333	113136
3.42521666666667	109904
3.42855000000000	77344
3.43188333333333	131520
3.43521666666667	77056
3.43856666666667	95008
3.44190000000000	130608
3.44523333333333	125280
3.44856666666667	131712
3.45190000000000	104656
3.45525000000000	135168
3.45858333333333	117808
3.46191666666667	121392
3.46525000000000	124960
3.46858333333333	137280
3.47193333333333	97344
3.47526666666667	140992
3.47860000000000	135808
3.48193333333333	128656
3.48526666666667	95888
3.48861666666667	101840
3.49195000000000	113248
3.49528333333333	91808
3.49861666666667	151296
3.50195000000000	136576
3.50528333333333	128112
3.50863333333333	129536
3.51196666666667	119936
3.51530000000000	138432
3.51863333333333	95424
3.52196666666667	111616
3.52531666666667	118896
3.52865000000000	119104
3.53198333333333	121760
3.53531666666667	120368
3.53865000000000	96928
3.54200000000000	124480
3.54533333333333	85648
3.54866666666667	126912
3.55200000000000	128960
3.55533333333333	126192
3.55868333333333	115536
3.56201666666667	138176
3.56535000000000	128256
3.56868333333333	105808
3.57201666666667	117328
3.57536666666667	102864
3.57870000000000	132608
3.58203333333333	124864
3.58536666666667	121856
3.58870000000000	90928
3.59205000000000	58800
3.59538333333333	136000
3.59871666666667	106880
3.60205000000000	90208
3.60538333333333	114384
3.60873333333333	110688
3.61206666666667	107008
3.61540000000000	118176
3.61873333333333	98976
3.62206666666667	93072
3.62541666666667	122960
3.62875000000000	113808
3.63208333333333	124848
3.63541666666667	126960
3.63875000000000	124016
3.64210000000000	127248
3.64543333333333	128768
3.64876666666667	96496
3.65210000000000	110832
3.65543333333333	140352
3.65878333333333	142528
3.66211666666667	73216
3.66545000000000	123776
3.66878333333333	116768
3.67211666666667	122032
3.67546666666667	118160
3.67880000000000	114288
3.68213333333333	107264
3.68546666666667	130832
3.68880000000000	135808
3.69215000000000	114224
3.69548333333333	112464
3.69881666666667	126048
3.70215000000000	118208
3.70548333333333	106672
3.70883333333333	93632
3.71216666666667	78832
3.71550000000000	88528
3.71883333333333	78128
3.72216666666667	93840
3.72551666666667	109536
3.72885000000000	135296
3.73218333333333	118336
3.73551666666667	96496
3.73885000000000	119152
3.74220000000000	140992
3.74553333333333	155968
3.74886666666667	120384
3.75220000000000	93200
3.75553333333333	144000
3.75888333333333	88992
3.76221666666667	114128
3.76555000000000	137856
3.76888333333333	68128
3.77221666666667	114560
3.77556666666667	131264
3.77890000000000	123264
3.78223333333333	140800
3.78556666666667	129056
3.78890000000000	107712
3.79225000000000	128000
3.79558333333333	128944
3.79891666666667	97760
3.80225000000000	95584
3.80558333333333	135424
3.80893333333333	128752
3.81226666666667	139840
3.81560000000000	133568
3.81893333333333	136320
3.82226666666667	139904
3.82561666666667	115344
3.82895000000000	122112
3.83228333333333	120096
3.83561666666667	93408
3.83895000000000	118656
3.84228333333333	128912
3.84563333333333	118288
3.84896666666667	82560
3.85230000000000	81392
3.85563333333333	125264
3.85896666666667	148096
3.86231666666667	128448
3.86565000000000	107760
3.86898333333333	136512
3.87231666666667	113792
3.87565000000000	108640
3.87900000000000	131456
3.88233333333333	129776
3.88566666666667	136256
3.88900000000000	107728
3.89233333333333	121088
3.89568333333333	115584
3.89901666666667	103648
3.90235000000000	91728
3.90568333333333	122352
3.90901666666667	76688
3.91236666666667	84432
3.91570000000000	101680
3.91903333333333	94160
3.92236666666667	86656
3.92570000000000	98656
3.92905000000000	110656
3.93238333333333	109616
3.93571666666667	96640
3.93905000000000	83664
3.94238333333333	113824
3.94573333333333	131136
3.94906666666667	127808
3.95240000000000	112784
3.95573333333333	134400
3.95906666666667	109824
3.96241666666667	90224
3.96575000000000	134400
3.96908333333333	91360
3.97241666666667	133696
3.97575000000000	119664
3.97910000000000	93392
3.98243333333333	65744
3.98576666666667	113104
3.98910000000000	118944
3.99243333333333	137664
3.99578333333333	145152
3.99911666666667	123728
4.00245000000000	123072
4.00578333333333	117664
4.00911666666667	134656
4.01246666666667	96160
4.01580000000000	128720
4.01913333333333	144384
4.02246666666667	108256
4.02580000000000	137792
4.02915000000000	118816
4.03248333333333	101344
4.03581666666667	109808
4.03915000000000	117888
4.04248333333333	123488
4.04583333333333	129072
4.04916666666667	131904
4.05250000000000	104736
4.05583333333333	127952
4.05916666666667	112144
4.06251666666667	108160
4.06585000000000	104192
4.06918333333333	103760
4.07251666666667	68544
4.07585000000000	122528
4.07920000000000	86720
4.08253333333333	87392
4.08586666666667	111744
4.08920000000000	95376
4.09253333333333	99744
4.09588333333333	104096
4.09921666666667	83648
4.10255000000000	106896
4.10588333333333	90240
4.10921666666667	90992
4.11256666666667	116368
4.11590000000000	124368
4.11923333333333	139072
4.12256666666667	104096
4.12590000000000	127616
4.12925000000000	110448
4.13258333333333	94496
4.13591666666667	133760
4.13925000000000	129216
4.14258333333333	128400
4.14593333333333	127600
4.14926666666667	121296
4.15260000000000	119296
4.15593333333333	117312
4.15926666666667	121392
4.16261666666667	118320
4.16595000000000	88672
4.16928333333333	142528
4.17261666666667	127984
4.17595000000000	110992
4.17928333333333	114496
4.18263333333333	115104
4.18596666666667	115696
4.18930000000000	129856
4.19263333333333	67840
4.19596666666667	99152
4.19931666666667	118624
4.20265000000000	130016
4.20598333333333	120960
4.20931666666667	117040
4.21265000000000	78784
4.21600000000000	106032
4.21933333333333	137792
4.22266666666667	126432
4.22600000000000	152384
4.22933333333333	100880
4.23268333333333	116048
4.23601666666667	89376
4.23935000000000	82736
4.24268333333333	107888
4.24601666666667	83440
4.24936666666667	112976
4.25270000000000	98032
4.25603333333333	102880
4.25936666666667	107744
4.26270000000000	105392
4.26605000000000	103056
4.26938333333333	115728
4.27271666666667	107584
4.27605000000000	99456
4.27938333333333	95360
4.28273333333333	74000
4.28606666666667	87728
4.28940000000000	101456
4.29273333333333	106736
4.29606666666667	102912
4.29941666666667	99088
4.30275000000000	99904
4.30608333333333	81968
4.30941666666667	118176
4.31275000000000	115568
4.31610000000000	118608
4.31943333333333	115904
4.32276666666667	113216
4.32610000000000	94272
4.32943333333333	121568
4.33278333333333	116608
4.33611666666667	127280
4.33945000000000	129568
4.34278333333333	111568
4.34611666666667	117696
4.34946666666667	113712
4.35280000000000	108480
4.35613333333333	103248
4.35946666666667	122272
4.36280000000000	81792
4.36615000000000	144512
4.36948333333333	118880
4.37281666666667	91744
4.37615000000000	123472
4.37948333333333	131776
4.38283333333333	113328
4.38616666666667	123776
4.38950000000000	138880
4.39283333333333	124400
4.39616666666667	117648
4.39951666666667	119680
4.40285000000000	137536
4.40618333333333	75504
4.40951666666667	92784
4.41285000000000	110064
4.41620000000000	128384
4.41953333333333	124960
4.42286666666667	134784
4.42620000000000	92992
4.42953333333333	62880
4.43288333333333	58800
4.43621666666667	84656
4.43955000000000	138880
4.44288333333333	134464
4.44621666666667	96704
4.44956666666667	108480
4.45290000000000	96064
4.45623333333333	106096
4.45956666666667	116112
4.46290000000000	110480
4.46625000000000	107824
4.46958333333333	105184
4.47291666666667	125552
4.47625000000000	125696
4.47958333333333	116800
4.48293333333333	80848
4.48626666666667	138816
4.48960000000000	99744
4.49293333333333	133376
4.49626666666667	101984
