1.50331666666667	0
1.50665000000000	1511
1.50998333333333	0
1.51331666666667	0
1.51665000000000	0
1.52000000000000	0
1.52333333333333	0
1.52666666666667	0
1.53000000000000	0
1.53333333333333	0
1.53668333333333	0
1.54001666666667	0
1.54335000000000	0
1.54668333333333	0
1.55001666666667	0
1.55336666666667	0
1.55670000000000	0
1.56003333333333	0
1.56336666666667	0
1.56670000000000	0
1.57005000000000	0
1.57338333333333	0
1.57671666666667	0
1.58005000000000	0
1.58338333333333	0
1.58673333333333	0
1.59006666666667	0
1.59340000000000	0
1.59673333333333	0
1.60006666666667	0
1.60341666666667	0
1.60675000000000	0
1.61008333333333	0
1.61341666666667	0
1.61675000000000	0
1.62010000000000	0
1.62343333333333	0
1.62676666666667	0
1.63010000000000	0
1.63343333333333	0
1.63678333333333	0
1.64011666666667	0
1.64345000000000	0
1.64678333333333	0
1.65011666666667	0
1.65346666666667	0
1.65680000000000	0
1.66013333333333	0
1.66346666666667	0
1.66680000000000	0
1.67015000000000	0
1.67348333333333	0
1.67681666666667	0
1.68015000000000	0
1.68348333333333	0
1.68683333333333	0
1.69016666666667	0
1.69350000000000	0
1.69683333333333	0
1.70016666666667	0
1.70351666666667	0
1.70685000000000	0
1.71018333333333	0
1.71351666666667	0
1.71685000000000	0
1.72020000000000	0
1.72353333333333	0
1.72686666666667	0
1.73020000000000	0
1.73353333333333	0
1.73688333333333	0
1.74021666666667	0
1.74355000000000	0
1.74688333333333	0
1.75021666666667	0
1.75356666666667	0
1.75690000000000	0
1.76023333333333	0
1.76356666666667	0
1.76690000000000	0
1.77025000000000	0
1.77358333333333	0
1.77691666666667	0
1.78025000000000	0
1.78358333333333	0
1.78693333333333	0
1.79026666666667	0
1.79360000000000	0
1.79693333333333	0
1.80026666666667	0
1.80361666666667	0
1.80695000000000	0
1.81028333333333	0
1.81361666666667	0
1.81695000000000	0
1.82028333333333	0
1.82363333333333	0
1.82696666666667	0
1.83030000000000	0
1.83363333333333	0
1.83696666666667	0
1.84031666666667	0
1.84365000000000	1642
1.84698333333333	1724
1.85031666666667	0
1.85365000000000	0
1.85700000000000	0
1.86033333333333	0
1.86366666666667	0
1.86700000000000	0
1.87033333333333	0
1.87368333333333	0
1.87701666666667	0
1.88035000000000	0
1.88368333333333	0
1.88701666666667	0
1.89036666666667	0
1.89370000000000	0
1.89703333333333	0
1.90036666666667	0
1.90370000000000	0
1.90705000000000	0
1.91038333333333	0
1.91371666666667	0
1.91705000000000	0
1.92038333333333	0
1.92373333333333	0
1.92706666666667	0
1.93040000000000	0
1.93373333333333	0
1.93706666666667	0
1.94041666666667	0
1.94375000000000	0
1.94708333333333	0
1.95041666666667	0
1.95375000000000	0
1.95710000000000	0
1.96043333333333	0
1.96376666666667	0
1.96710000000000	0
1.97043333333333	0
1.97378333333333	0
1.97711666666667	0
1.98045000000000	0
1.98378333333333	0
1.98711666666667	0
1.99046666666667	0
1.99380000000000	0
1.99713333333333	0
2.00046666666667	0
2.00380000000000	0
2.00715000000000	0
2.01048333333333	0
2.01381666666667	0
2.01715000000000	0
2.02048333333333	0
2.02383333333333	0
2.02716666666667	1458
2.03050000000000	1429
2.03383333333333	0
2.03716666666667	0
2.04051666666667	0
2.04385000000000	0
2.04718333333333	0
2.05051666666667	0
2.05385000000000	0
2.05720000000000	0
2.06053333333333	0
2.06386666666667	0
2.06720000000000	0
2.07053333333333	0
2.07388333333333	0
2.07721666666667	0
2.08055000000000	0
2.08388333333333	0
2.08721666666667	0
2.09056666666667	0
2.09390000000000	0
2.09723333333333	0
2.10056666666667	0
2.10390000000000	0
2.10725000000000	0
2.11058333333333	0
2.11391666666667	0
2.11725000000000	0
2.12058333333333	0
2.12393333333333	0
2.12726666666667	0
2.13060000000000	0
2.13393333333333	0
2.13726666666667	0
2.14061666666667	0
2.14395000000000	0
2.14728333333333	0
2.15061666666667	325
2.15395000000000	163
2.15728333333333	0
2.16063333333333	0
2.16396666666667	0
2.16730000000000	0
2.17063333333333	0
2.17396666666667	0
2.17731666666667	0
2.18065000000000	0
2.18398333333333	0
2.18731666666667	0
2.19065000000000	0
2.19400000000000	0
2.19733333333333	0
2.20066666666667	0
2.20400000000000	0
2.20733333333333	0
2.21068333333333	0
2.21401666666667	0
2.21735000000000	0
2.22068333333333	0
2.22401666666667	0
2.22736666666667	0
2.23070000000000	0
2.23403333333333	0
2.23736666666667	0
2.24070000000000	0
2.24405000000000	0
2.24738333333333	0
2.25071666666667	0
2.25405000000000	0
2.25738333333333	0
2.26073333333333	608
2.26406666666667	1215
2.26740000000000	1466
2.27073333333333	175
2.27406666666667	1043
2.27741666666667	2588
2.28075000000000	3282
2.28408333333333	2835
2.28741666666667	2387
2.29075000000000	3958
2.29410000000000	6012
2.29743333333333	3783
2.30076666666667	1553
2.30410000000000	5743
2.30743333333333	3071
2.31078333333333	3445
2.31411666666667	1038
2.31745000000000	1644
2.32078333333333	2251
2.32411666666667	1808
2.32746666666667	1366
2.33080000000000	2158
2.33413333333333	3526
2.33746666666667	3019
2.34080000000000	2513
2.34415000000000	6414
2.34748333333333	11496
2.35081666666667	13396
2.35415000000000	10312
2.35748333333333	7702
2.36083333333333	8368
2.36416666666667	9028
2.36750000000000	12172
2.37083333333333	11220
2.37416666666667	10268
2.37751666666667	14212
2.38085000000000	14184
2.38418333333333	14156
2.38751666666667	23216
2.39085000000000	24520
2.39420000000000	24432
2.39753333333333	24272
2.40086666666667	25104
2.40420000000000	26804
2.40753333333333	26144
2.41088333333333	23980
2.41421666666667	21812
2.41755000000000	27712
2.42088333333333	32748
2.42421666666667	32720
2.42756666666667	36912
2.43090000000000	39392
2.43423333333333	16976
2.43756666666667	29200
2.44090000000000	23092
2.44425000000000	42048
2.44758333333333	36784
2.45091666666667	36800
2.45425000000000	39792
2.45758333333333	36080
2.46093333333333	35760
2.46426666666667	35456
2.46760000000000	29092
2.47093333333333	29776
2.47426666666667	28940
2.47761666666667	28104
2.48095000000000	37408
2.48428333333333	36864
2.48761666666667	34064
2.49095000000000	31272
2.49428333333333	29912
2.49763333333333	29748
2.50096666666667	29584
2.50430000000000	32896
2.50763333333333	60752
2.51096666666667	54016
2.51431666666667	47456
2.51765000000000	30736
2.52098333333333	46416
2.52431666666667	52128
2.52765000000000	42176
2.53100000000000	45808
2.53433333333333	57824
2.53766666666667	63184
2.54100000000000	35856
2.54433333333333	60368
2.54768333333333	66592
2.55101666666667	51216
2.55435000000000	36240
2.55768333333333	48080
2.56101666666667	58032
2.56436666666667	46944
2.56770000000000	49280
2.57103333333333	35376
2.57436666666667	44832
2.57770000000000	50368
2.58105000000000	55904
2.58438333333333	32576
2.58771666666667	58560
2.59105000000000	39552
2.59438333333333	48288
2.59773333333333	49856
2.60106666666667	63904
2.60440000000000	67104
2.60773333333333	37536
2.61106666666667	43200
2.61441666666667	44496
2.61775000000000	42000
2.62108333333333	39520
2.62441666666667	51472
2.62775000000000	50608
2.63110000000000	64336
2.63443333333333	62016
2.63776666666667	59712
2.64110000000000	48160
2.64443333333333	46256
2.64778333333333	48832
2.65111666666667	49456
2.65445000000000	57968
2.65778333333333	65216
2.66111666666667	62512
2.66446666666667	62960
2.66780000000000	64976
2.67113333333333	65024
2.67446666666667	46080
2.67780000000000	66336
2.68115000000000	56272
2.68448333333333	36512
2.68781666666667	56432
2.69115000000000	58240
2.69448333333333	60064
2.69783333333333	53296
2.70116666666667	28936
2.70450000000000	69136
2.70783333333333	60048
2.71116666666667	54608
2.71451666666667	58880
2.71785000000000	54960
2.72118333333333	34384
2.72451666666667	63232
2.72785000000000	66672
2.73120000000000	55600
2.73453333333333	52992
2.73786666666667	50400
2.74120000000000	50240
2.74453333333333	60048
2.74788333333333	77968
2.75121666666667	84816
2.75455000000000	55552
2.75788333333333	58064
2.76121666666667	51808
2.76456666666667	46752
2.76790000000000	42304
2.77123333333333	37840
2.77456666666667	60656
2.77790000000000	61824
2.78125000000000	50736
2.78458333333333	61024
2.78791666666667	70464
2.79125000000000	46464
2.79458333333333	72496
2.79793333333333	51376
2.80126666666667	70176
2.80460000000000	56768
2.80793333333333	67792
2.81126666666667	46848
2.81461666666667	58368
2.81795000000000	57232
2.82128333333333	62480
2.82461666666667	61024
2.82795000000000	44576
2.83128333333333	46944
2.83463333333333	31772
2.83796666666667	46960
2.84130000000000	44752
2.84463333333333	49120
2.84796666666667	65216
2.85131666666667	68112
2.85465000000000	53744
2.85798333333333	48224
2.86131666666667	67808
2.86465000000000	70032
2.86800000000000	43264
2.87133333333333	58224
2.87466666666667	74512
2.87800000000000	38352
2.88133333333333	54032
2.88468333333333	68880
2.88801666666667	51152
2.89135000000000	56720
2.89468333333333	63056
2.89801666666667	47984
2.90136666666667	64720
2.90470000000000	78736
2.90803333333333	70128
2.91136666666667	54768
2.91470000000000	51776
2.91805000000000	57056
2.92138333333333	39696
2.92471666666667	56160
2.92805000000000	53936
2.93138333333333	38768
2.93473333333333	63968
2.93806666666667	71840
2.94140000000000	72560
2.94473333333333	63024
2.94806666666667	66832
2.95141666666667	66496
2.95475000000000	51968
2.95808333333333	48016
2.96141666666667	38224
2.96475000000000	51472
2.96810000000000	46592
2.97143333333333	53360
2.97476666666667	49104
2.97810000000000	63376
2.98143333333333	66592
2.98478333333333	60384
2.98811666666667	61008
2.99145000000000	62544
2.99478333333333	42000
2.99811666666667	71360
3.00146666666667	67840
3.00480000000000	46464
3.00813333333333	68048
3.01146666666667	54128
3.01480000000000	47120
3.01815000000000	59552
3.02148333333333	36720
3.02481666666667	50096
3.02815000000000	60512
3.03148333333333	54192
3.03483333333333	44368
3.03816666666667	48144
3.04150000000000	43696
3.04483333333333	75648
3.04816666666667	73536
3.05151666666667	51984
3.05485000000000	33280
3.05818333333333	54800
3.06151666666667	60256
3.06485000000000	73296
3.06820000000000	40208
3.07153333333333	70832
3.07486666666667	57072
3.07820000000000	71248
3.08153333333333	48352
3.08488333333333	50960
3.08821666666667	70224
3.09155000000000	60464
3.09488333333333	48016
3.09821666666667	72160
3.10156666666667	33216
3.10490000000000	70128
3.10823333333333	36896
3.11156666666667	78256
3.11490000000000	56224
3.11825000000000	49568
3.12158333333333	35104
3.12491666666667	42720
3.12825000000000	42400
3.13158333333333	41472
3.13493333333333	50192
3.13826666666667	61616
3.14160000000000	67248
3.14493333333333	60912
3.14826666666667	41408
3.15161666666667	76288
3.15495000000000	70640
3.15828333333333	59008
3.16161666666667	59744
3.16495000000000	65472
3.16828333333333	65776
3.17163333333333	45808
3.17496666666667	51968
3.17830000000000	63184
3.18163333333333	38368
3.18496666666667	68832
3.18831666666667	66016
3.19165000000000	45472
3.19498333333333	67424
3.19831666666667	58416
3.20165000000000	57456
3.20500000000000	53232
3.20833333333333	55760
3.21166666666667	58304
3.21500000000000	41424
3.21833333333333	51264
3.22168333333333	50128
3.22501666666667	58512
3.22835000000000	57120
3.23168333333333	59792
3.23501666666667	62736
3.23836666666667	65664
3.24170000000000	62608
3.24503333333333	55664
3.24836666666667	34144
3.25170000000000	63728
3.25505000000000	71168
3.25838333333333	38080
3.26171666666667	51568
3.26505000000000	55936
3.26838333333333	47568
3.27173333333333	68544
3.27506666666667	65664
3.27840000000000	65376
3.28173333333333	56656
3.28506666666667	43792
3.28841666666667	71008
3.29175000000000	66496
3.29508333333333	38848
3.29841666666667	61520
3.30175000000000	49488
3.30510000000000	77120
3.30843333333333	71088
3.31176666666667	65056
3.31510000000000	50784
3.31843333333333	59344
3.32178333333333	61776
3.32511666666667	64224
3.32845000000000	54240
3.33178333333333	54912
3.33511666666667	52480
3.33846666666667	69744
3.34180000000000	67904
3.34513333333333	66080
3.34846666666667	61392
3.35180000000000	46496
3.35515000000000	68016
3.35848333333333	48624
3.36181666666667	66448
3.36515000000000	78976
3.36848333333333	47872
3.37183333333333	75424
3.37516666666667	35728
3.37850000000000	58976
3.38183333333333	62912
3.38516666666667	57600
3.38851666666667	81952
3.39185000000000	82048
3.39518333333333	56240
3.39851666666667	57232
3.40185000000000	58576
3.40520000000000	54608
3.40853333333333	51216
3.41186666666667	47808
3.41520000000000	54016
3.41853333333333	55648
3.42188333333333	53504
3.42521666666667	54576
3.42855000000000	57120
3.43188333333333	59680
3.43521666666667	55936
3.43856666666667	52208
3.44190000000000	47920
3.44523333333333	43632
3.44856666666667	44656
3.45190000000000	45696
3.45525000000000	46128
3.45858333333333	44624
3.46191666666667	43136
3.46525000000000	60640
3.46858333333333	73600
3.47193333333333	62032
3.47526666666667	50464
3.47860000000000	74464
3.48193333333333	78016
3.48526666666667	42928
3.48861666666667	84704
3.49195000000000	48720
3.49528333333333	39808
3.49861666666667	27988
3.50195000000000	50448
3.50528333333333	84496
3.50863333333333	71232
3.51196666666667	70816
3.51530000000000	40064
3.51863333333333	35344
3.52196666666667	51568
3.52531666666667	51664
3.52865000000000	63632
3.53198333333333	68160
3.53531666666667	79040
3.53865000000000	46832
3.54200000000000	42016
3.54533333333333	58768
3.54866666666667	60656
3.55200000000000	62544
3.55533333333333	48768
3.55868333333333	73008
3.56201666666667	75504
3.56535000000000	49024
3.56868333333333	26548
3.57201666666667	66736
3.57536666666667	53968
3.57870000000000	72496
3.58203333333333	78912
3.58536666666667	51584
3.58870000000000	39952
3.59205000000000	68448
3.59538333333333	68096
3.59871666666667	43888
3.60205000000000	57376
3.60538333333333	69264
3.60873333333333	55632
3.61206666666667	50160
3.61540000000000	52832
3.61873333333333	33120
3.62206666666667	52944
3.62541666666667	53504
3.62875000000000	54080
3.63208333333333	54048
3.63541666666667	56192
3.63875000000000	58352
3.64210000000000	49760
3.64543333333333	56672
3.64876666666667	78096
3.65210000000000	85136
3.65543333333333	59520
3.65878333333333	50800
3.66211666666667	60512
3.66545000000000	68288
3.66878333333333	62384
3.67211666666667	43824
3.67546666666667	66736
3.67880000000000	69552
3.68213333333333	60384
3.68546666666667	45568
3.68880000000000	55520
3.69215000000000	65472
3.69548333333333	53600
3.69881666666667	66608
3.70215000000000	74880
3.70548333333333	39264
3.70883333333333	53376
3.71216666666667	57552
3.71550000000000	56528
3.71883333333333	62032
3.72216666666667	67552
3.72551666666667	28868
3.72885000000000	48320
3.73218333333333	67632
3.73551666666667	63280
3.73885000000000	51712
3.74220000000000	49408
3.74553333333333	47120
3.74886666666667	61744
3.75220000000000	67408
3.75553333333333	55968
3.75888333333333	54432
3.76221666666667	40832
3.76555000000000	30296
3.76888333333333	55840
3.77221666666667	62512
3.77556666666667	34816
3.77890000000000	66832
3.78223333333333	77504
3.78556666666667	61520
3.78890000000000	55056
3.79225000000000	53840
3.79558333333333	54480
3.79891666666667	55104
3.80225000000000	59040
3.80558333333333	56032
3.80893333333333	53024
3.81226666666667	52864
3.81560000000000	52704
3.81893333333333	73936
3.82226666666667	69664
3.82561666666667	51440
3.82895000000000	34528
3.83228333333333	50432
3.83561666666667	64272
3.83895000000000	74592
3.84228333333333	57808
3.84563333333333	60032
3.84896666666667	62240
3.85230000000000	39632
3.85563333333333	46672
3.85896666666667	56496
3.86231666666667	50800
3.86565000000000	45104
3.86898333333333	56880
3.87231666666667	60592
3.87565000000000	45136
3.87900000000000	47184
3.88233333333333	63184
3.88566666666667	61760
3.88900000000000	58784
3.89233333333333	26484
3.89568333333333	54288
3.89901666666667	60224
3.90235000000000	74304
3.90568333333333	50656
3.90901666666667	52416
3.91236666666667	49904
3.91570000000000	54544
3.91903333333333	59200
3.92236666666667	58976
3.92570000000000	58752
3.92905000000000	61904
3.93238333333333	63520
3.93571666666667	62480
3.93905000000000	65328
3.94238333333333	46384
3.94573333333333	49504
3.94906666666667	56016
3.95240000000000	61888
3.95573333333333	59344
3.95906666666667	41264
3.96241666666667	69856
3.96575000000000	62272
3.96908333333333	67536
3.97241666666667	58320
3.97575000000000	67136
3.97910000000000	48352
3.98243333333333	49600
3.98576666666667	64256
3.98910000000000	70672
3.99243333333333	66992
3.99578333333333	78000
3.99911666666667	48560
4.00245000000000	69056
4.00578333333333	39552
4.00911666666667	52544
4.01246666666667	56768
4.01580000000000	57456
4.01913333333333	53328
4.02246666666667	49184
4.02580000000000	30632
4.02915000000000	44304
4.03248333333333	52128
4.03581666666667	59952
4.03915000000000	58800
4.04248333333333	60544
4.04583333333333	43152
4.04916666666667	66432
4.05250000000000	52448
4.05583333333333	49488
4.05916666666667	71216
4.06251666666667	57168
4.06585000000000	67216
4.06918333333333	56032
4.07251666666667	39584
4.07585000000000	53344
4.07920000000000	67104
4.08253333333333	57936
4.08586666666667	63152
4.08920000000000	56000
4.09253333333333	52448
4.09588333333333	58192
4.09921666666667	63936
4.10255000000000	66288
4.10588333333333	60176
4.10921666666667	65616
4.11256666666667	55680
4.11590000000000	33504
4.11923333333333	60656
4.12256666666667	55552
4.12590000000000	50448
4.12925000000000	54336
4.13258333333333	51104
4.13591666666667	50784
4.13925000000000	50544
4.14258333333333	50288
4.14593333333333	53056
4.14926666666667	52176
4.15260000000000	51296
4.15593333333333	42224
4.15926666666667	45280
4.16261666666667	48352
4.16595000000000	62608
4.16928333333333	65792
4.17261666666667	62032
4.17595000000000	40416
4.17928333333333	68000
4.18263333333333	77776
4.18596666666667	58080
4.18930000000000	52128
4.19263333333333	43040
4.19596666666667	48928
4.19931666666667	49616
4.20265000000000	50320
4.20598333333333	54784
4.20931666666667	65856
4.21265000000000	69808
4.21600000000000	51968
4.21933333333333	64928
4.22266666666667	67120
4.22600000000000	69312
4.22933333333333	70336
4.23268333333333	72096
4.23601666666667	73840
4.23935000000000	63872
4.24268333333333	60640
4.24601666666667	40672
4.24936666666667	59488
4.25270000000000	65216
4.25603333333333	74160
4.25936666666667	81472
4.26270000000000	77712
4.26605000000000	62640
4.26938333333333	41952
4.27271666666667	49328
4.27605000000000	66496
4.27938333333333	70448
4.28273333333333	60672
4.28606666666667	52112
4.28940000000000	59632
4.29273333333333	43232
4.29606666666667	47488
4.29941666666667	55168
4.30275000000000	42832
4.30608333333333	55328
4.30941666666667	52480
4.31275000000000	46736
4.31610000000000	39696
4.31943333333333	32672
4.32276666666667	59744
4.32610000000000	67024
4.32943333333333	66656
4.33278333333333	63984
4.33611666666667	65296
4.33945000000000	41552
4.34278333333333	69904
4.34611666666667	65872
4.34946666666667	62608
4.35280000000000	30124
4.35613333333333	58624
4.35946666666667	75200
4.36280000000000	68480
4.36615000000000	73536
4.36948333333333	59104
4.37281666666667	56000
4.37615000000000	53056
4.37948333333333	52064
4.38283333333333	50624
4.38616666666667	60720
4.38950000000000	63552
4.39283333333333	52576
4.39616666666667	61904
4.39951666666667	67760
4.40285000000000	53536
4.40618333333333	65824
4.40951666666667	54944
4.41285000000000	43632
4.41620000000000	43008
4.41953333333333	42384
4.42286666666667	44176
4.42620000000000	45968
4.42953333333333	56848
4.43288333333333	56864
4.43621666666667	64864
4.43955000000000	64144
4.44288333333333	63424
4.44621666666667	64320
4.44956666666667	65216
4.45290000000000	55440
4.45623333333333	59584
4.45956666666667	63728
4.46290000000000	59872
4.46625000000000	57376
4.46958333333333	54864
4.47291666666667	54384
4.47625000000000	53904
4.47958333333333	44384
4.48293333333333	47776
4.48626666666667	51184
4.48960000000000	72800
4.49293333333333	78496
4.49626666666667	77200
