1.50330000000000	0
1.50663333333333	0
1.50996666666667	0
1.51330000000000	0
1.51663333333333	0
1.51998333333333	0
1.52331666666667	0
1.52665000000000	0
1.52998333333333	0
1.53331666666667	0
1.53666666666667	0
1.54000000000000	0
1.54333333333333	0
1.54666666666667	0
1.55000000000000	0
1.55335000000000	248
1.55668333333333	481
1.56001666666667	241
1.56335000000000	0
1.56668333333333	0
1.57003333333333	0
1.57336666666667	0
1.57670000000000	0
1.58003333333333	0
1.58336666666667	0
1.58671666666667	0
1.59005000000000	0
1.59338333333333	0
1.59671666666667	0
1.60005000000000	0
1.60340000000000	0
1.60673333333333	0
1.61006666666667	0
1.61340000000000	0
1.61673333333333	0
1.62008333333333	0
1.62341666666667	0
1.62675000000000	0
1.63008333333333	0
1.63341666666667	0
1.63676666666667	0
1.64010000000000	0
1.64343333333333	0
1.64676666666667	0
1.65010000000000	0
1.65345000000000	0
1.65678333333333	0
1.66011666666667	0
1.66345000000000	0
1.66678333333333	0
1.67013333333333	0
1.67346666666667	0
1.67680000000000	0
1.68013333333333	0
1.68346666666667	0
1.68681666666667	0
1.69015000000000	0
1.69348333333333	0
1.69681666666667	0
1.70015000000000	0
1.70350000000000	0
1.70683333333333	0
1.71016666666667	0
1.71350000000000	828
1.71683333333333	435
1.72018333333333	42
1.72351666666667	0
1.72685000000000	0
1.73018333333333	0
1.73351666666667	0
1.73686666666667	0
1.74020000000000	0
1.74353333333333	0
1.74686666666667	0
1.75020000000000	0
1.75355000000000	0
1.75688333333333	0
1.76021666666667	0
1.76355000000000	0
1.76688333333333	0
1.77023333333333	0
1.77356666666667	0
1.77690000000000	0
1.78023333333333	0
1.78356666666667	0
1.78691666666667	0
1.79025000000000	0
1.79358333333333	0
1.79691666666667	0
1.80025000000000	0
1.80360000000000	0
1.80693333333333	0
1.81026666666667	0
1.81360000000000	0
1.81693333333333	0
1.82026666666667	0
1.82361666666667	0
1.82695000000000	0
1.83028333333333	0
1.83361666666667	0
1.83695000000000	0
1.84030000000000	0
1.84363333333333	0
1.84696666666667	0
1.85030000000000	0
1.85363333333333	0
1.85698333333333	0
1.86031666666667	0
1.86365000000000	0
1.86698333333333	0
1.87031666666667	0
1.87366666666667	0
1.87700000000000	0
1.88033333333333	0
1.88366666666667	0
1.88700000000000	0
1.89035000000000	0
1.89368333333333	0
1.89701666666667	0
1.90035000000000	0
1.90368333333333	0
1.90703333333333	0
1.91036666666667	0
1.91370000000000	0
1.91703333333333	0
1.92036666666667	0
1.92371666666667	0
1.92705000000000	0
1.93038333333333	0
1.93371666666667	0
1.93705000000000	0
1.94040000000000	0
1.94373333333333	0
1.94706666666667	0
1.95040000000000	0
1.95373333333333	0
1.95708333333333	0
1.96041666666667	0
1.96375000000000	51
1.96708333333333	25
1.97041666666667	0
1.97376666666667	0
1.97710000000000	272
1.98043333333333	136
1.98376666666667	0
1.98710000000000	0
1.99045000000000	0
1.99378333333333	0
1.99711666666667	0
2.00045000000000	0
2.00378333333333	0
2.00711666666667	0
2.01045000000000	0
2.01378333333333	0
2.01711666666667	0
2.02045000000000	0
2.02380000000000	0
2.02713333333333	0
2.03046666666667	0
2.03380000000000	0
2.03713333333333	0
2.04048333333333	1504
2.04381666666667	1195
2.04715000000000	0
2.05048333333333	0
2.05381666666667	364
2.05716666666667	0
2.06050000000000	0
2.06383333333333	0
2.06716666666667	0
2.07050000000000	0
2.07385000000000	0
2.07718333333333	0
2.08051666666667	0
2.08385000000000	0
2.08718333333333	0
2.09053333333333	0
2.09386666666667	0
2.09720000000000	0
2.10053333333333	0
2.10386666666667	0
2.10721666666667	0
2.11055000000000	0
2.11388333333333	0
2.11721666666667	0
2.12055000000000	0
2.12390000000000	0
2.12723333333333	0
2.13056666666667	0
2.13390000000000	0
2.13723333333333	0
2.14058333333333	0
2.14391666666667	0
2.14725000000000	0
2.15058333333333	0
2.15391666666667	0
2.15725000000000	0
2.16060000000000	0
2.16393333333333	0
2.16726666666667	0
2.17060000000000	0
2.17393333333333	0
2.17728333333333	0
2.18061666666667	0
2.18395000000000	0
2.18728333333333	0
2.19061666666667	0
2.19396666666667	0
2.19730000000000	0
2.20063333333333	0
2.20396666666667	0
2.20730000000000	0
2.21065000000000	0
2.21398333333333	0
2.21731666666667	0
2.22065000000000	0
2.22398333333333	0
2.22733333333333	0
2.23066666666667	0
2.23400000000000	0
2.23733333333333	0
2.24066666666667	0
2.24401666666667	0
2.24735000000000	0
2.25068333333333	0
2.25401666666667	0
2.25735000000000	0
2.26070000000000	1113
2.26403333333333	1241
2.26736666666667	1007
2.27070000000000	1353
2.27403333333333	0
2.27738333333333	1269
2.28071666666667	0
2.28405000000000	0
2.28738333333333	1196
2.29071666666667	767
2.29406666666667	1550
2.29740000000000	0
2.30073333333333	728
2.30406666666667	2050
2.30740000000000	42
2.31075000000000	937
2.31408333333333	469
2.31741666666667	0
2.32075000000000	3149
2.32408333333333	4153
2.32743333333333	1402
2.33076666666667	0
2.33410000000000	646
2.33743333333333	1121
2.34076666666667	678
2.34411666666667	235
2.34745000000000	545
2.35078333333333	856
2.35411666666667	1016
2.35745000000000	1176
2.36080000000000	0
2.36413333333333	1402
2.36746666666667	2382
2.37080000000000	3062
2.37413333333333	564
2.37748333333333	1390
2.38081666666667	2158
2.38415000000000	2383
2.38748333333333	2615
2.39081666666667	2562
2.39416666666667	2510
2.39750000000000	1837
2.40083333333333	572
2.40416666666667	1060
2.40750000000000	1548
2.41085000000000	1330
2.41418333333333	1581
2.41751666666667	2975
2.42085000000000	4095
2.42418333333333	5463
2.42753333333333	721
2.43086666666667	0
2.43420000000000	1505
2.43753333333333	3845
2.44086666666667	3553
2.44421666666667	4010
2.44755000000000	1624
2.45088333333333	2776
2.45421666666667	0
2.45755000000000	1594
2.46090000000000	4546
2.46423333333333	5331
2.46756666666667	3973
2.47090000000000	2615
2.47423333333333	765
2.47758333333333	1935
2.48091666666667	1067
2.48425000000000	1831
2.48758333333333	2522
2.49091666666667	3214
2.49425000000000	3159
2.49760000000000	3104
2.50093333333333	3060
2.50426666666667	3335
2.50760000000000	3759
2.51093333333333	0
2.51428333333333	3746
2.51761666666667	2975
2.52095000000000	5337
2.52428333333333	4353
2.52761666666667	3369
2.53096666666667	3111
2.53430000000000	3897
2.53763333333333	2977
2.54096666666667	2056
2.54430000000000	1958
2.54765000000000	3511
2.55098333333333	0
2.55431666666667	1291
2.55765000000000	2583
2.56098333333333	2772
2.56433333333333	2962
2.56766666666667	1965
2.57100000000000	775
2.57433333333333	3732
2.57766666666667	3367
2.58101666666667	1307
2.58435000000000	4524
2.58768333333333	5751
2.59101666666667	5879
2.59435000000000	5933
2.59770000000000	1067
2.60103333333333	1626
2.60436666666667	6760
2.60770000000000	1813
2.61103333333333	4735
2.61438333333333	2873
2.61771666666667	3561
2.62105000000000	4673
2.62438333333333	3972
2.62771666666667	3671
2.63106666666667	3370
2.63440000000000	4456
2.63773333333333	2583
2.64106666666667	710
2.64440000000000	7869
2.64775000000000	6254
2.65108333333333	7247
2.65441666666667	2998
2.65775000000000	4810
2.66108333333333	2380
2.66443333333333	3165
2.66776666666667	3078
2.67110000000000	2865
2.67443333333333	2653
2.67776666666667	5011
2.68111666666667	5049
2.68445000000000	3190
2.68778333333333	1331
2.69111666666667	4192
2.69445000000000	6922
2.69780000000000	6648
2.70113333333333	1142
2.70446666666667	4620
2.70780000000000	4311
2.71113333333333	3501
2.71448333333333	2397
2.71781666666667	3963
2.72115000000000	2659
2.72448333333333	1356
2.72781666666667	1751
2.73116666666667	2146
2.73450000000000	3047
2.73783333333333	2516
2.74116666666667	1984
2.74450000000000	1269
2.74785000000000	8171
2.75118333333333	6487
2.75451666666667	10236
2.75785000000000	5907
2.76118333333333	1443
2.76453333333333	5176
2.76786666666667	5835
2.77120000000000	6495
2.77453333333333	2309
2.77786666666667	2780
2.78121666666667	7757
2.78455000000000	6495
2.78788333333333	1171
2.79121666666667	4140
2.79455000000000	2303
2.79790000000000	5774
2.80123333333333	6066
2.80456666666667	1303
2.80790000000000	5461
2.81123333333333	7850
2.81458333333333	7048
2.81791666666667	342
2.82125000000000	6920
2.82458333333333	1518
2.82791666666667	2794
2.83125000000000	4070
2.83460000000000	6192
2.83793333333333	6141
2.84126666666667	2374
2.84460000000000	7291
2.84793333333333	3245
2.85128333333333	3785
2.85461666666667	4856
2.85795000000000	3274
2.86128333333333	1691
2.86461666666667	2832
2.86796666666667	3256
2.87130000000000	2733
2.87463333333333	2209
2.87796666666667	2955
2.88130000000000	3702
2.88465000000000	4706
2.88798333333333	5710
2.89131666666667	2191
2.89465000000000	2774
2.89798333333333	3357
2.90133333333333	3897
2.90466666666667	6170
2.90800000000000	5191
2.91133333333333	4213
2.91466666666667	2139
2.91801666666667	3438
2.92135000000000	1945
2.92468333333333	1772
2.92801666666667	1598
2.93135000000000	3754
2.93470000000000	2483
2.93803333333333	1212
2.94136666666667	5087
2.94470000000000	3492
2.94803333333333	1898
2.95138333333333	5139
2.95471666666667	3228
2.95805000000000	3843
2.96138333333333	4459
2.96471666666667	1098
2.96806666666667	1511
2.97140000000000	1924
2.97473333333333	3276
2.97806666666667	3075
2.98140000000000	2875
2.98475000000000	3135
2.98808333333333	3396
2.99141666666667	2382
2.99475000000000	1908
2.99808333333333	1434
3.00143333333333	5682
3.00476666666667	7373
3.00810000000000	6845
3.01143333333333	6333
3.01476666666667	1997
3.01811666666667	4690
3.02145000000000	5640
3.02478333333333	3056
3.02811666666667	6009
3.03145000000000	4670
3.03480000000000	3330
3.03813333333333	987
3.04146666666667	5446
3.04480000000000	6626
3.04813333333333	2565
3.05148333333333	3975
3.05481666666667	1582
3.05815000000000	2316
3.06148333333333	3049
3.06481666666667	2175
3.06816666666667	6727
3.07150000000000	5953
3.07483333333333	5179
3.07816666666667	6728
3.08150000000000	8276
3.08485000000000	8121
3.08818333333333	2796
3.09151666666667	7457
3.09485000000000	3655
3.09818333333333	3830
3.10153333333333	2335
3.10486666666667	3081
3.10820000000000	3827
3.11153333333333	3722
3.11486666666667	2030
3.11821666666667	2983
3.12155000000000	3936
3.12488333333333	5108
3.12821666666667	6279
3.13155000000000	6234
3.13490000000000	3687
3.13823333333333	4863
3.14156666666667	7257
3.14490000000000	3247
3.14823333333333	3454
3.15158333333333	5035
3.15491666666667	4930
3.15825000000000	4824
3.16158333333333	3650
3.16491666666667	6375
3.16825000000000	7786
3.17160000000000	2312
3.17493333333333	1927
3.17826666666667	3902
3.18160000000000	3939
3.18493333333333	3977
3.18828333333333	4136
3.19161666666667	3622
3.19495000000000	5984
3.19828333333333	6208
3.20161666666667	4487
3.20496666666667	2220
3.20830000000000	8984
3.21163333333333	8169
3.21496666666667	1810
3.21830000000000	1820
3.22165000000000	4537
3.22498333333333	3285
3.22831666666667	1614
3.23165000000000	4572
3.23498333333333	2857
3.23833333333333	1143
3.24166666666667	2236
3.24500000000000	3330
3.24833333333333	4423
3.25166666666667	2771
3.25501666666667	1118
3.25835000000000	3769
3.26168333333333	3799
3.26501666666667	2374
3.26835000000000	3217
3.27170000000000	3587
3.27503333333333	3633
3.27836666666667	9076
3.28170000000000	7878
3.28503333333333	5119
3.28838333333333	8784
3.29171666666667	3437
3.29505000000000	3232
3.29838333333333	6244
3.30171666666667	1055
3.30506666666667	5262
3.30840000000000	2793
3.31173333333333	4345
3.31506666666667	5896
3.31840000000000	1538
3.32175000000000	1995
3.32508333333333	2452
3.32841666666667	1119
3.33175000000000	7421
3.33508333333333	7876
3.33843333333333	2919
3.34176666666667	3001
3.34510000000000	0
3.34843333333333	2150
3.35176666666667	4299
3.35511666666667	7878
3.35845000000000	5210
3.36178333333333	2769
3.36511666666667	327
3.36845000000000	1093
3.37180000000000	7262
3.37513333333333	7158
3.37846666666667	3138
3.38180000000000	5999
3.38513333333333	1605
3.38848333333333	5243
3.39181666666667	3878
3.39515000000000	2513
3.39848333333333	2837
3.40181666666667	3986
3.40516666666667	6898
3.40850000000000	5705
3.41183333333333	6047
3.41516666666667	6305
3.41850000000000	2931
3.42185000000000	5547
3.42518333333333	6530
3.42851666666667	2636
3.43185000000000	5339
3.43518333333333	5124
3.43853333333333	4909
3.44186666666667	3569
3.44520000000000	2229
3.44853333333333	7785
3.45186666666667	8268
3.45521666666667	1810
3.45855000000000	3598
3.46188333333333	789
3.46521666666667	3755
3.46855000000000	4082
3.47190000000000	6729
3.47523333333333	4659
3.47856666666667	2733
3.48190000000000	4528
3.48523333333333	1391
3.48858333333333	1824
3.49191666666667	2221
3.49525000000000	3986
3.49858333333333	3306
3.50191666666667	2626
3.50523333333333	3888
3.50858333333333	3323
3.51191666666667	4381
3.51525000000000	4376
3.51858333333333	5237
3.52191666666667	1981
3.52526666666667	2175
3.52860000000000	5591
3.53193333333333	4455
3.53526666666667	3319
3.53860000000000	4865
3.54195000000000	2035
3.54528333333333	7260
3.54861666666667	5894
3.55195000000000	2180
3.55528333333333	5063
3.55863333333333	4182
3.56196666666667	6446
3.56530000000000	4387
3.56863333333333	6269
3.57196666666667	6027
3.57531666666667	5784
3.57865000000000	4857
3.58198333333333	3930
3.58531666666667	2775
3.58865000000000	4897
3.59200000000000	3877
3.59533333333333	2858
3.59866666666667	4263
3.60200000000000	4215
3.60533333333333	4167
3.60868333333333	4886
3.61201666666667	5734
3.61535000000000	2249
3.61868333333333	5679
3.62201666666667	2006
3.62536666666667	2362
3.62870000000000	0
3.63203333333333	1723
3.63536666666667	3445
3.63870000000000	1997
3.64205000000000	2380
3.64538333333333	2762
3.64871666666667	6695
3.65205000000000	6044
3.65538333333333	5393
3.65873333333333	5502
3.66206666666667	2038
3.66540000000000	2641
3.66873333333333	3245
3.67206666666667	2170
3.67541666666667	2906
3.67875000000000	3641
3.68208333333333	2910
3.68541666666667	2179
3.68875000000000	5318
3.69210000000000	8456
3.69543333333333	6458
3.69876666666667	9396
3.70210000000000	8340
3.70543333333333	7286
3.70878333333333	5926
3.71211666666667	4556
3.71545000000000	8240
3.71878333333333	6037
3.72211666666667	2688
3.72546666666667	3540
3.72880000000000	4503
3.73213333333333	2679
3.73546666666667	854
3.73880000000000	6247
3.74215000000000	8103
3.74548333333333	6067
3.74881666666667	5563
3.75215000000000	5059
3.75548333333333	3244
3.75883333333333	4644
3.76216666666667	46
3.76550000000000	4470
3.76883333333333	4974
3.77216666666667	2356
3.77551666666667	6606
3.77885000000000	5228
3.78218333333333	3851
3.78551666666667	6872
3.78885000000000	5625
3.79220000000000	4377
3.79553333333333	5028
3.79886666666667	4812
3.80220000000000	4596
3.80553333333333	3402
3.80886666666667	2427
3.81220000000000	6327
3.81553333333333	5985
3.81886666666667	5643
3.82220000000000	3349
3.82555000000000	4837
3.82888333333333	5259
3.83221666666667	5681
3.83555000000000	5542
3.83888333333333	5402
3.84221666666667	5717
3.84556666666667	6032
3.84890000000000	3642
3.85223333333333	3537
3.85556666666667	1996
3.85890000000000	1753
3.86225000000000	1510
3.86558333333333	1931
3.86891666666667	4543
3.87225000000000	5645
3.87558333333333	3978
3.87893333333333	5812
3.88226666666667	5910
3.88560000000000	6262
3.88893333333333	8408
3.89226666666667	393
3.89561666666667	3350
3.89895000000000	3056
3.90228333333333	7116
3.90561666666667	4531
3.90895000000000	1946
3.91230000000000	7248
3.91563333333333	6330
3.91896666666667	5413
3.92230000000000	5484
3.92563333333333	0
3.92898333333333	5049
3.93231666666667	5844
3.93565000000000	3167
3.93898333333333	2237
3.94231666666667	5963
3.94566666666667	10092
3.94900000000000	8588
3.95233333333333	5590
3.95566666666667	4852
3.95900000000000	1636
3.96235000000000	4022
3.96568333333333	4173
3.96901666666667	4324
3.97235000000000	4779
3.97568333333333	4821
3.97903333333333	4864
3.98236666666667	3982
3.98570000000000	3100
3.98903333333333	4445
3.99236666666667	6304
3.99571666666667	6886
3.99905000000000	4860
4.00238333333333	8864
4.00571666666667	7985
4.00905000000000	5661
4.01240000000000	2792
4.01573333333333	1392
4.01906666666667	3539
4.02240000000000	7242
4.02573333333333	7002
4.02908333333333	7429
4.03241666666667	7206
4.03575000000000	6984
4.03908333333333	4026
4.04241666666667	7400
4.04576666666667	7303
4.04910000000000	5159
4.05243333333333	3974
4.05576666666667	8492
4.05910000000000	8456
4.06245000000000	8300
4.06578333333333	4438
4.06911666666667	5442
4.07245000000000	5004
4.07578333333333	0
4.07913333333333	8952
4.08246666666667	8292
4.08580000000000	7631
4.08913333333333	5577
4.09246666666667	9292
4.09581666666667	466
4.09915000000000	4408
4.10248333333333	4223
4.10581666666667	2354
4.10915000000000	3001
4.11248333333333	3648
4.11581666666667	2602
4.11915000000000	1614
4.12248333333333	1446
4.12581666666667	1508
4.12916666666667	1629
4.13250000000000	1750
4.13583333333333	5481
4.13916666666667	3506
4.14250000000000	1530
4.14585000000000	6814
4.14918333333333	7809
4.15251666666667	4333
4.15585000000000	6576
4.15918333333333	4777
4.16253333333333	6914
4.16586666666667	5491
4.16920000000000	6235
4.17253333333333	2443
4.17586666666667	3511
4.17920000000000	4579
4.18255000000000	6100
4.18588333333333	446
4.18921666666667	5647
4.19255000000000	4263
4.19588333333333	5965
4.19923333333333	4590
4.20256666666667	4046
4.20590000000000	4985
4.20923333333333	3594
4.21256666666667	2203
4.21591666666667	3145
4.21925000000000	2891
4.22258333333333	2638
4.22591666666667	4990
4.22925000000000	5189
4.23260000000000	4146
4.23593333333333	3300
4.23926666666667	3323
4.24260000000000	3346
4.24593333333333	2833
4.24928333333333	2699
4.25261666666667	2150
4.25595000000000	1600
4.25928333333333	5473
4.26261666666667	6864
4.26596666666667	3531
4.26930000000000	4833
4.27263333333333	10432
4.27596666666667	10728
4.27930000000000	3857
4.28265000000000	5098
4.28598333333333	2315
4.28931666666667	3385
4.29265000000000	6319
4.29598333333333	5909
4.29933333333333	1870
4.30266666666667	8014
4.30600000000000	7981
4.30933333333333	7216
4.31266666666667	6949
4.31601666666667	6682
4.31935000000000	3018
4.32268333333333	2968
4.32601666666667	5226
4.32935000000000	4405
4.33270000000000	3584
4.33603333333333	4523
4.33936666666667	5462
4.34270000000000	5154
4.34603333333333	4528
4.34938333333333	3903
4.35271666666667	4062
4.35605000000000	4222
4.35938333333333	1979
4.36271666666667	3737
4.36605000000000	5414
4.36938333333333	7092
4.37271666666667	5003
4.37605000000000	3204
4.37938333333333	4075
4.38273333333333	6092
4.38606666666667	5413
4.38940000000000	4735
4.39273333333333	4191
4.39606666666667	4553
4.39941666666667	4916
4.40275000000000	3664
4.40608333333333	2413
4.40941666666667	4708
4.41275000000000	3996
4.41610000000000	3284
4.41943333333333	2220
4.42276666666667	3695
4.42610000000000	0
4.42943333333333	317
4.43278333333333	7846
4.43611666666667	6877
4.43945000000000	4610
4.44278333333333	4849
4.44611666666667	5867
4.44946666666667	3496
4.45280000000000	1869
4.45613333333333	7164
4.45946666666667	5834
4.46280000000000	7012
4.46615000000000	3970
4.46948333333333	4333
4.47281666666667	7935
4.47615000000000	4707
4.47948333333333	8668
4.48283333333333	5267
4.48616666666667	6754
4.48950000000000	1673
4.49283333333333	2215
4.49616666666667	7960
