1.50330000000000	0
1.50663333333333	2147
1.50996666666667	0
1.51330000000000	0
1.51663333333333	0
1.51998333333333	0
1.52331666666667	837
1.52665000000000	1116
1.52998333333333	0
1.53331666666667	0
1.53666666666667	0
1.54000000000000	0
1.54333333333333	0
1.54666666666667	0
1.55000000000000	0
1.55335000000000	0
1.55668333333333	0
1.56001666666667	0
1.56335000000000	0
1.56668333333333	949
1.57003333333333	474
1.57336666666667	0
1.57670000000000	0
1.58003333333333	0
1.58336666666667	1591
1.58671666666667	1533
1.59005000000000	0
1.59338333333333	0
1.59671666666667	2173
1.60005000000000	2067
1.60340000000000	908
1.60673333333333	0
1.61006666666667	0
1.61340000000000	0
1.61673333333333	0
1.62008333333333	0
1.62341666666667	0
1.62675000000000	0
1.63008333333333	0
1.63341666666667	0
1.63676666666667	0
1.64010000000000	0
1.64343333333333	0
1.64676666666667	0
1.65010000000000	0
1.65345000000000	0
1.65678333333333	0
1.66011666666667	0
1.66345000000000	0
1.66678333333333	0
1.67013333333333	0
1.67346666666667	0
1.67680000000000	0
1.68013333333333	0
1.68346666666667	0
1.68681666666667	0
1.69015000000000	0
1.69348333333333	0
1.69681666666667	0
1.70015000000000	0
1.70350000000000	0
1.70683333333333	0
1.71016666666667	0
1.71350000000000	0
1.71683333333333	0
1.72018333333333	0
1.72351666666667	0
1.72685000000000	0
1.73018333333333	0
1.73351666666667	0
1.73686666666667	0
1.74020000000000	0
1.74353333333333	0
1.74686666666667	0
1.75020000000000	0
1.75355000000000	0
1.75688333333333	0
1.76021666666667	0
1.76355000000000	0
1.76688333333333	0
1.77023333333333	0
1.77356666666667	0
1.77690000000000	0
1.78023333333333	0
1.78356666666667	0
1.78691666666667	0
1.79025000000000	0
1.79358333333333	0
1.79691666666667	0
1.80025000000000	0
1.80360000000000	0
1.80693333333333	0
1.81026666666667	0
1.81360000000000	0
1.81693333333333	0
1.82026666666667	0
1.82361666666667	0
1.82695000000000	0
1.83028333333333	0
1.83361666666667	0
1.83695000000000	0
1.84030000000000	0
1.84363333333333	0
1.84696666666667	0
1.85030000000000	0
1.85363333333333	0
1.85698333333333	0
1.86031666666667	0
1.86365000000000	0
1.86698333333333	0
1.87031666666667	0
1.87366666666667	0
1.87700000000000	0
1.88033333333333	0
1.88366666666667	0
1.88700000000000	0
1.89035000000000	0
1.89368333333333	0
1.89701666666667	0
1.90035000000000	0
1.90368333333333	0
1.90703333333333	0
1.91036666666667	0
1.91370000000000	0
1.91703333333333	0
1.92036666666667	0
1.92371666666667	0
1.92705000000000	0
1.93038333333333	0
1.93371666666667	0
1.93705000000000	0
1.94040000000000	0
1.94373333333333	0
1.94706666666667	0
1.95040000000000	0
1.95373333333333	0
1.95708333333333	0
1.96041666666667	0
1.96375000000000	0
1.96708333333333	0
1.97041666666667	0
1.97376666666667	0
1.97710000000000	0
1.98043333333333	0
1.98376666666667	0
1.98710000000000	0
1.99045000000000	0
1.99378333333333	0
1.99711666666667	0
2.00045000000000	0
2.00378333333333	0
2.00711666666667	0
2.01045000000000	0
2.01378333333333	0
2.01711666666667	0
2.02045000000000	0
2.02380000000000	0
2.02713333333333	0
2.03046666666667	0
2.03380000000000	0
2.03713333333333	0
2.04048333333333	0
2.04381666666667	0
2.04715000000000	0
2.05048333333333	0
2.05381666666667	0
2.05716666666667	0
2.06050000000000	0
2.06383333333333	0
2.06716666666667	0
2.07050000000000	0
2.07385000000000	0
2.07718333333333	0
2.08051666666667	0
2.08385000000000	0
2.08718333333333	0
2.09053333333333	0
2.09386666666667	0
2.09720000000000	0
2.10053333333333	0
2.10386666666667	88
2.10721666666667	44
2.11055000000000	0
2.11388333333333	0
2.11721666666667	0
2.12055000000000	0
2.12390000000000	0
2.12723333333333	0
2.13056666666667	0
2.13390000000000	0
2.13723333333333	0
2.14058333333333	0
2.14391666666667	0
2.14725000000000	0
2.15058333333333	0
2.15391666666667	0
2.15725000000000	0
2.16060000000000	0
2.16393333333333	0
2.16726666666667	0
2.17060000000000	0
2.17393333333333	0
2.17728333333333	0
2.18061666666667	0
2.18395000000000	0
2.18728333333333	0
2.19061666666667	0
2.19396666666667	0
2.19730000000000	0
2.20063333333333	0
2.20396666666667	0
2.20730000000000	0
2.21065000000000	0
2.21398333333333	0
2.21731666666667	0
2.22065000000000	0
2.22398333333333	0
2.22733333333333	0
2.23066666666667	0
2.23400000000000	0
2.23733333333333	0
2.24066666666667	0
2.24401666666667	0
2.24735000000000	0
2.25068333333333	0
2.25401666666667	0
2.25735000000000	0
2.26070000000000	0
2.26403333333333	0
2.26736666666667	0
2.27070000000000	0
2.27403333333333	0
2.27738333333333	0
2.28071666666667	0
2.28405000000000	21
2.28738333333333	11
2.29071666666667	0
2.29406666666667	0
2.29740000000000	0
2.30073333333333	0
2.30406666666667	1474
2.30740000000000	737
2.31075000000000	0
2.31408333333333	0
2.31741666666667	861
2.32075000000000	0
2.32408333333333	1019
2.32743333333333	510
2.33076666666667	0
2.33410000000000	0
2.33743333333333	0
2.34076666666667	211
2.34411666666667	105
2.34745000000000	0
2.35078333333333	0
2.35411666666667	0
2.35745000000000	1598
2.36080000000000	1625
2.36413333333333	486
2.36746666666667	1327
2.37080000000000	2168
2.37413333333333	2047
2.37748333333333	1926
2.38081666666667	1392
2.38415000000000	1352
2.38748333333333	1354
2.39081666666667	1356
2.39416666666667	678
2.39750000000000	0
2.40083333333333	1681
2.40416666666667	0
2.40750000000000	3167
2.41085000000000	2459
2.41418333333333	2690
2.41751666666667	640
2.42085000000000	3038
2.42418333333333	5187
2.42753333333333	6486
2.43086666666667	915
2.43420000000000	896
2.43753333333333	0
2.44086666666667	584
2.44421666666667	3290
2.44755000000000	6568
2.45088333333333	6217
2.45421666666667	5865
2.45755000000000	3345
2.46090000000000	5659
2.46423333333333	2573
2.46756666666667	5746
2.47090000000000	2437
2.47423333333333	5037
2.47758333333333	0
2.48091666666667	4240
2.48425000000000	4086
2.48758333333333	2919
2.49091666666667	2106
2.49425000000000	628
2.49760000000000	10360
2.50093333333333	8376
2.50426666666667	5219
2.50760000000000	6288
2.51093333333333	10300
2.51428333333333	1252
2.51761666666667	0
2.52095000000000	1505
2.52428333333333	1853
2.52761666666667	1038
2.53096666666667	223
2.53430000000000	1776
2.53763333333333	4387
2.54096666666667	3778
2.54430000000000	6331
2.54765000000000	7127
2.55098333333333	3596
2.55431666666667	8111
2.55765000000000	4936
2.56098333333333	678
2.56433333333333	4108
2.56766666666667	7537
2.57100000000000	6218
2.57433333333333	879
2.57766666666667	4901
2.58101666666667	4747
2.58435000000000	1671
2.58768333333333	2461
2.59101666666667	6018
2.59435000000000	4887
2.59770000000000	6905
2.60103333333333	7661
2.60436666666667	7883
2.60770000000000	6747
2.61103333333333	9852
2.61438333333333	1725
2.61771666666667	6836
2.62105000000000	2435
2.62438333333333	4658
2.62771666666667	4192
2.63106666666667	6670
2.63440000000000	6739
2.63773333333333	2602
2.64106666666667	7702
2.64440000000000	1792
2.64775000000000	276
2.65108333333333	5469
2.65441666666667	6869
2.65775000000000	2581
2.66108333333333	5768
2.66443333333333	1125
2.66776666666667	3841
2.67110000000000	525
2.67443333333333	3308
2.67776666666667	4315
2.68111666666667	4479
2.68445000000000	3286
2.68778333333333	1904
2.69111666666667	5241
2.69445000000000	2083
2.69780000000000	7912
2.70113333333333	9192
2.70446666666667	6316
2.70780000000000	722
2.71113333333333	4204
2.71448333333333	0
2.71781666666667	2038
2.72115000000000	0
2.72448333333333	6106
2.72781666666667	4524
2.73116666666667	3394
2.73450000000000	2264
2.73783333333333	3830
2.74116666666667	5852
2.74450000000000	9684
2.74785000000000	7433
2.75118333333333	5181
2.75451666666667	7404
2.75785000000000	2744
2.76118333333333	3615
2.76453333333333	6465
2.76786666666667	1281
2.77120000000000	1297
2.77453333333333	4818
2.77786666666667	6647
2.78121666666667	6275
2.78455000000000	7228
2.78788333333333	0
2.79121666666667	2608
2.79455000000000	2462
2.79790000000000	5241
2.80123333333333	6124
2.80456666666667	1442
2.80790000000000	1570
2.81123333333333	785
2.81458333333333	0
2.81791666666667	1496
2.82125000000000	2992
2.82458333333333	6927
2.82791666666667	5337
2.83125000000000	512
2.83460000000000	630
2.83793333333333	4358
2.84126666666667	11020
2.84460000000000	8884
2.84793333333333	2286
2.85128333333333	582
2.85461666666667	3498
2.85795000000000	2498
2.86128333333333	1499
2.86461666666667	2837
2.86796666666667	4176
2.87130000000000	4168
2.87463333333333	4139
2.87796666666667	4772
2.88130000000000	5405
2.88465000000000	9940
2.88798333333333	10064
2.89131666666667	5075
2.89465000000000	4138
2.89798333333333	1973
2.90133333333333	5506
2.90466666666667	7141
2.90800000000000	8776
2.91133333333333	7017
2.91466666666667	5296
2.91801666666667	5451
2.92135000000000	6239
2.92468333333333	6050
2.92801666666667	5862
2.93135000000000	7884
2.93470000000000	7903
2.93803333333333	3811
2.94136666666667	6703
2.94470000000000	1619
2.94803333333333	3627
2.95138333333333	4105
2.95471666666667	4583
2.95805000000000	443
2.96138333333333	9008
2.96471666666667	7542
2.96806666666667	5041
2.97140000000000	10320
2.97473333333333	3213
2.97806666666667	2801
2.98140000000000	3690
2.98475000000000	5721
2.98808333333333	3773
2.99141666666667	1825
2.99475000000000	2788
2.99808333333333	1908
3.00143333333333	3364
3.00476666666667	5878
3.00810000000000	6645
3.01143333333333	4856
3.01476666666667	4491
3.01811666666667	4127
3.02145000000000	896
3.02478333333333	5931
3.02811666666667	6698
3.03145000000000	5157
3.03480000000000	0
3.03813333333333	4878
3.04146666666667	8336
3.04480000000000	7788
3.04813333333333	3363
3.05148333333333	3301
3.05481666666667	2927
3.05815000000000	4483
3.06148333333333	1731
3.06481666666667	4830
3.06816666666667	5942
3.07150000000000	584
3.07483333333333	5931
3.07816666666667	2971
3.08150000000000	7093
3.08485000000000	3422
3.08818333333333	9384
3.09151666666667	363
3.09485000000000	3231
3.09818333333333	2687
3.10153333333333	0
3.10486666666667	1431
3.10820000000000	5128
3.11153333333333	4007
3.11486666666667	2887
3.11821666666667	3924
3.12155000000000	4090
3.12488333333333	4256
3.12821666666667	3075
3.13155000000000	3824
3.13490000000000	4573
3.13823333333333	5925
3.14156666666667	5597
3.14490000000000	6800
3.14823333333333	8003
3.15158333333333	3409
3.15491666666667	2937
3.15825000000000	1336
3.16158333333333	3652
3.16491666666667	3760
3.16825000000000	3868
3.17160000000000	2584
3.17493333333333	5080
3.17826666666667	4678
3.18160000000000	4276
3.18493333333333	5517
3.18828333333333	3840
3.19161666666667	2267
3.19495000000000	2233
3.19828333333333	2198
3.20161666666667	1632
3.20496666666667	1065
3.20830000000000	4388
3.21163333333333	8600
3.21496666666667	7542
3.21830000000000	6319
3.22165000000000	0
3.22498333333333	3769
3.22831666666667	5938
3.23165000000000	2395
3.23498333333333	0
3.23833333333333	5086
3.24166666666667	376
3.24500000000000	3479
3.24833333333333	3266
3.25166666666667	3646
3.25501666666667	3399
3.25835000000000	3152
3.26168333333333	4664
3.26501666666667	4686
3.26835000000000	4708
3.27170000000000	5155
3.27503333333333	3418
3.27836666666667	3305
3.28170000000000	4296
3.28503333333333	1428
3.28838333333333	3728
3.29171666666667	5580
3.29505000000000	1472
3.29838333333333	6886
3.30171666666667	9240
3.30506666666667	2619
3.30840000000000	4013
3.31173333333333	2012
3.31506666666667	4336
3.31840000000000	6659
3.32175000000000	4869
3.32508333333333	3078
3.32841666666667	5275
3.33175000000000	4072
3.33508333333333	3345
3.33843333333333	2619
3.34176666666667	3941
3.34510000000000	3266
3.34843333333333	2590
3.35176666666667	2740
3.35511666666667	2890
3.35845000000000	1843
3.36178333333333	1695
3.36511666666667	2272
3.36845000000000	1817
3.37180000000000	1362
3.37513333333333	1826
3.37846666666667	2291
3.38180000000000	2969
3.38513333333333	3647
3.38848333333333	5284
3.39181666666667	6004
3.39515000000000	5520
3.39848333333333	6149
3.40181666666667	6434
3.40516666666667	5954
3.40850000000000	5474
3.41183333333333	2468
3.41516666666667	3572
3.41850000000000	4677
3.42185000000000	2717
3.42518333333333	2215
3.42851666666667	8532
3.43185000000000	8580
3.43518333333333	9228
3.43853333333333	1144
3.44186666666667	11932
3.44520000000000	8564
3.44853333333333	3675
3.45186666666667	2722
3.45521666666667	5778
3.45855000000000	3725
3.46188333333333	1673
3.46521666666667	1068
3.46855000000000	3591
3.47190000000000	3337
3.47523333333333	6555
3.47856666666667	8668
3.48190000000000	492
3.48523333333333	2027
3.48858333333333	6823
3.49191666666667	4813
3.49525000000000	7727
3.49858333333333	3083
3.50191666666667	5743
3.50523333333333	5367
3.50858333333333	4846
3.51191666666667	4326
3.51525000000000	3486
3.51858333333333	2317
3.52191666666667	0
3.52526666666667	7624
3.52860000000000	9356
3.53193333333333	6229
3.53526666666667	3105
3.53860000000000	3300
3.54195000000000	2457
3.54528333333333	3525
3.54861666666667	4594
3.55195000000000	1210
3.55528333333333	5420
3.55863333333333	6824
3.56196666666667	1095
3.56530000000000	5551
3.56863333333333	4855
3.57196666666667	3370
3.57531666666667	1884
3.57865000000000	2952
3.58198333333333	4020
3.58531666666667	1869
3.58865000000000	1808
3.59200000000000	3010
3.59533333333333	4212
3.59866666666667	4823
3.60200000000000	5788
3.60533333333333	2777
3.60868333333333	1843
3.61201666666667	4443
3.61535000000000	5237
3.61868333333333	3485
3.62201666666667	1734
3.62536666666667	2399
3.62870000000000	1809
3.63203333333333	6217
3.63536666666667	5765
3.63870000000000	7298
3.64205000000000	5758
3.64538333333333	5464
3.64871666666667	2434
3.65205000000000	6056
3.65538333333333	8872
3.65873333333333	9880
3.66206666666667	2078
3.66540000000000	1826
3.66873333333333	6038
3.67206666666667	2497
3.67541666666667	5403
3.67875000000000	8308
3.68208333333333	7755
3.68541666666667	6384
3.68875000000000	4420
3.69210000000000	4065
3.69543333333333	7701
3.69876666666667	6826
3.70210000000000	5551
3.70543333333333	4758
3.70878333333333	7154
3.71211666666667	1534
3.71545000000000	7937
3.71878333333333	6439
3.72211666666667	6221
3.72546666666667	2589
3.72880000000000	0
3.73213333333333	8082
3.73546666666667	3981
3.73880000000000	2133
3.74215000000000	4573
3.74548333333333	5973
3.74881666666667	5766
3.75215000000000	6024
3.75548333333333	7668
3.75883333333333	2488
3.76216666666667	7029
3.76550000000000	2713
3.76883333333333	8776
3.77216666666667	5511
3.77551666666667	6298
3.77885000000000	5637
3.78218333333333	7046
3.78551666666667	7042
3.78885000000000	6486
3.79220000000000	1517
3.79553333333333	0
3.79886666666667	5745
3.80220000000000	5515
3.80553333333333	8183
3.80886666666667	2683
3.81220000000000	5538
3.81553333333333	6029
3.81886666666667	4214
3.82220000000000	7748
3.82555000000000	4631
3.82888333333333	1515
3.83221666666667	5914
3.83555000000000	3609
3.83888333333333	6137
3.84221666666667	6333
3.84556666666667	7713
3.84890000000000	3153
3.85223333333333	2952
3.85556666666667	4157
3.85890000000000	5362
3.86225000000000	4532
3.86558333333333	5236
3.86891666666667	5941
3.87225000000000	1731
3.87558333333333	5805
3.87893333333333	9472
3.88226666666667	6846
3.88560000000000	5260
3.88893333333333	2367
3.89226666666667	3017
3.89561666666667	3100
3.89895000000000	2083
3.90228333333333	1065
3.90561666666667	4734
3.90895000000000	7061
3.91230000000000	5231
3.91563333333333	6963
3.91896666666667	3963
3.92230000000000	6385
3.92563333333333	6655
3.92898333333333	7737
3.93231666666667	3451
3.93565000000000	9276
3.93898333333333	2038
3.94231666666667	8472
3.94566666666667	3873
3.94900000000000	2822
3.95233333333333	5107
3.95566666666667	3684
3.95900000000000	5691
3.96235000000000	2183
3.96568333333333	6378
3.96901666666667	7922
3.97235000000000	3797
3.97568333333333	4196
3.97903333333333	1769
3.98236666666667	3172
3.98570000000000	3728
3.98903333333333	4657
3.99236666666667	869
3.99571666666667	2091
3.99905000000000	3092
4.00238333333333	4092
4.00571666666667	6410
4.00905000000000	6150
4.01240000000000	4642
4.01573333333333	5881
4.01906666666667	2389
4.02240000000000	3123
4.02573333333333	2406
4.02908333333333	8224
4.03241666666667	11248
4.03575000000000	11324
4.03908333333333	4270
4.04241666666667	6114
4.04576666666667	5250
4.04910000000000	4918
4.05243333333333	3370
4.05576666666667	4705
4.05910000000000	3933
4.06245000000000	3160
4.06578333333333	5783
4.06911666666667	6300
4.07245000000000	0
4.07578333333333	373
4.07913333333333	6324
4.08246666666667	7540
4.08580000000000	5784
4.08913333333333	3227
4.09246666666667	2110
4.09581666666667	6473
4.09915000000000	1230
4.10248333333333	2339
4.10581666666667	1733
4.10915000000000	2890
4.11248333333333	3310
4.11581666666667	4730
4.11915000000000	3836
4.12248333333333	3738
4.12581666666667	3640
4.12916666666667	0
4.13250000000000	1931
4.13583333333333	7561
4.13916666666667	8524
4.14250000000000	4863
4.14585000000000	5171
4.14918333333333	12236
4.15251666666667	10952
4.15585000000000	6071
4.15918333333333	1855
4.16253333333333	3455
4.16586666666667	5339
4.16920000000000	3092
4.17253333333333	3282
4.17586666666667	3471
4.17920000000000	3945
4.18255000000000	4418
4.18588333333333	1309
4.18921666666667	1081
4.19255000000000	1769
4.19588333333333	5451
4.19923333333333	3826
4.20256666666667	2200
4.20590000000000	1909
4.20923333333333	3176
4.21256666666667	4443
4.21591666666667	3196
4.21925000000000	1950
4.22258333333333	5339
4.22591666666667	5223
4.22925000000000	5356
4.23260000000000	5489
4.23593333333333	5209
4.23926666666667	4930
4.24260000000000	4804
4.24593333333333	4678
4.24928333333333	6074
4.25261666666667	2621
4.25595000000000	3073
4.25928333333333	3525
4.26261666666667	3521
4.26596666666667	3517
4.26930000000000	3611
4.27263333333333	3576
4.27596666666667	3540
4.27930000000000	3546
4.28265000000000	3552
4.28598333333333	3602
4.28931666666667	3559
4.29265000000000	3517
4.29598333333333	3659
4.29933333333333	4275
4.30266666666667	3662
4.30600000000000	3048
4.30933333333333	3607
4.31266666666667	4165
4.31601666666667	2242
4.31935000000000	318
4.32268333333333	5058
4.32601666666667	5381
4.32935000000000	5218
4.33270000000000	2918
4.33603333333333	3449
4.33936666666667	3980
4.34270000000000	4625
4.34603333333333	4326
4.34938333333333	4028
4.35271666666667	4488
4.35605000000000	7079
4.35938333333333	6374
4.36271666666667	5670
4.36605000000000	1563
4.36938333333333	5564
4.37271666666667	5933
4.37605000000000	4106
4.37938333333333	2491
4.38273333333333	2802
4.38606666666667	1401
4.38940000000000	0
4.39273333333333	1504
4.39606666666667	2588
4.39941666666667	3673
4.40275000000000	4025
4.40608333333333	3399
4.40941666666667	2773
4.41275000000000	3972
4.41610000000000	3503
4.41943333333333	2719
4.42276666666667	2695
4.42610000000000	2672
4.42943333333333	1043
4.43278333333333	1842
4.43611666666667	2641
4.43945000000000	4765
4.44278333333333	6888
4.44611666666667	8105
4.44946666666667	4977
4.45280000000000	4703
4.45613333333333	4021
4.45946666666667	2041
4.46280000000000	0
4.46615000000000	3882
4.46948333333333	2574
4.47281666666667	3245
4.47615000000000	4887
4.47948333333333	8704
4.48283333333333	10032
4.48616666666667	4135
4.48950000000000	8632
4.49283333333333	6433
4.49616666666667	3716
