1.50330000000000	0
1.50663333333333	0
1.50996666666667	0
1.51330000000000	1064
1.51663333333333	809
1.51998333333333	0
1.52331666666667	1559
1.52665000000000	0
1.52998333333333	0
1.53331666666667	0
1.53666666666667	0
1.54000000000000	0
1.54333333333333	0
1.54666666666667	0
1.55000000000000	0
1.55335000000000	0
1.55668333333333	0
1.56001666666667	0
1.56335000000000	0
1.56668333333333	0
1.57003333333333	0
1.57336666666667	0
1.57670000000000	0
1.58003333333333	0
1.58336666666667	0
1.58671666666667	0
1.59005000000000	0
1.59338333333333	0
1.59671666666667	0
1.60005000000000	0
1.60340000000000	0
1.60673333333333	0
1.61006666666667	0
1.61340000000000	0
1.61673333333333	0
1.62008333333333	0
1.62341666666667	0
1.62675000000000	2190
1.63008333333333	1629
1.63341666666667	1521
1.63676666666667	42
1.64010000000000	0
1.64343333333333	1680
1.64676666666667	0
1.65010000000000	0
1.65345000000000	0
1.65678333333333	0
1.66011666666667	0
1.66345000000000	0
1.66678333333333	957
1.67013333333333	1915
1.67346666666667	957
1.67680000000000	0
1.68013333333333	0
1.68346666666667	0
1.68681666666667	1754
1.69015000000000	2574
1.69348333333333	1497
1.69681666666667	0
1.70015000000000	0
1.70350000000000	0
1.70683333333333	0
1.71016666666667	0
1.71350000000000	0
1.71683333333333	0
1.72018333333333	0
1.72351666666667	0
1.72685000000000	0
1.73018333333333	0
1.73351666666667	0
1.73686666666667	0
1.74020000000000	0
1.74353333333333	0
1.74686666666667	368
1.75020000000000	184
1.75355000000000	0
1.75688333333333	0
1.76021666666667	0
1.76355000000000	0
1.76688333333333	0
1.77023333333333	0
1.77356666666667	0
1.77690000000000	0
1.78023333333333	0
1.78356666666667	0
1.78691666666667	0
1.79025000000000	187
1.79358333333333	94
1.79691666666667	0
1.80025000000000	0
1.80360000000000	0
1.80693333333333	0
1.81026666666667	0
1.81360000000000	0
1.81693333333333	0
1.82026666666667	927
1.82361666666667	1854
1.82695000000000	1499
1.83028333333333	2458
1.83361666666667	2398
1.83695000000000	1318
1.84030000000000	958
1.84363333333333	0
1.84696666666667	1318
1.85030000000000	0
1.85363333333333	0
1.85698333333333	0
1.86031666666667	0
1.86365000000000	0
1.86698333333333	0
1.87031666666667	0
1.87366666666667	0
1.87700000000000	0
1.88033333333333	0
1.88366666666667	1119
1.88700000000000	559
1.89035000000000	0
1.89368333333333	1582
1.89701666666667	0
1.90035000000000	0
1.90368333333333	0
1.90703333333333	0
1.91036666666667	0
1.91370000000000	0
1.91703333333333	0
1.92036666666667	0
1.92371666666667	0
1.92705000000000	0
1.93038333333333	1050
1.93371666666667	1475
1.93705000000000	668
1.94040000000000	0
1.94373333333333	0
1.94706666666667	0
1.95040000000000	0
1.95373333333333	0
1.95708333333333	0
1.96041666666667	0
1.96375000000000	0
1.96708333333333	0
1.97041666666667	0
1.97376666666667	0
1.97710000000000	0
1.98043333333333	0
1.98376666666667	0
1.98710000000000	0
1.99045000000000	0
1.99378333333333	0
1.99711666666667	0
2.00045000000000	0
2.00378333333333	0
2.00713333333333	0
2.01046666666667	1384
2.01380000000000	1193
2.01713333333333	0
2.02046666666667	1457
2.02381666666667	0
2.02715000000000	0
2.03048333333333	1033
2.03381666666667	0
2.03715000000000	0
2.04050000000000	0
2.04383333333333	0
2.04716666666667	0
2.05050000000000	22
2.05383333333333	44
2.05718333333333	22
2.06051666666667	0
2.06385000000000	0
2.06718333333333	0
2.07051666666667	0
2.07386666666667	0
2.07720000000000	0
2.08053333333333	421
2.08386666666667	842
2.08720000000000	421
2.09055000000000	0
2.09388333333333	2478
2.09721666666667	1239
2.10055000000000	0
2.10388333333333	0
2.10723333333333	0
2.11056666666667	0
2.11390000000000	0
2.11723333333333	0
2.12056666666667	0
2.12391666666667	0
2.12725000000000	0
2.13058333333333	300
2.13391666666667	600
2.13725000000000	651
2.14060000000000	0
2.14393333333333	0
2.14726666666667	0
2.15060000000000	0
2.15393333333333	536
2.15726666666667	593
2.16061666666667	649
2.16395000000000	1064
2.16728333333333	0
2.17061666666667	0
2.17395000000000	654
2.17730000000000	327
2.18063333333333	0
2.18396666666667	0
2.18730000000000	0
2.19063333333333	0
2.19398333333333	0
2.19731666666667	0
2.20065000000000	0
2.20398333333333	0
2.20731666666667	0
2.21066666666667	0
2.21400000000000	0
2.21733333333333	0
2.22066666666667	0
2.22400000000000	1923
2.22735000000000	1796
2.23068333333333	42
2.23401666666667	1122
2.23735000000000	1731
2.24068333333333	0
2.24403333333333	978
2.24736666666667	1180
2.25070000000000	1381
2.25403333333333	2334
2.25736666666667	1819
2.26071666666667	1304
2.26405000000000	1947
2.26738333333333	2591
2.27071666666667	3210
2.27403333333333	6364
2.27738333333333	10872
2.28071666666667	8460
2.28405000000000	6550
2.28738333333333	12516
2.29071666666667	11520
2.29406666666667	10840
2.29740000000000	10164
2.30073333333333	12236
2.30406666666667	12564
2.30740000000000	14396
2.31075000000000	16232
2.31408333333333	26000
2.31741666666667	25528
2.32075000000000	25344
2.32408333333333	25156
2.32743333333333	35536
2.33076666666667	38144
2.33410000000000	37696
2.33743333333333	35280
2.34076666666667	32880
2.34411666666667	38384
2.34745000000000	50736
2.35078333333333	47216
2.35411666666667	43696
2.35745000000000	39840
2.36080000000000	35984
2.36413333333333	48288
2.36746666666667	57280
2.37080000000000	63472
2.37413333333333	55872
2.37748333333333	59200
2.38081666666667	59104
2.38415000000000	81936
2.38748333333333	85760
2.39081666666667	48864
2.39416666666667	75840
2.39750000000000	90496
2.40083333333333	87312
2.40416666666667	77872
2.40750000000000	84528
2.41085000000000	58992
2.41418333333333	86928
2.41751666666667	89424
2.42085000000000	114848
2.42418333333333	117552
2.42753333333333	115840
2.43086666666667	122800
2.43420000000000	104288
2.43753333333333	95248
2.44086666666667	132928
2.44421666666667	67072
2.44755000000000	112992
2.45088333333333	99776
2.45421666666667	119680
2.45755000000000	89904
2.46090000000000	100496
2.46423333333333	111072
2.46756666666667	80384
2.47090000000000	118784
2.47423333333333	120016
2.47758333333333	120640
2.48091666666667	119904
2.48425000000000	124288
2.48758333333333	128672
2.49091666666667	112352
2.49425000000000	96016
2.49760000000000	108768
2.50093333333333	121520
2.50426666666667	139328
2.50760000000000	133184
2.51093333333333	124720
2.51428333333333	130016
2.51761666666667	155072
2.52095000000000	162368
2.52428333333333	116624
2.52761666666667	144896
2.53096666666667	139904
2.53430000000000	126960
2.53763333333333	118112
2.54096666666667	100016
2.54430000000000	90736
2.54765000000000	81472
2.55098333333333	117056
2.55431666666667	150144
2.55765000000000	148096
2.56098333333333	132544
2.56433333333333	122512
2.56766666666667	122416
2.57100000000000	122336
2.57433333333333	180928
2.57766666666667	177728
2.58101666666667	182208
2.58435000000000	128448
2.58768333333333	170944
2.59101666666667	196224
2.59435000000000	165696
2.59770000000000	168128
2.60103333333333	182592
2.60436666666667	184640
2.60770000000000	171008
2.61103333333333	160448
2.61438333333333	156224
2.61771666666667	132480
2.62105000000000	140736
2.62438333333333	147840
2.62771666666667	143168
2.63106666666667	138496
2.63440000000000	160768
2.63773333333333	145216
2.64106666666667	129600
2.64440000000000	160768
2.64775000000000	145600
2.65108333333333	130448
2.65441666666667	141568
2.65775000000000	137792
2.66108333333333	142336
2.66443333333333	167104
2.66776666666667	189120
2.67110000000000	170048
2.67443333333333	172544
2.67776666666667	174272
2.68111666666667	152320
2.68445000000000	152960
2.68778333333333	141760
2.69111666666667	130176
2.69445000000000	118608
2.69780000000000	165440
2.70113333333333	165248
2.70446666666667	165952
2.70780000000000	145344
2.71113333333333	176384
2.71448333333333	125488
2.71781666666667	138304
2.72115000000000	158016
2.72448333333333	143936
2.72781666666667	129872
2.73116666666667	146112
2.73450000000000	135296
2.73783333333333	165696
2.74116666666667	163008
2.74450000000000	93616
2.74785000000000	137664
2.75118333333333	148480
2.75451666666667	182976
2.75785000000000	159104
2.76118333333333	159104
2.76453333333333	138112
2.76786666666667	121888
2.77120000000000	156672
2.77453333333333	160768
2.77786666666667	164864
2.78121666666667	117680
2.78455000000000	212928
2.78788333333333	180224
2.79121666666667	190400
2.79455000000000	195584
2.79790000000000	182592
2.80123333333333	134784
2.80456666666667	163392
2.80790000000000	143232
2.81123333333333	144448
2.81458333333333	145728
2.81791666666667	114896
2.82125000000000	158400
2.82458333333333	140352
2.82791666666667	122320
2.83125000000000	178688
2.83460000000000	202240
2.83793333333333	196672
2.84126666666667	179584
2.84460000000000	188288
2.84793333333333	130432
2.85128333333333	119184
2.85461666666667	115552
2.85795000000000	130528
2.86128333333333	145472
2.86461666666667	135168
2.86796666666667	124848
2.87130000000000	99776
2.87463333333333	124464
2.87796666666667	111024
2.88130000000000	97600
2.88465000000000	133248
2.88798333333333	168896
2.89131666666667	147456
2.89465000000000	170880
2.89798333333333	156864
2.90133333333333	183872
2.90466666666667	198528
2.90800000000000	111200
2.91133333333333	170240
2.91466666666667	139968
2.91801666666667	227776
2.92135000000000	196096
2.92468333333333	180544
2.92801666666667	178944
2.93135000000000	211776
2.93470000000000	116800
2.93803333333333	180800
2.94136666666667	168192
2.94470000000000	178304
2.94803333333333	98192
2.95138333333333	199360
2.95471666666667	188416
2.95805000000000	191936
2.96138333333333	170880
2.96471666666667	135744
2.96806666666667	197824
2.97140000000000	159552
2.97473333333333	198592
2.97806666666667	139904
2.98140000000000	173120
2.98475000000000	166848
2.98808333333333	147584
2.99141666666667	175104
2.99475000000000	190912
2.99808333333333	142208
3.00143333333333	162368
3.00476666666667	173888
3.00810000000000	153856
3.01143333333333	170752
3.01476666666667	144704
3.01811666666667	187840
3.02145000000000	193472
3.02478333333333	104224
3.02811666666667	164800
3.03145000000000	186688
3.03480000000000	197632
3.03813333333333	183104
3.04146666666667	197184
3.04480000000000	190848
3.04813333333333	188352
3.05148333333333	172992
3.05481666666667	140608
3.05815000000000	168768
3.06148333333333	158528
3.06481666666667	166080
3.06816666666667	173632
3.07150000000000	173632
3.07483333333333	177280
3.07816666666667	180992
3.08150000000000	143232
3.08485000000000	166016
3.08818333333333	178880
3.09151666666667	130064
3.09485000000000	110144
3.09818333333333	168192
3.10153333333333	126800
3.10486666666667	102512
3.10820000000000	129120
3.11153333333333	155712
3.11486666666667	152896
3.11821666666667	164416
3.12155000000000	164224
3.12488333333333	161088
3.12821666666667	158016
3.13155000000000	168768
3.13490000000000	185664
3.13823333333333	174208
3.14156666666667	162752
3.14490000000000	183744
3.14823333333333	171328
3.15158333333333	179968
3.15491666666667	194752
3.15825000000000	209600
3.16158333333333	205760
3.16491666666667	177472
3.16825000000000	148352
3.17160000000000	199168
3.17493333333333	172352
3.17826666666667	177152
3.18160000000000	187456
3.18493333333333	179136
3.18828333333333	191744
3.19161666666667	128832
3.19495000000000	180288
3.19828333333333	145728
3.20161666666667	153536
3.20496666666667	168576
3.20830000000000	182464
3.21163333333333	174400
3.21496666666667	166336
3.21830000000000	161152
3.22165000000000	155968
3.22498333333333	141440
3.22831666666667	176320
3.23165000000000	181248
3.23498333333333	200960
3.23833333333333	179008
3.24166666666667	183616
3.24500000000000	199808
3.24833333333333	136704
3.25166666666667	139008
3.25501666666667	115696
3.25835000000000	155136
3.26168333333333	186688
3.26501666666667	188992
3.26835000000000	147264
3.27170000000000	146496
3.27503333333333	139584
3.27836666666667	180160
3.28170000000000	198528
3.28503333333333	213632
3.28838333333333	154304
3.29171666666667	198656
3.29505000000000	203584
3.29838333333333	198400
3.30171666666667	195968
3.30506666666667	181312
3.30840000000000	138624
3.31173333333333	131520
3.31506666666667	168704
3.31840000000000	174720
3.32175000000000	177152
3.32508333333333	173056
3.32841666666667	174528
3.33175000000000	202240
3.33508333333333	106384
3.33843333333333	217920
3.34176666666667	200384
3.34510000000000	189056
3.34843333333333	175040
3.35176666666667	178240
3.35511666666667	134784
3.35845000000000	154752
3.36178333333333	174656
3.36511666666667	197184
3.36845000000000	185664
3.37180000000000	169088
3.37513333333333	196032
3.37846666666667	166272
3.38180000000000	201408
3.38513333333333	184192
3.38848333333333	167040
3.39181666666667	146112
3.39515000000000	182464
3.39848333333333	183488
3.40181666666667	132096
3.40516666666667	174720
3.40850000000000	166784
3.41183333333333	196544
3.41516666666667	130064
3.41850000000000	139392
3.42185000000000	166784
3.42518333333333	209536
3.42851666666667	188736
3.43185000000000	206976
3.43518333333333	170368
3.43853333333333	148160
3.44186666666667	217088
3.44520000000000	99680
3.44853333333333	222656
3.45186666666667	145472
3.45521666666667	153280
3.45855000000000	168000
3.46188333333333	157056
3.46521666666667	143104
3.46855000000000	165824
3.47190000000000	149760
3.47523333333333	133696
3.47856666666667	145856
3.48190000000000	164416
3.48523333333333	160448
3.48858333333333	176704
3.49191666666667	141696
3.49525000000000	152768
3.49858333333333	163904
3.50191666666667	174400
3.50525000000000	184896
3.50860000000000	172672
3.51193333333333	141504
3.51526666666667	175936
3.51860000000000	172160
3.52193333333333	156736
3.52528333333333	167168
3.52861666666667	152704
3.53195000000000	169280
3.53528333333333	139456
3.53861666666667	161472
3.54196666666667	155904
3.54530000000000	150272
3.54863333333333	171264
3.55196666666667	139712
3.55530000000000	170752
3.55865000000000	177536
3.56198333333333	194048
3.56531666666667	95584
3.56865000000000	166016
3.57198333333333	173824
3.57533333333333	189568
3.57866666666667	182464
3.58200000000000	124864
3.58533333333333	174272
3.58866666666667	179904
3.59201666666667	171200
3.59535000000000	174656
3.59868333333333	167040
3.60201666666667	201216
3.60535000000000	127824
3.60870000000000	172032
3.61203333333333	184832
3.61536666666667	200960
3.61870000000000	102816
3.62203333333333	158144
3.62538333333333	227264
3.62871666666667	174144
3.63205000000000	175552
3.63538333333333	169920
3.63871666666667	154112
3.64206666666667	159488
3.64540000000000	166912
3.64873333333333	174336
3.65206666666667	110608
3.65540000000000	182912
3.65875000000000	182272
3.66208333333333	174784
3.66541666666667	163520
3.66875000000000	171456
3.67208333333333	174144
3.67543333333333	176768
3.67876666666667	172608
3.68210000000000	158848
3.68543333333333	162048
3.68876666666667	174848
3.69211666666667	189312
3.69545000000000	181760
3.69878333333333	157632
3.70211666666667	191488
3.70545000000000	202688
3.70880000000000	124608
3.71213333333333	184704
3.71546666666667	120352
3.71880000000000	177344
3.72213333333333	108752
3.72548333333333	207936
3.72881666666667	201280
3.73215000000000	172736
3.73548333333333	165760
3.73881666666667	160000
3.74216666666667	165056
3.74550000000000	167552
3.74883333333333	138240
3.75216666666667	174272
3.75550000000000	176256
3.75885000000000	154304
3.76218333333333	116688
3.76551666666667	158336
3.76885000000000	179840
3.77218333333333	215104
3.77553333333333	231744
3.77886666666667	185216
3.78220000000000	134848
3.78553333333333	131200
3.78886666666667	127920
3.79221666666667	148096
3.79555000000000	168256
3.79888333333333	203648
3.80221666666667	186432
3.80555000000000	155584
3.80890000000000	197760
3.81223333333333	171200
3.81556666666667	178880
3.81890000000000	194624
3.82223333333333	171136
3.82558333333333	198272
3.82891666666667	191744
3.83225000000000	185216
3.83558333333333	207040
3.83891666666667	153536
3.84225000000000	174592
3.84560000000000	120448
3.84893333333333	121040
3.85226666666667	118512
3.85560000000000	178752
3.85893333333333	191744
3.86228333333333	180928
3.86561666666667	124496
3.86895000000000	163776
3.87228333333333	166464
3.87561666666667	141504
3.87896666666667	157888
3.88230000000000	164864
3.88563333333333	171840
3.88896666666667	158528
3.89230000000000	150400
3.89565000000000	142272
3.89898333333333	147712
3.90231666666667	153152
3.90565000000000	150144
3.90898333333333	147072
3.91233333333333	131392
3.91566666666667	117168
3.91900000000000	155136
3.92233333333333	151168
3.92566666666667	147200
3.92901666666667	159808
3.93235000000000	172416
3.93568333333333	179776
3.93901666666667	116432
3.94235000000000	180352
3.94568333333333	201344
3.94901666666667	187264
3.95235000000000	155584
3.95568333333333	157696
3.95901666666667	97472
3.96236666666667	168960
3.96570000000000	183168
3.96903333333333	194624
3.97236666666667	165824
3.97570000000000	195264
3.97905000000000	194816
3.98238333333333	207232
3.98571666666667	175040
3.98905000000000	210688
3.99238333333333	151232
3.99573333333333	214208
3.99906666666667	141952
4.00240000000000	169088
4.00573333333333	184896
4.00906666666667	140224
4.01241666666667	136512
4.01575000000000	163392
4.01908333333333	169536
4.02241666666667	89024
4.02575000000000	191808
4.02910000000000	153856
4.03243333333333	183744
4.03576666666667	105920
4.03910000000000	184128
4.04243333333333	182848
4.04578333333333	175040
4.04911666666667	160192
4.05245000000000	167168
4.05578333333333	199808
4.05911666666667	109520
4.06246666666667	181696
4.06580000000000	192832
4.06913333333333	211904
4.07246666666667	173248
4.07580000000000	184192
4.07915000000000	169600
4.08248333333333	147008
4.08581666666667	195008
4.08915000000000	167936
4.09248333333333	145856
4.09581666666667	174080
4.09915000000000	175616
4.10248333333333	122208
4.10581666666667	201728
4.10915000000000	188480
4.11250000000000	189696
4.11583333333333	142016
4.11916666666667	152576
4.12250000000000	163200
4.12583333333333	150464
4.12918333333333	137728
4.13251666666667	201344
4.13585000000000	188608
4.13918333333333	197376
4.14251666666667	186240
4.14586666666667	132672
4.14920000000000	150848
4.15253333333333	149184
4.15586666666667	147520
4.15920000000000	164160
4.16255000000000	178432
4.16588333333333	179008
4.16921666666667	175744
4.17255000000000	143296
4.17588333333333	153792
4.17921666666667	144768
4.18256666666667	136256
4.18590000000000	127664
4.18923333333333	115248
4.19256666666667	142528
4.19590000000000	155584
4.19925000000000	168064
4.20258333333333	205760
4.20591666666667	223040
4.20925000000000	190848
4.21258333333333	111264
4.21593333333333	222720
4.21926666666667	162944
4.22260000000000	105904
4.22593333333333	153984
4.22926666666667	157952
4.23261666666667	153920
4.23595000000000	178560
4.23928333333333	183744
4.24261666666667	188928
4.24595000000000	193792
4.24930000000000	147136
4.25263333333333	198656
4.25596666666667	172288
4.25930000000000	179968
4.26263333333333	185536
4.26598333333333	184512
4.26931666666667	183552
4.27265000000000	189120
4.27598333333333	174400
4.27931666666667	164160
4.28266666666667	181504
4.28600000000000	150976
4.28933333333333	197504
4.29266666666667	112032
4.29600000000000	192704
4.29935000000000	223744
4.30268333333333	185280
4.30601666666667	170240
4.30935000000000	223552
4.31268333333333	152640
4.31603333333333	147136
4.31936666666667	192640
4.32270000000000	189184
4.32603333333333	165376
4.32936666666667	152896
4.33271666666667	200704
4.33605000000000	173888
4.33938333333333	80592
4.34271666666667	97936
4.34605000000000	167040
4.34940000000000	148032
4.35273333333333	106768
4.35606666666667	162432
4.35940000000000	135168
4.36273333333333	213952
4.36608333333333	201216
4.36941666666667	172032
4.37275000000000	199616
4.37608333333333	168064
4.37941666666667	175488
4.38276666666667	196096
4.38610000000000	211328
4.38943333333333	154560
4.39276666666667	217088
4.39610000000000	176192
4.39945000000000	167616
4.40278333333333	187776
4.40611666666667	195200
4.40945000000000	178560
4.41278333333333	197888
4.41613333333333	188992
4.41946666666667	113264
4.42280000000000	179392
4.42613333333333	162688
4.42946666666667	179584
4.43281666666667	194432
4.43615000000000	219264
4.43948333333333	203136
4.44281666666667	153088
4.44615000000000	192576
4.44950000000000	176576
4.45283333333333	210240
4.45616666666667	184064
4.45950000000000	167424
4.46283333333333	185216
4.46618333333333	167040
4.46951666666667	180672
4.47285000000000	194304
4.47618333333333	163008
4.47951666666667	163520
4.48286666666667	193024
4.48620000000000	178048
4.48953333333333	164928
4.49286666666667	172928
4.49620000000000	124272
