1.50330000000000	0
1.50663333333333	0
1.50996666666667	0
1.51330000000000	0
1.51663333333333	0
1.51998333333333	0
1.52331666666667	0
1.52665000000000	0
1.52998333333333	0
1.53331666666667	0
1.53666666666667	0
1.54000000000000	0
1.54333333333333	0
1.54666666666667	0
1.55000000000000	0
1.55335000000000	0
1.55668333333333	0
1.56001666666667	0
1.56335000000000	0
1.56668333333333	0
1.57003333333333	0
1.57336666666667	0
1.57670000000000	0
1.58003333333333	0
1.58336666666667	0
1.58671666666667	455
1.59005000000000	227
1.59338333333333	0
1.59671666666667	0
1.60005000000000	0
1.60340000000000	0
1.60673333333333	0
1.61006666666667	0
1.61340000000000	0
1.61673333333333	0
1.62008333333333	0
1.62341666666667	0
1.62675000000000	0
1.63008333333333	0
1.63341666666667	0
1.63676666666667	0
1.64010000000000	0
1.64343333333333	0
1.64676666666667	0
1.65010000000000	0
1.65345000000000	0
1.65678333333333	0
1.66011666666667	0
1.66345000000000	0
1.66678333333333	0
1.67013333333333	0
1.67346666666667	0
1.67680000000000	0
1.68013333333333	0
1.68346666666667	0
1.68681666666667	0
1.69015000000000	0
1.69348333333333	0
1.69681666666667	0
1.70015000000000	0
1.70350000000000	0
1.70683333333333	0
1.71016666666667	0
1.71350000000000	0
1.71683333333333	0
1.72018333333333	0
1.72351666666667	0
1.72685000000000	0
1.73018333333333	0
1.73351666666667	0
1.73686666666667	0
1.74020000000000	0
1.74353333333333	0
1.74686666666667	0
1.75020000000000	0
1.75355000000000	0
1.75688333333333	0
1.76021666666667	0
1.76355000000000	0
1.76688333333333	0
1.77023333333333	0
1.77356666666667	0
1.77690000000000	0
1.78023333333333	0
1.78356666666667	0
1.78691666666667	0
1.79025000000000	0
1.79358333333333	0
1.79691666666667	0
1.80025000000000	0
1.80360000000000	0
1.80693333333333	0
1.81026666666667	0
1.81360000000000	0
1.81693333333333	0
1.82026666666667	0
1.82361666666667	0
1.82695000000000	0
1.83028333333333	0
1.83361666666667	0
1.83695000000000	0
1.84030000000000	0
1.84363333333333	0
1.84696666666667	0
1.85030000000000	0
1.85363333333333	0
1.85698333333333	0
1.86031666666667	0
1.86365000000000	0
1.86698333333333	0
1.87031666666667	0
1.87366666666667	0
1.87700000000000	0
1.88033333333333	0
1.88366666666667	0
1.88700000000000	0
1.89035000000000	0
1.89368333333333	0
1.89701666666667	0
1.90035000000000	0
1.90368333333333	0
1.90703333333333	0
1.91036666666667	0
1.91370000000000	0
1.91703333333333	0
1.92036666666667	0
1.92371666666667	0
1.92705000000000	0
1.93038333333333	0
1.93371666666667	0
1.93705000000000	0
1.94040000000000	0
1.94373333333333	0
1.94706666666667	0
1.95040000000000	0
1.95373333333333	0
1.95708333333333	0
1.96041666666667	0
1.96375000000000	0
1.96708333333333	0
1.97041666666667	0
1.97376666666667	0
1.97710000000000	0
1.98043333333333	0
1.98376666666667	0
1.98710000000000	0
1.99045000000000	0
1.99378333333333	0
1.99711666666667	0
2.00045000000000	0
2.00378333333333	0
2.00713333333333	0
2.01046666666667	0
2.01380000000000	0
2.01713333333333	0
2.02046666666667	0
2.02381666666667	0
2.02715000000000	0
2.03048333333333	0
2.03381666666667	0
2.03715000000000	0
2.04050000000000	0
2.04383333333333	0
2.04716666666667	0
2.05050000000000	0
2.05383333333333	0
2.05718333333333	0
2.06051666666667	0
2.06385000000000	0
2.06718333333333	0
2.07051666666667	0
2.07386666666667	0
2.07720000000000	0
2.08053333333333	0
2.08386666666667	0
2.08720000000000	0
2.09055000000000	0
2.09388333333333	0
2.09721666666667	0
2.10055000000000	0
2.10388333333333	0
2.10723333333333	0
2.11056666666667	0
2.11390000000000	0
2.11723333333333	0
2.12056666666667	0
2.12391666666667	0
2.12725000000000	0
2.13058333333333	0
2.13391666666667	0
2.13725000000000	0
2.14060000000000	0
2.14393333333333	0
2.14726666666667	0
2.15060000000000	0
2.15393333333333	0
2.15726666666667	0
2.16061666666667	0
2.16395000000000	0
2.16728333333333	0
2.17061666666667	0
2.17395000000000	0
2.17730000000000	0
2.18063333333333	0
2.18396666666667	0
2.18730000000000	0
2.19063333333333	0
2.19398333333333	0
2.19731666666667	0
2.20065000000000	0
2.20398333333333	0
2.20731666666667	0
2.21066666666667	0
2.21400000000000	0
2.21733333333333	0
2.22066666666667	0
2.22400000000000	0
2.22735000000000	0
2.23068333333333	0
2.23401666666667	0
2.23735000000000	0
2.24068333333333	0
2.24403333333333	0
2.24736666666667	0
2.25070000000000	0
2.25403333333333	0
2.25736666666667	0
2.26071666666667	0
2.26405000000000	0
2.26738333333333	0
2.27071666666667	0
2.27405000000000	0
2.27740000000000	0
2.28073333333333	0
2.28406666666667	0
2.28740000000000	0
2.29073333333333	0
2.29408333333333	0
2.29741666666667	1414
2.30075000000000	1548
2.30408333333333	214
2.30741666666667	0
2.31076666666667	0
2.31410000000000	166
2.31743333333333	968
2.32076666666667	484
2.32410000000000	0
2.32745000000000	0
2.33078333333333	367
2.33411666666667	183
2.33745000000000	0
2.34078333333333	0
2.34413333333333	0
2.34746666666667	0
2.35080000000000	0
2.35413333333333	3719
2.35746666666667	3970
2.36081666666667	1760
2.36415000000000	4047
2.36748333333333	0
2.37081666666667	1542
2.37415000000000	0
2.37750000000000	4595
2.38083333333333	3573
2.38416666666667	3109
2.38750000000000	1068
2.39083333333333	1357
2.39418333333333	2887
2.39751666666667	4538
2.40085000000000	4349
2.40418333333333	588
2.40751666666667	2943
2.41086666666667	1472
2.41420000000000	0
2.41753333333333	513
2.42086666666667	1026
2.42420000000000	0
2.42755000000000	2855
2.43088333333333	3627
2.43421666666667	4292
2.43755000000000	5705
2.44088333333333	5072
2.44423333333333	4934
2.44756666666667	1439
2.45090000000000	0
2.45423333333333	2459
2.45756666666667	5211
2.46091666666667	5584
2.46425000000000	671
2.46758333333333	3824
2.47091666666667	7768
2.47425000000000	4313
2.47760000000000	7908
2.48093333333333	3137
2.48426666666667	3945
2.48760000000000	848
2.49093333333333	1926
2.49426666666667	3003
2.49761666666667	3447
2.50095000000000	1644
2.50428333333333	822
2.50761666666667	0
2.51095000000000	837
2.51430000000000	1673
2.51763333333333	5340
2.52096666666667	5926
2.52430000000000	4273
2.52763333333333	2439
2.53098333333333	3594
2.53431666666667	4750
2.53765000000000	4063
2.54098333333333	3376
2.54431666666667	7208
2.54766666666667	8087
2.55100000000000	3675
2.55433333333333	3455
2.55766666666667	7405
2.56100000000000	1557
2.56435000000000	6304
2.56768333333333	724
2.57101666666667	4292
2.57435000000000	3847
2.57768333333333	3402
2.58103333333333	2839
2.58436666666667	4545
2.58770000000000	5170
2.59103333333333	5249
2.59436666666667	5328
2.59771666666667	6604
2.60105000000000	6425
2.60438333333333	4702
2.60771666666667	4097
2.61105000000000	1139
2.61440000000000	1255
2.61773333333333	1627
2.62106666666667	3010
2.62440000000000	4214
2.62773333333333	5344
2.63108333333333	4246
2.63441666666667	3148
2.63775000000000	3260
2.64108333333333	3373
2.64441666666667	2204
2.64776666666667	4071
2.65110000000000	5939
2.65443333333333	4921
2.65776666666667	5226
2.66110000000000	5870
2.66445000000000	5520
2.66778333333333	3441
2.67111666666667	5769
2.67445000000000	1574
2.67778333333333	1800
2.68113333333333	2027
2.68446666666667	1706
2.68780000000000	1386
2.69113333333333	2280
2.69446666666667	4266
2.69781666666667	4255
2.70115000000000	4245
2.70448333333333	3757
2.70781666666667	5937
2.71115000000000	5138
2.71450000000000	4340
2.71783333333333	1362
2.72116666666667	1236
2.72450000000000	1110
2.72783333333333	4210
2.73118333333333	4478
2.73451666666667	4747
2.73785000000000	3702
2.74118333333333	2657
2.74451666666667	2927
2.74786666666667	3197
2.75120000000000	1668
2.75453333333333	1564
2.75786666666667	1460
2.76120000000000	5639
2.76455000000000	7540
2.76788333333333	6138
2.77121666666667	6103
2.77455000000000	1026
2.77788333333333	9556
2.78123333333333	5958
2.78456666666667	7665
2.78790000000000	2065
2.79123333333333	4449
2.79456666666667	2584
2.79791666666667	0
2.80125000000000	5734
2.80458333333333	7494
2.80791666666667	1278
2.81125000000000	6073
2.81460000000000	5406
2.81793333333333	5009
2.82126666666667	3873
2.82460000000000	6631
2.82793333333333	6073
2.83126666666667	6181
2.83461666666667	2419
2.83795000000000	7272
2.84128333333333	8228
2.84461666666667	1045
2.84795000000000	3637
2.85130000000000	6175
2.85463333333333	2841
2.85796666666667	2762
2.86130000000000	2682
2.86463333333333	1274
2.86798333333333	4953
2.87131666666667	5079
2.87465000000000	3961
2.87798333333333	3240
2.88131666666667	2270
2.88466666666667	1360
2.88800000000000	2274
2.89133333333333	1256
2.89466666666667	1505
2.89800000000000	5008
2.90135000000000	4162
2.90468333333333	3316
2.90801666666667	9116
2.91135000000000	8012
2.91468333333333	5580
2.91803333333333	8568
2.92136666666667	10096
2.92470000000000	6873
2.92803333333333	4144
2.93136666666667	7651
2.93471666666667	1089
2.93805000000000	5799
2.94138333333333	1845
2.94471666666667	5941
2.94805000000000	1916
2.95140000000000	5286
2.95473333333333	1752
2.95806666666667	2182
2.96140000000000	2613
2.96473333333333	4639
2.96808333333333	5519
2.97141666666667	1089
2.97475000000000	1342
2.97808333333333	7700
2.98141666666667	5293
2.98476666666667	6951
2.98810000000000	5952
2.99143333333333	3162
2.99476666666667	7769
2.99810000000000	2749
3.00145000000000	9760
3.00478333333333	924
3.00811666666667	7685
3.01145000000000	7211
3.01478333333333	3565
3.01813333333333	3454
3.02146666666667	2687
3.02480000000000	2530
3.02813333333333	2373
3.03146666666667	2972
3.03481666666667	3570
3.03815000000000	5005
3.04148333333333	4970
3.04481666666667	4935
3.04815000000000	2559
3.05150000000000	4742
3.05483333333333	2460
3.05816666666667	1176
3.06150000000000	7266
3.06483333333333	4265
3.06818333333333	1264
3.07151666666667	9436
3.07485000000000	7891
3.07818333333333	6864
3.08151666666667	6149
3.08486666666667	347
3.08820000000000	1705
3.09153333333333	3419
3.09486666666667	1258
3.09820000000000	8436
3.10155000000000	11004
3.10488333333333	5151
3.10821666666667	7036
3.11155000000000	4186
3.11488333333333	5910
3.11823333333333	6671
3.12156666666667	3269
3.12490000000000	3996
3.12823333333333	5713
3.13156666666667	9360
3.13491666666667	9068
3.13825000000000	4518
3.14158333333333	4458
3.14491666666667	5661
3.14825000000000	4414
3.15160000000000	4966
3.15493333333333	3696
3.15826666666667	5646
3.16160000000000	4774
3.16493333333333	3902
3.16826666666667	0
3.17161666666667	2427
3.17495000000000	4854
3.17828333333333	4229
3.18161666666667	4967
3.18495000000000	5704
3.18830000000000	0
3.19163333333333	6610
3.19496666666667	5988
3.19830000000000	5887
3.20163333333333	669
3.20498333333333	3503
3.20831666666667	9048
3.21165000000000	6013
3.21498333333333	2977
3.21831666666667	4179
3.22166666666667	4039
3.22500000000000	1444
3.22833333333333	640
3.23166666666667	3790
3.23500000000000	4930
3.23835000000000	6607
3.24168333333333	992
3.24501666666667	6419
3.24835000000000	5580
3.25168333333333	4075
3.25503333333333	0
3.25836666666667	6123
3.26170000000000	1758
3.26503333333333	6773
3.26836666666667	3435
3.27171666666667	4217
3.27505000000000	4618
3.27838333333333	4105
3.28171666666667	3592
3.28505000000000	3917
3.28840000000000	6995
3.29173333333333	4920
3.29506666666667	2846
3.29840000000000	3885
3.30173333333333	2814
3.30508333333333	4532
3.30841666666667	95
3.31175000000000	819
3.31508333333333	1542
3.31841666666667	3637
3.32176666666667	3234
3.32510000000000	2831
3.32843333333333	2846
3.33176666666667	2862
3.33510000000000	2328
3.33845000000000	1793
3.34178333333333	0
3.34511666666667	7760
3.34845000000000	3880
3.35178333333333	0
3.35513333333333	3073
3.35846666666667	4073
3.36180000000000	4009
3.36513333333333	3944
3.36846666666667	0
3.37181666666667	3996
3.37515000000000	3984
3.37848333333333	3971
3.38181666666667	2389
3.38515000000000	2584
3.38850000000000	2779
3.39183333333333	6061
3.39516666666667	7329
3.39850000000000	7477
3.40183333333333	5405
3.40518333333333	3521
3.40851666666667	3200
3.41185000000000	3200
3.41518333333333	3509
3.41851666666667	3818
3.42186666666667	3641
3.42520000000000	3465
3.42853333333333	1001
3.43186666666667	2148
3.43520000000000	5429
3.43855000000000	7441
3.44188333333333	5853
3.44521666666667	7399
3.44855000000000	1775
3.45188333333333	4202
3.45523333333333	2901
3.45856666666667	1600
3.46190000000000	2935
3.46523333333333	4269
3.46856666666667	3585
3.47191666666667	0
3.47525000000000	7324
3.47858333333333	4096
3.48191666666667	9044
3.48525000000000	6835
3.48860000000000	1476
3.49193333333333	7530
3.49526666666667	2185
3.49860000000000	2953
3.50193333333333	916
3.50526666666667	1316
3.50861666666667	1716
3.51195000000000	9048
3.51528333333333	8532
3.51861666666667	8015
3.52195000000000	4094
3.52530000000000	4736
3.52863333333333	4778
3.53196666666667	4620
3.53530000000000	4463
3.53863333333333	2882
3.54198333333333	2722
3.54531666666667	5262
3.54865000000000	3603
3.55198333333333	1943
3.55531666666667	2661
3.55866666666667	6419
3.56200000000000	7835
3.56533333333333	7238
3.56866666666667	344
3.57200000000000	6283
3.57535000000000	684
3.57868333333333	856
3.58201666666667	1028
3.58535000000000	6320
3.58868333333333	9704
3.59203333333333	8984
3.59536666666667	4808
3.59870000000000	4614
3.60203333333333	2471
3.60536666666667	4548
3.60871666666667	3737
3.61205000000000	7928
3.61538333333333	6864
3.61871666666667	3850
3.62205000000000	6995
3.62540000000000	4886
3.62873333333333	2776
3.63206666666667	7127
3.63540000000000	0
3.63873333333333	7147
3.64208333333333	4327
3.64541666666667	416
3.64875000000000	1636
3.65208333333333	0
3.65541666666667	2405
3.65876666666667	2639
3.66210000000000	2872
3.66543333333333	2841
3.66876666666667	2809
3.67210000000000	4106
3.67545000000000	5170
3.67878333333333	6234
3.68211666666667	2380
3.68545000000000	1281
3.68878333333333	4181
3.69213333333333	6221
3.69546666666667	8260
3.69880000000000	6623
3.70213333333333	277
3.70546666666667	5017
3.70881666666667	5023
3.71215000000000	3984
3.71548333333333	3449
3.71881666666667	2914
3.72215000000000	3774
3.72550000000000	2613
3.72883333333333	1453
3.73216666666667	4201
3.73550000000000	3456
3.73883333333333	2711
3.74218333333333	6115
3.74551666666667	5294
3.74885000000000	4354
3.75218333333333	6377
3.75551666666667	5031
3.75886666666667	6968
3.76220000000000	6187
3.76553333333333	5407
3.76886666666667	3298
3.77220000000000	2259
3.77555000000000	4929
3.77888333333333	4281
3.78221666666667	9612
3.78555000000000	9288
3.78888333333333	5513
3.79223333333333	3673
3.79556666666667	6146
3.79890000000000	3261
3.80223333333333	2107
3.80556666666667	4109
3.80891666666667	9280
3.81225000000000	7900
3.81558333333333	6722
3.81891666666667	4282
3.82225000000000	5795
3.82560000000000	7065
3.82893333333333	6063
3.83226666666667	5061
3.83560000000000	7565
3.83893333333333	2568
3.84226666666667	4886
3.84561666666667	2306
3.84895000000000	3342
3.85228333333333	4379
3.85561666666667	4931
3.85895000000000	5482
3.86230000000000	5436
3.86563333333333	5816
3.86896666666667	6197
3.87230000000000	6071
3.87563333333333	318
3.87898333333333	2080
3.88231666666667	5270
3.88565000000000	4016
3.88898333333333	5473
3.89231666666667	3389
3.89566666666667	7169
3.89900000000000	0
3.90233333333333	3957
3.90566666666667	1530
3.90900000000000	3186
3.91235000000000	2744
3.91568333333333	2302
3.91901666666667	3210
3.92235000000000	2345
3.92568333333333	1480
3.92903333333333	1994
3.93236666666667	2587
3.93570000000000	3181
3.93903333333333	2530
3.94236666666667	1880
3.94571666666667	2774
3.94905000000000	2361
3.95238333333333	1948
3.95571666666667	4435
3.95905000000000	10108
3.96240000000000	8636
3.96573333333333	3309
3.96906666666667	6259
3.97240000000000	2301
3.97573333333333	5743
3.97908333333333	5365
3.98241666666667	0
3.98575000000000	4231
3.98908333333333	5045
3.99241666666667	1928
3.99576666666667	1825
3.99910000000000	1745
4.00243333333333	1666
4.00576666666667	2191
4.00910000000000	796
4.01245000000000	4125
4.01578333333333	4205
4.01911666666667	3497
4.02245000000000	5944
4.02578333333333	4082
4.02913333333333	2219
4.03246666666667	7344
4.03580000000000	1742
4.03913333333333	7346
4.04246666666667	11728
4.04581666666667	9764
4.04915000000000	1086
4.05248333333333	7383
4.05581666666667	7828
4.05915000000000	3032
4.06250000000000	4434
4.06583333333333	6468
4.06916666666667	6419
4.07250000000000	6266
4.07583333333333	6112
4.07918333333333	3409
4.08251666666667	2243
4.08585000000000	4409
4.08918333333333	5209
4.09251666666667	6070
4.09586666666667	1692
4.09920000000000	2476
4.10253333333333	2948
4.10586666666667	9212
4.10920000000000	9424
4.11255000000000	3514
4.11588333333333	5158
4.11921666666667	565
4.12255000000000	0
4.12588333333333	1518
4.12923333333333	1866
4.13256666666667	3509
4.13590000000000	5151
4.13923333333333	5164
4.14256666666667	5177
4.14591666666667	5440
4.14925000000000	1839
4.15258333333333	6252
4.15591666666667	7241
4.15925000000000	4671
4.16260000000000	4305
4.16593333333333	5422
4.16926666666667	5580
4.17260000000000	7306
4.17593333333333	6510
4.17926666666667	5714
4.18261666666667	3074
4.18595000000000	5954
4.18928333333333	3183
4.19261666666667	1317
4.19595000000000	4193
4.19930000000000	4601
4.20263333333333	4131
4.20596666666667	5880
4.20930000000000	5779
4.21263333333333	5677
4.21598333333333	7978
4.21931666666667	7836
4.22265000000000	3887
4.22598333333333	1764
4.22931666666667	5362
4.23266666666667	7769
4.23600000000000	9692
4.23933333333333	8876
4.24266666666667	6147
4.24600000000000	3290
4.24935000000000	6849
4.25268333333333	3778
4.25601666666667	3140
4.25935000000000	6923
4.26268333333333	4528
4.26603333333333	4818
4.26936666666667	1823
4.27270000000000	4713
4.27603333333333	1091
4.27936666666667	5638
4.28271666666667	5911
4.28605000000000	8708
4.28938333333333	5223
4.29271666666667	9640
4.29605000000000	8704
4.29940000000000	2962
4.30273333333333	12752
4.30606666666667	12752
4.30940000000000	6427
4.31273333333333	8732
4.31608333333333	5784
4.31941666666667	5833
4.32275000000000	7828
4.32608333333333	7883
4.32941666666667	7937
4.33276666666667	2480
4.33610000000000	5625
4.33943333333333	4302
4.34276666666667	4653
4.34610000000000	5203
4.34945000000000	5754
4.35278333333333	7095
4.35611666666667	6332
4.35945000000000	5570
4.36278333333333	8476
4.36613333333333	2104
4.36946666666667	4302
4.37280000000000	7360
4.37613333333333	6524
4.37946666666667	2823
4.38281666666667	9780
4.38615000000000	3997
4.38948333333333	4206
4.39281666666667	3361
4.39615000000000	4465
4.39950000000000	0
4.40283333333333	2001
4.40616666666667	4508
4.40950000000000	5062
4.41283333333333	5616
4.41618333333333	4975
4.41951666666667	5462
4.42285000000000	5949
4.42618333333333	3911
4.42951666666667	4485
4.43286666666667	8780
4.43620000000000	8552
4.43953333333333	2311
4.44286666666667	4614
4.44620000000000	5822
4.44955000000000	6094
4.45288333333333	7475
4.45621666666667	6954
4.45955000000000	4514
4.46288333333333	7225
4.46623333333333	5785
4.46956666666667	7461
4.47290000000000	5984
4.47623333333333	4507
4.47956666666667	2873
4.48291666666667	4262
4.48625000000000	3811
4.48958333333333	4580
4.49291666666667	5349
4.49625000000000	5831
