1.50331666666667	263
1.50665000000000	482
1.50998333333333	227
1.51331666666667	0
1.51665000000000	0
1.52000000000000	1162
1.52333333333333	1066
1.52666666666667	1119
1.53000000000000	672
1.53333333333333	499
1.53668333333333	0
1.54001666666667	806
1.54335000000000	753
1.54668333333333	360
1.55001666666667	498
1.55336666666667	741
1.55670000000000	558
1.56003333333333	559
1.56336666666667	128
1.56670000000000	909
1.57003333333333	0
1.57336666666667	807
1.57670000000000	192
1.58003333333333	0
1.58336666666667	254
1.58671666666667	932
1.59005000000000	1029
1.59338333333333	608
1.59671666666667	148
1.60005000000000	334
1.60340000000000	281
1.60673333333333	229
1.61006666666667	0
1.61340000000000	207
1.61673333333333	334
1.62006666666667	309
1.62341666666667	491
1.62675000000000	600
1.63008333333333	708
1.63341666666667	0
1.63675000000000	146
1.64010000000000	291
1.64343333333333	146
1.64676666666667	0
1.65010000000000	0
1.65343333333333	0
1.65676666666667	0
1.66010000000000	0
1.66343333333333	242
1.66676666666667	121
1.67010000000000	0
1.67345000000000	0
1.67678333333333	0
1.68011666666667	0
1.68345000000000	16
1.68678333333333	8
1.69013333333333	0
1.69346666666667	0
1.69680000000000	0
1.70013333333333	24
1.70346666666667	12
1.70681666666667	0
1.71015000000000	0
1.71348333333333	0
1.71681666666667	0
1.72015000000000	0
1.72350000000000	290
1.72683333333333	145
1.73016666666667	0
1.73350000000000	985
1.73683333333333	921
1.74018333333333	1243
1.74351666666667	361
1.74685000000000	632
1.75018333333333	704
1.75351666666667	251
1.75685000000000	793
1.76020000000000	907
1.76353333333333	543
1.76686666666667	426
1.77020000000000	375
1.77351666666667	776
1.77686666666667	0
1.78020000000000	347
1.78353333333333	286
1.78686666666667	215
1.79020000000000	145
1.79355000000000	0
1.79688333333333	212
1.80021666666667	0
1.80355000000000	171
1.80688333333333	130
1.81023333333333	434
1.81356666666667	377
1.81690000000000	320
1.82023333333333	579
1.82356666666667	538
1.82691666666667	498
1.83025000000000	505
1.83358333333333	512
1.83691666666667	500
1.84025000000000	291
1.84360000000000	407
1.84693333333333	253
1.85026666666667	98
1.85360000000000	0
1.85693333333333	163
1.86028333333333	81
1.86361666666667	0
1.86695000000000	0
1.87028333333333	88
1.87361666666667	175
1.87695000000000	343
1.88028333333333	172
1.88361666666667	0
1.88695000000000	0
1.89028333333333	0
1.89361666666667	762
1.89696666666667	868
1.90030000000000	0
1.90363333333333	893
1.90696666666667	0
1.91030000000000	640
1.91365000000000	746
1.91698333333333	775
1.92031666666667	895
1.92365000000000	865
1.92698333333333	834
1.93033333333333	272
1.93366666666667	426
1.93700000000000	0
1.94033333333333	563
1.94366666666667	489
1.94701666666667	1428
1.95035000000000	1282
1.95368333333333	1094
1.95701666666667	817
1.96035000000000	609
1.96370000000000	0
1.96703333333333	208
1.97036666666667	415
1.97370000000000	0
1.97703333333333	0
1.98038333333333	0
1.98371666666667	387
1.98705000000000	470
1.99038333333333	553
1.99371666666667	361
1.99706666666667	0
2.00040000000000	282
2.00373333333333	396
2.00706666666667	0
2.01040000000000	856
2.01375000000000	996
2.01708333333333	613
2.02041666666667	508
2.02375000000000	1016
2.02708333333333	472
2.03041666666667	0
2.03376666666667	288
2.03710000000000	0
2.04043333333333	168
2.04376666666667	833
2.04710000000000	736
2.05045000000000	0
2.05378333333333	0
2.05711666666667	316
2.06045000000000	0
2.06378333333333	0
2.06713333333333	624
2.07046666666667	420
2.07380000000000	61
2.07713333333333	688
2.08046666666667	493
2.08381666666667	174
2.08715000000000	0
2.09048333333333	691
2.09381666666667	745
2.09713333333333	465
2.10048333333333	185
2.10381666666667	317
2.10715000000000	0
2.11048333333333	886
2.11381666666667	931
2.11716666666667	0
2.12050000000000	0
2.12383333333333	904
2.12716666666667	0
2.13050000000000	300
2.13385000000000	0
2.13718333333333	319
2.14051666666667	224
2.14385000000000	0
2.14718333333333	0
2.15053333333333	230
2.15386666666667	461
2.15720000000000	372
2.16053333333333	274
2.16386666666667	177
2.16720000000000	177
2.17055000000000	178
2.17388333333333	268
2.17721666666667	286
2.18055000000000	304
2.18388333333333	392
2.18723333333333	481
2.19056666666667	421
2.19390000000000	804
2.19723333333333	0
2.20056666666667	840
2.20391666666667	1157
2.20725000000000	799
2.21058333333333	237
2.21391666666667	0
2.21725000000000	0
2.22060000000000	212
2.22393333333333	425
2.22726666666667	835
2.23060000000000	1111
2.23391666666667	710
2.23726666666667	709
2.24060000000000	373
2.24393333333333	554
2.24726666666667	653
2.25060000000000	1046
2.25395000000000	866
2.25728333333333	1452
2.26061666666667	1493
2.26395000000000	1123
2.26728333333333	1519
2.27063333333333	1493
2.27396666666667	1712
2.27730000000000	2042
2.28063333333333	2372
2.28396666666667	2066
2.28731666666667	1760
2.29065000000000	4831
2.29398333333333	4655
2.29731666666667	5522
2.30065000000000	6089
2.30398333333333	7850
2.30733333333333	8177
2.31066666666667	8504
2.31400000000000	7810
2.31733333333333	7283
2.32066666666667	6755
2.32401666666667	8524
2.32735000000000	14004
2.33068333333333	14264
2.33401666666667	15052
2.33735000000000	12024
2.34070000000000	10632
2.34403333333333	11248
2.34736666666667	11868
2.35070000000000	10744
2.35403333333333	15004
2.35736666666667	15336
2.36070000000000	15540
2.36403333333333	26940
2.36736666666667	26940
2.37070000000000	27628
2.37405000000000	21484
2.37738333333333	19592
2.38071666666667	29192
2.38405000000000	21020
2.38738333333333	32268
2.39073333333333	30316
2.39406666666667	27024
2.39740000000000	34928
2.40073333333333	36240
2.40406666666667	37792
2.40741666666667	32944
2.41075000000000	35536
2.41408333333333	38128
2.41741666666667	39072
2.42075000000000	40016
2.42410000000000	42560
2.42743333333333	45328
2.43076666666667	48112
2.43410000000000	52944
2.43741666666667	52816
2.44075000000000	50784
2.44410000000000	51888
2.44743333333333	58640
2.45076666666667	63456
2.45410000000000	60176
2.45743333333333	61760
2.46078333333333	63328
2.46411666666667	44944
2.46745000000000	71184
2.47078333333333	57776
2.47411666666667	64800
2.47746666666667	71136
2.48080000000000	70608
2.48413333333333	70096
2.48746666666667	72896
2.49080000000000	78032
2.49415000000000	77472
2.49748333333333	47616
2.50081666666667	77840
2.50415000000000	77520
2.50748333333333	88256
2.51083333333333	86320
2.51416666666667	84384
2.51750000000000	55760
2.52083333333333	104496
2.52415000000000	83568
2.52750000000000	73248
2.53083333333333	89024
2.53416666666667	102800
2.53750000000000	101872
2.54083333333333	83536
2.54418333333333	67776
2.54751666666667	65120
2.55085000000000	62448
2.55418333333333	82144
2.55751666666667	72512
2.56086666666667	62864
2.56420000000000	96848
2.56753333333333	91984
2.57086666666667	75456
2.57420000000000	100224
2.57753333333333	118800
2.58088333333333	110112
2.58421666666667	96816
2.58755000000000	100944
2.59088333333333	99888
2.59421666666667	104288
2.59756666666667	104304
2.60090000000000	107840
2.60423333333333	104592
2.60756666666667	108480
2.61090000000000	112368
2.61425000000000	88480
2.61758333333333	76512
2.62091666666667	107280
2.62425000000000	104672
2.62756666666667	90448
2.63091666666667	117136
2.63425000000000	112288
2.63758333333333	106000
2.64091666666667	88816
2.64425000000000	111664
2.64760000000000	112256
2.65093333333333	74624
2.65426666666667	121408
2.65760000000000	116800
2.66093333333333	92784
2.66428333333333	111504
2.66761666666667	116672
2.67095000000000	95648
2.67428333333333	126256
2.67761666666667	107984
2.68096666666667	85872
2.68430000000000	101424
2.68763333333333	128624
2.69096666666667	122224
2.69430000000000	105568
2.69765000000000	122608
2.70098333333333	111904
2.70431666666667	121648
2.70765000000000	127760
2.71098333333333	132096
2.71431666666667	98816
2.71766666666667	109904
2.72100000000000	105056
2.72433333333333	114320
2.72766666666667	112720
2.73100000000000	101840
2.73435000000000	127520
2.73768333333333	125584
2.74101666666667	110128
2.74435000000000	96272
2.74768333333333	111968
2.75103333333333	79632
2.75436666666667	105200
2.75770000000000	124128
2.76103333333333	87712
2.76436666666667	126016
2.76771666666667	83232
2.77105000000000	112992
2.77438333333333	100304
2.77771666666667	118464
2.78103333333333	111712
2.78438333333333	118992
2.78771666666667	125792
2.79105000000000	124240
2.79438333333333	122704
2.79771666666667	115760
2.80106666666667	96640
2.80440000000000	114752
2.80773333333333	134016
2.81106666666667	85856
2.81440000000000	137792
2.81775000000000	131904
2.82108333333333	120720
2.82441666666667	110480
2.82775000000000	104928
2.83108333333333	112880
2.83443333333333	120960
2.83776666666667	129040
2.84110000000000	140288
2.84443333333333	129424
2.84776666666667	119408
2.85110000000000	118752
2.85445000000000	122352
2.85778333333333	114752
2.86111666666667	117360
2.86445000000000	119952
2.86778333333333	111872
2.87113333333333	114896
2.87446666666667	127104
2.87780000000000	126320
2.88113333333333	109488
2.88446666666667	116048
2.88781666666667	124640
2.89115000000000	85392
2.89448333333333	115472
2.89781666666667	106560
2.90115000000000	79104
2.90450000000000	140672
2.90783333333333	121488
2.91116666666667	102208
2.91450000000000	120496
2.91783333333333	121456
2.92118333333333	145216
2.92451666666667	131200
2.92785000000000	100512
2.93118333333333	109696
2.93451666666667	134144
2.93786666666667	91536
2.94120000000000	128624
2.94453333333333	102560
2.94786666666667	123872
2.95120000000000	89584
2.95455000000000	96128
2.95788333333333	115184
2.96121666666667	110144
2.96455000000000	71008
2.96788333333333	125424
2.97123333333333	125600
2.97456666666667	146240
2.97790000000000	126688
2.98123333333333	107056
2.98456666666667	134528
2.98790000000000	116160
2.99125000000000	106464
2.99458333333333	120864
2.99791666666667	123440
3.00125000000000	120624
3.00458333333333	115872
3.00793333333333	101648
3.01126666666667	112464
3.01460000000000	110336
3.01793333333333	108208
3.02126666666667	119408
3.02461666666667	116784
3.02795000000000	112080
3.03128333333333	107376
3.03461666666667	117072
3.03795000000000	126768
3.04130000000000	119120
3.04463333333333	111488
3.04796666666667	92448
3.05130000000000	75024
3.05463333333333	109584
3.05798333333333	115504
3.06131666666667	124640
3.06465000000000	115584
3.06798333333333	113952
3.07131666666667	126768
3.07466666666667	77488
3.07800000000000	108496
3.08133333333333	118688
3.08466666666667	100128
3.08800000000000	107232
3.09133333333333	114336
3.09466666666667	107056
3.09800000000000	117648
3.10133333333333	106672
3.10466666666667	95696
3.10801666666667	113712
3.11135000000000	115088
3.11468333333333	116448
3.11801666666667	92480
3.12135000000000	126320
3.12468333333333	121136
3.12803333333333	116416
3.13136666666667	124032
3.13470000000000	110848
3.13803333333333	99792
3.14136666666667	113872
3.14471666666667	98224
3.14805000000000	101840
3.15138333333333	80720
3.15471666666667	85472
3.15805000000000	90224
3.16140000000000	90464
3.16473333333333	90704
3.16806666666667	95024
3.17140000000000	99328
3.17471666666667	108640
3.17806666666667	102864
3.18140000000000	97088
3.18473333333333	109744
3.18806666666667	122384
3.19140000000000	81584
3.19475000000000	132928
3.19808333333333	106816
3.20141666666667	130832
3.20475000000000	137664
3.20808333333333	108192
3.21143333333333	111120
3.21476666666667	82960
3.21810000000000	112880
3.22143333333333	115344
3.22476666666667	101968
3.22811666666667	101808
3.23145000000000	101648
3.23478333333333	102720
3.23811666666667	103776
3.24145000000000	109872
3.24480000000000	115968
3.24813333333333	126048
3.25146666666667	128160
3.25480000000000	119824
3.25813333333333	119216
3.26146666666667	129360
3.26481666666667	114288
3.26815000000000	106112
3.27148333333333	97280
3.27481666666667	89376
3.27815000000000	112800
3.28150000000000	125552
3.28483333333333	120480
3.28816666666667	134976
3.29150000000000	129088
3.29483333333333	108608
3.29818333333333	88048
3.30151666666667	122896
3.30485000000000	115328
3.30818333333333	116992
3.31151666666667	109072
3.31486666666667	130160
3.31820000000000	128080
3.32153333333333	77344
3.32486666666667	104032
3.32820000000000	114688
3.33155000000000	123344
3.33488333333333	131776
3.33821666666667	104944
3.34155000000000	126720
3.34488333333333	116944
3.34823333333333	101248
3.35156666666667	104512
3.35490000000000	118928
3.35823333333333	124656
3.36156666666667	112208
3.36491666666667	99744
3.36825000000000	106784
3.37158333333333	96352
3.37491666666667	95248
3.37825000000000	94144
3.38160000000000	124800
3.38493333333333	127040
3.38826666666667	148224
3.39160000000000	126656
3.39493333333333	119968
3.39826666666667	133760
3.40161666666667	113472
3.40495000000000	95664
3.40828333333333	117872
3.41161666666667	125312
3.41495000000000	130800
3.41830000000000	127920
3.42163333333333	100128
3.42496666666667	109152
3.42830000000000	131072
3.43163333333333	118592
3.43498333333333	120128
3.43831666666667	106560
3.44165000000000	100704
3.44498333333333	105808
3.44830000000000	110912
3.45165000000000	96608
3.45498333333333	97840
3.45831666666667	99056
3.46165000000000	102544
3.46498333333333	100128
3.46833333333333	97728
3.47166666666667	100464
3.47500000000000	103184
3.47833333333333	120496
3.48166666666667	129808
3.48501666666667	141312
3.48835000000000	129648
3.49168333333333	121664
3.49501666666667	119328
3.49835000000000	116672
3.50170000000000	104384
3.50503333333333	140032
3.50836666666667	83024
3.51170000000000	98432
3.51503333333333	117936
3.51838333333333	118704
3.52171666666667	130544
3.52505000000000	105408
3.52838333333333	138752
3.53171666666667	116656
3.53503333333333	102624
3.53838333333333	116784
3.54171666666667	107408
3.54505000000000	98048
3.54838333333333	108016
3.55171666666667	106944
3.55506666666667	105872
3.55840000000000	122256
3.56173333333333	112144
3.56506666666667	102016
3.56840000000000	71136
3.57175000000000	82832
3.57508333333333	111872
3.57841666666667	130944
3.58175000000000	124864
3.58508333333333	135488
3.58843333333333	128288
3.59176666666667	130096
3.59510000000000	139136
3.59843333333333	92272
3.60176666666667	122192
3.60511666666667	140736
3.60845000000000	120976
3.61178333333333	79488
3.61511666666667	94688
3.61845000000000	92320
3.62180000000000	114688
3.62513333333333	128832
3.62846666666667	125328
3.63180000000000	122016
3.63513333333333	126048
3.63848333333333	130080
3.64181666666667	127248
3.64515000000000	124416
3.64848333333333	109504
3.65181666666667	104080
3.65515000000000	117744
3.65848333333333	112112
3.66181666666667	128272
3.66515000000000	117840
3.66848333333333	107424
3.67181666666667	129664
3.67516666666667	125936
3.67850000000000	125152
3.68183333333333	124512
3.68516666666667	123872
3.68850000000000	107728
3.69185000000000	116848
3.69518333333333	125312
3.69851666666667	89616
3.70185000000000	109376
3.70518333333333	129152
3.70853333333333	118112
3.71186666666667	130736
3.71520000000000	139264
3.71853333333333	103888
3.72186666666667	135808
3.72521666666667	123120
3.72855000000000	117840
3.73188333333333	118832
3.73521666666667	119792
3.73855000000000	90128
3.74188333333333	116768
3.74521666666667	121360
3.74855000000000	126864
3.75188333333333	123936
3.75521666666667	132608
3.75856666666667	140544
3.76190000000000	112048
3.76523333333333	113728
3.76856666666667	108656
3.77190000000000	112960
3.77525000000000	117264
3.77858333333333	103472
3.78191666666667	116176
3.78525000000000	128832
3.78858333333333	120400
3.79193333333333	116624
3.79526666666667	112848
3.79860000000000	110320
3.80193333333333	68672
3.80526666666667	132544
3.80860000000000	119168
3.81195000000000	120080
3.81528333333333	122816
3.81861666666667	125536
3.82195000000000	99424
3.82528333333333	122128
3.82863333333333	142144
3.83196666666667	134144
3.83530000000000	137984
3.83863333333333	113232
3.84196666666667	113328
3.84531666666667	133440
3.84865000000000	100640
3.85198333333333	102672
3.85531666666667	97376
3.85865000000000	113952
3.86198333333333	110496
3.86531666666667	85968
3.86865000000000	127696
3.87198333333333	112544
3.87531666666667	123440
3.87866666666667	99760
3.88200000000000	102960
3.88533333333333	112224
3.88866666666667	109488
3.89200000000000	116352
3.89535000000000	123232
3.89868333333333	82704
3.90201666666667	117936
3.90535000000000	105872
3.90868333333333	139328
3.91203333333333	126624
3.91536666666667	137664
3.91870000000000	118720
3.92203333333333	110416
3.92536666666667	83776
3.92870000000000	124288
3.93203333333333	127536
3.93536666666667	123808
3.93870000000000	122960
3.94203333333333	82592
3.94536666666667	116528
3.94871666666667	131712
3.95205000000000	119056
3.95538333333333	130032
3.95871666666667	126800
3.96205000000000	92560
3.96540000000000	129872
3.96873333333333	124080
3.97206666666667	89760
3.97540000000000	117216
3.97873333333333	143040
3.98208333333333	132672
3.98541666666667	97280
3.98875000000000	130560
3.99208333333333	82288
3.99541666666667	115792
3.99876666666667	113968
4.00210000000000	95392
4.00543333333333	124544
4.00876666666667	115168
4.01208333333333	107936
4.01543333333333	114992
4.01876666666667	108320
4.02210000000000	101632
4.02543333333333	107552
4.02876666666667	106672
4.03211666666667	105792
4.03545000000000	114016
4.03878333333333	122256
4.04211666666667	122880
4.04545000000000	116160
4.04880000000000	109440
4.05213333333333	104752
4.05546666666667	98192
4.05880000000000	115360
4.06213333333333	130352
4.06548333333333	128704
4.06881666666667	130560
4.07215000000000	124816
4.07548333333333	114944
4.07881666666667	133184
4.08215000000000	100576
4.08550000000000	89696
4.08883333333333	131840
4.09216666666667	120192
4.09548333333333	124688
4.09881666666667	110080
4.10216666666667	125344
4.10550000000000	105024
4.10883333333333	107232
4.11216666666667	109424
4.11550000000000	118976
4.11885000000000	125152
4.12218333333333	125264
4.12551666666667	91568
4.12885000000000	137344
4.13218333333333	116512
4.13553333333333	111216
4.13886666666667	123728
4.14220000000000	111808
4.14553333333333	107376
4.14886666666667	102928
4.15221666666667	108912
4.15555000000000	107840
4.15888333333333	106784
4.16221666666667	107792
4.16555000000000	112144
4.16890000000000	116512
4.17223333333333	124944
4.17556666666667	128944
4.17890000000000	130208
4.18223333333333	108560
4.18558333333333	118912
4.18891666666667	120064
4.19225000000000	121216
4.19558333333333	134464
4.19891666666667	131840
4.20225000000000	108704
4.20558333333333	107840
4.20891666666667	85392
4.21225000000000	83648
4.21558333333333	115184
4.21891666666667	131712
4.22226666666667	123456
4.22560000000000	120976
4.22893333333333	121632
4.23226666666667	120352
4.23560000000000	123632
4.23895000000000	110912
4.24228333333333	115008
4.24561666666667	101600
4.24895000000000	103008
4.25228333333333	104416
4.25563333333333	96304
4.25896666666667	88192
4.26230000000000	108000
4.26563333333333	101616
4.26896666666667	95248
4.27231666666667	92976
4.27565000000000	130176
4.27898333333333	129696
4.28231666666667	116912
4.28565000000000	116576
4.28900000000000	118496
4.29233333333333	85056
4.29566666666667	127200
4.29900000000000	103744
4.30233333333333	119424
4.30568333333333	98928
4.30901666666667	127888
4.31235000000000	128272
4.31568333333333	97424
4.31901666666667	131840
4.32236666666667	124176
4.32570000000000	124640
4.32903333333333	119424
4.33236666666667	114000
4.33570000000000	114880
4.33905000000000	112176
4.34238333333333	116672
4.34571666666667	102912
4.34905000000000	122048
4.35238333333333	73456
4.35570000000000	89648
4.35905000000000	121568
4.36238333333333	106848
4.36571666666667	115376
4.36905000000000	113360
4.37238333333333	138752
4.37573333333333	133120
4.37906666666667	119632
4.38240000000000	120048
4.38573333333333	131648
4.38906666666667	130528
4.39241666666667	98880
4.39575000000000	80464
4.39908333333333	125616
4.40241666666667	91008
4.40575000000000	99776
4.40910000000000	123232
4.41243333333333	95088
4.41576666666667	99536
4.41910000000000	95648
4.42243333333333	114688
4.42578333333333	124592
4.42911666666667	121856
4.43245000000000	98032
4.43578333333333	115488
4.43911666666667	126272
4.44246666666667	116352
4.44580000000000	116912
4.44913333333333	129632
4.45246666666667	112528
4.45580000000000	131392
4.45915000000000	103856
4.46248333333333	117216
4.46581666666667	130880
4.46915000000000	97968
4.47248333333333	108048
4.47583333333333	127120
4.47916666666667	116976
4.48250000000000	128960
4.48583333333333	106000
4.48916666666667	116720
4.49248333333333	102960
4.49583333333333	98960
