1.50080000000000	0
1.50163333333333	0
1.50246666666667	0
1.50330000000000	0
1.50413333333333	0
1.50496666666667	0
1.50580000000000	0
1.50663333333333	0
1.50746666666667	0
1.50830000000000	0
1.50913333333333	0
1.50996666666667	0
1.51080000000000	0
1.51163333333333	0
1.51246666666667	0
1.51330000000000	0
1.51413333333333	0
1.51496666666667	274
1.51580000000000	137
1.51663333333333	0
1.51746666666667	0
1.51831666666667	0
1.51915000000000	0
1.51998333333333	0
1.52081666666667	0
1.52165000000000	0
1.52248333333333	0
1.52331666666667	0
1.52415000000000	12
1.52498333333333	6
1.52581666666667	0
1.52665000000000	0
1.52748333333333	0
1.52831666666667	0
1.52915000000000	0
1.52998333333333	0
1.53081666666667	0
1.53165000000000	0
1.53248333333333	0
1.53331666666667	0
1.53415000000000	0
1.53500000000000	0
1.53583333333333	0
1.53666666666667	0
1.53750000000000	0
1.53833333333333	0
1.53916666666667	0
1.54000000000000	0
1.54083333333333	0
1.54166666666667	0
1.54250000000000	0
1.54333333333333	116
1.54416666666667	58
1.54500000000000	0
1.54583333333333	0
1.54666666666667	0
1.54750000000000	0
1.54833333333333	0
1.54916666666667	0
1.55000000000000	0
1.55083333333333	0
1.55166666666667	0
1.55251666666667	0
1.55335000000000	0
1.55418333333333	0
1.55501666666667	0
1.55585000000000	0
1.55668333333333	0
1.55751666666667	15
1.55835000000000	14
1.55918333333333	12
1.56001666666667	0
1.56085000000000	6
1.56168333333333	12
1.56251666666667	0
1.56335000000000	0
1.56418333333333	0
1.56501666666667	0
1.56585000000000	0
1.56668333333333	0
1.56751666666667	0
1.56835000000000	208
1.56920000000000	104
1.57003333333333	0
1.57086666666667	0
1.57170000000000	0
1.57253333333333	0
1.57336666666667	0
1.57420000000000	0
1.57503333333333	0
1.57586666666667	0
1.57670000000000	0
1.57753333333333	0
1.57836666666667	0
1.57920000000000	376
1.58003333333333	188
1.58086666666667	0
1.58170000000000	0
1.58253333333333	0
1.58336666666667	0
1.58418333333333	0
1.58501666666667	0
1.58585000000000	0
1.58670000000000	0
1.58753333333333	0
1.58836666666667	0
1.58920000000000	0
1.59003333333333	0
1.59086666666667	0
1.59170000000000	0
1.59253333333333	0
1.59336666666667	0
1.59420000000000	0
1.59503333333333	0
1.59586666666667	0
1.59670000000000	0
1.59753333333333	0
1.59836666666667	0
1.59920000000000	0
1.60003333333333	0
1.60086666666667	0
1.60170000000000	0
1.60253333333333	0
1.60338333333333	0
1.60421666666667	24
1.60505000000000	226
1.60588333333333	122
1.60671666666667	18
1.60755000000000	0
1.60838333333333	0
1.60921666666667	0
1.61005000000000	0
1.61088333333333	0
1.61171666666667	0
1.61255000000000	0
1.61338333333333	0
1.61421666666667	0
1.61505000000000	0
1.61588333333333	0
1.61671666666667	0
1.61755000000000	0
1.61838333333333	0
1.61921666666667	0
1.62005000000000	0
1.62090000000000	0
1.62173333333333	0
1.62256666666667	0
1.62340000000000	0
1.62423333333333	0
1.62506666666667	0
1.62590000000000	0
1.62673333333333	264
1.62756666666667	292
1.62840000000000	320
1.62923333333333	0
1.63006666666667	0
1.63090000000000	13
1.63173333333333	0
1.63256666666667	0
1.63340000000000	0
1.63423333333333	0
1.63506666666667	0
1.63590000000000	0
1.63673333333333	0
1.63758333333333	0
1.63841666666667	0
1.63925000000000	0
1.64008333333333	0
1.64091666666667	0
1.64175000000000	0
1.64258333333333	0
1.64341666666667	0
1.64425000000000	0
1.64508333333333	0
1.64591666666667	366
1.64675000000000	452
1.64758333333333	0
1.64841666666667	0
1.64925000000000	0
1.65008333333333	0
1.65091666666667	0
1.65175000000000	0
1.65258333333333	0
1.65341666666667	0
1.65425000000000	0
1.65510000000000	0
1.65593333333333	0
1.65676666666667	0
1.65760000000000	0
1.65843333333333	0
1.65926666666667	0
1.66010000000000	0
1.66093333333333	0
1.66176666666667	0
1.66260000000000	0
1.66343333333333	0
1.66426666666667	0
1.66510000000000	0
1.66593333333333	0
1.66675000000000	0
1.66758333333333	0
1.66841666666667	7
1.66925000000000	3
1.67008333333333	0
1.67091666666667	0
1.67176666666667	0
1.67260000000000	0
1.67343333333333	0
1.67426666666667	0
1.67510000000000	171
1.67593333333333	85
1.67676666666667	0
1.67760000000000	0
1.67843333333333	0
1.67926666666667	0
1.68010000000000	0
1.68093333333333	0
1.68176666666667	0
1.68260000000000	0
1.68343333333333	0
1.68426666666667	0
1.68510000000000	0
1.68593333333333	0
1.68676666666667	0
1.68760000000000	0
1.68843333333333	0
1.68928333333333	0
1.69011666666667	0
1.69095000000000	0
1.69178333333333	0
1.69261666666667	0
1.69345000000000	0
1.69428333333333	0
1.69511666666667	0
1.69595000000000	0
1.69678333333333	0
1.69761666666667	6
1.69845000000000	3
1.69928333333333	0
1.70011666666667	0
1.70095000000000	0
1.70178333333333	0
1.70261666666667	0
1.70345000000000	0
1.70428333333333	0
1.70511666666667	0
1.70596666666667	0
1.70680000000000	0
1.70763333333333	0
1.70846666666667	0
1.70930000000000	0
1.71013333333333	0
1.71096666666667	0
1.71180000000000	265
1.71263333333333	133
1.71346666666667	0
1.71430000000000	0
1.71513333333333	0
1.71596666666667	0
1.71680000000000	159
1.71763333333333	319
1.71846666666667	436
1.71930000000000	0
1.72013333333333	0
1.72096666666667	193
1.72180000000000	0
1.72263333333333	0
1.72348333333333	0
1.72431666666667	0
1.72515000000000	0
1.72598333333333	0
1.72681666666667	0
1.72765000000000	0
1.72848333333333	0
1.72931666666667	0
1.73015000000000	0
1.73098333333333	0
1.73181666666667	0
1.73265000000000	0
1.73348333333333	0
1.73431666666667	0
1.73515000000000	13
1.73598333333333	12
1.73681666666667	0
1.73765000000000	0
1.73848333333333	0
1.73931666666667	0
1.74016666666667	0
1.74100000000000	0
1.74183333333333	0
1.74266666666667	0
1.74350000000000	108
1.74433333333333	54
1.74516666666667	0
1.74600000000000	0
1.74683333333333	0
1.74766666666667	0
1.74850000000000	0
1.74933333333333	258
1.75016666666667	213
1.75100000000000	0
1.75183333333333	0
1.75266666666667	0
1.75350000000000	0
1.75433333333333	0
1.75516666666667	0
1.75600000000000	249
1.75683333333333	125
1.75768333333333	0
1.75851666666667	0
1.75935000000000	0
1.76018333333333	6
1.76101666666667	3
1.76185000000000	0
1.76268333333333	0
1.76351666666667	0
1.76435000000000	54
1.76518333333333	109
1.76601666666667	62
1.76685000000000	15
1.76766666666667	8
1.76850000000000	0
1.76933333333333	0
1.77016666666667	0
1.77100000000000	0
1.77183333333333	0
1.77266666666667	0
1.77350000000000	14
1.77435000000000	7
1.77518333333333	0
1.77601666666667	0
1.77685000000000	6
1.77768333333333	3
1.77851666666667	0
1.77935000000000	0
1.78018333333333	0
1.78101666666667	0
1.78185000000000	0
1.78268333333333	0
1.78351666666667	0
1.78435000000000	0
1.78518333333333	0
1.78601666666667	0
1.78685000000000	0
1.78768333333333	0
1.78851666666667	0
1.78935000000000	0
1.79018333333333	0
1.79101666666667	0
1.79186666666667	0
1.79270000000000	0
1.79353333333333	0
1.79436666666667	0
1.79520000000000	0
1.79603333333333	0
1.79686666666667	0
1.79770000000000	0
1.79853333333333	0
1.79936666666667	0
1.80020000000000	0
1.80103333333333	0
1.80186666666667	0
1.80270000000000	0
1.80353333333333	0
1.80436666666667	0
1.80520000000000	0
1.80603333333333	0
1.80686666666667	0
1.80770000000000	0
1.80855000000000	0
1.80938333333333	0
1.81021666666667	0
1.81105000000000	0
1.81188333333333	0
1.81271666666667	0
1.81355000000000	0
1.81438333333333	0
1.81521666666667	0
1.81605000000000	0
1.81688333333333	0
1.81771666666667	0
1.81855000000000	0
1.81938333333333	0
1.82021666666667	0
1.82105000000000	0
1.82188333333333	0
1.82271666666667	0
1.82355000000000	0
1.82438333333333	0
1.82521666666667	0
1.82606666666667	0
1.82690000000000	0
1.82773333333333	0
1.82856666666667	26
1.82940000000000	13
1.83023333333333	0
1.83106666666667	0
1.83190000000000	0
1.83273333333333	0
1.83356666666667	0
1.83440000000000	0
1.83523333333333	0
1.83606666666667	0
1.83690000000000	0
1.83773333333333	0
1.83856666666667	134
1.83940000000000	233
1.84021666666667	116
1.84105000000000	0
1.84188333333333	0
1.84273333333333	12
1.84356666666667	0
1.84440000000000	13
1.84523333333333	0
1.84606666666667	0
1.84690000000000	0
1.84773333333333	0
1.84856666666667	0
1.84940000000000	0
1.85023333333333	401
1.85106666666667	374
1.85190000000000	0
1.85273333333333	0
1.85356666666667	0
1.85440000000000	0
1.85523333333333	0
1.85606666666667	0
1.85690000000000	0
1.85773333333333	0
1.85856666666667	0
1.85940000000000	493
1.86025000000000	434
1.86108333333333	0
1.86191666666667	0
1.86275000000000	0
1.86358333333333	0
1.86441666666667	0
1.86525000000000	0
1.86608333333333	0
1.86691666666667	0
1.86775000000000	0
1.86858333333333	0
1.86941666666667	0
1.87025000000000	0
1.87108333333333	0
1.87191666666667	0
1.87275000000000	0
1.87358333333333	0
1.87441666666667	0
1.87525000000000	0
1.87608333333333	0
1.87693333333333	0
1.87776666666667	40
1.87860000000000	20
1.87943333333333	0
1.88026666666667	0
1.88110000000000	0
1.88193333333333	0
1.88276666666667	0
1.88360000000000	0
1.88443333333333	384
1.88526666666667	192
1.88610000000000	0
1.88693333333333	0
1.88776666666667	0
1.88860000000000	0
1.88943333333333	0
1.89026666666667	0
1.89110000000000	110
1.89193333333333	61
1.89276666666667	12
1.89360000000000	0
1.89445000000000	0
1.89528333333333	0
1.89611666666667	0
1.89695000000000	0
1.89778333333333	0
1.89861666666667	328
1.89945000000000	300
1.90028333333333	0
1.90111666666667	0
1.90195000000000	0
1.90278333333333	0
1.90361666666667	0
1.90445000000000	0
1.90528333333333	0
1.90611666666667	0
1.90695000000000	0
1.90778333333333	0
1.90861666666667	0
1.90945000000000	259
1.91028333333333	129
1.91115000000000	0
1.91198333333333	145
1.91280000000000	0
1.91363333333333	0
1.91446666666667	118
1.91530000000000	130
1.91613333333333	143
1.91696666666667	0
1.91780000000000	0
1.91863333333333	0
1.91946666666667	0
1.92030000000000	0
1.92113333333333	0
1.92196666666667	0
1.92280000000000	0
1.92363333333333	0
1.92446666666667	0
1.92530000000000	0
1.92613333333333	0
1.92696666666667	0
1.92780000000000	0
1.92865000000000	0
1.92948333333333	0
1.93031666666667	0
1.93115000000000	0
1.93198333333333	0
1.93281666666667	0
1.93365000000000	0
1.93448333333333	0
1.93531666666667	0
1.93615000000000	338
1.93698333333333	169
1.93781666666667	0
1.93865000000000	0
1.93948333333333	0
1.94031666666667	0
1.94115000000000	0
1.94198333333333	0
1.94281666666667	0
1.94365000000000	0
1.94448333333333	0
1.94533333333333	0
1.94616666666667	0
1.94700000000000	0
1.94783333333333	0
1.94866666666667	0
1.94950000000000	0
1.95033333333333	0
1.95116666666667	0
1.95200000000000	0
1.95283333333333	0
1.95366666666667	0
1.95450000000000	0
1.95533333333333	0
1.95616666666667	0
1.95700000000000	0
1.95783333333333	0
1.95866666666667	0
1.95950000000000	0
1.96033333333333	0
1.96116666666667	0
1.96200000000000	0
1.96285000000000	0
1.96368333333333	0
1.96451666666667	0
1.96535000000000	0
1.96618333333333	0
1.96701666666667	0
1.96785000000000	0
1.96868333333333	0
1.96951666666667	0
1.97035000000000	0
1.97118333333333	0
1.97201666666667	0
1.97285000000000	0
1.97368333333333	0
1.97451666666667	0
1.97535000000000	0
1.97618333333333	0
1.97701666666667	0
1.97785000000000	0
1.97868333333333	0
1.97953333333333	0
1.98036666666667	0
1.98120000000000	0
1.98203333333333	0
1.98286666666667	0
1.98370000000000	0
1.98453333333333	0
1.98536666666667	0
1.98620000000000	0
1.98703333333333	0
1.98786666666667	80
1.98870000000000	161
1.98953333333333	160
1.99036666666667	80
1.99120000000000	0
1.99203333333333	0
1.99286666666667	0
1.99368333333333	0
1.99451666666667	0
1.99535000000000	14
1.99618333333333	13
1.99703333333333	12
1.99786666666667	6
1.99870000000000	0
1.99953333333333	0
2.00036666666667	10
2.00120000000000	19
2.00203333333333	10
2.00286666666667	0
2.00370000000000	0
2.00453333333333	0
2.00536666666667	0
2.00620000000000	0
2.00703333333333	0
2.00786666666667	0
2.00870000000000	0
2.00953333333333	0
2.01036666666667	0
2.01120000000000	0
2.01203333333333	0
2.01286666666667	0
2.01371666666667	0
2.01455000000000	15
2.01538333333333	7
2.01621666666667	0
2.01705000000000	0
2.01788333333333	0
2.01871666666667	0
2.01955000000000	0
2.02038333333333	0
2.02121666666667	0
2.02205000000000	0
2.02288333333333	0
2.02371666666667	0
2.02455000000000	0
2.02538333333333	0
2.02621666666667	0
2.02705000000000	0
2.02788333333333	0
2.02871666666667	0
2.02955000000000	0
2.03038333333333	0
2.03123333333333	0
2.03206666666667	12
2.03290000000000	6
2.03373333333333	0
2.03456666666667	0
2.03540000000000	0
2.03623333333333	0
2.03706666666667	0
2.03790000000000	0
2.03873333333333	0
2.03956666666667	0
2.04040000000000	0
2.04123333333333	0
2.04206666666667	0
2.04290000000000	0
2.04373333333333	0
2.04456666666667	0
2.04540000000000	0
2.04623333333333	0
2.04706666666667	0
2.04791666666667	0
2.04875000000000	0
2.04958333333333	0
2.05041666666667	0
2.05125000000000	0
2.05208333333333	0
2.05291666666667	0
2.05375000000000	0
2.05458333333333	0
2.05541666666667	0
2.05625000000000	0
2.05708333333333	0
2.05791666666667	0
2.05875000000000	0
2.05958333333333	0
2.06041666666667	0
2.06125000000000	0
2.06206666666667	0
2.06290000000000	0
2.06373333333333	0
2.06456666666667	0
2.06541666666667	0
2.06625000000000	0
2.06708333333333	0
2.06791666666667	0
2.06875000000000	0
2.06958333333333	0
2.07041666666667	0
2.07125000000000	0
2.07208333333333	0
2.07291666666667	0
2.07375000000000	0
2.07458333333333	0
2.07541666666667	0
2.07625000000000	0
2.07708333333333	0
2.07791666666667	356
2.07875000000000	432
2.07958333333333	13
2.08041666666667	0
2.08125000000000	0
2.08210000000000	358
2.08293333333333	179
2.08376666666667	0
2.08460000000000	13
2.08543333333333	94
2.08626666666667	0
2.08710000000000	0
2.08793333333333	0
2.08876666666667	0
2.08960000000000	0
2.09043333333333	0
2.09126666666667	0
2.09210000000000	0
2.09293333333333	0
2.09376666666667	0
2.09460000000000	0
2.09543333333333	0
2.09626666666667	0
2.09710000000000	0
2.09793333333333	0
2.09876666666667	0
2.09961666666667	0
2.10045000000000	0
2.10128333333333	0
2.10211666666667	0
2.10295000000000	0
2.10378333333333	0
2.10461666666667	0
2.10545000000000	0
2.10628333333333	0
2.10711666666667	0
2.10795000000000	0
2.10878333333333	0
2.10961666666667	0
2.11045000000000	0
2.11128333333333	0
2.11211666666667	0
2.11295000000000	0
2.11378333333333	0
2.11461666666667	0
2.11545000000000	0
2.11630000000000	0
2.11713333333333	0
2.11796666666667	0
2.11880000000000	0
2.11963333333333	0
2.12046666666667	0
2.12130000000000	0
2.12213333333333	0
2.12296666666667	0
2.12380000000000	0
2.12463333333333	0
2.12546666666667	180
2.12630000000000	90
2.12713333333333	0
2.12796666666667	0
2.12880000000000	0
2.12963333333333	0
2.13046666666667	0
2.13130000000000	220
2.13213333333333	110
2.13296666666667	0
2.13381666666667	0
2.13465000000000	0
2.13548333333333	0
2.13631666666667	0
2.13715000000000	0
2.13798333333333	0
2.13881666666667	0
2.13965000000000	0
2.14048333333333	0
2.14131666666667	0
2.14215000000000	0
2.14298333333333	0
2.14381666666667	0
2.14465000000000	0
2.14548333333333	0
2.14631666666667	0
2.14713333333333	0
2.14796666666667	0
2.14880000000000	0
2.14963333333333	0
2.15048333333333	0
2.15131666666667	0
2.15215000000000	0
2.15298333333333	0
2.15381666666667	0
2.15465000000000	0
2.15548333333333	0
2.15631666666667	0
2.15715000000000	0
2.15798333333333	285
2.15881666666667	333
2.15965000000000	0
2.16048333333333	201
2.16131666666667	0
2.16215000000000	0
2.16298333333333	0
2.16381666666667	191
2.16465000000000	96
2.16548333333333	0
2.16631666666667	0
2.16715000000000	0
2.16800000000000	0
2.16883333333333	0
2.16966666666667	0
2.17050000000000	0
2.17133333333333	0
2.17216666666667	0
2.17300000000000	0
2.17383333333333	0
2.17466666666667	0
2.17550000000000	0
2.17633333333333	0
2.17716666666667	0
2.17800000000000	0
2.17883333333333	0
2.17966666666667	0
2.18050000000000	0
2.18133333333333	0
2.18216666666667	0
2.18300000000000	14
2.18383333333333	7
2.18468333333333	0
2.18551666666667	0
2.18635000000000	0
2.18718333333333	0
2.18801666666667	0
2.18885000000000	0
2.18968333333333	0
2.19051666666667	0
2.19135000000000	0
2.19218333333333	0
2.19301666666667	0
2.19385000000000	0
2.19468333333333	0
2.19551666666667	0
2.19635000000000	0
2.19718333333333	0
2.19801666666667	0
2.19885000000000	0
2.19968333333333	0
2.20051666666667	0
2.20135000000000	0
2.20220000000000	0
2.20303333333333	0
2.20386666666667	0
2.20470000000000	0
2.20553333333333	0
2.20636666666667	0
2.20720000000000	0
2.20803333333333	0
2.20886666666667	0
2.20970000000000	0
2.21053333333333	6
2.21136666666667	3
2.21220000000000	0
2.21303333333333	0
2.21386666666667	0
2.21470000000000	0
2.21553333333333	0
2.21636666666667	0
2.21720000000000	0
2.21803333333333	0
2.21888333333333	0
2.21971666666667	0
2.22055000000000	0
2.22138333333333	0
2.22221666666667	0
2.22305000000000	0
2.22388333333333	0
2.22471666666667	0
2.22555000000000	0
2.22638333333333	0
2.22721666666667	0
2.22805000000000	0
2.22888333333333	0
2.22971666666667	0
2.23055000000000	0
2.23138333333333	0
2.23221666666667	0
2.23305000000000	0
2.23388333333333	0
2.23471666666667	0
2.23555000000000	0
2.23640000000000	0
2.23723333333333	0
2.23806666666667	0
2.23890000000000	0
2.23973333333333	0
2.24056666666667	0
2.24140000000000	0
2.24223333333333	0
2.24306666666667	168
2.24390000000000	84
2.24473333333333	0
2.24556666666667	0
2.24640000000000	0
2.24723333333333	0
2.24806666666667	0
2.24890000000000	0
2.24973333333333	460
2.25056666666667	470
2.25140000000000	0
2.25223333333333	0
2.25308333333333	439
2.25391666666667	0
2.25475000000000	184
2.25558333333333	0
2.25641666666667	13
2.25725000000000	12
2.25808333333333	6
2.25891666666667	0
2.25975000000000	0
2.26058333333333	0
2.26141666666667	0
2.26225000000000	0
2.26308333333333	0
2.26391666666667	0
2.26475000000000	0
2.26558333333333	0
2.26641666666667	0
2.26725000000000	0
2.26806666666667	0
2.26890000000000	0
2.26973333333333	0
2.27058333333333	0
2.27141666666667	0
2.27225000000000	0
2.27308333333333	355
2.27391666666667	411
2.27475000000000	0
2.27558333333333	0
2.27641666666667	0
2.27725000000000	0
2.27808333333333	0
2.27891666666667	0
2.27975000000000	317
2.28058333333333	159
2.28141666666667	0
2.28225000000000	287
2.28308333333333	143
2.28391666666667	0
2.28475000000000	0
2.28558333333333	0
2.28641666666667	60
2.28726666666667	236
2.28810000000000	411
2.28893333333333	655
2.28976666666667	1274
2.29060000000000	987
2.29143333333333	1033
2.29226666666667	1101
2.29310000000000	0
2.29393333333333	0
2.29476666666667	0
2.29560000000000	0
2.29643333333333	383
2.29726666666667	446
2.29810000000000	0
2.29893333333333	599
2.29976666666667	0
2.30060000000000	422
2.30143333333333	359
2.30226666666667	179
2.30310000000000	0
2.30393333333333	126
2.30478333333333	351
2.30561666666667	441
2.30645000000000	532
2.30728333333333	377
2.30811666666667	987
2.30895000000000	907
2.30978333333333	526
2.31061666666667	272
2.31145000000000	13
2.31228333333333	411
2.31311666666667	12
2.31395000000000	984
2.31478333333333	1505
2.31561666666667	1183
2.31645000000000	0
2.31728333333333	238
2.31811666666667	856
2.31895000000000	449
2.31978333333333	668
2.32061666666667	885
2.32146666666667	1031
2.32230000000000	1113
2.32313333333333	652
2.32396666666667	192
2.32480000000000	1205
2.32563333333333	1262
2.32646666666667	1369
2.32730000000000	248
2.32813333333333	648
2.32896666666667	12
2.32980000000000	544
2.33063333333333	436
2.33146666666667	242
2.33230000000000	300
2.33313333333333	357
2.33396666666667	1156
2.33480000000000	802
2.33563333333333	449
2.33646666666667	0
2.33730000000000	0
2.33813333333333	368
2.33898333333333	736
2.33981666666667	1019
2.34065000000000	843
2.34148333333333	1006
2.34231666666667	693
2.34315000000000	380
2.34398333333333	946
2.34481666666667	1512
2.34565000000000	1379
2.34648333333333	853
2.34731666666667	328
2.34815000000000	1289
2.34898333333333	644
2.34981666666667	799
2.35065000000000	467
2.35148333333333	455
2.35231666666667	547
2.35313333333333	622
2.35396666666667	696
2.35480000000000	1163
2.35565000000000	1459
2.35648333333333	1754
2.35731666666667	672
2.35815000000000	875
2.35898333333333	1953
2.35981666666667	761
2.36065000000000	842
2.36148333333333	1701
2.36231666666667	1834
2.36315000000000	1002
2.36398333333333	1593
2.36481666666667	2185
2.36565000000000	1378
2.36648333333333	1308
2.36731666666667	956
2.36815000000000	755
2.36898333333333	554
2.36981666666667	1912
2.37065000000000	1576
2.37148333333333	1241
2.37231666666667	1265
2.37316666666667	1353
2.37400000000000	884
2.37483333333333	2200
2.37566666666667	2106
2.37650000000000	323
2.37733333333333	770
2.37816666666667	2163
2.37900000000000	1151
2.37983333333333	1585
2.38066666666667	2019
2.38150000000000	1579
2.38233333333333	1139
2.38316666666667	1647
2.38400000000000	2154
2.38483333333333	2478
2.38566666666667	2082
2.38650000000000	1559
2.38733333333333	1227
2.38816666666667	2055
2.38900000000000	1073
2.38985000000000	526
2.39068333333333	214
2.39151666666667	596
2.39235000000000	978
2.39318333333333	1148
2.39401666666667	1349
2.39485000000000	1153
2.39568333333333	1890
2.39651666666667	1907
2.39735000000000	1924
2.39818333333333	1654
2.39901666666667	1384
2.39985000000000	1546
2.40068333333333	1603
2.40151666666667	1661
2.40235000000000	1471
2.40318333333333	1281
2.40401666666667	989
2.40485000000000	696
2.40568333333333	2007
2.40651666666667	2054
2.40736666666667	2201
2.40820000000000	2046
2.40903333333333	1890
2.40986666666667	2276
2.41070000000000	550
2.41153333333333	1756
2.41236666666667	2575
2.41320000000000	2160
2.41403333333333	3794
2.41486666666667	3121
2.41570000000000	2449
2.41653333333333	2431
2.41736666666667	2789
2.41820000000000	3146
2.41903333333333	1247
2.41986666666667	2598
2.42070000000000	2714
2.42153333333333	3862
2.42236666666667	3229
2.42320000000000	2596
2.42405000000000	2333
2.42488333333333	2702
2.42571666666667	3071
2.42655000000000	3815
2.42738333333333	4543
2.42821666666667	742
2.42905000000000	2550
2.42988333333333	1696
2.43071666666667	2394
2.43155000000000	2977
2.43238333333333	2848
2.43321666666667	2720
2.43405000000000	2342
2.43486666666667	1965
2.43570000000000	2484
2.43653333333333	2719
2.43736666666667	3340
2.43820000000000	2814
2.43903333333333	2288
2.43986666666667	2774
2.44070000000000	2072
2.44155000000000	1972
2.44238333333333	3136
2.44321666666667	2496
2.44405000000000	2747
2.44488333333333	2998
2.44571666666667	3215
2.44655000000000	3432
2.44738333333333	2523
2.44821666666667	2500
2.44905000000000	2477
2.44988333333333	536
2.45071666666667	3145
2.45155000000000	2896
2.45238333333333	2647
2.45321666666667	2078
2.45405000000000	2584
2.45488333333333	2449
2.45571666666667	2151
2.45655000000000	2285
2.45738333333333	2601
2.45823333333333	995
2.45906666666667	1748
2.45990000000000	2501
2.46073333333333	3028
2.46156666666667	3116
2.46240000000000	3204
2.46323333333333	2678
2.46406666666667	4149
2.46490000000000	3819
2.46573333333333	3499
2.46656666666667	2533
2.46740000000000	1472
2.46823333333333	2682
2.46906666666667	2734
2.46990000000000	2785
2.47073333333333	1684
2.47156666666667	4195
2.47240000000000	3418
2.47323333333333	2642
2.47406666666667	4568
2.47490000000000	3554
2.47575000000000	2539
2.47658333333333	2870
2.47741666666667	2471
2.47825000000000	2888
2.47908333333333	2180
2.47991666666667	1471
2.48075000000000	1830
2.48158333333333	4054
2.48241666666667	4569
2.48325000000000	2158
2.48408333333333	1874
2.48491666666667	3247
2.48575000000000	3118
2.48658333333333	4292
2.48741666666667	3326
2.48825000000000	2360
2.48908333333333	2466
2.48991666666667	2261
2.49075000000000	1967
2.49158333333333	2331
2.49243333333333	2696
2.49326666666667	3023
2.49410000000000	3350
2.49493333333333	1475
2.49576666666667	3229
2.49660000000000	3083
2.49743333333333	1606
2.49826666666667	3273
2.49910000000000	4941
2.49993333333333	4283
2.50076666666667	5371
2.50160000000000	5296
2.50243333333333	4017
2.50326666666667	2634
2.50410000000000	5359
2.50493333333333	4466
2.50576666666667	3677
2.50660000000000	4506
2.50743333333333	2128
2.50826666666667	3607
2.50910000000000	4138
2.50995000000000	2576
2.51078333333333	1014
2.51161666666667	2086
2.51245000000000	2475
2.51328333333333	1923
2.51411666666667	3905
2.51495000000000	3775
2.51578333333333	3671
2.51661666666667	3566
2.51745000000000	4056
2.51828333333333	2270
2.51911666666667	4147
2.51995000000000	4564
2.52078333333333	1595
2.52161666666667	2624
2.52245000000000	3654
2.52328333333333	1240
2.52411666666667	4657
2.52495000000000	5679
2.52578333333333	3197
2.52663333333333	3029
2.52746666666667	3451
2.52830000000000	3019
2.52913333333333	4072
2.52996666666667	5125
2.53080000000000	6122
2.53163333333333	4503
2.53246666666667	2382
2.53330000000000	4192
2.53413333333333	5174
2.53496666666667	5678
2.53580000000000	5261
2.53663333333333	2931
2.53746666666667	4958
2.53830000000000	4550
2.53913333333333	5402
2.53996666666667	4040
2.54080000000000	4614
2.54163333333333	5049
2.54246666666667	4767
2.54330000000000	7148
2.54415000000000	7369
2.54498333333333	2156
2.54581666666667	4385
2.54665000000000	4334
2.54748333333333	4277
2.54831666666667	4913
2.54915000000000	3636
2.54998333333333	3611
2.55081666666667	4666
2.55165000000000	5580
2.55248333333333	5493
2.55331666666667	3021
2.55415000000000	3037
2.55498333333333	3053
2.55581666666667	2880
2.55665000000000	5200
2.55748333333333	5042
2.55831666666667	2992
2.55915000000000	5695
2.55998333333333	7203
2.56083333333333	2430
2.56166666666667	6844
2.56250000000000	2947
2.56333333333333	4236
2.56416666666667	4549
2.56500000000000	6108
2.56583333333333	5643
2.56666666666667	4274
2.56750000000000	4056
2.56833333333333	5517
2.56916666666667	5928
2.57000000000000	4002
2.57083333333333	6619
2.57166666666667	5700
2.57250000000000	5260
2.57333333333333	2114
2.57416666666667	3873
2.57500000000000	6313
2.57583333333333	5773
2.57666666666667	4647
2.57750000000000	3266
2.57835000000000	4255
2.57918333333333	4362
2.58001666666667	2938
2.58085000000000	4745
2.58168333333333	4087
2.58251666666667	5265
2.58335000000000	2762
2.58418333333333	3476
2.58501666666667	3953
2.58585000000000	4187
2.58668333333333	2705
2.58751666666667	4597
2.58835000000000	6348
2.58918333333333	5050
2.59001666666667	6896
2.59085000000000	6906
2.59168333333333	3126
2.59251666666667	4448
2.59335000000000	2403
2.59418333333333	7327
2.59503333333333	5956
2.59586666666667	2661
2.59670000000000	7422
2.59753333333333	4509
2.59836666666667	4820
2.59920000000000	4645
2.60003333333333	4395
2.60086666666667	4145
2.60170000000000	3977
2.60253333333333	3808
2.60336666666667	4594
2.60420000000000	4640
2.60503333333333	4686
2.60585000000000	5491
2.60668333333333	6046
2.60751666666667	2229
2.60835000000000	2100
2.60918333333333	5619
2.61001666666667	4260
2.61085000000000	6948
2.61168333333333	6011
2.61253333333333	6453
2.61336666666667	4562
2.61420000000000	2903
2.61503333333333	4305
2.61586666666667	2997
2.61670000000000	6041
2.61753333333333	6361
2.61836666666667	5344
2.61920000000000	6514
2.62003333333333	6610
2.62086666666667	6705
2.62170000000000	4989
2.62253333333333	5165
2.62336666666667	4484
2.62420000000000	4911
2.62503333333333	5245
2.62586666666667	5858
2.62670000000000	6471
2.62753333333333	6424
2.62836666666667	7390
2.62921666666667	4092
2.63005000000000	4323
2.63088333333333	4656
2.63171666666667	4479
2.63255000000000	4303
2.63338333333333	4702
2.63421666666667	2527
2.63505000000000	7265
2.63588333333333	6947
2.63671666666667	5533
2.63755000000000	4720
2.63838333333333	5255
2.63921666666667	5791
2.64005000000000	3706
2.64088333333333	4920
2.64171666666667	5871
2.64255000000000	5989
2.64338333333333	5347
2.64421666666667	4706
2.64505000000000	4544
2.64588333333333	3155
2.64673333333333	4999
2.64756666666667	3658
2.64840000000000	8180
2.64923333333333	7054
2.65006666666667	6796
2.65090000000000	3531
2.65173333333333	6022
2.65256666666667	6240
2.65340000000000	5458
2.65423333333333	6150
2.65506666666667	3651
2.65590000000000	4239
2.65673333333333	4827
2.65756666666667	3912
2.65840000000000	2997
2.65923333333333	4229
2.66006666666667	4175
2.66090000000000	4121
2.66173333333333	3944
2.66256666666667	3229
2.66341666666667	2514
2.66425000000000	4511
2.66508333333333	4017
2.66591666666667	4841
2.66675000000000	4527
2.66758333333333	4214
2.66841666666667	3484
2.66925000000000	3194
2.67008333333333	4259
2.67091666666667	5538
2.67175000000000	5256
2.67258333333333	4974
2.67341666666667	2983
2.67425000000000	3634
2.67508333333333	4285
2.67591666666667	3155
2.67675000000000	2025
2.67758333333333	2911
2.67841666666667	6992
2.67925000000000	7030
2.68008333333333	4803
2.68093333333333	4387
2.68176666666667	6346
2.68260000000000	6838
2.68343333333333	6834
2.68426666666667	5015
2.68510000000000	3193
2.68593333333333	6286
2.68676666666667	7225
2.68760000000000	6215
2.68843333333333	5777
2.68926666666667	5452
2.69010000000000	6307
2.69093333333333	2847
2.69176666666667	5368
2.69260000000000	6777
2.69343333333333	4504
2.69426666666667	6777
2.69510000000000	6520
2.69593333333333	6140
2.69676666666667	6934
2.69761666666667	5509
2.69845000000000	4590
2.69928333333333	2529
2.70011666666667	2932
2.70095000000000	6333
2.70178333333333	5180
2.70261666666667	3930
2.70345000000000	5149
2.70428333333333	6059
2.70511666666667	6020
2.70595000000000	6736
2.70678333333333	6486
2.70761666666667	5650
2.70845000000000	4456
2.70928333333333	5885
2.71010000000000	4814
2.71093333333333	4957
2.71176666666667	5100
2.71260000000000	4241
2.71343333333333	4033
2.71426666666667	4295
2.71511666666667	4557
2.71595000000000	2485
2.71678333333333	3832
2.71761666666667	5353
2.71845000000000	4507
2.71928333333333	5475
2.72011666666667	5077
2.72095000000000	4679
2.72178333333333	5767
2.72261666666667	5251
2.72345000000000	4736
2.72428333333333	5530
2.72511666666667	2928
2.72595000000000	6029
2.72678333333333	7582
2.72761666666667	4820
2.72845000000000	6130
2.72928333333333	3787
2.73011666666667	4826
2.73095000000000	5864
2.73180000000000	5563
2.73263333333333	6255
2.73346666666667	5460
2.73430000000000	4666
2.73513333333333	4530
2.73596666666667	2371
2.73680000000000	3525
2.73763333333333	4679
2.73846666666667	4178
2.73930000000000	3676
2.74013333333333	3225
2.74096666666667	5042
2.74180000000000	4686
2.74263333333333	4330
2.74346666666667	4002
2.74430000000000	4023
2.74513333333333	4043
2.74596666666667	3885
2.74680000000000	4000
2.74763333333333	7992
2.74846666666667	7551
2.74931666666667	6106
2.75015000000000	8143
2.75098333333333	3903
2.75181666666667	6639
2.75265000000000	8460
2.75348333333333	5448
2.75431666666667	6952
2.75515000000000	4306
2.75598333333333	5462
2.75681666666667	5364
2.75765000000000	5229
2.75848333333333	5135
2.75931666666667	5042
2.76015000000000	3873
2.76098333333333	2705
2.76181666666667	7413
2.76265000000000	7439
2.76348333333333	6370
2.76431666666667	8022
2.76515000000000	4480
2.76600000000000	8840
2.76683333333333	5721
2.76766666666667	3761
2.76850000000000	4570
2.76933333333333	7838
2.77016666666667	7159
2.77100000000000	6844
2.77183333333333	5161
2.77266666666667	7206
2.77350000000000	3384
2.77433333333333	6707
2.77516666666667	3479
2.77600000000000	6678
2.77683333333333	6903
2.77766666666667	6983
2.77850000000000	5291
2.77933333333333	5373
2.78016666666667	5097
2.78100000000000	6794
2.78183333333333	3439
2.78266666666667	4063
2.78351666666667	4686
2.78435000000000	5667
2.78518333333333	6055
2.78601666666667	6443
2.78685000000000	5494
2.78768333333333	4545
2.78851666666667	4699
2.78935000000000	7149
2.79018333333333	8440
2.79101666666667	6976
2.79185000000000	5058
2.79268333333333	4465
2.79351666666667	7396
2.79435000000000	3293
2.79518333333333	7867
2.79601666666667	4118
2.79685000000000	6357
2.79768333333333	4553
2.79851666666667	7758
2.79935000000000	6497
2.80020000000000	5395
2.80103333333333	3908
2.80186666666667	7176
2.80270000000000	6824
2.80353333333333	5734
2.80436666666667	4084
2.80520000000000	4364
2.80603333333333	6490
2.80686666666667	5216
2.80770000000000	7094
2.80853333333333	7446
2.80936666666667	5653
2.81020000000000	8472
2.81103333333333	9672
2.81186666666667	5302
2.81270000000000	7618
2.81353333333333	10452
2.81436666666667	5668
2.81520000000000	6293
2.81603333333333	4837
2.81686666666667	5245
2.81771666666667	5652
2.81855000000000	7209
2.81938333333333	6986
2.82021666666667	6485
2.82105000000000	5095
2.82188333333333	7074
2.82271666666667	2291
2.82355000000000	5163
2.82438333333333	5652
2.82521666666667	6505
2.82605000000000	5767
2.82688333333333	5213
2.82771666666667	5563
2.82855000000000	6150
2.82938333333333	6026
2.83021666666667	3385
2.83105000000000	5638
2.83188333333333	7145
2.83271666666667	6827
2.83355000000000	4709
2.83440000000000	5357
2.83523333333333	7464
2.83606666666667	7649
2.83690000000000	4160
2.83773333333333	4429
2.83856666666667	5312
2.83940000000000	6070
2.84023333333333	6119
2.84106666666667	2739
2.84190000000000	4719
2.84273333333333	5287
2.84356666666667	7747
2.84440000000000	6584
2.84523333333333	5421
2.84606666666667	7857
2.84690000000000	5535
2.84773333333333	6687
2.84856666666667	6113
2.84940000000000	5862
2.85023333333333	5125
2.85105000000000	3498
2.85190000000000	6159
2.85273333333333	6665
2.85356666666667	6061
2.85440000000000	5458
2.85523333333333	6079
2.85606666666667	6701
2.85690000000000	7510
2.85773333333333	4044
2.85856666666667	7463
2.85940000000000	5614
2.86023333333333	4505
2.86106666666667	5609
2.86190000000000	7166
2.86273333333333	8108
2.86356666666667	8178
2.86440000000000	8468
2.86523333333333	4921
2.86606666666667	5849
2.86690000000000	7299
2.86773333333333	5479
2.86858333333333	5606
2.86941666666667	5666
2.87025000000000	6562
2.87108333333333	7459
2.87191666666667	7799
2.87275000000000	6237
2.87358333333333	7817
2.87441666666667	6215
2.87525000000000	7776
2.87608333333333	6168
2.87691666666667	4234
2.87775000000000	4827
2.87858333333333	6698
2.87941666666667	4508
2.88025000000000	4477
2.88108333333333	4447
2.88191666666667	8240
2.88275000000000	7442
2.88358333333333	6144
2.88441666666667	4273
2.88525000000000	5561
2.88610000000000	4579
2.88693333333333	5109
2.88776666666667	4985
2.88860000000000	6161
2.88943333333333	2610
2.89026666666667	7308
2.89110000000000	3608
2.89193333333333	5479
2.89276666666667	3616
2.89360000000000	4623
2.89443333333333	4267
2.89526666666667	4698
2.89610000000000	5129
2.89693333333333	4453
2.89776666666667	3777
2.89860000000000	9424
2.89943333333333	8236
2.90026666666667	7313
2.90110000000000	6410
2.90193333333333	3826
2.90278333333333	4535
2.90361666666667	5275
2.90445000000000	5488
2.90528333333333	4956
2.90611666666667	4423
2.90695000000000	4772
2.90778333333333	3497
2.90861666666667	3837
2.90945000000000	4177
2.91028333333333	4523
2.91111666666667	4868
2.91195000000000	7727
2.91278333333333	7844
2.91361666666667	6875
2.91445000000000	4645
2.91528333333333	4216
2.91611666666667	6018
2.91695000000000	6479
2.91778333333333	6605
2.91861666666667	5071
2.91945000000000	7955
2.92030000000000	7611
2.92113333333333	6038
2.92196666666667	4727
2.92280000000000	7928
2.92363333333333	6733
2.92446666666667	4527
2.92530000000000	7286
2.92613333333333	2641
2.92696666666667	8240
2.92780000000000	4722
2.92863333333333	5914
2.92946666666667	7041
2.93030000000000	6620
2.93113333333333	6199
2.93196666666667	4543
2.93280000000000	5873
2.93363333333333	5390
2.93446666666667	4088
2.93530000000000	5704
2.93613333333333	5016
2.93698333333333	6194
2.93781666666667	6634
2.93865000000000	7274
2.93948333333333	5497
2.94031666666667	5318
2.94115000000000	4162
2.94198333333333	5413
2.94281666666667	5155
2.94365000000000	4898
2.94448333333333	4959
2.94531666666667	5019
2.94615000000000	5427
2.94698333333333	5835
2.94781666666667	8412
2.94865000000000	6670
2.94948333333333	4930
2.95031666666667	7536
2.95115000000000	4370
2.95198333333333	3654
2.95280000000000	2939
2.95363333333333	3716
2.95448333333333	4494
2.95531666666667	5393
2.95615000000000	5201
2.95698333333333	5820
2.95781666666667	5105
2.95865000000000	5416
2.95948333333333	5728
2.96031666666667	5807
2.96115000000000	4729
2.96198333333333	5041
2.96281666666667	5353
2.96365000000000	6068
2.96448333333333	5996
2.96531666666667	5849
2.96615000000000	5975
2.96698333333333	6100
2.96781666666667	4835
2.96865000000000	7000
2.96948333333333	8022
2.97031666666667	7390
2.97116666666667	6204
2.97200000000000	7934
2.97283333333333	6839
2.97366666666667	4163
2.97450000000000	2871
2.97533333333333	3864
2.97616666666667	7466
2.97700000000000	7819
2.97783333333333	6951
2.97866666666667	7467
2.97950000000000	5135
2.98033333333333	6011
2.98116666666667	5012
2.98200000000000	4651
2.98283333333333	4291
2.98366666666667	6083
2.98450000000000	6984
2.98533333333333	7885
2.98616666666667	7225
2.98700000000000	3879
2.98783333333333	5639
2.98868333333333	7041
2.98951666666667	4690
2.99035000000000	5012
2.99118333333333	4130
2.99201666666667	4936
2.99285000000000	5741
2.99368333333333	5708
2.99451666666667	5676
2.99535000000000	5343
2.99618333333333	5010
2.99701666666667	6781
2.99785000000000	5951
2.99868333333333	5121
2.99951666666667	6827
3.00035000000000	7168
3.00118333333333	7510
3.00201666666667	6222
3.00285000000000	2993
3.00368333333333	9216
3.00451666666667	4270
3.00536666666667	3716
3.00620000000000	6195
3.00703333333333	2264
3.00786666666667	6224
3.00870000000000	4075
3.00953333333333	4778
3.01036666666667	5008
3.01120000000000	5962
3.01203333333333	5032
3.01286666666667	4103
3.01370000000000	5182
3.01453333333333	4191
3.01536666666667	8564
3.01620000000000	8668
3.01703333333333	3467
3.01786666666667	7334
3.01870000000000	10040
3.01953333333333	4939
3.02036666666667	7306
3.02120000000000	7362
3.02203333333333	6102
3.02288333333333	5494
3.02371666666667	5621
3.02455000000000	5662
3.02538333333333	5367
3.02621666666667	3178
3.02705000000000	3299
3.02788333333333	4440
3.02871666666667	5582
3.02955000000000	10084
3.03038333333333	9568
3.03121666666667	7790
3.03205000000000	1180
3.03288333333333	8324
3.03371666666667	8456
3.03455000000000	6708
3.03538333333333	7081
3.03621666666667	5444
3.03705000000000	5937
3.03788333333333	6916
3.03871666666667	4624
3.03956666666667	5959
3.04040000000000	7701
3.04123333333333	7527
3.04206666666667	6241
3.04290000000000	8256
3.04373333333333	7169
3.04456666666667	6080
3.04540000000000	6669
3.04623333333333	7142
3.04706666666667	7060
3.04790000000000	7387
3.04873333333333	6079
3.04956666666667	5229
3.05040000000000	7550
3.05121666666667	7551
3.05205000000000	5464
3.05288333333333	6763
3.05371666666667	7636
3.05455000000000	7365
3.05538333333333	6975
3.05621666666667	4195
3.05706666666667	6991
3.05790000000000	6682
3.05873333333333	6256
3.05956666666667	4969
3.06040000000000	6129
3.06123333333333	7289
3.06206666666667	6753
3.06290000000000	6216
3.06373333333333	5948
3.06456666666667	4023
3.06540000000000	2991
3.06623333333333	8183
3.06706666666667	7944
3.06790000000000	6848
3.06873333333333	7942
3.06956666666667	6923
3.07040000000000	5806
3.07123333333333	4690
3.07206666666667	5005
3.07290000000000	5319
3.07375000000000	9800
3.07458333333333	8776
3.07541666666667	7362
3.07625000000000	7712
3.07708333333333	5043
3.07791666666667	9100
3.07875000000000	4272
3.07958333333333	5174
3.08041666666667	5876
3.08125000000000	5539
3.08208333333333	6073
3.08291666666667	6608
3.08375000000000	7720
3.08458333333333	7343
3.08541666666667	4969
3.08625000000000	8292
3.08708333333333	7885
3.08791666666667	5143
3.08875000000000	4092
3.08958333333333	7094
3.09041666666667	4586
3.09126666666667	3904
3.09210000000000	5427
3.09293333333333	4489
3.09376666666667	3148
3.09460000000000	3586
3.09543333333333	6256
3.09626666666667	6238
3.09710000000000	4033
3.09793333333333	6018
3.09876666666667	6939
3.09960000000000	6881
3.10043333333333	6206
3.10126666666667	4718
3.10210000000000	7433
3.10293333333333	6064
3.10376666666667	5915
3.10460000000000	6574
3.10543333333333	5977
3.10626666666667	5482
3.10710000000000	5304
3.10795000000000	5126
3.10878333333333	5155
3.10961666666667	5184
3.11045000000000	6017
3.11128333333333	6038
3.11211666666667	6550
3.11295000000000	5974
3.11378333333333	5607
3.11461666666667	5083
3.11545000000000	5323
3.11628333333333	5562
3.11711666666667	5380
3.11795000000000	4740
3.11878333333333	7086
3.11961666666667	7664
3.12045000000000	5918
3.12128333333333	9672
3.12211666666667	3333
3.12295000000000	4993
3.12378333333333	8196
3.12461666666667	7434
3.12546666666667	7439
3.12630000000000	5048
3.12713333333333	4092
3.12796666666667	6693
3.12880000000000	7674
3.12963333333333	3973
3.13046666666667	6045
3.13130000000000	6827
3.13213333333333	7609
3.13296666666667	8320
3.13380000000000	8624
3.13463333333333	9428
3.13546666666667	5982
3.13630000000000	10732
3.13713333333333	4676
3.13796666666667	6219
3.13880000000000	6441
3.13963333333333	4597
3.14046666666667	6997
3.14130000000000	5170
3.14215000000000	8752
3.14298333333333	10688
3.14381666666667	3634
3.14465000000000	2723
3.14548333333333	6274
3.14631666666667	7115
3.14715000000000	6271
3.14798333333333	5421
3.14881666666667	4570
3.14965000000000	2760
3.15048333333333	3097
3.15131666666667	4980
3.15215000000000	4815
3.15298333333333	5971
3.15381666666667	2740
3.15465000000000	5234
3.15548333333333	3265
3.15631666666667	6583
3.15715000000000	5565
3.15798333333333	6887
3.15881666666667	6883
3.15966666666667	6523
3.16050000000000	6162
3.16133333333333	7876
3.16216666666667	4545
3.16300000000000	3723
3.16383333333333	6627
3.16466666666667	8372
3.16550000000000	6582
3.16633333333333	7934
3.16716666666667	7794
3.16800000000000	4541
3.16883333333333	6085
3.16966666666667	3349
3.17050000000000	5446
3.17133333333333	8488
3.17216666666667	6371
3.17300000000000	4254
3.17383333333333	5996
3.17466666666667	5934
3.17550000000000	5155
3.17635000000000	4377
3.17718333333333	6827
3.17801666666667	6207
3.17885000000000	4087
3.17968333333333	4474
3.18051666666667	3857
3.18135000000000	4106
3.18218333333333	4356
3.18301666666667	4935
3.18385000000000	5514
3.18468333333333	5816
3.18551666666667	6118
3.18635000000000	5519
3.18718333333333	5725
3.18801666666667	5367
3.18883333333333	3214
3.18966666666667	4192
3.19050000000000	5656
3.19133333333333	7243
3.19216666666667	7176
3.19300000000000	4954
3.19385000000000	5130
3.19468333333333	5522
3.19551666666667	5404
3.19635000000000	5286
3.19718333333333	4471
3.19801666666667	5737
3.19885000000000	7062
3.19968333333333	3254
3.20051666666667	6734
3.20135000000000	7618
3.20218333333333	6070
3.20301666666667	5345
3.20385000000000	4620
3.20468333333333	4504
3.20551666666667	6636
3.20635000000000	6011
3.20718333333333	7942
3.20801666666667	6526
3.20885000000000	2862
3.20968333333333	8832
3.21053333333333	6917
3.21136666666667	6540
3.21220000000000	6496
3.21303333333333	5461
3.21386666666667	4366
3.21470000000000	5464
3.21553333333333	7315
3.21636666666667	7321
3.21720000000000	7690
3.21803333333333	7499
3.21886666666667	7308
3.21970000000000	4134
3.22053333333333	4737
3.22136666666667	4021
3.22220000000000	7380
3.22303333333333	6998
3.22386666666667	6616
3.22470000000000	5221
3.22553333333333	4418
3.22636666666667	6400
3.22720000000000	7232
3.22805000000000	7822
3.22888333333333	7639
3.22971666666667	5326
3.23055000000000	4024
3.23138333333333	8248
3.23221666666667	3889
3.23305000000000	7603
3.23388333333333	7541
3.23471666666667	5651
3.23555000000000	5020
3.23638333333333	6177
3.23721666666667	6255
3.23805000000000	6333
3.23888333333333	4557
3.23971666666667	6450
3.24055000000000	7072
3.24138333333333	4590
3.24221666666667	8248
3.24305000000000	8632
3.24388333333333	4903
3.24473333333333	6265
3.24556666666667	7650
3.24640000000000	4705
3.24723333333333	6621
3.24806666666667	7346
3.24890000000000	8072
3.24973333333333	7967
3.25056666666667	4713
3.25140000000000	7733
3.25223333333333	5520
3.25306666666667	6939
3.25390000000000	7553
3.25473333333333	7153
3.25556666666667	6754
3.25640000000000	5031
3.25723333333333	6246
3.25806666666667	7009
3.25890000000000	8304
3.25973333333333	7327
3.26056666666667	4730
3.26140000000000	4793
3.26225000000000	4379
3.26308333333333	7056
3.26391666666667	6880
3.26475000000000	6704
3.26558333333333	4447
3.26641666666667	5776
3.26725000000000	7231
3.26808333333333	7518
3.26891666666667	5013
3.26975000000000	5919
3.27058333333333	5063
3.27141666666667	5598
3.27225000000000	6134
3.27308333333333	3368
3.27391666666667	5182
3.27475000000000	6716
3.27558333333333	6472
3.27641666666667	7212
3.27725000000000	10300
3.27808333333333	11108
3.27893333333333	6409
3.27976666666667	10224
3.28060000000000	6277
3.28143333333333	4382
3.28226666666667	6314
3.28310000000000	6429
3.28393333333333	6273
3.28476666666667	6810
3.28560000000000	6288
3.28643333333333	5766
3.28726666666667	6165
3.28810000000000	5526
3.28893333333333	4887
3.28976666666667	6090
3.29060000000000	6233
3.29143333333333	6375
3.29226666666667	5901
3.29310000000000	5427
3.29393333333333	8108
3.29476666666667	8508
3.29560000000000	9524
3.29645000000000	6736
3.29728333333333	9216
3.29811666666667	6081
3.29895000000000	5956
3.29978333333333	8692
3.30061666666667	4144
3.30145000000000	9260
3.30228333333333	5037
3.30311666666667	6507
3.30395000000000	4785
3.30478333333333	4733
3.30561666666667	6242
3.30645000000000	4072
3.30728333333333	5734
3.30811666666667	8232
3.30895000000000	7175
3.30978333333333	6230
3.31061666666667	3541
3.31145000000000	4058
3.31228333333333	3378
3.31313333333333	4108
3.31396666666667	4838
3.31480000000000	4990
3.31563333333333	5964
3.31646666666667	6899
3.31730000000000	3235
3.31813333333333	6226
3.31896666666667	6202
3.31980000000000	8047
3.32063333333333	7792
3.32146666666667	7538
3.32230000000000	2674
3.32313333333333	7407
3.32395000000000	5542
3.32478333333333	8157
3.32561666666667	6796
3.32645000000000	4609
3.32728333333333	7306
3.32811666666667	6110
3.32895000000000	7148
3.32978333333333	6433
3.33063333333333	5718
3.33146666666667	6098
3.33230000000000	6478
3.33313333333333	6072
3.33396666666667	5667
3.33480000000000	5749
3.33563333333333	5759
3.33646666666667	5768
3.33730000000000	2667
3.33813333333333	5708
3.33896666666667	8524
3.33980000000000	6549
3.34063333333333	4576
3.34146666666667	8460
3.34230000000000	6497
3.34313333333333	4501
3.34396666666667	5269
3.34480000000000	3677
3.34563333333333	6026
3.34646666666667	9040
3.34731666666667	7692
3.34815000000000	4605
3.34898333333333	6017
3.34981666666667	5035
3.35065000000000	4839
3.35148333333333	3221
3.35231666666667	4593
3.35315000000000	5965
3.35398333333333	7942
3.35481666666667	9088
3.35565000000000	6955
3.35648333333333	6772
3.35731666666667	3701
3.35815000000000	6655
3.35898333333333	4939
3.35981666666667	5126
3.36065000000000	5437
3.36148333333333	5748
3.36231666666667	3428
3.36315000000000	4835
3.36398333333333	7667
3.36483333333333	6150
3.36566666666667	6093
3.36650000000000	6036
3.36733333333333	2724
3.36816666666667	6081
3.36900000000000	6248
3.36983333333333	5050
3.37066666666667	5114
3.37150000000000	5325
3.37233333333333	5536
3.37316666666667	5469
3.37400000000000	5403
3.37483333333333	5057
3.37566666666667	4779
3.37650000000000	4501
3.37733333333333	6785
3.37816666666667	7410
3.37900000000000	5086
3.37983333333333	8144
3.38066666666667	6955
3.38151666666667	6092
3.38235000000000	7051
3.38318333333333	8010
3.38401666666667	4506
3.38485000000000	5036
3.38568333333333	5793
3.38651666666667	5485
3.38735000000000	6964
3.38818333333333	6859
3.38901666666667	5038
3.38985000000000	6961
3.39068333333333	8167
3.39151666666667	6188
3.39235000000000	5048
3.39318333333333	4678
3.39401666666667	4402
3.39485000000000	4127
3.39566666666667	4445
3.39650000000000	4121
3.39733333333333	5406
3.39816666666667	5256
3.39901666666667	5106
3.39985000000000	6828
3.40068333333333	5771
3.40151666666667	4713
3.40235000000000	6322
3.40318333333333	5239
3.40401666666667	4156
3.40485000000000	4921
3.40568333333333	5685
3.40651666666667	5612
3.40735000000000	6240
3.40818333333333	6890
3.40901666666667	6720
3.40985000000000	7000
3.41068333333333	7281
3.41151666666667	8368
3.41235000000000	4094
3.41318333333333	3853
3.41401666666667	7081
3.41485000000000	3571
3.41570000000000	5342
3.41653333333333	6487
3.41736666666667	6401
3.41820000000000	4468
3.41903333333333	5227
3.41986666666667	5891
3.42070000000000	7078
3.42153333333333	7125
3.42236666666667	11692
3.42320000000000	10264
3.42403333333333	9960
3.42486666666667	9524
3.42570000000000	7007
3.42653333333333	8452
3.42736666666667	7744
3.42820000000000	5827
3.42903333333333	4710
3.42986666666667	7498
3.43070000000000	4409
3.43153333333333	2940
3.43236666666667	2710
3.43321666666667	3248
3.43405000000000	3786
3.43488333333333	3189
3.43571666666667	2592
3.43655000000000	3961
3.43738333333333	5329
3.43821666666667	6864
3.43905000000000	7554
3.43988333333333	8244
3.44071666666667	7892
3.44155000000000	8580
3.44238333333333	4315
3.44321666666667	3051
3.44405000000000	6285
3.44488333333333	6294
3.44571666666667	4770
3.44655000000000	6998
3.44738333333333	7101
3.44821666666667	7205
3.44905000000000	7133
3.44990000000000	5909
3.45073333333333	9028
3.45156666666667	4337
3.45240000000000	7317
3.45323333333333	6891
3.45406666666667	8636
3.45490000000000	6672
3.45573333333333	7029
3.45656666666667	4389
3.45740000000000	6920
3.45823333333333	6239
3.45906666666667	7222
3.45990000000000	5617
3.46073333333333	7206
3.46156666666667	7452
3.46240000000000	5200
3.46323333333333	5797
3.46406666666667	5862
3.46490000000000	7818
3.46573333333333	5854
3.46656666666667	3890
3.46741666666667	5451
3.46825000000000	5667
3.46908333333333	5883
3.46991666666667	5966
3.47075000000000	7240
3.47158333333333	8508
3.47241666666667	7618
3.47325000000000	7890
3.47408333333333	8528
3.47491666666667	8224
3.47575000000000	5183
3.47658333333333	7073
3.47741666666667	5592
3.47825000000000	5410
3.47908333333333	6603
3.47991666666667	8123
3.48075000000000	7240
3.48158333333333	6357
3.48241666666667	6960
3.48325000000000	7563
3.48410000000000	5808
3.48493333333333	5377
3.48576666666667	4579
3.48660000000000	4884
3.48743333333333	5188
3.48826666666667	7886
3.48910000000000	6961
3.48993333333333	6036
3.49076666666667	3887
3.49160000000000	4662
3.49243333333333	5631
3.49326666666667	6099
3.49410000000000	5244
3.49493333333333	5666
3.49576666666667	5074
3.49658333333333	7695
3.49741666666667	7510
3.49825000000000	3453
3.49908333333333	7707
3.49991666666667	6055
3.50075000000000	7167
3.50160000000000	6806
3.50243333333333	6444
3.50326666666667	5821
3.50410000000000	8040
3.50493333333333	7975
3.50576666666667	7909
3.50660000000000	8940
3.50743333333333	6681
3.50826666666667	6293
3.50910000000000	4383
3.50993333333333	5601
3.51076666666667	6818
3.51160000000000	4701
3.51243333333333	6130
3.51326666666667	7559
3.51410000000000	7733
3.51493333333333	6134
3.51576666666667	6989
3.51660000000000	8083
3.51743333333333	7280
3.51828333333333	5195
3.51911666666667	9160
3.51995000000000	7321
3.52078333333333	6906
3.52161666666667	7119
3.52245000000000	6424
3.52328333333333	7663
3.52411666666667	5332
3.52495000000000	6661
3.52578333333333	8340
3.52661666666667	4920
3.52745000000000	6060
3.52828333333333	7618
3.52911666666667	7584
3.52995000000000	7034
3.53078333333333	5360
3.53161666666667	5057
3.53245000000000	7666
3.53328333333333	6502
3.53411666666667	5614
3.53495000000000	5884
3.53580000000000	2281
3.53663333333333	6534
3.53746666666667	9360
3.53830000000000	9104
3.53913333333333	8260
3.53996666666667	7416
3.54080000000000	3975
3.54163333333333	6331
3.54246666666667	8492
3.54330000000000	4244
3.54413333333333	8424
3.54496666666667	6780
3.54580000000000	5334
3.54663333333333	4564
3.54746666666667	3710
3.54830000000000	7427
3.54913333333333	6685
3.54996666666667	6806
3.55080000000000	8660
3.55163333333333	4139
3.55248333333333	7715
3.55331666666667	6280
3.55415000000000	4670
3.55498333333333	6637
3.55581666666667	7726
3.55665000000000	5907
3.55748333333333	5124
3.55831666666667	4488
3.55915000000000	5021
3.55998333333333	7086
3.56081666666667	6144
3.56165000000000	5203
3.56248333333333	6339
3.56331666666667	7288
3.56415000000000	6296
3.56498333333333	5304
3.56581666666667	5546
3.56665000000000	5787
3.56748333333333	5564
3.56831666666667	6043
3.56915000000000	3608
3.57000000000000	6584
3.57083333333333	3108
3.57166666666667	10872
3.57250000000000	9004
3.57333333333333	6159
3.57416666666667	5578
3.57500000000000	7348
3.57583333333333	7012
3.57666666666667	2655
3.57750000000000	6751
3.57833333333333	9488
3.57916666666667	6177
3.58000000000000	8860
3.58083333333333	8536
3.58166666666667	8072
3.58250000000000	7457
3.58333333333333	5320
3.58416666666667	6168
3.58500000000000	7467
3.58583333333333	7108
3.58668333333333	5378
3.58751666666667	4741
3.58835000000000	8324
3.58918333333333	2965
3.59001666666667	6154
3.59085000000000	7276
3.59168333333333	4215
3.59251666666667	6054
3.59335000000000	6054
3.59418333333333	6054
3.59501666666667	4389
3.59585000000000	8388
3.59668333333333	6698
3.59751666666667	5007
3.59835000000000	5476
3.59918333333333	8248
3.60001666666667	5844
3.60085000000000	3440
3.60166666666667	9364
3.60250000000000	8592
3.60333333333333	8792
3.60418333333333	5759
3.60501666666667	6199
3.60585000000000	4659
3.60668333333333	6248
3.60751666666667	5622
3.60835000000000	4995
3.60918333333333	4642
3.61001666666667	5609
3.61085000000000	5661
3.61168333333333	5713
3.61251666666667	6479
3.61335000000000	6707
3.61418333333333	5644
3.61501666666667	6412
3.61585000000000	7181
3.61668333333333	2680
3.61751666666667	7214
3.61835000000000	8672
3.61918333333333	6833
3.62001666666667	4308
3.62086666666667	8068
3.62170000000000	10188
3.62253333333333	8171
3.62336666666667	5078
3.62420000000000	5807
3.62503333333333	4255
3.62586666666667	7550
3.62670000000000	7051
3.62753333333333	2632
3.62836666666667	9868
3.62920000000000	7167
3.63003333333333	7813
3.63086666666667	4648
3.63170000000000	5005
3.63253333333333	6776
3.63336666666667	6568
3.63420000000000	7517
3.63503333333333	7002
3.63586666666667	6487
3.63670000000000	4497
3.63753333333333	9692
3.63838333333333	8157
3.63921666666667	9904
3.64005000000000	6145
3.64088333333333	7164
3.64171666666667	10120
3.64255000000000	4693
3.64338333333333	8524
3.64421666666667	4828
3.64505000000000	7275
3.64588333333333	4259
3.64671666666667	7160
3.64755000000000	8118
3.64838333333333	7784
3.64921666666667	8380
3.65005000000000	10500
3.65088333333333	12056
3.65171666666667	5849
3.65255000000000	5029
3.65338333333333	13276
3.65421666666667	5815
3.65506666666667	7405
3.65590000000000	7959
3.65673333333333	3248
3.65756666666667	7976
3.65840000000000	8054
3.65923333333333	3010
3.66006666666667	9240
3.66090000000000	6415
3.66173333333333	8384
3.66256666666667	6700
3.66340000000000	8756
3.66423333333333	6427
3.66506666666667	5637
3.66590000000000	5566
3.66673333333333	5863
3.66756666666667	1901
3.66840000000000	6552
3.66923333333333	8516
3.67006666666667	9360
3.67090000000000	7637
3.67173333333333	6490
3.67258333333333	5343
3.67341666666667	5904
3.67425000000000	4054
3.67508333333333	5196
3.67591666666667	8220
3.67675000000000	6726
3.67758333333333	5232
3.67841666666667	6420
3.67925000000000	7530
3.68008333333333	4350
3.68091666666667	6327
3.68175000000000	3609
3.68258333333333	3832
3.68341666666667	5717
3.68425000000000	5662
3.68508333333333	7699
3.68591666666667	7212
3.68675000000000	5731
3.68758333333333	7117
3.68841666666667	6465
3.68926666666667	6510
3.69010000000000	6555
3.69093333333333	6957
3.69176666666667	5120
3.69260000000000	4484
3.69343333333333	3847
3.69426666666667	4189
3.69510000000000	4532
3.69593333333333	4070
3.69676666666667	3609
3.69760000000000	4834
3.69841666666667	6058
3.69925000000000	9440
3.70008333333333	8159
3.70091666666667	6499
3.70175000000000	5898
3.70258333333333	8280
3.70341666666667	7702
3.70425000000000	9460
3.70508333333333	8135
3.70591666666667	6950
3.70676666666667	10684
3.70760000000000	3833
3.70843333333333	6408
3.70926666666667	7208
3.71010000000000	6920
3.71093333333333	6632
3.71176666666667	4773
3.71260000000000	4916
3.71343333333333	5059
3.71426666666667	4499
3.71510000000000	5051
3.71593333333333	5603
3.71676666666667	5913
3.71760000000000	5251
3.71843333333333	4589
3.71926666666667	5977
3.72010000000000	6092
3.72093333333333	6208
3.72176666666667	6200
3.72260000000000	6192
3.72345000000000	6740
3.72428333333333	7289
3.72511666666667	4753
3.72595000000000	7134
3.72678333333333	6031
3.72761666666667	4620
3.72845000000000	7025
3.72928333333333	8168
3.73011666666667	9444
3.73095000000000	7515
3.73178333333333	4200
3.73261666666667	6716
3.73345000000000	5504
3.73428333333333	4504
3.73511666666667	5703
3.73595000000000	5910
3.73678333333333	6117
3.73761666666667	5556
3.73845000000000	5261
3.73928333333333	6653
3.74011666666667	6457
3.74096666666667	5674
3.74180000000000	5190
3.74263333333333	3365
3.74346666666667	6967
3.74430000000000	6774
3.74513333333333	8908
3.74596666666667	5557
3.74680000000000	6428
3.74763333333333	9284
3.74846666666667	7218
3.74930000000000	8272
3.75013333333333	9852
3.75096666666667	7673
3.75180000000000	4882
3.75263333333333	7394
3.75346666666667	8664
3.75430000000000	7035
3.75513333333333	5510
3.75596666666667	4819
3.75680000000000	5479
3.75765000000000	6597
3.75848333333333	3744
3.75931666666667	5614
3.76015000000000	7164
3.76098333333333	8972
3.76181666666667	6808
3.76265000000000	6480
3.76348333333333	6688
3.76431666666667	6871
3.76515000000000	5331
3.76598333333333	8636
3.76681666666667	8608
3.76765000000000	10464
3.76848333333333	9872
3.76931666666667	8420
3.77015000000000	6905
3.77098333333333	8420
3.77181666666667	6864
3.77265000000000	9100
3.77348333333333	5693
3.77431666666667	6585
3.77516666666667	7378
3.77600000000000	6211
3.77683333333333	5045
3.77766666666667	5927
3.77850000000000	3542
3.77933333333333	3368
3.78016666666667	4876
3.78100000000000	4790
3.78183333333333	7449
3.78266666666667	7953
3.78350000000000	3535
3.78433333333333	6381
3.78516666666667	4440
3.78600000000000	5146
3.78683333333333	4204
3.78766666666667	9800
3.78850000000000	8836
3.78933333333333	6409
3.79016666666667	6427
3.79100000000000	8444
3.79185000000000	7027
3.79268333333333	6594
3.79351666666667	7974
3.79435000000000	8444
3.79518333333333	5531
3.79601666666667	7793
3.79685000000000	6629
3.79768333333333	5476
3.79851666666667	4322
3.79935000000000	7435
3.80018333333333	7937
3.80101666666667	5313
3.80185000000000	5987
3.80268333333333	6661
3.80351666666667	5122
3.80435000000000	11268
3.80518333333333	11144
3.80601666666667	5597
3.80685000000000	7009
3.80768333333333	8956
3.80850000000000	6241
3.80935000000000	5253
3.81018333333333	10104
3.81101666666667	7407
3.81185000000000	5534
3.81268333333333	6012
3.81351666666667	3589
3.81435000000000	5951
3.81518333333333	6327
3.81601666666667	6703
3.81685000000000	3094
3.81768333333333	6678
3.81851666666667	9344
3.81935000000000	8432
3.82018333333333	4303
3.82101666666667	7243
3.82185000000000	6068
3.82268333333333	2616
3.82351666666667	3984
3.82435000000000	5352
3.82518333333333	6153
3.82603333333333	6954
3.82686666666667	6228
3.82770000000000	5503
3.82853333333333	5607
3.82936666666667	8216
3.83020000000000	7993
3.83103333333333	5760
3.83186666666667	9612
3.83270000000000	5907
3.83353333333333	7479
3.83436666666667	8062
3.83520000000000	6583
3.83603333333333	5103
3.83686666666667	5395
3.83770000000000	4325
3.83853333333333	7918
3.83936666666667	8216
3.84020000000000	8101
3.84103333333333	8800
3.84186666666667	5449
3.84270000000000	7179
3.84355000000000	6252
3.84438333333333	5453
3.84521666666667	7700
3.84605000000000	6822
3.84688333333333	7063
3.84771666666667	6818
3.84855000000000	5300
3.84938333333333	5648
3.85021666666667	5801
3.85105000000000	5954
3.85188333333333	6975
3.85271666666667	7997
3.85355000000000	8113
3.85438333333333	6316
3.85521666666667	4519
3.85605000000000	8500
3.85688333333333	7510
3.85771666666667	10112
3.85855000000000	6368
3.85938333333333	8043
3.86023333333333	7871
3.86106666666667	4677
3.86190000000000	6945
3.86273333333333	6136
3.86356666666667	8044
3.86440000000000	4780
3.86523333333333	7247
3.86606666666667	9508
3.86690000000000	8396
3.86773333333333	7483
3.86856666666667	9636
3.86940000000000	7722
3.87023333333333	6785
3.87106666666667	7814
3.87190000000000	4425
3.87273333333333	5344
3.87356666666667	7903
3.87440000000000	3785
3.87523333333333	5646
3.87606666666667	6224
3.87690000000000	8660
3.87775000000000	7863
3.87858333333333	7639
3.87941666666667	6026
3.88025000000000	8091
3.88108333333333	6192
3.88191666666667	4292
3.88275000000000	5063
3.88358333333333	4561
3.88441666666667	5526
3.88525000000000	8916
3.88608333333333	8058
3.88691666666667	8232
3.88775000000000	6776
3.88858333333333	5947
3.88941666666667	7060
3.89025000000000	7672
3.89108333333333	8284
3.89191666666667	7752
3.89275000000000	7969
3.89358333333333	8004
3.89443333333333	10724
3.89526666666667	4450
3.89610000000000	4996
3.89693333333333	7425
3.89776666666667	7458
3.89860000000000	10352
3.89943333333333	9344
3.90026666666667	8332
3.90110000000000	6395
3.90193333333333	7031
3.90276666666667	7569
3.90360000000000	6925
3.90443333333333	6281
3.90526666666667	7665
3.90610000000000	7592
3.90691666666667	7519
3.90775000000000	4332
3.90858333333333	4665
3.90943333333333	5941
3.91026666666667	6303
3.91110000000000	8836
3.91195000000000	10536
3.91278333333333	8404
3.91361666666667	5741
3.91445000000000	4848
3.91528333333333	6819
3.91611666666667	8864
3.91695000000000	9392
3.91778333333333	7522
3.91861666666667	6350
3.91945000000000	8050
3.92028333333333	4535
3.92111666666667	3382
3.92195000000000	7029
3.92278333333333	5651
3.92361666666667	7866
3.92445000000000	5988
3.92528333333333	3957
3.92611666666667	5975
3.92695000000000	9200
3.92778333333333	7691
3.92863333333333	5114
3.92946666666667	8045
3.93030000000000	6485
3.93113333333333	4925
3.93196666666667	3508
3.93280000000000	3156
3.93363333333333	7970
3.93446666666667	7211
3.93530000000000	11308
3.93613333333333	9712
3.93696666666667	7737
3.93780000000000	8102
3.93863333333333	6935
3.93946666666667	2887
3.94028333333333	6765
3.94111666666667	9672
3.94195000000000	9172
3.94278333333333	7876
3.94361666666667	7185
3.94445000000000	8135
3.94528333333333	9084
3.94613333333333	9156
3.94696666666667	7049
3.94780000000000	7627
3.94863333333333	5391
3.94946666666667	8320
3.95030000000000	2585
3.95113333333333	7006
3.95196666666667	6054
3.95280000000000	6106
3.95363333333333	5230
3.95446666666667	4825
3.95530000000000	4420
3.95613333333333	7706
3.95696666666667	8248
3.95780000000000	8005
3.95863333333333	6477
3.95946666666667	6333
3.96030000000000	4717
3.96113333333333	5534
3.96196666666667	6350
3.96281666666667	6307
3.96365000000000	7937
3.96448333333333	8151
3.96531666666667	8436
3.96615000000000	5413
3.96698333333333	3658
3.96781666666667	7822
3.96865000000000	8884
3.96948333333333	3215
3.97031666666667	5318
3.97115000000000	10064
3.97198333333333	5938
3.97281666666667	9680
3.97365000000000	7028
3.97448333333333	11680
3.97531666666667	9652
3.97615000000000	7969
3.97698333333333	13636
3.97781666666667	4770
3.97865000000000	7496
3.97948333333333	8728
3.98033333333333	6830
3.98116666666667	8832
3.98200000000000	6256
3.98283333333333	6311
3.98366666666667	6786
3.98450000000000	5617
3.98533333333333	4447
3.98616666666667	5292
3.98700000000000	6136
3.98783333333333	5260
3.98866666666667	5864
3.98950000000000	6469
3.99033333333333	5415
3.99116666666667	6604
3.99200000000000	11164
3.99283333333333	9996
3.99366666666667	8616
3.99450000000000	9604
3.99533333333333	9404
3.99616666666667	7858
3.99701666666667	8616
3.99785000000000	6022
3.99868333333333	8860
3.99951666666667	5734
4.00035000000000	8708
4.00118333333333	8976
4.00201666666667	5222
4.00285000000000	11380
4.00368333333333	10408
4.00451666666667	3625
4.00535000000000	6390
4.00618333333333	8592
4.00701666666667	7319
4.00785000000000	8676
4.00868333333333	6743
4.00951666666667	4246
4.01035000000000	4552
4.01118333333333	9696
4.01201666666667	8196
4.01285000000000	7418
4.01368333333333	5283
4.01453333333333	9532
4.01536666666667	10084
4.01620000000000	3941
4.01703333333333	5994
4.01786666666667	4080
4.01870000000000	6408
4.01953333333333	10136
4.02036666666667	9124
4.02120000000000	4608
4.02203333333333	6772
4.02286666666667	8018
4.02370000000000	7229
4.02453333333333	8632
4.02536666666667	6281
4.02620000000000	6142
4.02703333333333	9804
4.02786666666667	9236
4.02870000000000	8352
4.02953333333333	7323
4.03036666666667	7929
4.03121666666667	8185
4.03205000000000	7557
4.03288333333333	5008
4.03371666666667	6374
4.03455000000000	7740
4.03538333333333	7633
4.03621666666667	6996
4.03705000000000	6359
4.03788333333333	6399
4.03871666666667	6439
4.03955000000000	6384
4.04038333333333	6330
4.04121666666667	7631
4.04205000000000	3737
4.04288333333333	7405
4.04371666666667	5667
4.04455000000000	5878
4.04538333333333	7659
4.04621666666667	8836
4.04705000000000	3367
4.04788333333333	11824
4.04873333333333	6823
4.04956666666667	4765
4.05040000000000	7387
4.05123333333333	5964
4.05206666666667	4541
4.05290000000000	5621
4.05373333333333	6765
4.05456666666667	7909
4.05540000000000	8660
4.05623333333333	8220
4.05706666666667	9508
4.05790000000000	9480
4.05873333333333	9452
4.05956666666667	7545
4.06040000000000	4473
4.06123333333333	8178
4.06206666666667	7364
4.06290000000000	6549
4.06373333333333	5368
4.06456666666667	4643
4.06541666666667	4260
4.06625000000000	3876
4.06708333333333	4906
4.06791666666667	5937
4.06875000000000	8090
4.06958333333333	8836
4.07041666666667	7733
4.07125000000000	5866
4.07208333333333	10112
4.07291666666667	9276
4.07375000000000	7883
4.07458333333333	7365
4.07541666666667	7615
4.07625000000000	2819
4.07708333333333	9004
4.07791666666667	7113
4.07875000000000	7247
4.07958333333333	10016
4.08041666666667	5604
4.08125000000000	5359
4.08208333333333	5297
4.08293333333333	6322
4.08376666666667	6333
4.08460000000000	6345
4.08543333333333	8856
4.08626666666667	7896
4.08710000000000	6937
4.08793333333333	10020
4.08876666666667	9108
4.08960000000000	8308
4.09043333333333	6841
4.09126666666667	5095
4.09210000000000	9852
4.09293333333333	8888
4.09376666666667	7927
4.09460000000000	9880
4.09543333333333	4487
4.09626666666667	9780
4.09710000000000	10452
4.09793333333333	6190
4.09876666666667	8392
4.09961666666667	6003
4.10045000000000	8704
4.10128333333333	9872
4.10211666666667	8284
4.10295000000000	7533
4.10378333333333	6780
4.10461666666667	9228
4.10545000000000	8400
4.10628333333333	7405
4.10711666666667	5945
4.10795000000000	6673
4.10878333333333	7760
4.10961666666667	6559
4.11045000000000	5359
4.11128333333333	6366
4.11211666666667	9760
4.11295000000000	9240
4.11378333333333	12592
4.11461666666667	10836
4.11545000000000	12432
4.11626666666667	5827
4.11711666666667	7904
4.11795000000000	8908
4.11878333333333	8732
4.11961666666667	8556
4.12045000000000	3730
4.12128333333333	7072
4.12211666666667	5850
4.12295000000000	7529
4.12378333333333	5693
4.12461666666667	7029
4.12545000000000	5732
4.12628333333333	6537
4.12711666666667	5801
4.12795000000000	6914
4.12878333333333	7083
4.12961666666667	6058
4.13045000000000	7818
4.13128333333333	7632
4.13211666666667	5521
4.13295000000000	8512
4.13380000000000	5465
4.13463333333333	5727
4.13546666666667	5990
4.13630000000000	8556
4.13713333333333	9092
4.13796666666667	6966
4.13880000000000	10892
4.13963333333333	4625
4.14046666666667	10280
4.14130000000000	9156
4.14213333333333	8344
4.14296666666667	4920
4.14380000000000	8428
4.14463333333333	8736
4.14546666666667	8388
4.14630000000000	8968
4.14713333333333	9048
4.14796666666667	9132
4.14880000000000	5789
4.14963333333333	7476
4.15046666666667	8300
4.15131666666667	7621
4.15215000000000	8026
4.15298333333333	6926
4.15381666666667	5825
4.15465000000000	7826
4.15548333333333	9828
4.15631666666667	9148
4.15715000000000	5407
4.15798333333333	8388
4.15881666666667	5870
4.15965000000000	8760
4.16048333333333	10540
4.16131666666667	8208
4.16215000000000	4648
4.16298333333333	6962
4.16381666666667	7654
4.16465000000000	6826
4.16548333333333	6619
4.16631666666667	8264
4.16715000000000	5364
4.16800000000000	6228
4.16883333333333	7092
4.16966666666667	10796
4.17050000000000	11064
4.17133333333333	9008
4.17216666666667	9440
4.17300000000000	4103
4.17383333333333	7590
4.17466666666667	8228
4.17550000000000	10652
4.17633333333333	11968
4.17716666666667	5676
4.17800000000000	3790
4.17883333333333	9580
4.17966666666667	8488
4.18050000000000	9108
4.18133333333333	8332
4.18215000000000	7554
4.18298333333333	4224
4.18381666666667	7384
4.18465000000000	3694
4.18550000000000	7950
4.18633333333333	6003
4.18716666666667	9192
4.18800000000000	7355
4.18883333333333	8844
4.18966666666667	8788
4.19050000000000	7114
4.19133333333333	10452
4.19216666666667	5813
4.19300000000000	9136
4.19383333333333	13116
4.19466666666667	9784
4.19550000000000	12440
4.19633333333333	5250
4.19716666666667	4409
4.19800000000000	8820
4.19883333333333	7552
4.19966666666667	6283
4.20050000000000	5550
4.20133333333333	6264
4.20218333333333	6258
4.20301666666667	6252
4.20385000000000	7710
4.20468333333333	6948
4.20551666666667	6185
4.20635000000000	8068
4.20718333333333	7784
4.20801666666667	7499
4.20885000000000	10468
4.20968333333333	9736
4.21051666666667	7205
4.21135000000000	9352
4.21218333333333	11684
4.21301666666667	5817
4.21385000000000	11888
4.21468333333333	5002
4.21551666666667	5541
4.21635000000000	10700
4.21718333333333	8976
4.21801666666667	9320
4.21885000000000	8720
4.21970000000000	6788
4.22053333333333	4040
4.22136666666667	5404
4.22220000000000	9212
4.22303333333333	8972
4.22386666666667	10352
4.22470000000000	3313
4.22553333333333	10776
4.22636666666667	10004
4.22720000000000	8520
4.22803333333333	9260
4.22886666666667	8864
4.22970000000000	9664
4.23053333333333	6903
4.23136666666667	9088
4.23220000000000	9500
4.23303333333333	6913
4.23386666666667	6914
4.23470000000000	4987
4.23553333333333	7403
4.23638333333333	8288
4.23721666666667	9172
4.23805000000000	6665
4.23888333333333	6154
4.23971666666667	6172
4.24055000000000	8624
4.24138333333333	8276
4.24221666666667	7926
4.24305000000000	8058
4.24388333333333	8191
4.24471666666667	6700
4.24555000000000	9052
4.24638333333333	9676
4.24721666666667	8656
4.24805000000000	6508
4.24888333333333	8692
4.24971666666667	5297
4.25053333333333	7718
4.25136666666667	7067
4.25220000000000	9088
4.25303333333333	9720
4.25388333333333	6212
4.25471666666667	8020
4.25555000000000	10068
4.25638333333333	7089
4.25721666666667	7047
4.25805000000000	8171
4.25888333333333	6926
4.25971666666667	5924
4.26055000000000	4921
4.26138333333333	7979
4.26221666666667	7351
4.26305000000000	5822
4.26388333333333	8640
4.26471666666667	5006
4.26555000000000	8101
4.26638333333333	7015
4.26721666666667	5928
4.26805000000000	8416
4.26888333333333	8196
4.26971666666667	7890
4.27056666666667	8556
4.27140000000000	7915
4.27223333333333	8428
4.27306666666667	7043
4.27390000000000	3606
4.27473333333333	5504
4.27556666666667	5782
4.27640000000000	6287
4.27723333333333	7148
4.27806666666667	7085
4.27890000000000	7022
4.27973333333333	8620
4.28056666666667	9116
4.28140000000000	9796
4.28223333333333	6943
4.28306666666667	7531
4.28390000000000	4352
4.28473333333333	8644
4.28556666666667	8912
4.28640000000000	7716
4.28723333333333	9156
4.28808333333333	10592
4.28891666666667	6016
4.28975000000000	7302
4.29058333333333	7567
4.29141666666667	8059
4.29225000000000	8828
4.29308333333333	9596
4.29391666666667	10844
4.29475000000000	10112
4.29558333333333	9384
4.29641666666667	9512
4.29725000000000	9820
4.29808333333333	12244
4.29891666666667	12048
4.29975000000000	7303
4.30058333333333	11376
4.30141666666667	2751
4.30225000000000	10204
4.30308333333333	7454
4.30391666666667	7080
4.30476666666667	8142
4.30560000000000	3238
4.30643333333333	8736
4.30726666666667	6691
4.30810000000000	7214
4.30893333333333	6930
4.30976666666667	6647
4.31060000000000	4690
4.31143333333333	8472
4.31226666666667	7683
4.31310000000000	8768
4.31393333333333	7264
4.31476666666667	4616
4.31560000000000	8133
4.31643333333333	6778
4.31726666666667	8856
4.31810000000000	6414
4.31893333333333	7148
4.31976666666667	8135
4.32060000000000	4416
4.32143333333333	7678
4.32228333333333	7882
4.32311666666667	9436
4.32395000000000	6246
4.32478333333333	6403
4.32561666666667	6788
4.32645000000000	10612
4.32728333333333	13032
4.32811666666667	10868
4.32895000000000	9072
4.32978333333333	6315
4.33061666666667	9120
4.33145000000000	6723
4.33228333333333	5862
4.33311666666667	5144
4.33395000000000	6817
4.33478333333333	9048
4.33561666666667	10952
4.33645000000000	11276
4.33728333333333	10432
4.33811666666667	10024
4.33896666666667	5478
4.33980000000000	7263
4.34063333333333	5433
4.34146666666667	8380
4.34230000000000	7135
4.34313333333333	5891
4.34396666666667	10424
4.34480000000000	9676
4.34563333333333	10092
4.34646666666667	9236
4.34730000000000	8776
4.34813333333333	6127
4.34896666666667	12592
4.34980000000000	11756
4.35063333333333	5854
4.35146666666667	8932
4.35230000000000	11436
4.35313333333333	6358
4.35396666666667	12052
4.35478333333333	11924
4.35561666666667	11596
4.35646666666667	5636
4.35730000000000	7135
4.35813333333333	11676
4.35896666666667	10032
4.35980000000000	6189
4.36063333333333	7695
4.36146666666667	9372
4.36230000000000	6461
4.36313333333333	11720
4.36396666666667	11360
4.36480000000000	4664
4.36563333333333	8912
4.36646666666667	9840
4.36730000000000	11800
4.36813333333333	8848
4.36896666666667	9036
4.36980000000000	9872
4.37063333333333	8524
4.37146666666667	9276
4.37230000000000	8088
4.37315000000000	7727
4.37398333333333	7912
4.37481666666667	8098
4.37565000000000	8416
4.37648333333333	5889
4.37731666666667	6240
4.37815000000000	9992
4.37898333333333	4193
4.37981666666667	6793
4.38065000000000	8087
4.38148333333333	6646
4.38231666666667	6791
4.38315000000000	8260
4.38398333333333	7539
4.38481666666667	8532
4.38565000000000	6191
4.38648333333333	8320
4.38731666666667	8792
4.38815000000000	9264
4.38898333333333	5976
4.38981666666667	7859
4.39066666666667	7913
4.39150000000000	7669
4.39233333333333	7425
4.39316666666667	8484
4.39400000000000	5657
4.39483333333333	6260
4.39566666666667	9808
4.39650000000000	11396
4.39733333333333	10144
4.39816666666667	5135
4.39900000000000	8232
4.39983333333333	12692
4.40066666666667	9528
4.40150000000000	10772
4.40233333333333	3937
4.40316666666667	8023
4.40400000000000	9232
4.40483333333333	10884
4.40566666666667	11156
4.40650000000000	7837
4.40735000000000	6839
4.40818333333333	8824
4.40901666666667	9072
4.40985000000000	4550
4.41068333333333	5769
4.41151666666667	10388
4.41235000000000	10872
4.41318333333333	9896
4.41401666666667	12292
4.41485000000000	7075
4.41568333333333	6778
4.41651666666667	8170
4.41735000000000	8860
4.41818333333333	9548
4.41901666666667	8712
4.41985000000000	7061
4.42068333333333	6369
4.42151666666667	7323
4.42235000000000	8074
4.42318333333333	8824
4.42401666666667	7872
4.42486666666667	10104
4.42570000000000	9860
4.42653333333333	4122
4.42736666666667	9024
4.42820000000000	5922
4.42903333333333	11220
4.42986666666667	9176
4.43070000000000	6947
4.43153333333333	10360
4.43236666666667	8488
4.43320000000000	6613
4.43403333333333	8596
4.43486666666667	9392
4.43570000000000	10188
4.43653333333333	4878
4.43736666666667	6982
4.43820000000000	7819
4.43903333333333	7604
4.43986666666667	7390
4.44070000000000	8308
4.44155000000000	8412
4.44238333333333	8512
4.44321666666667	9100
4.44405000000000	9688
4.44488333333333	9688
4.44571666666667	6104
4.44655000000000	10764
4.44738333333333	4952
4.44820000000000	9548
4.44903333333333	6975
4.44986666666667	9520
4.45070000000000	9960
4.45153333333333	10396
4.45236666666667	5129
4.45320000000000	4478
4.45403333333333	3619
4.45486666666667	8360
4.45570000000000	7555
4.45653333333333	9192
4.45736666666667	7606
4.45820000000000	3639
4.45905000000000	5752
4.45988333333333	8178
4.46071666666667	8520
4.46155000000000	10196
4.46238333333333	8080
4.46321666666667	7193
4.46405000000000	9192
4.46488333333333	7421
4.46571666666667	8360
4.46655000000000	8324
4.46738333333333	7849
4.46821666666667	8488
4.46905000000000	8848
4.46988333333333	6340
4.47071666666667	6022
4.47155000000000	10432
4.47238333333333	8732
4.47321666666667	9344
4.47405000000000	9816
4.47488333333333	9184
4.47573333333333	7254
4.47656666666667	7563
4.47740000000000	5233
4.47823333333333	6881
4.47906666666667	9880
4.47990000000000	10588
4.48073333333333	10684
4.48156666666667	6240
4.48240000000000	10720
4.48323333333333	9580
4.48406666666667	8316
4.48490000000000	9020
4.48573333333333	9184
4.48656666666667	9344
4.48740000000000	6000
4.48823333333333	6528
4.48906666666667	7670
4.48990000000000	5252
4.49073333333333	5979
4.49156666666667	7152
4.49240000000000	8324
4.49325000000000	7132
4.49408333333333	5906
4.49491666666667	8044
4.49575000000000	7224
4.49658333333333	8032
4.49741666666667	8840
4.49825000000000	6659
4.49908333333333	7093
