1.50330000000000	0
1.50663333333333	42
1.50996666666667	0
1.51330000000000	0
1.51663333333333	0
1.51998333333333	0
1.52331666666667	0
1.52665000000000	0
1.52998333333333	0
1.53331666666667	0
1.53666666666667	0
1.54000000000000	0
1.54333333333333	0
1.54666666666667	0
1.55000000000000	0
1.55335000000000	0
1.55668333333333	0
1.56001666666667	0
1.56335000000000	0
1.56668333333333	0
1.57003333333333	0
1.57336666666667	0
1.57670000000000	0
1.58003333333333	0
1.58336666666667	0
1.58671666666667	0
1.59005000000000	0
1.59338333333333	0
1.59671666666667	0
1.60005000000000	0
1.60340000000000	0
1.60673333333333	0
1.61006666666667	482
1.61340000000000	241
1.61673333333333	0
1.62008333333333	489
1.62341666666667	0
1.62675000000000	0
1.63008333333333	0
1.63341666666667	0
1.63676666666667	0
1.64010000000000	0
1.64343333333333	0
1.64676666666667	0
1.65010000000000	0
1.65345000000000	0
1.65678333333333	0
1.66011666666667	0
1.66345000000000	392
1.66678333333333	1001
1.67013333333333	1250
1.67346666666667	0
1.67680000000000	0
1.68013333333333	0
1.68346666666667	0
1.68681666666667	0
1.69015000000000	0
1.69348333333333	0
1.69681666666667	0
1.70015000000000	0
1.70350000000000	0
1.70683333333333	0
1.71016666666667	0
1.71350000000000	0
1.71683333333333	0
1.72018333333333	0
1.72351666666667	0
1.72685000000000	0
1.73018333333333	0
1.73351666666667	0
1.73686666666667	0
1.74020000000000	0
1.74353333333333	0
1.74686666666667	0
1.75020000000000	0
1.75355000000000	0
1.75688333333333	0
1.76021666666667	0
1.76355000000000	0
1.76688333333333	0
1.77023333333333	0
1.77356666666667	0
1.77690000000000	0
1.78023333333333	0
1.78356666666667	0
1.78691666666667	0
1.79025000000000	0
1.79358333333333	0
1.79691666666667	0
1.80025000000000	0
1.80360000000000	0
1.80693333333333	0
1.81026666666667	0
1.81360000000000	0
1.81693333333333	0
1.82026666666667	0
1.82361666666667	0
1.82695000000000	0
1.83028333333333	0
1.83361666666667	0
1.83695000000000	0
1.84030000000000	0
1.84363333333333	0
1.84696666666667	0
1.85030000000000	0
1.85363333333333	0
1.85698333333333	0
1.86031666666667	0
1.86365000000000	0
1.86698333333333	0
1.87031666666667	0
1.87366666666667	0
1.87700000000000	0
1.88033333333333	0
1.88366666666667	0
1.88700000000000	0
1.89035000000000	0
1.89368333333333	0
1.89701666666667	0
1.90035000000000	0
1.90368333333333	0
1.90703333333333	0
1.91036666666667	0
1.91370000000000	0
1.91703333333333	0
1.92036666666667	0
1.92371666666667	0
1.92705000000000	0
1.93038333333333	0
1.93371666666667	0
1.93705000000000	0
1.94040000000000	0
1.94373333333333	0
1.94706666666667	0
1.95040000000000	0
1.95373333333333	0
1.95708333333333	0
1.96041666666667	0
1.96375000000000	0
1.96708333333333	0
1.97041666666667	0
1.97376666666667	0
1.97710000000000	0
1.98043333333333	0
1.98376666666667	0
1.98710000000000	0
1.99045000000000	0
1.99378333333333	0
1.99711666666667	0
2.00045000000000	21
2.00378333333333	11
2.00713333333333	0
2.01046666666667	0
2.01380000000000	0
2.01713333333333	0
2.02046666666667	0
2.02381666666667	0
2.02715000000000	0
2.03048333333333	0
2.03381666666667	0
2.03715000000000	0
2.04050000000000	0
2.04383333333333	0
2.04716666666667	0
2.05050000000000	0
2.05383333333333	0
2.05718333333333	0
2.06051666666667	0
2.06385000000000	0
2.06718333333333	0
2.07051666666667	0
2.07386666666667	0
2.07720000000000	0
2.08053333333333	0
2.08386666666667	0
2.08720000000000	0
2.09055000000000	0
2.09388333333333	0
2.09721666666667	0
2.10055000000000	0
2.10388333333333	0
2.10723333333333	0
2.11056666666667	0
2.11390000000000	0
2.11723333333333	0
2.12056666666667	0
2.12391666666667	0
2.12725000000000	1077
2.13058333333333	1251
2.13391666666667	0
2.13725000000000	0
2.14060000000000	47
2.14393333333333	0
2.14726666666667	0
2.15060000000000	0
2.15393333333333	0
2.15726666666667	0
2.16061666666667	0
2.16395000000000	0
2.16728333333333	0
2.17061666666667	0
2.17395000000000	0
2.17730000000000	0
2.18063333333333	0
2.18396666666667	0
2.18730000000000	0
2.19063333333333	0
2.19398333333333	0
2.19731666666667	0
2.20065000000000	0
2.20398333333333	0
2.20731666666667	0
2.21066666666667	0
2.21400000000000	0
2.21733333333333	0
2.22066666666667	0
2.22400000000000	0
2.22735000000000	0
2.23068333333333	0
2.23401666666667	0
2.23735000000000	0
2.24068333333333	940
2.24403333333333	1041
2.24736666666667	1107
2.25070000000000	1384
2.25403333333333	1238
2.25736666666667	1091
2.26071666666667	2859
2.26405000000000	1430
2.26738333333333	0
2.27071666666667	966
2.27403333333333	3594
2.27738333333333	3010
2.28071666666667	2749
2.28405000000000	4573
2.28738333333333	951
2.29071666666667	1991
2.29406666666667	2487
2.29740000000000	8272
2.30073333333333	6517
2.30406666666667	4761
2.30740000000000	4303
2.31075000000000	4813
2.31408333333333	4242
2.31741666666667	8050
2.32075000000000	6682
2.32408333333333	5314
2.32743333333333	2588
2.33076666666667	6527
2.33410000000000	7571
2.33743333333333	8616
2.34076666666667	9568
2.34411666666667	10520
2.34745000000000	10432
2.35078333333333	10348
2.35411666666667	14476
2.35745000000000	11520
2.36080000000000	8564
2.36413333333333	12552
2.36746666666667	16540
2.37080000000000	18920
2.37413333333333	18116
2.37748333333333	14796
2.38081666666667	11476
2.38415000000000	23472
2.38748333333333	19424
2.39081666666667	15376
2.39416666666667	21520
2.39750000000000	19592
2.40083333333333	22204
2.40416666666667	21956
2.40750000000000	23800
2.41085000000000	25648
2.41418333333333	24952
2.41751666666667	27592
2.42085000000000	30100
2.42418333333333	28664
2.42753333333333	27228
2.43086666666667	30872
2.43420000000000	19144
2.43753333333333	19248
2.44086666666667	16940
2.44421666666667	27272
2.44755000000000	27696
2.45088333333333	28116
2.45421666666667	40592
2.45755000000000	42096
2.46090000000000	31768
2.46423333333333	41792
2.46756666666667	15520
2.47090000000000	31464
2.47423333333333	37184
2.47758333333333	48176
2.48091666666667	30156
2.48425000000000	37632
2.48758333333333	30300
2.49091666666667	37056
2.49425000000000	31828
2.49760000000000	34864
2.50093333333333	37904
2.50426666666667	30384
2.50760000000000	32552
2.51093333333333	37552
2.51428333333333	27084
2.51761666666667	54240
2.52095000000000	58992
2.52428333333333	43328
2.52761666666667	57728
2.53096666666667	31672
2.53430000000000	49216
2.53763333333333	20516
2.54096666666667	48848
2.54430000000000	33888
2.54765000000000	46480
2.55098333333333	36096
2.55431666666667	50816
2.55765000000000	50032
2.56098333333333	56768
2.56433333333333	26544
2.56766666666667	35728
2.57100000000000	33984
2.57433333333333	53888
2.57766666666667	54400
2.58101666666667	54160
2.58435000000000	41312
2.58768333333333	57760
2.59101666666667	39408
2.59435000000000	44064
2.59770000000000	26728
2.60103333333333	48624
2.60436666666667	46064
2.60770000000000	43648
2.61103333333333	54768
2.61438333333333	54592
2.61771666666667	37536
2.62105000000000	32208
2.62438333333333	44032
2.62771666666667	33680
2.63106666666667	36656
2.63440000000000	39632
2.63773333333333	40176
2.64106666666667	52688
2.64440000000000	52960
2.64775000000000	34960
2.65108333333333	54624
2.65441666666667	48528
2.65775000000000	25524
2.66108333333333	44688
2.66443333333333	30856
2.66776666666667	46160
2.67110000000000	37968
2.67443333333333	35120
2.67776666666667	34272
2.68111666666667	53088
2.68445000000000	61584
2.68778333333333	52656
2.69111666666667	53856
2.69445000000000	30932
2.69780000000000	37024
2.70113333333333	44368
2.70446666666667	60080
2.70780000000000	57616
2.71113333333333	45504
2.71448333333333	47840
2.71781666666667	56704
2.72115000000000	53904
2.72448333333333	46080
2.72781666666667	43712
2.73116666666667	52000
2.73450000000000	47632
2.73783333333333	43280
2.74116666666667	50944
2.74450000000000	49360
2.74785000000000	34048
2.75118333333333	55680
2.75451666666667	62544
2.75785000000000	40592
2.76118333333333	50864
2.76453333333333	35808
2.76786666666667	42864
2.77120000000000	32832
2.77453333333333	54496
2.77786666666667	48432
2.78121666666667	53344
2.78455000000000	47712
2.78788333333333	43216
2.79121666666667	54416
2.79455000000000	31980
2.79790000000000	67280
2.80123333333333	51504
2.80456666666667	39936
2.80790000000000	42064
2.81123333333333	46128
2.81458333333333	36768
2.81791666666667	41664
2.82125000000000	41744
2.82458333333333	41824
2.82791666666667	41776
2.83125000000000	44640
2.83460000000000	52896
2.83793333333333	50672
2.84126666666667	48432
2.84460000000000	49168
2.84793333333333	48048
2.85128333333333	39664
2.85461666666667	37728
2.85795000000000	57248
2.86128333333333	21760
2.86461666666667	46016
2.86796666666667	54960
2.87130000000000	33600
2.87463333333333	52400
2.87796666666667	37776
2.88130000000000	55488
2.88465000000000	63248
2.88798333333333	38256
2.89131666666667	62224
2.89465000000000	33824
2.89798333333333	24604
2.90133333333333	43808
2.90466666666667	33520
2.90800000000000	23224
2.91133333333333	51856
2.91466666666667	42800
2.91801666666667	39760
2.92135000000000	52880
2.92468333333333	46640
2.92801666666667	41760
2.93135000000000	24548
2.93470000000000	56912
2.93803333333333	38352
2.94136666666667	34208
2.94470000000000	70240
2.94803333333333	53920
2.95138333333333	42432
2.95471666666667	50672
2.95805000000000	45104
2.96138333333333	38064
2.96471666666667	43264
2.96806666666667	48928
2.97140000000000	54592
2.97473333333333	54160
2.97806666666667	35616
2.98140000000000	61744
2.98475000000000	44976
2.98808333333333	56704
2.99141666666667	42112
2.99475000000000	50448
2.99808333333333	53536
3.00143333333333	52752
3.00476666666667	46176
3.00810000000000	39600
3.01143333333333	61968
3.01476666666667	70128
3.01811666666667	58608
3.02145000000000	51136
3.02478333333333	59360
3.02811666666667	28468
3.03145000000000	56880
3.03480000000000	54032
3.03813333333333	53504
3.04146666666667	43792
3.04480000000000	55216
3.04813333333333	51728
3.05148333333333	57184
3.05481666666667	46272
3.05815000000000	54800
3.06148333333333	49728
3.06481666666667	53216
3.06816666666667	55424
3.07150000000000	46128
3.07483333333333	44224
3.07816666666667	62080
3.08150000000000	63312
3.08485000000000	61312
3.08818333333333	24432
3.09151666666667	49728
3.09485000000000	53536
3.09818333333333	42032
3.10153333333333	42720
3.10486666666667	32088
3.10820000000000	34800
3.11153333333333	37504
3.11486666666667	57488
3.11821666666667	48288
3.12155000000000	39088
3.12488333333333	42976
3.12821666666667	50144
3.13155000000000	45952
3.13490000000000	42160
3.13823333333333	44192
3.14156666666667	42496
3.14490000000000	54576
3.14823333333333	51344
3.15158333333333	48096
3.15491666666667	53456
3.15825000000000	54720
3.16158333333333	43792
3.16491666666667	49856
3.16825000000000	51456
3.17160000000000	51552
3.17493333333333	35040
3.17826666666667	37744
3.18160000000000	40816
3.18493333333333	43904
3.18828333333333	41328
3.19161666666667	38768
3.19495000000000	44272
3.19828333333333	42704
3.20161666666667	41136
3.20496666666667	39904
3.20830000000000	38672
3.21163333333333	48944
3.21496666666667	26968
3.21830000000000	59024
3.22165000000000	46688
3.22498333333333	48464
3.22831666666667	41376
3.23165000000000	44672
3.23498333333333	33568
3.23833333333333	45568
3.24166666666667	55648
3.24500000000000	49712
3.24833333333333	56768
3.25166666666667	54608
3.25501666666667	44336
3.25835000000000	58944
3.26168333333333	33952
3.26501666666667	59248
3.26835000000000	39392
3.27170000000000	44512
3.27503333333333	39312
3.27836666666667	59760
3.28170000000000	57056
3.28503333333333	57424
3.28838333333333	49568
3.29171666666667	41168
3.29505000000000	54080
3.29838333333333	28780
3.30171666666667	46800
3.30506666666667	43856
3.30840000000000	42880
3.31173333333333	45296
3.31506666666667	43776
3.31840000000000	32112
3.32175000000000	28948
3.32508333333333	56944
3.32841666666667	51536
3.33175000000000	40064
3.33508333333333	47472
3.33843333333333	44000
3.34176666666667	40528
3.34510000000000	39232
3.34843333333333	37920
3.35176666666667	37056
3.35511666666667	36176
3.35845000000000	48752
3.36178333333333	48928
3.36511666666667	47056
3.36845000000000	45184
3.37180000000000	56672
3.37513333333333	47504
3.37846666666667	38336
3.38180000000000	46432
3.38513333333333	33520
3.38848333333333	28172
3.39181666666667	42304
3.39515000000000	37056
3.39848333333333	37728
3.40181666666667	43120
3.40516666666667	42544
3.40850000000000	41952
3.41183333333333	33488
3.41516666666667	41264
3.41850000000000	54400
3.42185000000000	50848
3.42518333333333	55872
3.42851666666667	36640
3.43185000000000	55536
3.43518333333333	53344
3.43853333333333	50928
3.44186666666667	57424
3.44520000000000	28968
3.44853333333333	52016
3.45186666666667	49808
3.45521666666667	50560
3.45855000000000	49312
3.46188333333333	34016
3.46521666666667	47488
3.46855000000000	51168
3.47190000000000	36640
3.47523333333333	53040
3.47856666666667	60560
3.48190000000000	65056
3.48523333333333	34848
3.48858333333333	48608
3.49191666666667	66608
3.49525000000000	56640
3.49858333333333	52976
3.50191666666667	32680
3.50525000000000	26608
3.50860000000000	38352
3.51193333333333	43808
3.51526666666667	44784
3.51860000000000	44992
3.52193333333333	40880
3.52528333333333	40912
3.52861666666667	46560
3.53195000000000	49168
3.53528333333333	51792
3.53861666666667	47200
3.54196666666667	43472
3.54530000000000	39760
3.54863333333333	44720
3.55196666666667	49680
3.55530000000000	51872
3.55865000000000	54064
3.56198333333333	34784
3.56531666666667	44720
3.56865000000000	47664
3.57198333333333	57552
3.57533333333333	53504
3.57866666666667	49472
3.58200000000000	35232
3.58533333333333	41072
3.58866666666667	33616
3.59201666666667	40208
3.59535000000000	46800
3.59868333333333	37472
3.60201666666667	28132
3.60535000000000	44320
3.60870000000000	53264
3.61203333333333	43616
3.61536666666667	44256
3.61870000000000	37632
3.62203333333333	37248
3.62538333333333	36864
3.62871666666667	41776
3.63205000000000	43952
3.63538333333333	46112
3.63871666666667	37872
3.64206666666667	74080
3.64540000000000	74880
3.64873333333333	53392
3.65206666666667	37600
3.65540000000000	51952
3.65875000000000	35536
3.66208333333333	52624
3.66541666666667	55712
3.66875000000000	49424
3.67208333333333	37472
3.67543333333333	36608
3.67876666666667	35728
3.68210000000000	51712
3.68543333333333	42112
3.68876666666667	32520
3.69211666666667	28060
3.69545000000000	49904
3.69878333333333	52336
3.70211666666667	54208
3.70545000000000	47984
3.70880000000000	53904
3.71213333333333	49392
3.71546666666667	41248
3.71880000000000	54560
3.72213333333333	36480
3.72548333333333	36560
3.72881666666667	49296
3.73215000000000	63616
3.73548333333333	54384
3.73881666666667	42896
3.74216666666667	55200
3.74550000000000	52304
3.74883333333333	31120
3.75216666666667	40240
3.75550000000000	47376
3.75885000000000	51472
3.76218333333333	27588
3.76551666666667	54272
3.76885000000000	58048
3.77218333333333	45152
3.77553333333333	52528
3.77886666666667	41728
3.78220000000000	43792
3.78553333333333	45856
3.78886666666667	48784
3.79221666666667	46928
3.79555000000000	30172
3.79888333333333	61040
3.80221666666667	53904
3.80555000000000	53728
3.80890000000000	54192
3.81223333333333	54656
3.81556666666667	35280
3.81890000000000	58544
3.82223333333333	47696
3.82558333333333	43600
3.82891666666667	53968
3.83225000000000	45536
3.83558333333333	41392
3.83891666666667	33776
3.84225000000000	50944
3.84560000000000	42256
3.84893333333333	51760
3.85226666666667	49392
3.85560000000000	46064
3.85893333333333	49536
3.86228333333333	44192
3.86561666666667	46656
3.86895000000000	49120
3.87228333333333	28892
3.87561666666667	59136
3.87896666666667	30228
3.88230000000000	51632
3.88563333333333	55072
3.88896666666667	53248
3.89230000000000	56336
3.89565000000000	55664
3.89898333333333	55008
3.90231666666667	39424
3.90565000000000	46944
3.90898333333333	39072
3.91233333333333	39968
3.91566666666667	32800
3.91900000000000	42960
3.92233333333333	57696
3.92566666666667	64272
3.92901666666667	39264
3.93235000000000	52400
3.93568333333333	38048
3.93901666666667	54864
3.94235000000000	41520
3.94568333333333	55088
3.94901666666667	55856
3.95235000000000	44160
3.95568333333333	43792
3.95901666666667	55056
3.96236666666667	46288
3.96570000000000	38976
3.96903333333333	31872
3.97236666666667	42848
3.97570000000000	39744
3.97905000000000	49456
3.98238333333333	45296
3.98571666666667	53936
3.98905000000000	37888
3.99238333333333	38464
3.99573333333333	49264
3.99906666666667	50080
4.00240000000000	56016
4.00573333333333	52880
4.00906666666667	49760
4.01241666666667	48272
4.01575000000000	46352
4.01908333333333	56176
4.02241666666667	60992
4.02575000000000	54512
4.02910000000000	51024
4.03243333333333	63088
4.03576666666667	43984
4.03910000000000	68848
4.04243333333333	64336
4.04578333333333	44224
4.04911666666667	38592
4.05245000000000	35792
4.05578333333333	36672
4.05911666666667	52288
4.06246666666667	64848
4.06580000000000	58080
4.06913333333333	59168
4.07246666666667	45760
4.07580000000000	65952
4.07915000000000	56224
4.08248333333333	37200
4.08581666666667	40848
4.08915000000000	33184
4.09248333333333	39776
4.09581666666667	36176
4.09915000000000	32568
4.10248333333333	36912
4.10581666666667	41248
4.10915000000000	46864
4.11250000000000	54480
4.11583333333333	48768
4.11916666666667	41392
4.12250000000000	37664
4.12583333333333	31800
4.12918333333333	32068
4.13251666666667	29220
4.13585000000000	26368
4.13918333333333	38128
4.14251666666667	40384
4.14586666666667	42624
4.14920000000000	58192
4.15253333333333	67088
4.15586666666667	30280
4.15920000000000	36976
4.16255000000000	32752
4.16588333333333	37136
4.16921666666667	41536
4.17255000000000	40720
4.17588333333333	39904
4.17921666666667	33856
4.18256666666667	46496
4.18590000000000	23812
4.18923333333333	36896
4.19256666666667	56352
4.19590000000000	21184
4.19925000000000	34000
4.20258333333333	62224
4.20591666666667	49168
4.20925000000000	46128
4.21258333333333	43088
4.21593333333333	30696
4.21926666666667	28684
4.22260000000000	52624
4.22593333333333	43280
4.22926666666667	49664
4.23261666666667	42160
4.23595000000000	29992
4.23928333333333	32252
4.24261666666667	34512
4.24595000000000	38304
4.24930000000000	38240
4.25263333333333	38192
4.25596666666667	67344
4.25930000000000	62752
4.26263333333333	42816
4.26598333333333	51056
4.26931666666667	45056
4.27265000000000	45952
4.27598333333333	46832
4.27931666666667	49856
4.28266666666667	52864
4.28600000000000	26704
4.28933333333333	60496
4.29266666666667	45184
4.29600000000000	63888
4.29935000000000	50176
4.30268333333333	52144
4.30601666666667	51808
4.30935000000000	51456
4.31268333333333	32456
4.31603333333333	27128
4.31936666666667	51632
4.32270000000000	61216
4.32603333333333	41552
4.32936666666667	41872
4.33271666666667	30124
4.33605000000000	36192
4.33938333333333	42240
4.34271666666667	61360
4.34605000000000	59616
4.34940000000000	41312
4.35273333333333	41840
4.35606666666667	40544
4.35940000000000	53136
4.36273333333333	51136
4.36608333333333	59088
4.36941666666667	52352
4.37275000000000	31136
4.37608333333333	42432
4.37941666666667	40416
4.38276666666667	38400
4.38610000000000	46176
4.38943333333333	29320
4.39276666666667	55712
4.39610000000000	67248
4.39945000000000	50736
4.40278333333333	58080
4.40611666666667	38896
4.40945000000000	45568
4.41278333333333	35104
4.41613333333333	41104
4.41946666666667	47120
4.42280000000000	39408
4.42613333333333	31688
4.42946666666667	28528
4.43281666666667	35296
4.43615000000000	39936
4.43948333333333	24124
4.44281666666667	36880
4.44615000000000	40352
4.44950000000000	43824
4.45283333333333	46528
4.45616666666667	40080
4.45950000000000	52720
4.46283333333333	48592
4.46618333333333	66016
4.46951666666667	58992
4.47285000000000	72576
4.47618333333333	57600
4.47951666666667	38704
4.48286666666667	44272
4.48620000000000	50352
4.48953333333333	38000
4.49286666666667	23324
4.49620000000000	38608
