1.50330000000000	0
1.50663333333333	924
1.50996666666667	1612
1.51330000000000	0
1.51663333333333	0
1.51998333333333	0
1.52331666666667	0
1.52665000000000	0
1.52998333333333	0
1.53331666666667	0
1.53666666666667	0
1.54000000000000	0
1.54333333333333	0
1.54666666666667	0
1.55000000000000	0
1.55335000000000	0
1.55668333333333	0
1.56001666666667	0
1.56335000000000	0
1.56668333333333	0
1.57003333333333	0
1.57336666666667	0
1.57670000000000	0
1.58003333333333	0
1.58336666666667	0
1.58671666666667	0
1.59005000000000	0
1.59338333333333	0
1.59671666666667	0
1.60005000000000	0
1.60340000000000	0
1.60673333333333	0
1.61006666666667	0
1.61340000000000	0
1.61673333333333	0
1.62006666666667	0
1.62340000000000	0
1.62673333333333	1226
1.63006666666667	1233
1.63340000000000	0
1.63675000000000	2047
1.64008333333333	502
1.64341666666667	0
1.64675000000000	0
1.65008333333333	0
1.65343333333333	0
1.65676666666667	0
1.66010000000000	0
1.66343333333333	0
1.66676666666667	0
1.67011666666667	0
1.67345000000000	0
1.67678333333333	0
1.68011666666667	0
1.68345000000000	1880
1.68680000000000	1581
1.69013333333333	0
1.69346666666667	999
1.69680000000000	0
1.70013333333333	0
1.70348333333333	0
1.70681666666667	0
1.71015000000000	0
1.71348333333333	0
1.71681666666667	0
1.72016666666667	0
1.72350000000000	0
1.72683333333333	0
1.73016666666667	0
1.73350000000000	0
1.73685000000000	0
1.74018333333333	0
1.74351666666667	620
1.74685000000000	310
1.75018333333333	0
1.75353333333333	0
1.75686666666667	0
1.76020000000000	0
1.76353333333333	0
1.76686666666667	0
1.77021666666667	0
1.77355000000000	0
1.77688333333333	0
1.78021666666667	0
1.78355000000000	0
1.78690000000000	0
1.79023333333333	0
1.79356666666667	0
1.79690000000000	844
1.80023333333333	422
1.80358333333333	0
1.80691666666667	0
1.81025000000000	0
1.81358333333333	0
1.81691666666667	0
1.82025000000000	0
1.82360000000000	0
1.82693333333333	0
1.83026666666667	0
1.83360000000000	0
1.83693333333333	0
1.84028333333333	0
1.84361666666667	0
1.84695000000000	0
1.85028333333333	0
1.85361666666667	0
1.85696666666667	0
1.86030000000000	0
1.86363333333333	0
1.86696666666667	0
1.87030000000000	0
1.87365000000000	0
1.87698333333333	0
1.88031666666667	0
1.88365000000000	0
1.88698333333333	0
1.89033333333333	0
1.89366666666667	0
1.89700000000000	0
1.90033333333333	0
1.90366666666667	0
1.90701666666667	0
1.91035000000000	0
1.91368333333333	0
1.91701666666667	0
1.92035000000000	0
1.92370000000000	0
1.92703333333333	0
1.93036666666667	0
1.93370000000000	0
1.93703333333333	0
1.94038333333333	0
1.94371666666667	0
1.94705000000000	0
1.95038333333333	0
1.95371666666667	0
1.95706666666667	0
1.96040000000000	0
1.96373333333333	0
1.96706666666667	0
1.97040000000000	0
1.97375000000000	0
1.97708333333333	0
1.98041666666667	0
1.98375000000000	0
1.98708333333333	0
1.99043333333333	0
1.99376666666667	0
1.99710000000000	0
2.00043333333333	0
2.00376666666667	0
2.00711666666667	0
2.01045000000000	0
2.01378333333333	0
2.01711666666667	0
2.02045000000000	0
2.02378333333333	0
2.02711666666667	0
2.03045000000000	0
2.03378333333333	0
2.03711666666667	0
2.04046666666667	0
2.04380000000000	0
2.04713333333333	0
2.05046666666667	0
2.05380000000000	0
2.05715000000000	0
2.06048333333333	0
2.06381666666667	0
2.06715000000000	0
2.07048333333333	0
2.07383333333333	0
2.07716666666667	0
2.08050000000000	0
2.08383333333333	0
2.08716666666667	0
2.09051666666667	0
2.09385000000000	0
2.09718333333333	0
2.10051666666667	0
2.10385000000000	0
2.10720000000000	0
2.11053333333333	0
2.11386666666667	0
2.11720000000000	0
2.12053333333333	0
2.12388333333333	0
2.12721666666667	0
2.13055000000000	0
2.13388333333333	0
2.13721666666667	0
2.14056666666667	0
2.14390000000000	0
2.14723333333333	0
2.15056666666667	0
2.15390000000000	0
2.15723333333333	0
2.16058333333333	0
2.16391666666667	0
2.16725000000000	0
2.17058333333333	0
2.17391666666667	0
2.17726666666667	0
2.18060000000000	0
2.18393333333333	0
2.18726666666667	0
2.19060000000000	0
2.19395000000000	0
2.19728333333333	0
2.20061666666667	0
2.20395000000000	0
2.20728333333333	0
2.21063333333333	0
2.21396666666667	0
2.21730000000000	0
2.22063333333333	50
2.22396666666667	25
2.22731666666667	0
2.23065000000000	0
2.23398333333333	0
2.23731666666667	0
2.24065000000000	0
2.24400000000000	0
2.24733333333333	0
2.25066666666667	0
2.25400000000000	0
2.25733333333333	0
2.26068333333333	335
2.26401666666667	167
2.26735000000000	0
2.27068333333333	0
2.27401666666667	0
2.27736666666667	1333
2.28070000000000	1381
2.28403333333333	0
2.28736666666667	1738
2.29070000000000	1377
2.29405000000000	1016
2.29738333333333	324
2.30071666666667	5863
2.30405000000000	4781
2.30738333333333	3699
2.31073333333333	0
2.31406666666667	3514
2.31740000000000	5031
2.32073333333333	7238
2.32406666666667	9608
2.32741666666667	8368
2.33075000000000	8042
2.33408333333333	7714
2.33741666666667	7646
2.34075000000000	8620
2.34410000000000	7626
2.34743333333333	6634
2.35076666666667	9776
2.35410000000000	10672
2.35743333333333	11164
2.36078333333333	10300
2.36411666666667	4528
2.36745000000000	5049
2.37078333333333	6657
2.37411666666667	9224
2.37746666666667	9060
2.38080000000000	8892
2.38413333333333	6608
2.38746666666667	20612
2.39080000000000	15236
2.39415000000000	9864
2.39748333333333	10268
2.40081666666667	4570
2.40415000000000	14988
2.40748333333333	22252
2.41083333333333	25708
2.41416666666667	22036
2.41750000000000	25532
2.42083333333333	26392
2.42416666666667	18420
2.42750000000000	21648
2.43083333333333	18716
2.43416666666667	15780
2.43750000000000	17208
2.44083333333333	16328
2.44418333333333	23524
2.44751666666667	35632
2.45085000000000	36944
2.45418333333333	25916
2.45751666666667	22360
2.46086666666667	23980
2.46420000000000	25600
2.46753333333333	38240
2.47086666666667	38128
2.47420000000000	35152
2.47755000000000	25232
2.48088333333333	27524
2.48421666666667	29820
2.48755000000000	31676
2.49088333333333	29928
2.49421666666667	33600
2.49756666666667	32336
2.50090000000000	17304
2.50423333333333	43088
2.50756666666667	22364
2.51090000000000	20932
2.51425000000000	37696
2.51758333333333	36784
2.52091666666667	29696
2.52425000000000	43216
2.52758333333333	45824
2.53093333333333	55296
2.53426666666667	22056
2.53760000000000	52560
2.54093333333333	46544
2.54426666666667	20848
2.54761666666667	45312
2.55095000000000	34288
2.55428333333333	44048
2.55761666666667	31832
2.56095000000000	38608
2.56430000000000	26908
2.56763333333333	51120
2.57096666666667	56000
2.57430000000000	28108
2.57763333333333	49712
2.58098333333333	32208
2.58431666666667	48144
2.58765000000000	42928
2.59098333333333	40896
2.59431666666667	52096
2.59766666666667	36928
2.60100000000000	35216
2.60433333333333	35008
2.60766666666667	34784
2.61100000000000	37264
2.61435000000000	37984
2.61768333333333	28280
2.62101666666667	36768
2.62435000000000	39408
2.62768333333333	42032
2.63103333333333	39680
2.63436666666667	26840
2.63770000000000	44688
2.64103333333333	24928
2.64436666666667	41312
2.64771666666667	46240
2.65105000000000	37216
2.65438333333333	40000
2.65771666666667	42784
2.66105000000000	46128
2.66440000000000	39376
2.66773333333333	32628
2.67106666666667	34416
2.67440000000000	44032
2.67773333333333	56608
2.68108333333333	49568
2.68441666666667	42208
2.68775000000000	52336
2.69108333333333	50688
2.69441666666667	49040
2.69776666666667	52416
2.70110000000000	32632
2.70443333333333	44320
2.70776666666667	42832
2.71110000000000	41824
2.71445000000000	40304
2.71778333333333	38768
2.72111666666667	67392
2.72445000000000	61952
2.72778333333333	31784
2.73113333333333	42752
2.73446666666667	55328
2.73780000000000	44816
2.74113333333333	25476
2.74446666666667	36544
2.74781666666667	41104
2.75115000000000	44720
2.75448333333333	36704
2.75781666666667	56128
2.76115000000000	52320
2.76448333333333	57552
2.76781666666667	60112
2.77115000000000	59024
2.77448333333333	44208
2.77781666666667	54208
2.78116666666667	25652
2.78450000000000	51200
2.78783333333333	27804
2.79116666666667	28512
2.79450000000000	50720
2.79785000000000	64032
2.80118333333333	50624
2.80451666666667	70128
2.80785000000000	42112
2.81118333333333	51888
2.81453333333333	71296
2.81786666666667	51328
2.82120000000000	54912
2.82453333333333	45680
2.82786666666667	55152
2.83120000000000	47840
2.83455000000000	48160
2.83788333333333	54032
2.84121666666667	39888
2.84455000000000	43136
2.84788333333333	46368
2.85123333333333	45056
2.85456666666667	43728
2.85790000000000	45056
2.86123333333333	45712
2.86456666666667	46384
2.86791666666667	40960
2.87125000000000	35552
2.87458333333333	44624
2.87791666666667	47584
2.88125000000000	53296
2.88460000000000	64384
2.88793333333333	30500
2.89126666666667	58880
2.89460000000000	49824
2.89793333333333	31176
2.90128333333333	24412
2.90461666666667	54192
2.90795000000000	44640
2.91128333333333	38336
2.91461666666667	57216
2.91796666666667	52496
2.92130000000000	45376
2.92463333333333	35040
2.92796666666667	60768
2.93130000000000	30240
2.93465000000000	47504
2.93798333333333	48656
2.94131666666667	55072
2.94465000000000	51904
2.94798333333333	42960
2.95133333333333	42544
2.95466666666667	39696
2.95800000000000	37056
2.96133333333333	34400
2.96466666666667	29228
2.96801666666667	24060
2.97135000000000	41136
2.97468333333333	40976
2.97801666666667	40848
2.98135000000000	39328
2.98470000000000	52480
2.98803333333333	25548
2.99136666666667	55552
2.99470000000000	46464
2.99803333333333	39648
3.00138333333333	35936
3.00471666666667	42880
3.00805000000000	42784
3.01138333333333	42704
3.01471666666667	50592
3.01806666666667	20672
3.02140000000000	42880
3.02473333333333	28548
3.02806666666667	43920
3.03140000000000	45232
3.03475000000000	46528
3.03808333333333	27032
3.04141666666667	28036
3.04475000000000	43296
3.04808333333333	36624
3.05143333333333	50624
3.05476666666667	58224
3.05810000000000	65008
3.06143333333333	69344
3.06476666666667	28312
3.06811666666667	53376
3.07145000000000	54080
3.07478333333333	51280
3.07811666666667	43200
3.08145000000000	44112
3.08480000000000	45024
3.08813333333333	54944
3.09146666666667	57056
3.09480000000000	43552
3.09813333333333	54208
3.10148333333333	56576
3.10481666666667	61168
3.10815000000000	54096
3.11148333333333	54976
3.11481666666667	49872
3.11816666666667	52464
3.12150000000000	27396
3.12483333333333	56400
3.12816666666667	43200
3.13150000000000	35664
3.13485000000000	38080
3.13818333333333	40880
3.14151666666667	43680
3.14485000000000	48800
3.14818333333333	50432
3.15153333333333	41200
3.15486666666667	33984
3.15820000000000	48752
3.16153333333333	48240
3.16486666666667	47712
3.16820000000000	37040
3.17155000000000	31656
3.17488333333333	33936
3.17821666666667	45504
3.18155000000000	49040
3.18488333333333	39728
3.18823333333333	36624
3.19156666666667	46976
3.19490000000000	45280
3.19823333333333	62304
3.20156666666667	19216
3.20491666666667	75216
3.20825000000000	50000
3.21158333333333	49712
3.21491666666667	49312
3.21825000000000	45536
3.22160000000000	41744
3.22493333333333	53776
3.22826666666667	36784
3.23160000000000	49472
3.23493333333333	48640
3.23828333333333	55664
3.24161666666667	19236
3.24495000000000	43552
3.24828333333333	52752
3.25161666666667	53584
3.25496666666667	48496
3.25830000000000	62320
3.26163333333333	62400
3.26496666666667	49376
3.26830000000000	41168
3.27165000000000	42864
3.27498333333333	39680
3.27831666666667	44464
3.28165000000000	48432
3.28498333333333	51920
3.28833333333333	59632
3.29166666666667	55008
3.29500000000000	53888
3.29833333333333	47152
3.30166666666667	38208
3.30501666666667	45088
3.30835000000000	43616
3.31168333333333	59152
3.31501666666667	57728
3.31835000000000	42256
3.32170000000000	35488
3.32503333333333	28872
3.32836666666667	45696
3.33170000000000	54352
3.33503333333333	53520
3.33838333333333	52416
3.34171666666667	29560
3.34505000000000	45280
3.34838333333333	46592
3.35171666666667	48016
3.35506666666667	45424
3.35840000000000	51424
3.36173333333333	36464
3.36506666666667	47760
3.36840000000000	60448
3.37175000000000	35312
3.37508333333333	36816
3.37841666666667	45104
3.38175000000000	43728
3.38508333333333	36400
3.38843333333333	29060
3.39176666666667	43840
3.39510000000000	39200
3.39843333333333	58496
3.40176666666667	58608
3.40511666666667	58688
3.40845000000000	41344
3.41178333333333	51296
3.41511666666667	56112
3.41845000000000	32784
3.42180000000000	39440
3.42513333333333	45040
3.42846666666667	49504
3.43180000000000	47664
3.43513333333333	48240
3.43848333333333	43616
3.44181666666667	36416
3.44515000000000	48816
3.44848333333333	51392
3.45181666666667	51920
3.45516666666667	29792
3.45850000000000	32960
3.46183333333333	47520
3.46516666666667	44864
3.46850000000000	49120
3.47185000000000	44112
3.47518333333333	48080
3.47851666666667	29472
3.48185000000000	51792
3.48518333333333	49216
3.48853333333333	33888
3.49186666666667	31236
3.49520000000000	53216
3.49853333333333	38016
3.50186666666667	40432
3.50520000000000	46288
3.50855000000000	43600
3.51188333333333	40912
3.51521666666667	44400
3.51855000000000	30348
3.52188333333333	37760
3.52523333333333	31756
3.52856666666667	41456
3.53190000000000	42352
3.53523333333333	43248
3.53856666666667	41920
3.54191666666667	28248
3.54525000000000	50832
3.54858333333333	65616
3.55191666666667	50560
3.55525000000000	44384
3.55860000000000	52576
3.56193333333333	51632
3.56526666666667	46320
3.56860000000000	32664
3.57193333333333	36848
3.57528333333333	47088
3.57861666666667	44656
3.58195000000000	42224
3.58528333333333	40320
3.58861666666667	38416
3.59196666666667	43712
3.59530000000000	47440
3.59863333333333	51184
3.60196666666667	52144
3.60530000000000	45488
3.60865000000000	50144
3.61198333333333	31040
3.61531666666667	55136
3.61865000000000	48368
3.62198333333333	44352
3.62533333333333	43472
3.62866666666667	47648
3.63200000000000	48560
3.63533333333333	48416
3.63866666666667	48272
3.64201666666667	31060
3.64535000000000	25320
3.64868333333333	51456
3.65201666666667	38064
3.65535000000000	51872
3.65870000000000	59120
3.66203333333333	66272
3.66536666666667	40432
3.66870000000000	56096
3.67203333333333	46672
3.67536666666667	61616
3.67870000000000	49072
3.68203333333333	45280
3.68536666666667	43376
3.68870000000000	40464
3.69205000000000	26944
3.69538333333333	42912
3.69871666666667	57136
3.70205000000000	68864
3.70538333333333	40896
3.70873333333333	54528
3.71206666666667	51792
3.71540000000000	47936
3.71873333333333	44656
3.72206666666667	49152
3.72541666666667	39264
3.72875000000000	58768
3.73208333333333	65136
3.73541666666667	50640
3.73875000000000	52256
3.74210000000000	32324
3.74543333333333	40016
3.74876666666667	46400
3.75210000000000	58560
3.75543333333333	55152
3.75878333333333	46032
3.76211666666667	60448
3.76545000000000	31056
3.76878333333333	49776
3.77211666666667	55760
3.77546666666667	66688
3.77880000000000	40464
3.78213333333333	40768
3.78546666666667	45840
3.78880000000000	49264
3.79215000000000	46928
3.79548333333333	44592
3.79881666666667	27104
3.80215000000000	47008
3.80548333333333	52976
3.80883333333333	49104
3.81216666666667	62400
3.81550000000000	34608
3.81883333333333	45536
3.82216666666667	42240
3.82551666666667	51440
3.82885000000000	63216
3.83218333333333	53728
3.83551666666667	44224
3.83885000000000	45584
3.84218333333333	37520
3.84553333333333	60816
3.84886666666667	60352
3.85220000000000	57216
3.85553333333333	57376
3.85886666666667	38544
3.86221666666667	44672
3.86555000000000	53504
3.86888333333333	48848
3.87221666666667	44176
3.87555000000000	44592
3.87890000000000	28484
3.88223333333333	36464
3.88556666666667	28380
3.88890000000000	26924
3.89223333333333	45424
3.89558333333333	39952
3.89891666666667	41664
3.90225000000000	43360
3.90558333333333	36336
3.90891666666667	38144
3.91226666666667	31916
3.91560000000000	38896
3.91893333333333	45152
3.92226666666667	39888
3.92560000000000	34640
3.92895000000000	50480
3.93228333333333	49680
3.93561666666667	55200
3.93895000000000	49632
3.94228333333333	44048
3.94563333333333	62400
3.94896666666667	34192
3.95230000000000	36832
3.95563333333333	50352
3.95896666666667	45200
3.96231666666667	40064
3.96565000000000	56224
3.96898333333333	36304
3.97231666666667	26032
3.97565000000000	15764
3.97900000000000	25520
3.98233333333333	35280
3.98566666666667	43872
3.98900000000000	42304
3.99233333333333	40528
3.99568333333333	47920
3.99901666666667	54432
4.00235000000000	30792
4.00568333333333	45744
4.00901666666667	45520
4.01236666666667	44224
4.01570000000000	20328
4.01903333333333	35376
4.02236666666667	50416
4.02570000000000	52384
4.02905000000000	50240
4.03238333333333	39440
4.03571666666667	46656
4.03905000000000	33328
4.04238333333333	39408
4.04573333333333	45488
4.04906666666667	40672
4.05240000000000	35856
4.05573333333333	39552
4.05906666666667	48688
4.06241666666667	47696
4.06575000000000	46752
4.06908333333333	28128
4.07241666666667	49200
4.07575000000000	68192
4.07910000000000	55936
4.08243333333333	40256
4.08576666666667	46208
4.08910000000000	35424
4.09243333333333	43200
4.09578333333333	31460
4.09911666666667	49872
4.10245000000000	42080
4.10578333333333	39440
4.10911666666667	36816
4.11246666666667	35408
4.11580000000000	34016
4.11913333333333	18292
4.12246666666667	41872
4.12580000000000	52976
4.12915000000000	57344
4.13248333333333	54144
4.13581666666667	46864
4.13915000000000	51744
4.14248333333333	29856
4.14583333333333	36896
4.14916666666667	43952
4.15250000000000	46048
4.15583333333333	45760
4.15916666666667	45472
4.16251666666667	52144
4.16585000000000	51312
4.16918333333333	50464
4.17251666666667	28392
4.17585000000000	41344
4.17918333333333	36368
4.18253333333333	43440
4.18586666666667	36816
4.18920000000000	65632
4.19253333333333	67088
4.19586666666667	54560
4.19921666666667	54864
4.20255000000000	43680
4.20588333333333	47392
4.20921666666667	52944
4.21255000000000	56192
4.21590000000000	26124
4.21923333333333	50816
4.22256666666667	53744
4.22590000000000	48608
4.22923333333333	36896
4.23258333333333	35776
4.23591666666667	34672
4.23925000000000	42864
4.24258333333333	57920
4.24591666666667	52880
4.24926666666667	57504
4.25260000000000	48576
4.25593333333333	59184
4.25926666666667	47024
4.26260000000000	30964
4.26595000000000	74784
4.26928333333333	55376
4.27261666666667	46208
4.27595000000000	48544
4.27928333333333	71712
4.28263333333333	21624
4.28596666666667	43248
4.28930000000000	37952
4.29263333333333	40416
4.29596666666667	43744
4.29931666666667	41904
4.30265000000000	40064
4.30598333333333	43712
4.30931666666667	47360
4.31265000000000	47424
4.31600000000000	44256
4.31933333333333	41072
4.32266666666667	37760
4.32600000000000	45952
4.32933333333333	46688
4.33268333333333	47424
4.33601666666667	50016
4.33935000000000	52592
4.34268333333333	37984
4.34601666666667	36736
4.34936666666667	28696
4.35270000000000	62080
4.35603333333333	62560
4.35936666666667	50960
4.36270000000000	54256
4.36605000000000	51216
4.36938333333333	51392
4.37271666666667	47008
4.37605000000000	47952
4.37938333333333	39664
4.38273333333333	41008
4.38606666666667	30840
4.38940000000000	47696
4.39273333333333	47440
4.39606666666667	47168
4.39941666666667	51200
4.40275000000000	55232
4.40608333333333	52912
4.40941666666667	47424
4.41275000000000	37056
4.41610000000000	57584
4.41943333333333	48128
4.42276666666667	61520
4.42610000000000	41232
4.42943333333333	40928
4.43278333333333	42704
4.43611666666667	33600
4.43945000000000	50896
4.44278333333333	49200
4.44611666666667	37776
4.44946666666667	39648
4.45280000000000	44480
4.45613333333333	48000
4.45946666666667	34496
4.46280000000000	37600
4.46615000000000	40720
4.46948333333333	35568
4.47281666666667	52144
4.47615000000000	51504
4.47948333333333	32620
4.48283333333333	41904
4.48616666666667	46064
4.48950000000000	45584
4.49283333333333	44848
4.49616666666667	44112
