1.50331666666667	317
1.50665000000000	430
1.50998333333333	0
1.51331666666667	0
1.51665000000000	0
1.52000000000000	0
1.52333333333333	0
1.52666666666667	0
1.53000000000000	0
1.53333333333333	0
1.53668333333333	0
1.54001666666667	146
1.54335000000000	73
1.54668333333333	0
1.55001666666667	0
1.55336666666667	200
1.55670000000000	400
1.56003333333333	442
1.56336666666667	0
1.56670000000000	0
1.57003333333333	0
1.57336666666667	0
1.57670000000000	0
1.58003333333333	0
1.58336666666667	0
1.58671666666667	0
1.59005000000000	0
1.59338333333333	426
1.59671666666667	353
1.60005000000000	280
1.60340000000000	140
1.60673333333333	0
1.61006666666667	0
1.61340000000000	25
1.61673333333333	50
1.62006666666667	25
1.62341666666667	0
1.62675000000000	0
1.63008333333333	0
1.63341666666667	0
1.63675000000000	0
1.64010000000000	0
1.64343333333333	0
1.64676666666667	340
1.65010000000000	681
1.65343333333333	791
1.65676666666667	230
1.66010000000000	0
1.66343333333333	891
1.66676666666667	0
1.67010000000000	0
1.67345000000000	12
1.67678333333333	27
1.68011666666667	58
1.68345000000000	89
1.68678333333333	769
1.69013333333333	630
1.69346666666667	439
1.69680000000000	299
1.70013333333333	370
1.70346666666667	185
1.70681666666667	0
1.71015000000000	326
1.71348333333333	12
1.71681666666667	12
1.72015000000000	0
1.72350000000000	61
1.72683333333333	31
1.73016666666667	0
1.73350000000000	0
1.73683333333333	0
1.74018333333333	0
1.74351666666667	0
1.74685000000000	0
1.75018333333333	0
1.75351666666667	0
1.75685000000000	0
1.76020000000000	0
1.76353333333333	0
1.76686666666667	0
1.77020000000000	0
1.77351666666667	0
1.77686666666667	0
1.78020000000000	0
1.78353333333333	0
1.78686666666667	0
1.79020000000000	0
1.79355000000000	266
1.79688333333333	133
1.80021666666667	0
1.80355000000000	980
1.80688333333333	550
1.81023333333333	121
1.81356666666667	13
1.81690000000000	0
1.82023333333333	33
1.82356666666667	17
1.82691666666667	0
1.83025000000000	0
1.83358333333333	0
1.83691666666667	0
1.84025000000000	0
1.84360000000000	0
1.84693333333333	0
1.85026666666667	0
1.85360000000000	158
1.85693333333333	79
1.86028333333333	0
1.86361666666667	0
1.86695000000000	0
1.87028333333333	0
1.87361666666667	0
1.87695000000000	0
1.88028333333333	0
1.88361666666667	0
1.88695000000000	0
1.89028333333333	0
1.89361666666667	0
1.89696666666667	0
1.90030000000000	0
1.90363333333333	0
1.90696666666667	0
1.91030000000000	0
1.91365000000000	151
1.91698333333333	301
1.92031666666667	715
1.92365000000000	618
1.92698333333333	0
1.93033333333333	361
1.93366666666667	445
1.93700000000000	0
1.94033333333333	0
1.94366666666667	0
1.94701666666667	0
1.95035000000000	122
1.95368333333333	731
1.95701666666667	669
1.96035000000000	300
1.96370000000000	325
1.96703333333333	275
1.97036666666667	0
1.97370000000000	0
1.97703333333333	0
1.98038333333333	0
1.98371666666667	274
1.98705000000000	353
1.99038333333333	0
1.99371666666667	0
1.99706666666667	417
2.00040000000000	444
2.00373333333333	0
2.00706666666667	0
2.01040000000000	0
2.01375000000000	0
2.01708333333333	0
2.02041666666667	0
2.02375000000000	0
2.02708333333333	255
2.03041666666667	330
2.03376666666667	392
2.03710000000000	0
2.04043333333333	0
2.04376666666667	0
2.04710000000000	0
2.05045000000000	0
2.05378333333333	0
2.05711666666667	0
2.06045000000000	0
2.06378333333333	546
2.06713333333333	902
2.07046666666667	582
2.07380000000000	0
2.07713333333333	463
2.08046666666667	0
2.08381666666667	373
2.08715000000000	0
2.09048333333333	0
2.09381666666667	73
2.09713333333333	86
2.10048333333333	100
2.10381666666667	50
2.10715000000000	0
2.11048333333333	299
2.11381666666667	149
2.11716666666667	0
2.12050000000000	0
2.12383333333333	543
2.12716666666667	271
2.13050000000000	0
2.13385000000000	0
2.13718333333333	0
2.14051666666667	0
2.14385000000000	0
2.14718333333333	508
2.15053333333333	419
2.15386666666667	0
2.15720000000000	296
2.16053333333333	0
2.16386666666667	13
2.16720000000000	6
2.17055000000000	0
2.17388333333333	0
2.17721666666667	0
2.18055000000000	0
2.18388333333333	100
2.18723333333333	371
2.19056666666667	435
2.19390000000000	479
2.19723333333333	192
2.20056666666667	359
2.20391666666667	0
2.20725000000000	28
2.21058333333333	0
2.21391666666667	0
2.21725000000000	0
2.22060000000000	0
2.22393333333333	0
2.22726666666667	0
2.23060000000000	0
2.23391666666667	171
2.23726666666667	86
2.24060000000000	0
2.24393333333333	0
2.24726666666667	172
2.25060000000000	198
2.25395000000000	0
2.25728333333333	0
2.26061666666667	0
2.26395000000000	0
2.26728333333333	0
2.27063333333333	891
2.27396666666667	933
2.27730000000000	332
2.28063333333333	469
2.28396666666667	888
2.28731666666667	1307
2.29065000000000	1246
2.29398333333333	1186
2.29731666666667	520
2.30065000000000	983
2.30398333333333	1350
2.30733333333333	1718
2.31066666666667	3215
2.31400000000000	4151
2.31733333333333	3798
2.32066666666667	3126
2.32401666666667	2454
2.32735000000000	4431
2.33068333333333	5782
2.33401666666667	5514
2.33735000000000	2645
2.34070000000000	7549
2.34403333333333	5242
2.34736666666667	5171
2.35070000000000	5054
2.35403333333333	6401
2.35736666666667	6723
2.36070000000000	7045
2.36403333333333	4256
2.36736666666667	7107
2.37070000000000	10204
2.37405000000000	9808
2.37738333333333	11900
2.38071666666667	10844
2.38405000000000	9784
2.38738333333333	11444
2.39073333333333	13104
2.39406666666667	12400
2.39740000000000	11696
2.40073333333333	17776
2.40406666666667	20332
2.40741666666667	15092
2.41075000000000	15304
2.41408333333333	14628
2.41741666666667	14588
2.42075000000000	12688
2.42410000000000	15340
2.42743333333333	15044
2.43076666666667	14744
2.43410000000000	20628
2.43741666666667	19324
2.44075000000000	16384
2.44410000000000	24368
2.44743333333333	25388
2.45076666666667	21732
2.45410000000000	20376
2.45743333333333	20692
2.46078333333333	21256
2.46411666666667	20660
2.46745000000000	20064
2.47078333333333	23772
2.47411666666667	23616
2.47746666666667	23456
2.48080000000000	31780
2.48413333333333	31888
2.48746666666667	36112
2.49080000000000	33632
2.49415000000000	28908
2.49748333333333	28936
2.50081666666667	30908
2.50415000000000	32880
2.50748333333333	31436
2.51083333333333	27468
2.51416666666667	35376
2.51750000000000	32800
2.52083333333333	30220
2.52415000000000	34304
2.52750000000000	37056
2.53083333333333	39808
2.53416666666667	36720
2.53750000000000	36976
2.54083333333333	34592
2.54418333333333	32224
2.54751666666667	28272
2.55085000000000	32112
2.55418333333333	37584
2.55751666666667	38144
2.56086666666667	38400
2.56420000000000	28388
2.56753333333333	37168
2.57086666666667	25464
2.57420000000000	33440
2.57753333333333	38032
2.58088333333333	41312
2.58421666666667	36192
2.58755000000000	37232
2.59088333333333	38272
2.59421666666667	42752
2.59756666666667	42864
2.60090000000000	42976
2.60423333333333	44544
2.60756666666667	46112
2.61090000000000	39536
2.61425000000000	42432
2.61758333333333	40912
2.62091666666667	40400
2.62425000000000	44928
2.62756666666667	44768
2.63091666666667	42736
2.63425000000000	42944
2.63758333333333	43152
2.64091666666667	43024
2.64425000000000	41984
2.64760000000000	40944
2.65093333333333	42400
2.65426666666667	33728
2.65760000000000	36912
2.66093333333333	40080
2.66428333333333	36416
2.66761666666667	42640
2.67095000000000	44672
2.67428333333333	33360
2.67761666666667	39744
2.68096666666667	38976
2.68430000000000	34192
2.68763333333333	43232
2.69096666666667	48640
2.69430000000000	48752
2.69765000000000	34304
2.70098333333333	51248
2.70431666666667	38112
2.70765000000000	56896
2.71098333333333	48320
2.71431666666667	47232
2.71766666666667	44688
2.72100000000000	40432
2.72433333333333	49408
2.72766666666667	30800
2.73100000000000	45872
2.73435000000000	44160
2.73768333333333	51744
2.74101666666667	45600
2.74435000000000	41376
2.74768333333333	43120
2.75103333333333	49136
2.75436666666667	46464
2.75770000000000	44976
2.76103333333333	48000
2.76436666666667	46688
2.76771666666667	33664
2.77105000000000	43616
2.77438333333333	53952
2.77771666666667	50320
2.78103333333333	53296
2.78438333333333	47456
2.78771666666667	45776
2.79105000000000	42720
2.79438333333333	43136
2.79771666666667	43744
2.80106666666667	44368
2.80440000000000	46912
2.80773333333333	46112
2.81106666666667	49328
2.81440000000000	51872
2.81775000000000	40960
2.82108333333333	47872
2.82441666666667	41696
2.82775000000000	31480
2.83108333333333	53728
2.83443333333333	59696
2.83776666666667	52256
2.84110000000000	47728
2.84443333333333	38672
2.84776666666667	44400
2.85110000000000	52352
2.85445000000000	47344
2.85778333333333	41248
2.86111666666667	31668
2.86445000000000	41904
2.86778333333333	46624
2.87113333333333	45840
2.87446666666667	42048
2.87780000000000	38720
2.88113333333333	45600
2.88446666666667	47648
2.88781666666667	49712
2.89115000000000	47280
2.89448333333333	44864
2.89781666666667	43216
2.90115000000000	41568
2.90450000000000	36992
2.90783333333333	45552
2.91116666666667	42976
2.91450000000000	40400
2.91783333333333	36400
2.92118333333333	42400
2.92451666666667	53936
2.92785000000000	51856
2.93118333333333	49024
2.93451666666667	37648
2.93786666666667	50560
2.94120000000000	43328
2.94453333333333	53392
2.94786666666667	40784
2.95120000000000	44224
2.95455000000000	44800
2.95788333333333	45376
2.96121666666667	46528
2.96455000000000	44592
2.96788333333333	42672
2.97123333333333	44480
2.97456666666667	48176
2.97790000000000	50048
2.98123333333333	39888
2.98456666666667	47808
2.98790000000000	36416
2.99125000000000	47280
2.99458333333333	52416
2.99791666666667	50768
3.00125000000000	43280
3.00458333333333	48928
3.00793333333333	52544
3.01126666666667	34448
3.01460000000000	43536
3.01793333333333	44640
3.02126666666667	49952
3.02461666666667	47712
3.02795000000000	49296
3.03128333333333	44176
3.03461666666667	31996
3.03795000000000	35024
3.04130000000000	40448
3.04463333333333	41680
3.04796666666667	42928
3.05130000000000	42272
3.05463333333333	47968
3.05798333333333	47840
3.06131666666667	39616
3.06465000000000	47760
3.06798333333333	44512
3.07131666666667	49664
3.07466666666667	50160
3.07800000000000	42448
3.08133333333333	42736
3.08466666666667	50352
3.08800000000000	47216
3.09133333333333	52880
3.09466666666667	52080
3.09800000000000	46112
3.10133333333333	36128
3.10466666666667	44592
3.10801666666667	59392
3.11135000000000	53568
3.11468333333333	50128
3.11801666666667	56464
3.12135000000000	50128
3.12468333333333	45008
3.12803333333333	53360
3.13136666666667	47776
3.13470000000000	51392
3.13803333333333	44880
3.14136666666667	47120
3.14471666666667	46608
3.14805000000000	55840
3.15138333333333	55168
3.15471666666667	43584
3.15805000000000	42304
3.16140000000000	42240
3.16473333333333	33792
3.16806666666667	42688
3.17140000000000	38192
3.17471666666667	33712
3.17806666666667	39568
3.18140000000000	34112
3.18473333333333	38000
3.18806666666667	41936
3.19140000000000	42672
3.19475000000000	43424
3.19808333333333	44128
3.20141666666667	43616
3.20475000000000	43120
3.20808333333333	44400
3.21143333333333	52640
3.21476666666667	57136
3.21810000000000	49952
3.22143333333333	52832
3.22476666666667	43696
3.22811666666667	38880
3.23145000000000	50992
3.23478333333333	49360
3.23811666666667	58128
3.24145000000000	28108
3.24480000000000	47376
3.24813333333333	43888
3.25146666666667	44592
3.25480000000000	44928
3.25813333333333	43856
3.26146666666667	41104
3.26481666666667	38288
3.26815000000000	37168
3.27148333333333	45568
3.27481666666667	37840
3.27815000000000	30108
3.28150000000000	45616
3.28483333333333	55728
3.28816666666667	47008
3.29150000000000	47024
3.29483333333333	44048
3.29818333333333	43424
3.30151666666667	42800
3.30485000000000	46608
3.30818333333333	45952
3.31151666666667	45280
3.31486666666667	51712
3.31820000000000	51200
3.32153333333333	43168
3.32486666666667	46992
3.32820000000000	40352
3.33155000000000	46688
3.33488333333333	49680
3.33821666666667	46016
3.34155000000000	58288
3.34488333333333	56416
3.34823333333333	54032
3.35156666666667	45600
3.35490000000000	34064
3.35823333333333	44752
3.36156666666667	46944
3.36491666666667	23780
3.36825000000000	40800
3.37158333333333	40976
3.37491666666667	47856
3.37825000000000	45536
3.38160000000000	43504
3.38493333333333	46144
3.38826666666667	43888
3.39160000000000	41648
3.39493333333333	51472
3.39826666666667	51456
3.40161666666667	52640
3.40495000000000	40608
3.40828333333333	47632
3.41161666666667	39184
3.41495000000000	43712
3.41830000000000	52368
3.42163333333333	46864
3.42496666666667	51616
3.42830000000000	53600
3.43163333333333	48224
3.43498333333333	38592
3.43831666666667	49456
3.44165000000000	40352
3.44498333333333	35104
3.44830000000000	53440
3.45165000000000	48272
3.45498333333333	53184
3.45831666666667	39552
3.46165000000000	54096
3.46498333333333	42352
3.46833333333333	44432
3.47166666666667	41424
3.47500000000000	43136
3.47833333333333	45104
3.48166666666667	45120
3.48501666666667	44352
3.48835000000000	46112
3.49168333333333	45536
3.49501666666667	44960
3.49835000000000	39872
3.50170000000000	44880
3.50503333333333	49872
3.50836666666667	52064
3.51170000000000	43872
3.51503333333333	27748
3.51838333333333	29912
3.52171666666667	47440
3.52505000000000	39312
3.52838333333333	45392
3.53171666666667	42272
3.53503333333333	41088
3.53838333333333	43488
3.54171666666667	45872
3.54505000000000	36688
3.54838333333333	39216
3.55171666666667	41760
3.55506666666667	31520
3.55840000000000	52048
3.56173333333333	45376
3.56506666666667	42304
3.56840000000000	42176
3.57175000000000	49488
3.57508333333333	51568
3.57841666666667	31080
3.58175000000000	55936
3.58508333333333	36560
3.58843333333333	38736
3.59176666666667	52880
3.59510000000000	48688
3.59843333333333	47488
3.60176666666667	46144
3.60511666666667	40048
3.60845000000000	50048
3.61178333333333	52048
3.61511666666667	48288
3.61845000000000	36256
3.62180000000000	45200
3.62513333333333	50912
3.62846666666667	49328
3.63180000000000	46432
3.63513333333333	45904
3.63848333333333	42704
3.64181666666667	47200
3.64515000000000	47984
3.64848333333333	47440
3.65181666666667	46912
3.65515000000000	47536
3.65848333333333	41184
3.66181666666667	53104
3.66515000000000	34736
3.66848333333333	49056
3.67181666666667	55488
3.67516666666667	43488
3.67850000000000	48240
3.68183333333333	43008
3.68516666666667	49440
3.68850000000000	55584
3.69185000000000	60304
3.69518333333333	41360
3.69851666666667	47168
3.70185000000000	41184
3.70518333333333	48880
3.70853333333333	52544
3.71186666666667	37968
3.71520000000000	51776
3.71853333333333	34976
3.72186666666667	40336
3.72521666666667	29096
3.72855000000000	44032
3.73188333333333	51600
3.73521666666667	46192
3.73855000000000	35568
3.74188333333333	40560
3.74521666666667	44880
3.74855000000000	42400
3.75188333333333	51696
3.75521666666667	54176
3.75856666666667	38096
3.76190000000000	38256
3.76523333333333	47184
3.76856666666667	42272
3.77190000000000	39952
3.77525000000000	48256
3.77858333333333	47840
3.78191666666667	46160
3.78525000000000	47296
3.78858333333333	49280
3.79193333333333	55840
3.79526666666667	33408
3.79860000000000	39696
3.80193333333333	49392
3.80526666666667	51504
3.80860000000000	51792
3.81195000000000	52256
3.81528333333333	49664
3.81861666666667	45024
3.82195000000000	46592
3.82528333333333	42016
3.82863333333333	37440
3.83196666666667	50528
3.83530000000000	44560
3.83863333333333	44240
3.84196666666667	43920
3.84531666666667	40528
3.84865000000000	30480
3.85198333333333	44832
3.85531666666667	46432
3.85865000000000	55488
3.86198333333333	43104
3.86531666666667	44432
3.86865000000000	57360
3.87198333333333	37440
3.87531666666667	38448
3.87866666666667	48224
3.88200000000000	37760
3.88533333333333	41776
3.88866666666667	39696
3.89200000000000	57200
3.89535000000000	55184
3.89868333333333	42224
3.90201666666667	45648
3.90535000000000	53872
3.90868333333333	56336
3.91203333333333	60416
3.91536666666667	46128
3.91870000000000	43232
3.92203333333333	36768
3.92536666666667	44432
3.92870000000000	35040
3.93203333333333	40080
3.93536666666667	45120
3.93870000000000	43072
3.94203333333333	40112
3.94536666666667	43296
3.94871666666667	46480
3.95205000000000	43776
3.95538333333333	41072
3.95871666666667	48128
3.96205000000000	44736
3.96540000000000	44720
3.96873333333333	44720
3.97206666666667	46896
3.97540000000000	49072
3.97873333333333	42720
3.98208333333333	36368
3.98541666666667	38160
3.98875000000000	48400
3.99208333333333	46320
3.99541666666667	40656
3.99876666666667	48352
4.00210000000000	45008
4.00543333333333	47040
4.00876666666667	51600
4.01208333333333	36944
4.01543333333333	41360
4.01876666666667	48592
4.02210000000000	43616
4.02543333333333	40464
4.02876666666667	35888
4.03211666666667	51328
4.03545000000000	48592
4.03878333333333	47568
4.04211666666667	41696
4.04545000000000	39440
4.04880000000000	42752
4.05213333333333	44528
4.05546666666667	34992
4.05880000000000	47456
4.06213333333333	47616
4.06548333333333	46144
4.06881666666667	40880
4.07215000000000	47280
4.07548333333333	45920
4.07881666666667	44576
4.08215000000000	44848
4.08550000000000	45120
4.08883333333333	43360
4.09216666666667	39632
4.09548333333333	43008
4.09881666666667	41248
4.10216666666667	39488
4.10550000000000	50512
4.10883333333333	55280
4.11216666666667	55520
4.11550000000000	48544
4.11885000000000	45104
4.12218333333333	35520
4.12551666666667	43776
4.12885000000000	38496
4.13218333333333	39840
4.13553333333333	43792
4.13886666666667	41616
4.14220000000000	39440
4.14553333333333	44832
4.14886666666667	45104
4.15221666666667	45376
4.15555000000000	44256
4.15888333333333	43152
4.16221666666667	32292
4.16555000000000	53776
4.16890000000000	49216
4.17223333333333	39600
4.17556666666667	45648
4.17890000000000	43424
4.18223333333333	42976
4.18558333333333	41488
4.18891666666667	39984
4.19225000000000	37488
4.19558333333333	42512
4.19891666666667	46016
4.20225000000000	46400
4.20558333333333	45824
4.20891666666667	45232
4.21225000000000	47456
4.21558333333333	49664
4.21891666666667	48544
4.22226666666667	47424
4.22560000000000	41424
4.22893333333333	48416
4.23226666666667	42880
4.23560000000000	55264
4.23895000000000	50864
4.24228333333333	43360
4.24561666666667	38192
4.24895000000000	33168
4.25228333333333	39584
4.25563333333333	39840
4.25896666666667	44848
4.26230000000000	38976
4.26563333333333	43136
4.26896666666667	36000
4.27231666666667	39344
4.27565000000000	41440
4.27898333333333	45120
4.28231666666667	46336
4.28565000000000	47552
4.28900000000000	48288
4.29233333333333	39200
4.29566666666667	59888
4.29900000000000	57088
4.30233333333333	41040
4.30568333333333	41008
4.30901666666667	41376
4.31235000000000	36400
4.31568333333333	48320
4.31901666666667	45024
4.32236666666667	48800
4.32570000000000	46336
4.32903333333333	43888
4.33236666666667	53888
4.33570000000000	33504
4.33905000000000	43504
4.34238333333333	40512
4.34571666666667	48592
4.34905000000000	42928
4.35238333333333	34640
4.35570000000000	48160
4.35905000000000	54400
4.36238333333333	45904
4.36571666666667	40352
4.36905000000000	43488
4.37238333333333	46848
4.37573333333333	39712
4.37906666666667	43280
4.38240000000000	42320
4.38573333333333	42496
4.38906666666667	42672
4.39241666666667	41184
4.39575000000000	39696
4.39908333333333	43872
4.40241666666667	41328
4.40575000000000	36080
4.40910000000000	42768
4.41243333333333	42304
4.41576666666667	41840
4.41910000000000	35696
4.42243333333333	29556
4.42578333333333	41888
4.42911666666667	43504
4.43245000000000	35920
4.43578333333333	40096
4.43911666666667	38112
4.44246666666667	60432
4.44580000000000	55392
4.44913333333333	44688
4.45246666666667	52256
4.45580000000000	43616
4.45915000000000	52784
4.46248333333333	38256
4.46581666666667	52480
4.46915000000000	39984
4.47248333333333	41232
4.47583333333333	47616
4.47916666666667	46080
4.48250000000000	44528
4.48583333333333	40096
4.48916666666667	45152
4.49248333333333	44816
4.49583333333333	44480
