1.50331666666667	0
1.50665000000000	3874
1.50998333333333	0
1.51331666666667	0
1.51665000000000	1080
1.52000000000000	0
1.52333333333333	0
1.52666666666667	1773
1.53000000000000	886
1.53333333333333	0
1.53668333333333	0
1.54001666666667	0
1.54335000000000	0
1.54668333333333	0
1.55001666666667	0
1.55336666666667	0
1.55670000000000	0
1.56003333333333	0
1.56336666666667	0
1.56670000000000	0
1.57005000000000	0
1.57338333333333	0
1.57671666666667	0
1.58005000000000	0
1.58338333333333	0
1.58673333333333	1142
1.59006666666667	571
1.59340000000000	0
1.59673333333333	0
1.60006666666667	0
1.60341666666667	0
1.60675000000000	0
1.61008333333333	0
1.61341666666667	0
1.61675000000000	0
1.62010000000000	0
1.62343333333333	0
1.62676666666667	0
1.63010000000000	0
1.63343333333333	0
1.63678333333333	0
1.64011666666667	0
1.64345000000000	0
1.64678333333333	0
1.65011666666667	338
1.65346666666667	169
1.65680000000000	0
1.66013333333333	0
1.66346666666667	0
1.66680000000000	0
1.67015000000000	1088
1.67348333333333	1039
1.67681666666667	0
1.68015000000000	307
1.68348333333333	0
1.68683333333333	0
1.69016666666667	0
1.69350000000000	0
1.69683333333333	0
1.70016666666667	0
1.70351666666667	0
1.70685000000000	0
1.71018333333333	0
1.71351666666667	0
1.71685000000000	1852
1.72020000000000	926
1.72353333333333	0
1.72686666666667	2140
1.73020000000000	941
1.73353333333333	2048
1.73688333333333	0
1.74021666666667	0
1.74355000000000	0
1.74688333333333	0
1.75021666666667	0
1.75356666666667	0
1.75690000000000	0
1.76023333333333	0
1.76356666666667	0
1.76690000000000	0
1.77025000000000	0
1.77358333333333	0
1.77691666666667	0
1.78025000000000	0
1.78358333333333	0
1.78693333333333	0
1.79026666666667	0
1.79360000000000	0
1.79693333333333	0
1.80026666666667	0
1.80361666666667	0
1.80695000000000	0
1.81028333333333	0
1.81361666666667	0
1.81695000000000	0
1.82028333333333	0
1.82363333333333	0
1.82696666666667	0
1.83030000000000	0
1.83363333333333	0
1.83696666666667	681
1.84031666666667	1363
1.84365000000000	875
1.84698333333333	0
1.85031666666667	0
1.85365000000000	0
1.85700000000000	0
1.86033333333333	0
1.86366666666667	0
1.86700000000000	826
1.87033333333333	413
1.87368333333333	0
1.87701666666667	0
1.88035000000000	0
1.88368333333333	0
1.88701666666667	0
1.89036666666667	0
1.89370000000000	0
1.89703333333333	0
1.90036666666667	0
1.90370000000000	0
1.90705000000000	0
1.91038333333333	0
1.91371666666667	0
1.91705000000000	0
1.92038333333333	0
1.92373333333333	0
1.92706666666667	0
1.93040000000000	0
1.93373333333333	0
1.93706666666667	0
1.94041666666667	0
1.94375000000000	0
1.94708333333333	0
1.95041666666667	0
1.95375000000000	0
1.95710000000000	0
1.96043333333333	0
1.96376666666667	0
1.96710000000000	0
1.97043333333333	0
1.97378333333333	0
1.97711666666667	0
1.98045000000000	0
1.98378333333333	0
1.98711666666667	0
1.99046666666667	0
1.99380000000000	0
1.99713333333333	0
2.00046666666667	0
2.00380000000000	0
2.00715000000000	0
2.01048333333333	0
2.01381666666667	0
2.01715000000000	0
2.02048333333333	0
2.02383333333333	0
2.02716666666667	0
2.03050000000000	0
2.03383333333333	0
2.03716666666667	0
2.04051666666667	0
2.04385000000000	955
2.04718333333333	1109
2.05051666666667	1093
2.05385000000000	547
2.05720000000000	0
2.06053333333333	0
2.06386666666667	0
2.06720000000000	171
2.07053333333333	341
2.07388333333333	471
2.07721666666667	0
2.08055000000000	0
2.08388333333333	0
2.08721666666667	0
2.09056666666667	0
2.09390000000000	0
2.09723333333333	0
2.10056666666667	0
2.10390000000000	0
2.10725000000000	0
2.11058333333333	0
2.11391666666667	0
2.11725000000000	0
2.12058333333333	0
2.12393333333333	0
2.12726666666667	0
2.13060000000000	0
2.13393333333333	0
2.13726666666667	0
2.14061666666667	0
2.14395000000000	0
2.14728333333333	0
2.15061666666667	0
2.15395000000000	0
2.15728333333333	0
2.16063333333333	0
2.16396666666667	0
2.16730000000000	0
2.17063333333333	0
2.17396666666667	0
2.17731666666667	0
2.18065000000000	0
2.18398333333333	0
2.18731666666667	0
2.19065000000000	0
2.19400000000000	306
2.19733333333333	153
2.20066666666667	0
2.20400000000000	0
2.20733333333333	0
2.21068333333333	0
2.21401666666667	0
2.21735000000000	0
2.22068333333333	0
2.22401666666667	0
2.22736666666667	0
2.23070000000000	0
2.23403333333333	0
2.23736666666667	0
2.24070000000000	0
2.24405000000000	0
2.24738333333333	0
2.25071666666667	0
2.25405000000000	0
2.25738333333333	0
2.26073333333333	0
2.26406666666667	0
2.26740000000000	0
2.27073333333333	947
2.27406666666667	2373
2.27741666666667	3799
2.28075000000000	3679
2.28408333333333	4393
2.28741666666667	5107
2.29075000000000	3453
2.29410000000000	1800
2.29743333333333	10956
2.30076666666667	9000
2.30410000000000	7455
2.30743333333333	10372
2.31078333333333	4999
2.31411666666667	4479
2.31745000000000	9928
2.32078333333333	7730
2.32411666666667	9744
2.32746666666667	8660
2.33080000000000	7575
2.33413333333333	9192
2.33746666666667	10804
2.34080000000000	21800
2.34415000000000	18016
2.34748333333333	14232
2.35081666666667	19680
2.35415000000000	20656
2.35748333333333	22180
2.36083333333333	21804
2.36416666666667	21432
2.36750000000000	20152
2.37083333333333	18868
2.37416666666667	17948
2.37751666666667	21620
2.38085000000000	25084
2.38418333333333	28548
2.38751666666667	29504
2.39085000000000	37584
2.39420000000000	36288
2.39753333333333	34992
2.40086666666667	57888
2.40420000000000	60112
2.40753333333333	39216
2.41088333333333	38976
2.41421666666667	37648
2.41755000000000	36544
2.42088333333333	52688
2.42421666666667	63120
2.42756666666667	59328
2.43090000000000	52480
2.43423333333333	69328
2.43756666666667	39808
2.44090000000000	57808
2.44425000000000	49472
2.44758333333333	35088
2.45091666666667	60320
2.45425000000000	56736
2.45758333333333	53168
2.46093333333333	59440
2.46426666666667	65712
2.46760000000000	63088
2.47093333333333	60464
2.47426666666667	70656
2.47761666666667	76144
2.48095000000000	81632
2.48428333333333	83232
2.48761666666667	71600
2.49095000000000	81456
2.49428333333333	69904
2.49763333333333	81472
2.50096666666667	70720
2.50430000000000	52688
2.50763333333333	59808
2.51096666666667	66960
2.51431666666667	74112
2.51765000000000	73200
2.52098333333333	72288
2.52431666666667	75200
2.52765000000000	78112
2.53100000000000	79648
2.53433333333333	79568
2.53766666666667	79504
2.54100000000000	83152
2.54433333333333	86800
2.54768333333333	97120
2.55101666666667	124288
2.55435000000000	123296
2.55768333333333	69504
2.56101666666667	74384
2.56436666666667	91840
2.56770000000000	94400
2.57103333333333	90000
2.57436666666667	85584
2.57770000000000	89632
2.58105000000000	67312
2.58438333333333	69968
2.58771666666667	72640
2.59105000000000	81632
2.59438333333333	99296
2.59773333333333	107888
2.60106666666667	110512
2.60440000000000	67920
2.60773333333333	120592
2.61106666666667	108048
2.61441666666667	90128
2.61775000000000	112192
2.62108333333333	125328
2.62441666666667	111376
2.62775000000000	114464
2.63110000000000	105568
2.63443333333333	57920
2.63776666666667	94032
2.64110000000000	122656
2.64443333333333	112000
2.64778333333333	97568
2.65111666666667	104144
2.65445000000000	110560
2.65778333333333	109712
2.66111666666667	108864
2.66446666666667	109216
2.66780000000000	104384
2.67113333333333	108784
2.67446666666667	113184
2.67780000000000	67792
2.68115000000000	110896
2.68448333333333	83008
2.68781666666667	94720
2.69115000000000	91440
2.69448333333333	92224
2.69783333333333	94144
2.70116666666667	96048
2.70450000000000	91376
2.70783333333333	86688
2.71116666666667	111312
2.71451666666667	114800
2.71785000000000	109392
2.72118333333333	80752
2.72451666666667	117456
2.72785000000000	109872
2.73120000000000	93008
2.73453333333333	115568
2.73786666666667	108800
2.74120000000000	100016
2.74453333333333	124368
2.74788333333333	118896
2.75121666666667	106080
2.75455000000000	103824
2.75788333333333	101584
2.76121666666667	94880
2.76456666666667	88176
2.76790000000000	64816
2.77123333333333	132288
2.77456666666667	112320
2.77790000000000	121040
2.78125000000000	118880
2.78458333333333	115504
2.78791666666667	118128
2.79125000000000	120752
2.79458333333333	124832
2.79793333333333	111936
2.80126666666667	108640
2.80460000000000	105328
2.80793333333333	126176
2.81126666666667	117360
2.81461666666667	108528
2.81795000000000	100624
2.82128333333333	130928
2.82461666666667	125280
2.82795000000000	114144
2.83128333333333	136960
2.83463333333333	131520
2.83796666666667	139712
2.84130000000000	106384
2.84463333333333	118560
2.84796666666667	120208
2.85131666666667	132480
2.85465000000000	122928
2.85798333333333	113408
2.86131666666667	126432
2.86465000000000	134464
2.86800000000000	103840
2.87133333333333	78144
2.87466666666667	69072
2.87800000000000	84160
2.88133333333333	97232
2.88468333333333	98896
2.88801666666667	110352
2.89135000000000	121824
2.89468333333333	133504
2.89801666666667	129360
2.90136666666667	106400
2.90470000000000	119872
2.90803333333333	78480
2.91136666666667	118256
2.91470000000000	138624
2.91805000000000	124112
2.92138333333333	104272
2.92471666666667	110608
2.92805000000000	115248
2.93138333333333	117120
2.93473333333333	123040
2.93806666666667	127856
2.94140000000000	87856
2.94473333333333	97008
2.94806666666667	132864
2.95141666666667	97888
2.95475000000000	103824
2.95808333333333	116096
2.96141666666667	95408
2.96475000000000	122736
2.96810000000000	116720
2.97143333333333	110704
2.97476666666667	105984
2.97810000000000	98704
2.98143333333333	117440
2.98478333333333	118176
2.98811666666667	147584
2.99145000000000	141056
2.99478333333333	118352
2.99811666666667	72112
3.00146666666667	116624
3.00480000000000	87984
3.00813333333333	123936
3.01146666666667	119088
3.01480000000000	114224
3.01815000000000	71168
3.02148333333333	125952
3.02481666666667	124688
3.02815000000000	60736
3.03148333333333	122864
3.03483333333333	129024
3.03816666666667	118768
3.04150000000000	114448
3.04483333333333	135744
3.04816666666667	130176
3.05151666666667	113168
3.05485000000000	79520
3.05818333333333	122288
3.06151666666667	109120
3.06485000000000	137280
3.06820000000000	115008
3.07153333333333	150272
3.07486666666667	82880
3.07820000000000	120608
3.08153333333333	128928
3.08488333333333	142080
3.08821666666667	113088
3.09155000000000	90272
3.09488333333333	93520
3.09821666666667	115184
3.10156666666667	88288
3.10490000000000	109936
3.10823333333333	91696
3.11156666666667	99248
3.11490000000000	106816
3.11825000000000	110016
3.12158333333333	126320
3.12491666666667	129728
3.12825000000000	107744
3.13158333333333	83984
3.13493333333333	125376
3.13826666666667	125808
3.14160000000000	142784
3.14493333333333	103408
3.14826666666667	139136
3.15161666666667	137600
3.15495000000000	101552
3.15828333333333	99840
3.16161666666667	121872
3.16495000000000	124560
3.16828333333333	101392
3.17163333333333	90896
3.17496666666667	117648
3.17830000000000	94656
3.18163333333333	110192
3.18496666666667	115648
3.18831666666667	104704
3.19165000000000	122656
3.19498333333333	128224
3.19831666666667	83088
3.20165000000000	127712
3.20500000000000	82896
3.20833333333333	78384
3.21166666666667	126768
3.21500000000000	131520
3.21833333333333	110544
3.22168333333333	141376
3.22501666666667	101632
3.22835000000000	120064
3.23168333333333	143744
3.23501666666667	82112
3.23836666666667	84384
3.24170000000000	154880
3.24503333333333	114192
3.24836666666667	135296
3.25170000000000	136128
3.25505000000000	115280
3.25838333333333	86624
3.26171666666667	91536
3.26505000000000	106640
3.26838333333333	121728
3.27173333333333	115008
3.27506666666667	69424
3.27840000000000	103360
3.28173333333333	114608
3.28506666666667	132864
3.28841666666667	118128
3.29175000000000	86480
3.29508333333333	140800
3.29841666666667	111680
3.30175000000000	67440
3.30510000000000	111104
3.30843333333333	102864
3.31176666666667	49328
3.31510000000000	113296
3.31843333333333	121936
3.32178333333333	144192
3.32511666666667	137088
3.32845000000000	109616
3.33178333333333	103248
3.33511666666667	144256
3.33846666666667	129008
3.34180000000000	134336
3.34513333333333	120000
3.34846666666667	112320
3.35180000000000	131520
3.35515000000000	84352
3.35848333333333	120528
3.36181666666667	118512
3.36515000000000	106112
3.36848333333333	93696
3.37183333333333	125968
3.37516666666667	113024
3.37850000000000	122144
3.38183333333333	113056
3.38516666666667	103952
3.38851666666667	106016
3.39185000000000	106192
3.39518333333333	106384
3.39851666666667	114864
3.40185000000000	86240
3.40520000000000	80448
3.40853333333333	112256
3.41186666666667	83536
3.41520000000000	99152
3.41853333333333	116528
3.42188333333333	102944
3.42521666666667	89344
3.42855000000000	82480
3.43188333333333	115264
3.43521666666667	110080
3.43856666666667	91792
3.44190000000000	131264
3.44523333333333	120576
3.44856666666667	100496
3.45190000000000	131392
3.45525000000000	106080
3.45858333333333	113040
3.46191666666667	94848
3.46525000000000	106592
3.46858333333333	118320
3.47193333333333	100624
3.47526666666667	82944
3.47860000000000	120896
3.48193333333333	134592
3.48526666666667	135040
3.48861666666667	106784
3.49195000000000	125952
3.49528333333333	100608
3.49861666666667	117328
3.50195000000000	131584
3.50528333333333	100208
3.50863333333333	120752
3.51196666666667	110928
3.51530000000000	92368
3.51863333333333	130576
3.52196666666667	135040
3.52531666666667	149888
3.52865000000000	100624
3.53198333333333	114640
3.53531666666667	149184
3.53865000000000	83504
3.54200000000000	85184
3.54533333333333	86944
3.54866666666667	92336
3.55200000000000	97712
3.55533333333333	114528
3.55868333333333	127696
3.56201666666667	126816
3.56535000000000	141312
3.56868333333333	95824
3.57201666666667	114368
3.57536666666667	80512
3.57870000000000	111552
3.58203333333333	125472
3.58536666666667	117888
3.58870000000000	110304
3.59205000000000	114208
3.59538333333333	118128
3.59871666666667	64144
3.60205000000000	123376
3.60538333333333	151232
3.60873333333333	121136
3.61206666666667	114752
3.61540000000000	130704
3.61873333333333	106608
3.62206666666667	126000
3.62541666666667	68032
3.62875000000000	113264
3.63208333333333	101968
3.63541666666667	96288
3.63875000000000	104112
3.64210000000000	111920
3.64543333333333	106688
3.64876666666667	101456
3.65210000000000	86576
3.65543333333333	93936
3.65878333333333	98320
3.66211666666667	92816
3.66545000000000	87312
3.66878333333333	119968
3.67211666666667	123520
3.67546666666667	105504
3.67880000000000	87488
3.68213333333333	121888
3.68546666666667	108608
3.68880000000000	119328
3.69215000000000	126512
3.69548333333333	128320
3.69881666666667	130144
3.70215000000000	117648
3.70548333333333	112352
3.70883333333333	130528
3.71216666666667	128352
3.71550000000000	126160
3.71883333333333	110160
3.72216666666667	121008
3.72551666666667	135808
3.72885000000000	125392
3.73218333333333	117488
3.73551666666667	132416
3.73885000000000	94816
3.74220000000000	98528
3.74553333333333	132032
3.74886666666667	62256
3.75220000000000	77088
3.75553333333333	111344
3.75888333333333	143168
3.76221666666667	116480
3.76555000000000	112224
3.76888333333333	97120
3.77221666666667	103168
3.77556666666667	92496
3.77890000000000	81824
3.78223333333333	123984
3.78556666666667	114672
3.78890000000000	91936
3.79225000000000	101712
3.79558333333333	87920
3.79891666666667	97840
3.80225000000000	107760
3.80558333333333	123920
3.80893333333333	113488
3.81226666666667	103680
3.81560000000000	111520
3.81893333333333	99776
3.82226666666667	109744
3.82561666666667	98288
3.82895000000000	102864
3.83228333333333	121712
3.83561666666667	120336
3.83895000000000	70432
3.84228333333333	114240
3.84563333333333	130528
3.84896666666667	94080
3.85230000000000	117792
3.85563333333333	145408
3.85896666666667	107152
3.86231666666667	153728
3.86565000000000	148800
3.86898333333333	113232
3.87231666666667	124144
3.87565000000000	124480
3.87900000000000	118160
3.88233333333333	91024
3.88566666666667	106416
3.88900000000000	120160
3.89233333333333	138304
3.89568333333333	119856
3.89901666666667	146752
3.90235000000000	106784
3.90568333333333	98000
3.90901666666667	134528
3.91236666666667	107904
3.91570000000000	79008
3.91903333333333	107920
3.92236666666667	114240
3.92570000000000	98336
3.92905000000000	111792
3.93238333333333	103904
3.93571666666667	104272
3.93905000000000	105280
3.94238333333333	57712
3.94573333333333	104496
3.94906666666667	79088
3.95240000000000	127184
3.95573333333333	124272
3.95906666666667	118752
3.96241666666667	86224
3.96575000000000	121568
3.96908333333333	116576
3.97241666666667	139968
3.97575000000000	137280
3.97910000000000	134592
3.98243333333333	117344
3.98576666666667	115968
3.98910000000000	105280
3.99243333333333	127440
3.99578333333333	125136
3.99911666666667	114944
4.00245000000000	104768
4.00578333333333	71376
4.00911666666667	120672
4.01246666666667	91728
4.01580000000000	125408
4.01913333333333	115584
4.02246666666667	136000
4.02580000000000	91856
4.02915000000000	110768
4.03248333333333	106336
4.03581666666667	108944
4.03915000000000	143232
4.04248333333333	117584
4.04583333333333	91936
4.04916666666667	102864
4.05250000000000	100992
4.05583333333333	100976
4.05916666666667	100400
4.06251666666667	99824
4.06585000000000	112240
4.06918333333333	140224
4.07251666666667	145600
4.07585000000000	101312
4.07920000000000	131456
4.08253333333333	79376
4.08586666666667	117968
4.08920000000000	125008
4.09253333333333	131520
4.09588333333333	105504
4.09921666666667	92640
4.10255000000000	117312
4.10588333333333	146496
4.10921666666667	141824
4.11256666666667	114304
4.11590000000000	149504
4.11923333333333	93200
4.12256666666667	126432
4.12590000000000	102944
4.12925000000000	126848
4.13258333333333	115328
4.13591666666667	107824
4.13925000000000	121216
4.14258333333333	121168
4.14593333333333	135936
4.14926666666667	97120
4.15260000000000	129184
4.15593333333333	108960
4.15926666666667	106656
4.16261666666667	101632
4.16595000000000	93360
4.16928333333333	124112
4.17261666666667	129296
4.17595000000000	111408
4.17928333333333	101952
4.18263333333333	98384
4.18596666666667	128048
4.18930000000000	130480
4.19263333333333	63040
4.19596666666667	121120
4.19931666666667	145344
4.20265000000000	119040
4.20598333333333	79040
4.20931666666667	73520
4.21265000000000	113088
4.21600000000000	126096
4.21933333333333	146304
4.22266666666667	118864
4.22600000000000	108784
4.22933333333333	120064
4.23268333333333	110544
4.23601666666667	116080
4.23935000000000	121616
4.24268333333333	104576
4.24601666666667	122976
4.24936666666667	125872
4.25270000000000	129392
4.25603333333333	105824
4.25936666666667	114688
4.26270000000000	113008
4.26605000000000	72464
4.26938333333333	78784
4.27271666666667	111408
4.27605000000000	117680
4.27938333333333	123680
4.28273333333333	141952
4.28606666666667	136512
4.28940000000000	124400
4.29273333333333	112288
4.29606666666667	124416
4.29941666666667	101216
4.30275000000000	103184
4.30608333333333	105168
4.30941666666667	107568
4.31275000000000	109984
4.31610000000000	113008
4.31943333333333	113504
4.32276666666667	115424
4.32610000000000	110512
4.32943333333333	107072
4.33278333333333	114544
4.33611666666667	116016
4.33945000000000	117504
4.34278333333333	119472
4.34611666666667	108896
4.34946666666667	104368
4.35280000000000	99824
4.35613333333333	58992
4.35946666666667	121504
4.36280000000000	142528
4.36615000000000	98832
4.36948333333333	112288
4.37281666666667	96368
4.37615000000000	67552
4.37948333333333	108656
4.38283333333333	116864
4.38616666666667	107344
4.38950000000000	112272
4.39283333333333	117200
4.39616666666667	102096
4.39951666666667	107968
4.40285000000000	118496
4.40618333333333	103728
4.40951666666667	88960
4.41285000000000	103712
4.41620000000000	107504
4.41953333333333	111312
4.42286666666667	102672
4.42620000000000	96976
4.42953333333333	133632
4.43288333333333	141824
4.43621666666667	101392
4.43955000000000	123760
4.44288333333333	133056
4.44621666666667	126672
4.44956666666667	67904
4.45290000000000	62720
4.45623333333333	111328
4.45956666666667	128976
4.46290000000000	56880
4.46625000000000	123440
4.46958333333333	125504
4.47291666666667	133568
4.47625000000000	129984
4.47958333333333	132736
4.48293333333333	123152
4.48626666666667	122304
4.48960000000000	120544
4.49293333333333	111936
4.49626666666667	117888
