1.50331666666667	0
1.50665000000000	0
1.50998333333333	434
1.51331666666667	0
1.51665000000000	0
1.52000000000000	0
1.52333333333333	0
1.52666666666667	0
1.53000000000000	0
1.53333333333333	0
1.53668333333333	0
1.54001666666667	0
1.54335000000000	0
1.54668333333333	0
1.55001666666667	0
1.55336666666667	0
1.55670000000000	0
1.56003333333333	0
1.56336666666667	0
1.56670000000000	0
1.57005000000000	0
1.57338333333333	0
1.57671666666667	0
1.58005000000000	0
1.58338333333333	0
1.58673333333333	0
1.59006666666667	0
1.59340000000000	0
1.59673333333333	0
1.60006666666667	0
1.60341666666667	468
1.60675000000000	234
1.61008333333333	0
1.61341666666667	0
1.61675000000000	0
1.62010000000000	0
1.62343333333333	0
1.62676666666667	0
1.63010000000000	0
1.63343333333333	0
1.63678333333333	0
1.64011666666667	0
1.64345000000000	0
1.64678333333333	0
1.65011666666667	0
1.65346666666667	0
1.65680000000000	0
1.66013333333333	0
1.66346666666667	0
1.66680000000000	0
1.67015000000000	0
1.67348333333333	0
1.67681666666667	0
1.68015000000000	0
1.68348333333333	0
1.68683333333333	0
1.69016666666667	0
1.69350000000000	0
1.69683333333333	0
1.70016666666667	0
1.70351666666667	0
1.70685000000000	0
1.71018333333333	400
1.71351666666667	200
1.71685000000000	0
1.72020000000000	516
1.72353333333333	0
1.72686666666667	0
1.73020000000000	0
1.73353333333333	0
1.73688333333333	0
1.74021666666667	0
1.74355000000000	0
1.74688333333333	0
1.75021666666667	0
1.75356666666667	0
1.75690000000000	0
1.76023333333333	0
1.76356666666667	0
1.76690000000000	0
1.77025000000000	0
1.77358333333333	0
1.77691666666667	0
1.78025000000000	0
1.78358333333333	0
1.78693333333333	0
1.79026666666667	0
1.79360000000000	0
1.79693333333333	0
1.80026666666667	0
1.80361666666667	0
1.80695000000000	0
1.81028333333333	0
1.81361666666667	0
1.81695000000000	1198
1.82028333333333	871
1.82363333333333	543
1.82696666666667	0
1.83030000000000	0
1.83363333333333	0
1.83696666666667	0
1.84031666666667	0
1.84365000000000	0
1.84698333333333	0
1.85031666666667	0
1.85365000000000	0
1.85700000000000	0
1.86033333333333	0
1.86366666666667	0
1.86700000000000	0
1.87033333333333	0
1.87368333333333	0
1.87701666666667	0
1.88035000000000	0
1.88368333333333	0
1.88701666666667	0
1.89036666666667	0
1.89370000000000	0
1.89703333333333	0
1.90036666666667	943
1.90370000000000	859
1.90705000000000	0
1.91038333333333	972
1.91371666666667	0
1.91705000000000	0
1.92038333333333	0
1.92373333333333	0
1.92706666666667	0
1.93040000000000	0
1.93373333333333	0
1.93706666666667	0
1.94041666666667	0
1.94375000000000	0
1.94708333333333	0
1.95041666666667	0
1.95375000000000	0
1.95710000000000	0
1.96043333333333	0
1.96376666666667	0
1.96710000000000	0
1.97043333333333	0
1.97378333333333	0
1.97711666666667	0
1.98045000000000	0
1.98378333333333	0
1.98711666666667	0
1.99046666666667	0
1.99380000000000	0
1.99713333333333	0
2.00046666666667	0
2.00380000000000	0
2.00715000000000	0
2.01048333333333	0
2.01381666666667	0
2.01715000000000	0
2.02048333333333	0
2.02383333333333	0
2.02716666666667	0
2.03050000000000	0
2.03383333333333	0
2.03716666666667	0
2.04051666666667	0
2.04385000000000	0
2.04718333333333	0
2.05051666666667	0
2.05385000000000	0
2.05720000000000	0
2.06053333333333	0
2.06386666666667	0
2.06720000000000	0
2.07053333333333	0
2.07388333333333	0
2.07721666666667	0
2.08055000000000	0
2.08388333333333	0
2.08721666666667	0
2.09056666666667	0
2.09390000000000	0
2.09723333333333	0
2.10056666666667	0
2.10390000000000	0
2.10725000000000	0
2.11058333333333	0
2.11391666666667	0
2.11725000000000	0
2.12058333333333	0
2.12393333333333	0
2.12726666666667	0
2.13060000000000	0
2.13393333333333	0
2.13726666666667	0
2.14061666666667	0
2.14395000000000	0
2.14728333333333	0
2.15061666666667	0
2.15395000000000	0
2.15728333333333	0
2.16063333333333	0
2.16396666666667	0
2.16730000000000	0
2.17063333333333	0
2.17396666666667	0
2.17731666666667	0
2.18065000000000	0
2.18398333333333	0
2.18731666666667	0
2.19065000000000	0
2.19400000000000	0
2.19733333333333	0
2.20066666666667	0
2.20400000000000	0
2.20733333333333	0
2.21068333333333	0
2.21401666666667	0
2.21735000000000	0
2.22068333333333	0
2.22401666666667	0
2.22736666666667	0
2.23070000000000	0
2.23403333333333	0
2.23736666666667	0
2.24070000000000	0
2.24405000000000	0
2.24738333333333	0
2.25071666666667	0
2.25405000000000	0
2.25738333333333	0
2.26073333333333	0
2.26406666666667	0
2.26740000000000	0
2.27073333333333	0
2.27406666666667	0
2.27741666666667	0
2.28075000000000	406
2.28408333333333	813
2.28741666666667	3125
2.29075000000000	4889
2.29410000000000	3306
2.29743333333333	3046
2.30076666666667	2786
2.30410000000000	5487
2.30743333333333	6067
2.31078333333333	1859
2.31411666666667	3499
2.31745000000000	2158
2.32078333333333	818
2.32411666666667	5153
2.32746666666667	6918
2.33080000000000	5321
2.33413333333333	5186
2.33746666666667	5051
2.34080000000000	5663
2.34415000000000	12660
2.34748333333333	9972
2.35081666666667	7282
2.35415000000000	12232
2.35748333333333	10452
2.36083333333333	8908
2.36416666666667	12504
2.36750000000000	10428
2.37083333333333	8352
2.37416666666667	12892
2.37751666666667	11592
2.38085000000000	10296
2.38418333333333	14944
2.38751666666667	18368
2.39085000000000	15700
2.39420000000000	13032
2.39753333333333	15764
2.40086666666667	13476
2.40420000000000	27852
2.40753333333333	28304
2.41088333333333	18616
2.41421666666667	22344
2.41755000000000	15108
2.42088333333333	23852
2.42421666666667	15988
2.42756666666667	18548
2.43090000000000	21108
2.43423333333333	25828
2.43756666666667	24488
2.44090000000000	24404
2.44425000000000	35472
2.44758333333333	34992
2.45091666666667	27832
2.45425000000000	24224
2.45758333333333	24768
2.46093333333333	25544
2.46426666666667	27508
2.46760000000000	29472
2.47093333333333	40624
2.47426666666667	37856
2.47761666666667	36128
2.48095000000000	37376
2.48428333333333	43312
2.48761666666667	28068
2.49095000000000	23200
2.49428333333333	34448
2.49763333333333	30260
2.50096666666667	34512
2.50430000000000	39136
2.50763333333333	37856
2.51096666666667	36576
2.51431666666667	38400
2.51765000000000	37968
2.52098333333333	37552
2.52431666666667	43968
2.52765000000000	42400
2.53100000000000	40816
2.53433333333333	22576
2.53766666666667	53264
2.54100000000000	36752
2.54433333333333	34256
2.54768333333333	41408
2.55101666666667	41072
2.55435000000000	33744
2.55768333333333	26428
2.56101666666667	39984
2.56436666666667	41520
2.56770000000000	40464
2.57103333333333	43664
2.57436666666667	44736
2.57770000000000	32816
2.58105000000000	38880
2.58438333333333	44016
2.58771666666667	49168
2.59105000000000	50640
2.59438333333333	52112
2.59773333333333	42224
2.60106666666667	52096
2.60440000000000	56240
2.60773333333333	40208
2.61106666666667	44240
2.61441666666667	61536
2.61775000000000	48064
2.62108333333333	53200
2.62441666666667	43856
2.62775000000000	45936
2.63110000000000	39328
2.63443333333333	43040
2.63776666666667	46736
2.64110000000000	43408
2.64443333333333	48640
2.64778333333333	41184
2.65111666666667	47840
2.65445000000000	49488
2.65778333333333	51136
2.66111666666667	66832
2.66446666666667	58752
2.66780000000000	50672
2.67113333333333	39872
2.67446666666667	36992
2.67780000000000	53888
2.68115000000000	53184
2.68448333333333	45152
2.68781666666667	59056
2.69115000000000	55808
2.69448333333333	49920
2.69783333333333	48752
2.70116666666667	49264
2.70450000000000	53744
2.70783333333333	40624
2.71116666666667	54736
2.71451666666667	56608
2.71785000000000	33328
2.72118333333333	47408
2.72451666666667	67440
2.72785000000000	61696
2.73120000000000	64512
2.73453333333333	33552
2.73786666666667	53104
2.74120000000000	74400
2.74453333333333	44432
2.74788333333333	58496
2.75121666666667	43232
2.75455000000000	65488
2.75788333333333	55360
2.76121666666667	53760
2.76456666666667	63232
2.76790000000000	64960
2.77123333333333	75984
2.77456666666667	69776
2.77790000000000	53072
2.78125000000000	60192
2.78458333333333	75856
2.78791666666667	41456
2.79125000000000	81536
2.79458333333333	32060
2.79793333333333	38800
2.80126666666667	57360
2.80460000000000	65136
2.80793333333333	36192
2.81126666666667	65344
2.81461666666667	42736
2.81795000000000	55248
2.82128333333333	29568
2.82461666666667	33104
2.82795000000000	38832
2.83128333333333	44560
2.83463333333333	54560
2.83796666666667	53904
2.84130000000000	53232
2.84463333333333	30088
2.84796666666667	61920
2.85131666666667	66416
2.85465000000000	66400
2.85798333333333	49936
2.86131666666667	57648
2.86465000000000	53696
2.86800000000000	58128
2.87133333333333	62560
2.87466666666667	64864
2.87800000000000	51248
2.88133333333333	47328
2.88468333333333	61152
2.88801666666667	30228
2.89135000000000	52992
2.89468333333333	68112
2.89801666666667	45424
2.90136666666667	58064
2.90470000000000	41984
2.90803333333333	42640
2.91136666666667	34976
2.91470000000000	43968
2.91805000000000	43376
2.92138333333333	42800
2.92471666666667	50448
2.92805000000000	62752
2.93138333333333	66240
2.93473333333333	34304
2.93806666666667	59056
2.94140000000000	49296
2.94473333333333	50656
2.94806666666667	58624
2.95141666666667	45248
2.95475000000000	55104
2.95808333333333	49712
2.96141666666667	49456
2.96475000000000	49200
2.96810000000000	47072
2.97143333333333	44928
2.97476666666667	69472
2.97810000000000	70592
2.98143333333333	46064
2.98478333333333	40592
2.98811666666667	47648
2.99145000000000	45216
2.99478333333333	42800
2.99811666666667	48912
3.00146666666667	55040
3.00480000000000	32756
3.00813333333333	62208
3.01146666666667	33152
3.01480000000000	53376
3.01815000000000	67584
3.02148333333333	62848
3.02481666666667	63296
3.02815000000000	62272
3.03148333333333	45088
3.03483333333333	58224
3.03816666666667	57200
3.04150000000000	55216
3.04483333333333	53232
3.04816666666667	53888
3.05151666666667	54544
3.05485000000000	54096
3.05818333333333	54240
3.06151666666667	54384
3.06485000000000	40928
3.06820000000000	56592
3.07153333333333	44160
3.07486666666667	49728
3.07820000000000	54416
3.08153333333333	59104
3.08488333333333	52912
3.08821666666667	43328
3.09155000000000	52304
3.09488333333333	36560
3.09821666666667	32148
3.10156666666667	55328
3.10490000000000	59680
3.10823333333333	37024
3.11156666666667	49856
3.11490000000000	68032
3.11825000000000	53504
3.12158333333333	33312
3.12491666666667	54688
3.12825000000000	66688
3.13158333333333	57600
3.13493333333333	60336
3.13826666666667	67936
3.14160000000000	44880
3.14493333333333	47216
3.14826666666667	71680
3.15161666666667	53648
3.15495000000000	60992
3.15828333333333	62704
3.16161666666667	47792
3.16495000000000	40784
3.16828333333333	68752
3.17163333333333	32012
3.17496666666667	63040
3.17830000000000	69040
3.18163333333333	59664
3.18496666666667	46624
3.18831666666667	48768
3.19165000000000	53744
3.19498333333333	36720
3.19831666666667	44432
3.20165000000000	24920
3.20500000000000	40608
3.20833333333333	56304
3.21166666666667	41216
3.21500000000000	70912
3.21833333333333	61216
3.22168333333333	51504
3.22501666666667	26960
3.22835000000000	56640
3.23168333333333	58480
3.23501666666667	58880
3.23836666666667	68496
3.24170000000000	42336
3.24503333333333	41040
3.24836666666667	72976
3.25170000000000	43744
3.25505000000000	48224
3.25838333333333	43536
3.26171666666667	47136
3.26505000000000	50736
3.26838333333333	52688
3.27173333333333	47552
3.27506666666667	48928
3.27840000000000	50288
3.28173333333333	44240
3.28506666666667	46992
3.28841666666667	42208
3.29175000000000	61136
3.29508333333333	62560
3.29841666666667	53632
3.30175000000000	44720
3.30510000000000	57680
3.30843333333333	45568
3.31176666666667	58144
3.31510000000000	36464
3.31843333333333	66320
3.32178333333333	73424
3.32511666666667	54080
3.32845000000000	45872
3.33178333333333	59680
3.33511666666667	57168
3.33846666666667	54640
3.34180000000000	51360
3.34513333333333	54224
3.34846666666667	57104
3.35180000000000	53760
3.35515000000000	50432
3.35848333333333	49392
3.36181666666667	51744
3.36515000000000	54112
3.36848333333333	45568
3.37183333333333	52384
3.37516666666667	59200
3.37850000000000	40112
3.38183333333333	53136
3.38516666666667	64768
3.38851666666667	44192
3.39185000000000	54336
3.39518333333333	70448
3.39851666666667	57312
3.40185000000000	48144
3.40520000000000	31020
3.40853333333333	66352
3.41186666666667	67120
3.41520000000000	54672
3.41853333333333	37360
3.42188333333333	66432
3.42521666666667	38688
3.42855000000000	45024
3.43188333333333	47648
3.43521666666667	43552
3.43856666666667	43616
3.44190000000000	43696
3.44523333333333	40464
3.44856666666667	37248
3.45190000000000	48704
3.45525000000000	51168
3.45858333333333	53632
3.46191666666667	45440
3.46525000000000	65280
3.46858333333333	65520
3.47193333333333	47440
3.47526666666667	54112
3.47860000000000	60048
3.48193333333333	43568
3.48526666666667	45920
3.48861666666667	63824
3.49195000000000	56256
3.49528333333333	45072
3.49861666666667	51232
3.50195000000000	29784
3.50528333333333	38512
3.50863333333333	75680
3.51196666666667	68192
3.51530000000000	54976
3.51863333333333	59792
3.52196666666667	55712
3.52531666666667	61344
3.52865000000000	47440
3.53198333333333	61712
3.53531666666667	53664
3.53865000000000	55536
3.54200000000000	38448
3.54533333333333	66304
3.54866666666667	64976
3.55200000000000	57248
3.55533333333333	59376
3.55868333333333	61488
3.56201666666667	77792
3.56535000000000	81856
3.56868333333333	43296
3.57201666666667	71472
3.57536666666667	44512
3.57870000000000	48176
3.58203333333333	74416
3.58536666666667	43584
3.58870000000000	35488
3.59205000000000	45072
3.59538333333333	40992
3.59871666666667	51824
3.60205000000000	62640
3.60538333333333	60112
3.60873333333333	55488
3.61206666666667	54928
3.61540000000000	65232
3.61873333333333	70304
3.62206666666667	58848
3.62541666666667	47376
3.62875000000000	64416
3.63208333333333	45584
3.63541666666667	64144
3.63875000000000	54624
3.64210000000000	63232
3.64543333333333	63968
3.64876666666667	57984
3.65210000000000	57968
3.65543333333333	43504
3.65878333333333	51664
3.66211666666667	43200
3.66545000000000	69664
3.66878333333333	69600
3.67211666666667	51360
3.67546666666667	63168
3.67880000000000	61152
3.68213333333333	52432
3.68546666666667	48480
3.68880000000000	38256
3.69215000000000	28036
3.69548333333333	35584
3.69881666666667	43136
3.70215000000000	60560
3.70548333333333	68544
3.70883333333333	47328
3.71216666666667	60128
3.71550000000000	60128
3.71883333333333	55024
3.72216666666667	37760
3.72551666666667	41488
3.72885000000000	45472
3.73218333333333	56432
3.73551666666667	55472
3.73885000000000	54496
3.74220000000000	57152
3.74553333333333	48352
3.74886666666667	58960
3.75220000000000	55104
3.75553333333333	43408
3.75888333333333	55408
3.76221666666667	55488
3.76555000000000	55584
3.76888333333333	57232
3.77221666666667	58880
3.77556666666667	29144
3.77890000000000	38368
3.78223333333333	44768
3.78556666666667	43648
3.78890000000000	42528
3.79225000000000	45952
3.79558333333333	61680
3.79891666666667	64240
3.80225000000000	50256
3.80558333333333	44944
3.80893333333333	48272
3.81226666666667	51584
3.81560000000000	43536
3.81893333333333	44368
3.82226666666667	64368
3.82561666666667	60752
3.82895000000000	59040
3.83228333333333	38592
3.83561666666667	60224
3.83895000000000	54528
3.84228333333333	66464
3.84563333333333	30220
3.84896666666667	32492
3.85230000000000	52496
3.85563333333333	49104
3.85896666666667	45712
3.86231666666667	27464
3.86565000000000	35664
3.86898333333333	46704
3.87231666666667	58480
3.87565000000000	48000
3.87900000000000	46816
3.88233333333333	45632
3.88566666666667	53216
3.88900000000000	45312
3.89233333333333	37408
3.89568333333333	39968
3.89901666666667	62960
3.90235000000000	72208
3.90568333333333	67040
3.90901666666667	46816
3.91236666666667	56192
3.91570000000000	54272
3.91903333333333	31144
3.92236666666667	39392
3.92570000000000	52400
3.92905000000000	36976
3.93238333333333	51136
3.93571666666667	60256
3.93905000000000	62656
3.94238333333333	61776
3.94573333333333	65328
3.94906666666667	50752
3.95240000000000	50432
3.95573333333333	46288
3.95906666666667	47120
3.96241666666667	47952
3.96575000000000	51344
3.96908333333333	52128
3.97241666666667	49264
3.97575000000000	46400
3.97910000000000	44928
3.98243333333333	49952
3.98576666666667	44832
3.98910000000000	46064
3.99243333333333	47296
3.99578333333333	41744
3.99911666666667	37536
4.00245000000000	33344
4.00578333333333	41120
4.00911666666667	48880
4.01246666666667	46592
4.01580000000000	44304
4.01913333333333	57680
4.02246666666667	65520
4.02580000000000	64768
4.02915000000000	41056
4.03248333333333	32208
4.03581666666667	30308
4.03915000000000	34768
4.04248333333333	39232
4.04583333333333	43856
4.04916666666667	48496
4.05250000000000	55888
4.05583333333333	65728
4.05916666666667	60048
4.06251666666667	62064
4.06585000000000	58720
4.06918333333333	55376
4.07251666666667	47472
4.07585000000000	55296
4.07920000000000	54608
4.08253333333333	58464
4.08586666666667	38576
4.08920000000000	46848
4.09253333333333	46672
4.09588333333333	46512
4.09921666666667	43120
4.10255000000000	39744
4.10588333333333	43456
4.10921666666667	47168
4.11256666666667	46256
4.11590000000000	45344
4.11923333333333	48176
4.12256666666667	58480
4.12590000000000	60832
4.12925000000000	63168
4.13258333333333	49136
4.13591666666667	38032
4.13925000000000	54816
4.14258333333333	40352
4.14593333333333	44416
4.14926666666667	48480
4.15260000000000	59008
4.15593333333333	61856
4.15926666666667	39248
4.16261666666667	70352
4.16595000000000	80272
4.16928333333333	46992
4.17261666666667	37552
4.17595000000000	51584
4.17928333333333	39072
4.18263333333333	44432
4.18596666666667	54736
4.18930000000000	73744
4.19263333333333	63840
4.19596666666667	49840
4.19931666666667	38224
4.20265000000000	33392
4.20598333333333	35760
4.20931666666667	47872
4.21265000000000	53456
4.21600000000000	59024
4.21933333333333	57808
4.22266666666667	56592
4.22600000000000	62368
4.22933333333333	38976
4.23268333333333	59728
4.23601666666667	76096
4.23935000000000	34064
4.24268333333333	38624
4.24601666666667	55424
4.24936666666667	63440
4.25270000000000	55664
4.25603333333333	54912
4.25936666666667	42208
4.26270000000000	68192
4.26605000000000	66832
4.26938333333333	62800
4.27271666666667	51504
4.27605000000000	56384
4.27938333333333	52640
4.28273333333333	51088
4.28606666666667	53248
4.28940000000000	57648
4.29273333333333	45344
4.29606666666667	52432
4.29941666666667	47312
4.30275000000000	33552
4.30608333333333	67264
4.30941666666667	63504
4.31275000000000	46160
4.31610000000000	51504
4.31943333333333	52720
4.32276666666667	42832
4.32610000000000	32944
4.32943333333333	40544
4.33278333333333	42400
4.33611666666667	33664
4.33945000000000	34608
4.34278333333333	35536
4.34611666666667	35168
4.34946666666667	34784
4.35280000000000	54352
4.35613333333333	62128
4.35946666666667	47632
4.36280000000000	40720
4.36615000000000	48656
4.36948333333333	49920
4.37281666666667	57568
4.37615000000000	58816
4.37948333333333	60064
4.38283333333333	30240
4.38616666666667	32176
4.38950000000000	42176
4.39283333333333	52368
4.39616666666667	65456
4.39951666666667	55760
4.40285000000000	56672
4.40618333333333	62432
4.40951666666667	54944
4.41285000000000	43616
4.41620000000000	42960
4.41953333333333	64320
4.42286666666667	61456
4.42620000000000	54944
4.42953333333333	51504
4.43288333333333	66304
4.43621666666667	70240
4.43955000000000	38576
4.44288333333333	50560
4.44621666666667	61120
4.44956666666667	34016
4.45290000000000	49728
4.45623333333333	47920
4.45956666666667	57824
4.46290000000000	42560
4.46625000000000	48032
4.46958333333333	53504
4.47291666666667	56784
4.47625000000000	55520
4.47958333333333	54240
4.48293333333333	55008
4.48626666666667	55760
4.48960000000000	58880
4.49293333333333	54464
4.49626666666667	50048
