1.50331666666667	404
1.50665000000000	393
1.50998333333333	1222
1.51331666666667	278
1.51665000000000	360
1.52000000000000	847
1.52333333333333	235
1.52666666666667	0
1.52998333333333	0
1.53331666666667	403
1.53666666666667	512
1.54000000000000	447
1.54333333333333	0
1.54666666666667	0
1.55000000000000	0
1.55335000000000	0
1.55668333333333	260
1.56001666666667	130
1.56335000000000	0
1.56668333333333	0
1.57003333333333	0
1.57336666666667	0
1.57670000000000	0
1.58003333333333	0
1.58336666666667	0
1.58671666666667	0
1.59005000000000	0
1.59338333333333	0
1.59671666666667	529
1.60005000000000	372
1.60340000000000	216
1.60673333333333	287
1.61006666666667	0
1.61338333333333	0
1.61671666666667	265
1.62005000000000	133
1.62340000000000	0
1.62673333333333	286
1.63006666666667	0
1.63340000000000	0
1.63673333333333	0
1.64008333333333	0
1.64341666666667	0
1.64675000000000	0
1.65008333333333	0
1.65341666666667	215
1.65676666666667	507
1.66010000000000	615
1.66343333333333	240
1.66676666666667	0
1.67010000000000	0
1.67345000000000	0
1.67678333333333	0
1.68011666666667	0
1.68343333333333	0
1.68676666666667	304
1.69011666666667	152
1.69345000000000	0
1.69678333333333	0
1.70011666666667	0
1.70345000000000	0
1.70680000000000	0
1.71013333333333	0
1.71346666666667	651
1.71680000000000	514
1.72013333333333	230
1.72348333333333	469
1.72681666666667	234
1.73015000000000	0
1.73348333333333	0
1.73681666666667	139
1.74016666666667	278
1.74350000000000	139
1.74683333333333	0
1.75016666666667	347
1.75350000000000	0
1.75683333333333	0
1.76018333333333	0
1.76351666666667	0
1.76683333333333	0
1.77016666666667	0
1.77350000000000	0
1.77685000000000	0
1.78018333333333	0
1.78351666666667	0
1.78685000000000	0
1.79018333333333	145
1.79353333333333	134
1.79686666666667	0
1.80020000000000	0
1.80353333333333	260
1.80686666666667	291
1.81021666666667	0
1.81355000000000	284
1.81688333333333	357
1.82021666666667	66
1.82355000000000	27
1.82690000000000	200
1.83023333333333	70
1.83356666666667	0
1.83690000000000	0
1.84021666666667	0
1.84356666666667	0
1.84690000000000	0
1.85023333333333	0
1.85356666666667	317
1.85690000000000	315
1.86025000000000	504
1.86358333333333	307
1.86691666666667	0
1.87025000000000	0
1.87358333333333	0
1.87693333333333	0
1.88026666666667	0
1.88360000000000	0
1.88693333333333	0
1.89026666666667	0
1.89360000000000	0
1.89695000000000	0
1.90028333333333	0
1.90361666666667	0
1.90695000000000	0
1.91028333333333	151
1.91363333333333	302
1.91696666666667	171
1.92030000000000	40
1.92363333333333	829
1.92696666666667	478
1.93031666666667	128
1.93365000000000	0
1.93698333333333	0
1.94031666666667	0
1.94365000000000	197
1.94700000000000	98
1.95033333333333	0
1.95366666666667	0
1.95700000000000	0
1.96033333333333	0
1.96368333333333	0
1.96701666666667	0
1.97035000000000	0
1.97368333333333	0
1.97701666666667	0
1.98036666666667	0
1.98370000000000	0
1.98703333333333	0
1.99036666666667	0
1.99370000000000	0
1.99705000000000	0
2.00038333333333	0
2.00371666666667	0
2.00703333333333	515
2.01036666666667	434
2.01371666666667	0
2.01705000000000	641
2.02038333333333	0
2.02371666666667	416
2.02705000000000	0
2.03038333333333	107
2.03373333333333	214
2.03706666666667	107
2.04040000000000	0
2.04373333333333	0
2.04706666666667	0
2.05041666666667	0
2.05375000000000	154
2.05708333333333	77
2.06041666666667	0
2.06375000000000	0
2.06710000000000	0
2.07043333333333	0
2.07376666666667	0
2.07710000000000	12
2.08043333333333	6
2.08378333333333	0
2.08711666666667	0
2.09045000000000	0
2.09378333333333	0
2.09711666666667	0
2.10046666666667	0
2.10380000000000	13
2.10713333333333	7
2.11046666666667	0
2.11378333333333	109
2.11713333333333	54
2.12046666666667	0
2.12380000000000	0
2.12713333333333	0
2.13046666666667	0
2.13381666666667	0
2.13715000000000	0
2.14048333333333	0
2.14381666666667	99
2.14715000000000	49
2.15050000000000	0
2.15383333333333	0
2.15716666666667	237
2.16050000000000	474
2.16383333333333	488
2.16716666666667	50
2.17051666666667	0
2.17385000000000	0
2.17718333333333	0
2.18051666666667	0
2.18385000000000	0
2.18720000000000	0
2.19053333333333	229
2.19386666666667	115
2.19720000000000	0
2.20051666666667	0
2.20386666666667	0
2.20720000000000	0
2.21053333333333	319
2.21386666666667	325
2.21720000000000	331
2.22055000000000	245
2.22388333333333	159
2.22721666666667	174
2.23055000000000	216
2.23388333333333	259
2.23723333333333	0
2.24056666666667	224
2.24390000000000	302
2.24723333333333	1052
2.25056666666667	939
2.25391666666667	336
2.25725000000000	724
2.26058333333333	1155
2.26391666666667	409
2.26725000000000	359
2.27060000000000	1237
2.27393333333333	722
2.27726666666667	957
2.28060000000000	992
2.28393333333333	853
2.28728333333333	1032
2.29061666666667	982
2.29395000000000	932
2.29728333333333	1798
2.30060000000000	2504
2.30393333333333	2607
2.30728333333333	2756
2.31061666666667	3270
2.31395000000000	4026
2.31728333333333	4020
2.32061666666667	3868
2.32396666666667	3715
2.32730000000000	3851
2.33063333333333	3876
2.33396666666667	4487
2.33730000000000	4908
2.34065000000000	7571
2.34398333333333	8153
2.34731666666667	5633
2.35065000000000	8644
2.35398333333333	3374
2.35733333333333	9900
2.36066666666667	6750
2.36400000000000	5494
2.36733333333333	5355
2.37066666666667	5905
2.37400000000000	6456
2.37733333333333	6323
2.38066666666667	6190
2.38400000000000	12604
2.38733333333333	15740
2.39068333333333	15880
2.39401666666667	10200
2.39735000000000	11848
2.40068333333333	11720
2.40401666666667	11008
2.40736666666667	10296
2.41070000000000	15944
2.41403333333333	18388
2.41736666666667	16444
2.42070000000000	14500
2.42405000000000	15456
2.42738333333333	15808
2.43071666666667	16160
2.43405000000000	17008
2.43738333333333	17856
2.44071666666667	25972
2.44406666666667	25748
2.44740000000000	19708
2.45071666666667	24396
2.45405000000000	24156
2.45738333333333	25392
2.46073333333333	25256
2.46406666666667	25320
2.46740000000000	25592
2.47073333333333	25864
2.47406666666667	25628
2.47741666666667	25392
2.48075000000000	17624
2.48408333333333	29808
2.48741666666667	27696
2.49075000000000	35632
2.49410000000000	26584
2.49743333333333	36320
2.50076666666667	35008
2.50410000000000	33136
2.50743333333333	36944
2.51078333333333	34528
2.51411666666667	35936
2.51745000000000	37424
2.52078333333333	34032
2.52411666666667	31488
2.52746666666667	32132
2.53080000000000	22796
2.53413333333333	46736
2.53746666666667	50480
2.54078333333333	36288
2.54413333333333	44912
2.54746666666667	33040
2.55080000000000	43552
2.55413333333333	32084
2.55746666666667	38880
2.56081666666667	44416
2.56415000000000	43728
2.56748333333333	32148
2.57081666666667	47680
2.57415000000000	40608
2.57748333333333	34576
2.58083333333333	43504
2.58416666666667	45088
2.58750000000000	37808
2.59083333333333	38272
2.59416666666667	38736
2.59751666666667	37792
2.60085000000000	40240
2.60418333333333	42688
2.60751666666667	39200
2.61085000000000	35712
2.61420000000000	41792
2.61753333333333	42416
2.62086666666667	31460
2.62420000000000	52080
2.62751666666667	43696
2.63086666666667	36608
2.63420000000000	56384
2.63753333333333	46432
2.64086666666667	27468
2.64420000000000	34640
2.64755000000000	41184
2.65088333333333	54480
2.65421666666667	45984
2.65755000000000	46704
2.66088333333333	46656
2.66423333333333	48544
2.66756666666667	50432
2.67090000000000	38720
2.67423333333333	46528
2.67756666666667	43376
2.68091666666667	49056
2.68425000000000	49168
2.68758333333333	46272
2.69091666666667	46576
2.69425000000000	53312
2.69760000000000	29436
2.70093333333333	47456
2.70426666666667	47280
2.70760000000000	53024
2.71093333333333	54784
2.71426666666667	31264
2.71761666666667	44016
2.72095000000000	51952
2.72428333333333	56960
2.72761666666667	43312
2.73093333333333	43968
2.73428333333333	48672
2.73761666666667	41248
2.74095000000000	36416
2.74428333333333	51536
2.74761666666667	35872
2.75096666666667	44144
2.75430000000000	50480
2.75763333333333	57984
2.76096666666667	47952
2.76430000000000	32896
2.76765000000000	51568
2.77098333333333	45584
2.77431666666667	49040
2.77765000000000	52368
2.78098333333333	48400
2.78433333333333	44448
2.78766666666667	50480
2.79100000000000	46800
2.79431666666667	43104
2.79765000000000	48000
2.80100000000000	49920
2.80433333333333	56720
2.80766666666667	58688
2.81100000000000	48320
2.81433333333333	43680
2.81768333333333	38048
2.82101666666667	35440
2.82435000000000	29036
2.82768333333333	40128
2.83101666666667	55472
2.83436666666667	52304
2.83770000000000	57104
2.84103333333333	51968
2.84436666666667	43264
2.84770000000000	54928
2.85103333333333	50352
2.85438333333333	27520
2.85771666666667	57504
2.86105000000000	54368
2.86436666666667	37056
2.86770000000000	41072
2.87105000000000	44368
2.87438333333333	55472
2.87771666666667	53936
2.88105000000000	55712
2.88438333333333	46320
2.88773333333333	59824
2.89106666666667	40256
2.89440000000000	51568
2.89773333333333	49888
2.90106666666667	36432
2.90441666666667	33072
2.90775000000000	47504
2.91108333333333	37072
2.91441666666667	55744
2.91775000000000	53728
2.92110000000000	29900
2.92443333333333	35872
2.92776666666667	54032
2.93108333333333	50496
2.93441666666667	53328
2.93776666666667	50880
2.94110000000000	43744
2.94443333333333	49248
2.94776666666667	40624
2.95110000000000	49168
2.95445000000000	54048
2.95778333333333	59392
2.96111666666667	41104
2.96445000000000	54064
2.96778333333333	51264
2.97113333333333	53520
2.97446666666667	52768
2.97780000000000	57200
2.98113333333333	56768
2.98446666666667	53152
2.98780000000000	56512
2.99115000000000	55616
2.99448333333333	54720
2.99781666666667	53696
3.00115000000000	50992
3.00446666666667	53072
3.00781666666667	55136
3.01115000000000	53552
3.01448333333333	44496
3.01781666666667	41744
3.02115000000000	41376
3.02450000000000	42512
3.02783333333333	41776
3.03116666666667	41056
3.03450000000000	42400
3.03783333333333	43760
3.04118333333333	27220
3.04451666666667	47152
3.04785000000000	56336
3.05118333333333	42224
3.05451666666667	57312
3.05786666666667	55008
3.06120000000000	48768
3.06453333333333	50992
3.06786666666667	53040
3.07120000000000	43280
3.07455000000000	52480
3.07788333333333	42192
3.08121666666667	47888
3.08455000000000	45536
3.08788333333333	39392
3.09123333333333	44976
3.09456666666667	55808
3.09790000000000	54448
3.10123333333333	48112
3.10456666666667	56624
3.10790000000000	44448
3.11123333333333	53008
3.11456666666667	41344
3.11790000000000	32300
3.12123333333333	59808
3.12456666666667	51904
3.12791666666667	52544
3.13125000000000	46512
3.13458333333333	42912
3.13791666666667	47840
3.14125000000000	46832
3.14460000000000	44432
3.14793333333333	44992
3.15126666666667	45552
3.15460000000000	48384
3.15793333333333	51216
3.16128333333333	48048
3.16461666666667	44896
3.16795000000000	43104
3.17128333333333	41792
3.17460000000000	54624
3.17795000000000	54800
3.18128333333333	54544
3.18461666666667	29176
3.18795000000000	58800
3.19128333333333	40672
3.19463333333333	54464
3.19796666666667	37040
3.20130000000000	32992
3.20463333333333	44816
3.20796666666667	46480
3.21131666666667	41488
3.21465000000000	55200
3.21798333333333	52304
3.22131666666667	46128
3.22465000000000	44848
3.22800000000000	45856
3.23133333333333	46848
3.23466666666667	51648
3.23800000000000	54064
3.24133333333333	53648
3.24468333333333	43536
3.24801666666667	55248
3.25135000000000	42080
3.25468333333333	41184
3.25800000000000	56976
3.26133333333333	53552
3.26468333333333	42896
3.26801666666667	45584
3.27135000000000	51088
3.27468333333333	48304
3.27801666666667	44912
3.28136666666667	46304
3.28470000000000	47696
3.28803333333333	51312
3.29136666666667	49600
3.29470000000000	47904
3.29805000000000	48864
3.30138333333333	39712
3.30471666666667	47872
3.30805000000000	42272
3.31138333333333	45712
3.31473333333333	46208
3.31806666666667	48208
3.32140000000000	50192
3.32473333333333	48912
3.32805000000000	47648
3.33140000000000	46496
3.33473333333333	33584
3.33806666666667	38976
3.34140000000000	47712
3.34473333333333	44640
3.34808333333333	48576
3.35141666666667	49488
3.35475000000000	50416
3.35808333333333	50640
3.36141666666667	50848
3.36476666666667	49280
3.36810000000000	58736
3.37143333333333	39728
3.37476666666667	49696
3.37810000000000	58848
3.38145000000000	42128
3.38478333333333	46896
3.38811666666667	40080
3.39145000000000	38736
3.39478333333333	37392
3.39811666666667	48544
3.40146666666667	46704
3.40480000000000	45712
3.40813333333333	43632
3.41146666666667	50768
3.41480000000000	27356
3.41815000000000	56352
3.42148333333333	40816
3.42481666666667	56112
3.42815000000000	55040
3.43148333333333	44288
3.43483333333333	41936
3.43816666666667	47744
3.44150000000000	60032
3.44481666666667	55792
3.44815000000000	52960
3.45150000000000	57504
3.45483333333333	53280
3.45816666666667	56128
3.46150000000000	53312
3.46483333333333	50480
3.46818333333333	47968
3.47151666666667	41616
3.47485000000000	38848
3.47818333333333	40432
3.48151666666667	42032
3.48486666666667	40992
3.48820000000000	39968
3.49153333333333	44000
3.49486666666667	48016
3.49820000000000	49728
3.50155000000000	62640
3.50488333333333	65632
3.50821666666667	44768
3.51155000000000	56832
3.51488333333333	42160
3.51823333333333	49856
3.52156666666667	47712
3.52490000000000	55792
3.52823333333333	50704
3.53156666666667	41744
3.53490000000000	40800
3.53825000000000	49984
3.54158333333333	43248
3.54491666666667	55024
3.54825000000000	49248
3.55156666666667	51648
3.55491666666667	52208
3.55825000000000	51168
3.56158333333333	50112
3.56491666666667	49008
3.56825000000000	50288
3.57160000000000	48128
3.57493333333333	45968
3.57826666666667	46864
3.58160000000000	47776
3.58493333333333	45600
3.58828333333333	43440
3.59161666666667	57056
3.59495000000000	59264
3.59828333333333	56944
3.60161666666667	28460
3.60496666666667	50352
3.60830000000000	47024
3.61163333333333	63152
3.61496666666667	68144
3.61830000000000	53968
3.62165000000000	56512
3.62498333333333	49904
3.62831666666667	51392
3.63165000000000	57216
3.63496666666667	57584
3.63831666666667	49264
3.64165000000000	59600
3.64498333333333	46432
3.64831666666667	39808
3.65165000000000	54624
3.65500000000000	45728
3.65833333333333	57136
3.66166666666667	57152
3.66500000000000	52752
3.66833333333333	35184
3.67166666666667	46176
3.67501666666667	52608
3.67835000000000	47312
3.68168333333333	46432
3.68501666666667	39568
3.68835000000000	47632
3.69170000000000	39920
3.69503333333333	55136
3.69836666666667	55584
3.70170000000000	47232
3.70503333333333	46944
3.70838333333333	51232
3.71171666666667	55776
3.71505000000000	60704
3.71836666666667	37968
3.72170000000000	44736
3.72505000000000	62736
3.72838333333333	37168
3.73171666666667	49648
3.73505000000000	56176
3.73838333333333	54784
3.74173333333333	54640
3.74506666666667	46960
3.74840000000000	44464
3.75173333333333	42128
3.75506666666667	45872
3.75841666666667	49616
3.76175000000000	52496
3.76508333333333	49040
3.76841666666667	48880
3.77175000000000	45584
3.77510000000000	37712
3.77843333333333	54208
3.78176666666667	52688
3.78510000000000	43264
3.78843333333333	42288
3.79178333333333	41040
3.79511666666667	41616
3.79845000000000	42192
3.80178333333333	31468
3.80510000000000	54080
3.80843333333333	50192
3.81178333333333	45936
3.81511666666667	52784
3.81845000000000	60224
3.82178333333333	38720
3.82511666666667	43440
3.82846666666667	58576
3.83180000000000	50896
3.83513333333333	41136
3.83846666666667	54432
3.84180000000000	36608
3.84515000000000	57792
3.84848333333333	47472
3.85181666666667	49344
3.85515000000000	38720
3.85848333333333	51776
3.86183333333333	53856
3.86516666666667	49216
3.86850000000000	57216
3.87183333333333	30012
3.87516666666667	32708
3.87851666666667	47936
3.88185000000000	52992
3.88518333333333	49168
3.88851666666667	50960
3.89183333333333	53952
3.89518333333333	41680
3.89851666666667	50096
3.90185000000000	59552
3.90518333333333	58064
3.90851666666667	52544
3.91186666666667	55056
3.91520000000000	48592
3.91853333333333	53600
3.92186666666667	44224
3.92520000000000	49824
3.92855000000000	44416
3.93188333333333	39008
3.93521666666667	41536
3.93855000000000	48160
3.94188333333333	43424
3.94521666666667	38688
3.94856666666667	40144
3.95190000000000	41584
3.95523333333333	39344
3.95856666666667	37104
3.96190000000000	40960
3.96525000000000	57088
3.96858333333333	53664
3.97191666666667	57824
3.97525000000000	46960
3.97858333333333	48528
3.98193333333333	60384
3.98526666666667	49856
3.98860000000000	43264
3.99193333333333	49152
3.99526666666667	54064
3.99861666666667	55728
4.00195000000000	48448
4.00528333333333	35296
4.00860000000000	43744
4.01193333333333	32188
4.01528333333333	50016
4.01861666666667	45760
4.02195000000000	56592
4.02528333333333	45552
4.02861666666667	39488
4.03196666666667	48240
4.03530000000000	47088
4.03863333333333	52240
4.04196666666667	51264
4.04530000000000	50288
4.04865000000000	51056
4.05198333333333	51808
4.05531666666667	38656
4.05865000000000	51200
4.06198333333333	49488
4.06533333333333	50144
4.06866666666667	48016
4.07200000000000	45888
4.07533333333333	42992
4.07866666666667	38848
4.08198333333333	44560
4.08533333333333	51440
4.08866666666667	51376
4.09200000000000	52512
4.09533333333333	41456
4.09866666666667	57312
4.10201666666667	48848
4.10535000000000	56432
4.10868333333333	53840
4.11201666666667	53360
4.11535000000000	46752
4.11870000000000	57248
4.12203333333333	45968
4.12536666666667	50432
4.12870000000000	47312
4.13203333333333	41680
4.13538333333333	50848
4.13871666666667	41088
4.14205000000000	53328
4.14538333333333	36864
4.14871666666667	38336
4.15206666666667	51344
4.15540000000000	51984
4.15873333333333	42544
4.16206666666667	33248
4.16540000000000	38848
4.16875000000000	35712
4.17208333333333	32568
4.17541666666667	48128
4.17875000000000	43984
4.18208333333333	45520
4.18543333333333	50224
4.18876666666667	54496
4.19210000000000	50496
4.19543333333333	45792
4.19876666666667	52128
4.20210000000000	57488
4.20543333333333	60416
4.20876666666667	45152
4.21210000000000	46928
4.21543333333333	43536
4.21876666666667	47776
4.22211666666667	47136
4.22545000000000	45904
4.22878333333333	47024
4.23211666666667	41024
4.23545000000000	44112
4.23880000000000	47200
4.24213333333333	51280
4.24546666666667	47536
4.24880000000000	47552
4.25213333333333	50960
4.25548333333333	37392
4.25881666666667	55376
4.26215000000000	61648
4.26548333333333	35648
4.26881666666667	56336
4.27216666666667	37968
4.27550000000000	43904
4.27883333333333	54704
4.28216666666667	54800
4.28548333333333	47120
4.28883333333333	47680
4.29216666666667	45808
4.29550000000000	39472
4.29883333333333	35216
4.30216666666667	42560
4.30551666666667	49504
4.30885000000000	50672
4.31218333333333	54432
4.31551666666667	57376
4.31885000000000	38912
4.32220000000000	53600
4.32553333333333	52416
4.32886666666667	57072
4.33220000000000	45632
4.33553333333333	55152
4.33888333333333	42416
4.34221666666667	47360
4.34555000000000	49344
4.34888333333333	43408
4.35221666666667	45968
4.35555000000000	57072
4.35890000000000	54848
4.36223333333333	47008
4.36556666666667	41776
4.36890000000000	45536
4.37221666666667	44368
4.37556666666667	43200
4.37890000000000	32604
4.38223333333333	45728
4.38556666666667	53264
4.38890000000000	51776
4.39225000000000	50384
4.39558333333333	43680
4.39891666666667	41728
4.40225000000000	49536
4.40558333333333	41520
4.40893333333333	33520
4.41226666666667	44112
4.41560000000000	41152
4.41893333333333	38208
4.42226666666667	44112
4.42561666666667	50016
4.42895000000000	57824
4.43228333333333	62608
4.43561666666667	64688
4.43895000000000	42672
4.44230000000000	54128
4.44563333333333	52672
4.44896666666667	44704
4.45228333333333	55424
4.45561666666667	32000
4.45896666666667	43600
4.46230000000000	53968
4.46563333333333	55136
4.46896666666667	46064
4.47230000000000	54144
4.47565000000000	44496
4.47898333333333	58912
4.48231666666667	52928
4.48565000000000	47744
4.48898333333333	45696
4.49231666666667	43744
4.49566666666667	37824
