1.50330000000000	0
1.50663333333333	0
1.50996666666667	0
1.51330000000000	0
1.51663333333333	0
1.51998333333333	0
1.52331666666667	0
1.52665000000000	0
1.52998333333333	0
1.53331666666667	0
1.53666666666667	0
1.54000000000000	0
1.54333333333333	0
1.54666666666667	0
1.55000000000000	0
1.55335000000000	0
1.55668333333333	0
1.56001666666667	0
1.56335000000000	0
1.56668333333333	0
1.57003333333333	0
1.57336666666667	0
1.57670000000000	0
1.58003333333333	0
1.58336666666667	0
1.58671666666667	0
1.59005000000000	0
1.59338333333333	0
1.59671666666667	0
1.60005000000000	0
1.60340000000000	0
1.60673333333333	372
1.61006666666667	186
1.61340000000000	0
1.61673333333333	0
1.62008333333333	0
1.62341666666667	0
1.62675000000000	0
1.63008333333333	0
1.63341666666667	0
1.63676666666667	0
1.64010000000000	0
1.64343333333333	0
1.64676666666667	0
1.65010000000000	0
1.65345000000000	0
1.65678333333333	0
1.66011666666667	0
1.66345000000000	0
1.66678333333333	0
1.67013333333333	0
1.67346666666667	0
1.67680000000000	0
1.68013333333333	0
1.68346666666667	0
1.68681666666667	0
1.69015000000000	0
1.69348333333333	0
1.69681666666667	0
1.70015000000000	0
1.70350000000000	0
1.70683333333333	0
1.71016666666667	0
1.71350000000000	0
1.71683333333333	0
1.72018333333333	0
1.72351666666667	0
1.72685000000000	0
1.73018333333333	0
1.73351666666667	0
1.73686666666667	0
1.74020000000000	0
1.74353333333333	0
1.74686666666667	0
1.75020000000000	0
1.75355000000000	0
1.75688333333333	0
1.76021666666667	0
1.76355000000000	0
1.76688333333333	0
1.77023333333333	0
1.77356666666667	0
1.77690000000000	0
1.78023333333333	0
1.78356666666667	0
1.78691666666667	0
1.79025000000000	0
1.79358333333333	0
1.79691666666667	0
1.80025000000000	0
1.80360000000000	0
1.80693333333333	0
1.81026666666667	0
1.81360000000000	0
1.81693333333333	0
1.82026666666667	0
1.82361666666667	0
1.82695000000000	0
1.83028333333333	0
1.83361666666667	0
1.83695000000000	0
1.84030000000000	0
1.84363333333333	0
1.84696666666667	0
1.85030000000000	0
1.85363333333333	0
1.85698333333333	0
1.86031666666667	0
1.86365000000000	0
1.86698333333333	0
1.87031666666667	0
1.87366666666667	0
1.87700000000000	0
1.88033333333333	0
1.88366666666667	0
1.88700000000000	0
1.89035000000000	0
1.89368333333333	0
1.89701666666667	0
1.90035000000000	0
1.90368333333333	0
1.90703333333333	0
1.91036666666667	0
1.91370000000000	0
1.91703333333333	0
1.92036666666667	0
1.92371666666667	0
1.92705000000000	0
1.93038333333333	0
1.93371666666667	0
1.93705000000000	0
1.94040000000000	0
1.94373333333333	0
1.94706666666667	0
1.95040000000000	0
1.95373333333333	0
1.95708333333333	0
1.96041666666667	0
1.96375000000000	0
1.96708333333333	0
1.97041666666667	0
1.97376666666667	0
1.97710000000000	0
1.98043333333333	536
1.98376666666667	268
1.98710000000000	0
1.99045000000000	0
1.99378333333333	0
1.99711666666667	0
2.00045000000000	0
2.00378333333333	0
2.00711666666667	0
2.01045000000000	0
2.01378333333333	0
2.01711666666667	0
2.02045000000000	0
2.02380000000000	0
2.02713333333333	0
2.03046666666667	0
2.03380000000000	0
2.03713333333333	0
2.04048333333333	0
2.04381666666667	0
2.04715000000000	0
2.05048333333333	0
2.05381666666667	0
2.05716666666667	0
2.06050000000000	0
2.06383333333333	0
2.06716666666667	0
2.07050000000000	0
2.07385000000000	0
2.07718333333333	0
2.08051666666667	0
2.08385000000000	0
2.08718333333333	0
2.09053333333333	0
2.09386666666667	0
2.09720000000000	0
2.10053333333333	0
2.10386666666667	0
2.10721666666667	0
2.11055000000000	0
2.11388333333333	0
2.11721666666667	0
2.12055000000000	0
2.12390000000000	0
2.12723333333333	0
2.13056666666667	0
2.13390000000000	0
2.13723333333333	0
2.14058333333333	0
2.14391666666667	0
2.14725000000000	0
2.15058333333333	448
2.15391666666667	224
2.15725000000000	0
2.16060000000000	0
2.16393333333333	0
2.16726666666667	0
2.17060000000000	0
2.17393333333333	0
2.17728333333333	0
2.18061666666667	0
2.18395000000000	0
2.18728333333333	0
2.19061666666667	0
2.19396666666667	0
2.19730000000000	0
2.20063333333333	0
2.20396666666667	0
2.20730000000000	0
2.21065000000000	0
2.21398333333333	0
2.21731666666667	0
2.22065000000000	0
2.22398333333333	0
2.22733333333333	0
2.23066666666667	0
2.23400000000000	0
2.23733333333333	0
2.24066666666667	0
2.24401666666667	0
2.24735000000000	0
2.25068333333333	0
2.25401666666667	0
2.25735000000000	0
2.26070000000000	0
2.26403333333333	0
2.26736666666667	0
2.27070000000000	0
2.27403333333333	1541
2.27738333333333	1190
2.28071666666667	0
2.28405000000000	1330
2.28738333333333	0
2.29071666666667	409
2.29406666666667	818
2.29740000000000	0
2.30073333333333	1516
2.30406666666667	758
2.30740000000000	0
2.31075000000000	699
2.31408333333333	349
2.31741666666667	0
2.32075000000000	498
2.32408333333333	995
2.32743333333333	2735
2.33076666666667	2046
2.33410000000000	3147
2.33743333333333	1750
2.34076666666667	0
2.34411666666667	412
2.34745000000000	3468
2.35078333333333	3815
2.35411666666667	0
2.35745000000000	0
2.36080000000000	1697
2.36413333333333	2451
2.36746666666667	2239
2.37080000000000	2364
2.37413333333333	1665
2.37748333333333	1632
2.38081666666667	1912
2.38415000000000	0
2.38748333333333	0
2.39081666666667	3774
2.39416666666667	2469
2.39750000000000	1164
2.40083333333333	2191
2.40416666666667	2244
2.40750000000000	2079
2.41085000000000	1849
2.41418333333333	3959
2.41751666666667	6257
2.42085000000000	6006
2.42418333333333	2849
2.42753333333333	1697
2.43086666666667	2487
2.43420000000000	1978
2.43753333333333	2193
2.44086666666667	2409
2.44421666666667	0
2.44755000000000	3059
2.45088333333333	2471
2.45421666666667	1882
2.45755000000000	0
2.46090000000000	5643
2.46423333333333	6064
2.46756666666667	6077
2.47090000000000	3353
2.47423333333333	2600
2.47758333333333	3026
2.48091666666667	3452
2.48425000000000	3698
2.48758333333333	2248
2.49091666666667	3021
2.49425000000000	4106
2.49760000000000	3338
2.50093333333333	2745
2.50426666666667	2801
2.50760000000000	2856
2.51093333333333	6964
2.51428333333333	7916
2.51761666666667	2269
2.52095000000000	5216
2.52428333333333	2637
2.52761666666667	1588
2.53096666666667	6942
2.53430000000000	6148
2.53763333333333	5355
2.54096666666667	3002
2.54430000000000	7506
2.54765000000000	6726
2.55098333333333	1637
2.55431666666667	1721
2.55765000000000	2897
2.56098333333333	5293
2.56433333333333	4057
2.56766666666667	2821
2.57100000000000	0
2.57433333333333	4808
2.57766666666667	4319
2.58101666666667	5331
2.58435000000000	1925
2.58768333333333	6376
2.59101666666667	4824
2.59435000000000	3271
2.59770000000000	5576
2.60103333333333	2875
2.60436666666667	1218
2.60770000000000	6038
2.61103333333333	6599
2.61438333333333	3300
2.61771666666667	0
2.62105000000000	5855
2.62438333333333	5552
2.62771666666667	5250
2.63106666666667	356
2.63440000000000	1260
2.63773333333333	2164
2.64106666666667	425
2.64440000000000	0
2.64775000000000	592
2.65108333333333	1184
2.65441666666667	1910
2.65775000000000	6094
2.66108333333333	6329
2.66443333333333	6564
2.66776666666667	2218
2.67110000000000	2579
2.67443333333333	5757
2.67776666666667	4355
2.68111666666667	3044
2.68445000000000	6013
2.68778333333333	5498
2.69111666666667	3542
2.69445000000000	1586
2.69780000000000	5139
2.70113333333333	3621
2.70446666666667	2683
2.70780000000000	7140
2.71113333333333	7777
2.71448333333333	6731
2.71781666666667	7329
2.72115000000000	7928
2.72448333333333	2634
2.72781666666667	1257
2.73116666666667	746
2.73450000000000	2684
2.73783333333333	4621
2.74116666666667	5676
2.74450000000000	4999
2.74785000000000	4322
2.75118333333333	5342
2.75451666666667	6362
2.75785000000000	5694
2.76118333333333	5718
2.76453333333333	7875
2.76786666666667	7458
2.77120000000000	0
2.77453333333333	0
2.77786666666667	2444
2.78121666666667	5529
2.78455000000000	4655
2.78788333333333	3782
2.79121666666667	4715
2.79455000000000	3327
2.79790000000000	3328
2.80123333333333	5690
2.80456666666667	4924
2.80790000000000	3110
2.81123333333333	2978
2.81458333333333	3909
2.81791666666667	3139
2.82125000000000	2368
2.82458333333333	2796
2.82791666666667	3223
2.83125000000000	2643
2.83460000000000	2063
2.83793333333333	2058
2.84126666666667	2053
2.84460000000000	1228
2.84793333333333	3296
2.85128333333333	3344
2.85461666666667	3604
2.85795000000000	3865
2.86128333333333	4180
2.86461666666667	4728
2.86796666666667	4778
2.87130000000000	4828
2.87463333333333	5120
2.87796666666667	4968
2.88130000000000	4816
2.88465000000000	5212
2.88798333333333	4081
2.89131666666667	4328
2.89465000000000	5369
2.89798333333333	3123
2.90133333333333	4612
2.90466666666667	4540
2.90800000000000	4468
2.91133333333333	3854
2.91466666666667	6048
2.91801666666667	5267
2.92135000000000	4486
2.92468333333333	5472
2.92801666666667	3513
2.93135000000000	5825
2.93470000000000	8428
2.93803333333333	1109
2.94136666666667	10096
2.94470000000000	10584
2.94803333333333	1590
2.95138333333333	3816
2.95471666666667	4215
2.95805000000000	4963
2.96138333333333	5763
2.96471666666667	5469
2.96806666666667	5175
2.97140000000000	4977
2.97473333333333	5111
2.97806666666667	4047
2.98140000000000	1575
2.98475000000000	3746
2.98808333333333	2092
2.99141666666667	6146
2.99475000000000	5892
2.99808333333333	3437
3.00143333333333	3913
3.00476666666667	4936
3.00810000000000	4142
3.01143333333333	3008
3.01476666666667	3556
3.01811666666667	4104
3.02145000000000	2602
3.02478333333333	4686
3.02811666666667	4348
3.03145000000000	6292
3.03480000000000	4800
3.03813333333333	1059
3.04146666666667	2605
3.04480000000000	4038
3.04813333333333	8508
3.05148333333333	7202
3.05481666666667	2672
3.05815000000000	9568
3.06148333333333	5182
3.06481666666667	2770
3.06816666666667	3076
3.07150000000000	2193
3.07483333333333	4358
3.07816666666667	6382
3.08150000000000	6581
3.08485000000000	2417
3.08818333333333	9416
3.09151666666667	1331
3.09485000000000	3887
3.09818333333333	1565
3.10153333333333	2243
3.10486666666667	7252
3.10820000000000	8172
3.11153333333333	10152
3.11486666666667	5192
3.11821666666667	5956
3.12155000000000	1199
3.12488333333333	44
3.12821666666667	3472
3.13155000000000	2893
3.13490000000000	8086
3.13823333333333	7276
3.14156666666667	5299
3.14490000000000	7229
3.14823333333333	900
3.15158333333333	2172
3.15491666666667	6454
3.15825000000000	4495
3.16158333333333	2704
3.16491666666667	1950
3.16825000000000	6048
3.17160000000000	0
3.17493333333333	4680
3.17826666666667	2185
3.18160000000000	9280
3.18493333333333	7557
3.18828333333333	9056
3.19161666666667	4795
3.19495000000000	7726
3.19828333333333	5404
3.20161666666667	4892
3.20496666666667	8764
3.20830000000000	9164
3.21163333333333	0
3.21496666666667	3228
3.21830000000000	1793
3.22165000000000	2779
3.22498333333333	494
3.22831666666667	5618
3.23165000000000	3428
3.23498333333333	1237
3.23833333333333	1304
3.24166666666667	4231
3.24500000000000	3756
3.24833333333333	3281
3.25166666666667	3200
3.25501666666667	3118
3.25835000000000	3495
3.26168333333333	2953
3.26501666666667	2410
3.26835000000000	1528
3.27170000000000	2330
3.27503333333333	1920
3.27836666666667	1509
3.28170000000000	2122
3.28503333333333	966
3.28838333333333	1392
3.29171666666667	1817
3.29505000000000	2116
3.29838333333333	2037
3.30171666666667	1958
3.30506666666667	7161
3.30840000000000	9072
3.31173333333333	653
3.31506666666667	6107
3.31840000000000	6572
3.32175000000000	6635
3.32508333333333	3760
3.32841666666667	3060
3.33175000000000	4092
3.33508333333333	1866
3.33843333333333	7701
3.34176666666667	8900
3.34510000000000	11748
3.34843333333333	0
3.35176666666667	3885
3.35511666666667	4527
3.35845000000000	3782
3.36178333333333	1967
3.36511666666667	7775
3.36845000000000	9164
3.37180000000000	2795
3.37513333333333	2624
3.37846666666667	7884
3.38180000000000	5052
3.38513333333333	3641
3.38848333333333	2061
3.39181666666667	2769
3.39515000000000	3478
3.39848333333333	4160
3.40181666666667	4842
3.40516666666667	4395
3.40850000000000	3948
3.41183333333333	6421
3.41516666666667	5604
3.41850000000000	4787
3.42185000000000	4857
3.42518333333333	4661
3.42851666666667	3075
3.43185000000000	1490
3.43518333333333	1613
3.43853333333333	1737
3.44186666666667	6499
3.44520000000000	5412
3.44853333333333	8760
3.45186666666667	5202
3.45521666666667	3034
3.45855000000000	4171
3.46188333333333	3312
3.46521666666667	2806
3.46855000000000	2300
3.47190000000000	3042
3.47523333333333	3784
3.47856666666667	3897
3.48190000000000	1839
3.48523333333333	5289
3.48858333333333	6727
3.49191666666667	3377
3.49525000000000	2785
3.49858333333333	3845
3.50191666666667	3822
3.50523333333333	3799
3.50858333333333	3857
3.51191666666667	3915
3.51525000000000	3391
3.51858333333333	2867
3.52191666666667	3149
3.52526666666667	3430
3.52860000000000	305
3.53193333333333	7474
3.53526666666667	9168
3.53860000000000	4476
3.54195000000000	980
3.54528333333333	5531
3.54861666666667	3318
3.55195000000000	3305
3.55528333333333	3292
3.55863333333333	3605
3.56196666666667	3917
3.56530000000000	562
3.56863333333333	2777
3.57196666666667	4992
3.57531666666667	7672
3.57865000000000	5658
3.58198333333333	4936
3.58531666666667	1636
3.58865000000000	6788
3.59200000000000	1256
3.59533333333333	2281
3.59866666666667	6016
3.60200000000000	6811
3.60533333333333	6082
3.60868333333333	2377
3.61201666666667	7394
3.61535000000000	7363
3.61868333333333	2561
3.62201666666667	2292
3.62536666666667	3123
3.62870000000000	886
3.63203333333333	1981
3.63536666666667	2862
3.63870000000000	3743
3.64205000000000	5566
3.64538333333333	3626
3.64871666666667	1687
3.65205000000000	3511
3.65538333333333	5334
3.65873333333333	6702
3.66206666666667	4892
3.66540000000000	6041
3.66873333333333	7191
3.67206666666667	5284
3.67541666666667	5221
3.67875000000000	6979
3.68208333333333	8348
3.68541666666667	11040
3.68875000000000	2844
3.69210000000000	4996
3.69543333333333	7622
3.69876666666667	4753
3.70210000000000	7006
3.70543333333333	0
3.70878333333333	2045
3.71211666666667	9636
3.71545000000000	3588
3.71878333333333	5400
3.72211666666667	7292
3.72546666666667	7425
3.72880000000000	1941
3.73213333333333	3999
3.73546666666667	2245
3.73880000000000	5651
3.74215000000000	5162
3.74548333333333	7236
3.74881666666667	9568
3.75215000000000	8348
3.75548333333333	5707
3.75883333333333	1090
3.76216666666667	3310
3.76550000000000	6993
3.76883333333333	1566
3.77216666666667	6324
3.77551666666667	4964
3.77885000000000	4458
3.78218333333333	3952
3.78551666666667	3098
3.78885000000000	2652
3.79220000000000	2207
3.79553333333333	1638
3.79886666666667	7336
3.80220000000000	6075
3.80553333333333	4849
3.80886666666667	5571
3.81220000000000	6595
3.81553333333333	3023
3.81886666666667	7418
3.82220000000000	6718
3.82555000000000	6019
3.82888333333333	3817
3.83221666666667	3342
3.83555000000000	1516
3.83888333333333	5741
3.84221666666667	4334
3.84556666666667	8772
3.84890000000000	8084
3.85223333333333	6647
3.85556666666667	5211
3.85890000000000	1602
3.86225000000000	2828
3.86558333333333	2112
3.86891666666667	625
3.87225000000000	2483
3.87558333333333	4340
3.87893333333333	3439
3.88226666666667	2537
3.88560000000000	2962
3.88893333333333	3387
3.89226666666667	1516
3.89561666666667	10944
3.89895000000000	13136
3.90228333333333	5818
3.90561666666667	7321
3.90895000000000	3178
3.91230000000000	1824
3.91563333333333	1952
3.91896666666667	3247
3.92230000000000	4991
3.92563333333333	6736
3.92898333333333	6081
3.93231666666667	0
3.93565000000000	4672
3.93898333333333	7045
3.94231666666667	0
3.94566666666667	5547
3.94900000000000	1970
3.95233333333333	2814
3.95566666666667	3657
3.95900000000000	1403
3.96235000000000	6884
3.96568333333333	9316
3.96901666666667	9156
3.97235000000000	1870
3.97568333333333	6517
3.97903333333333	10140
3.98236666666667	4132
3.98570000000000	3379
3.98903333333333	3728
3.99236666666667	7082
3.99571666666667	5024
3.99905000000000	2967
4.00238333333333	3870
4.00571666666667	4773
4.00905000000000	3910
4.01240000000000	3034
4.01573333333333	2158
4.01906666666667	2600
4.02240000000000	3043
4.02573333333333	2300
4.02908333333333	2301
4.03241666666667	4345
4.03575000000000	5299
4.03908333333333	5513
4.04241666666667	3798
4.04576666666667	5953
4.04910000000000	5848
4.05243333333333	5016
4.05576666666667	7563
4.05910000000000	1147
4.06245000000000	6267
4.06578333333333	2136
4.06911666666667	6383
4.07245000000000	8012
4.07578333333333	552
4.07913333333333	5603
4.08246666666667	818
4.08580000000000	558
4.08913333333333	297
4.09246666666667	3325
4.09581666666667	3626
4.09915000000000	3926
4.10248333333333	4228
4.10581666666667	4530
4.10915000000000	4772
4.11248333333333	5972
4.11581666666667	2409
4.11915000000000	4129
4.12248333333333	2882
4.12581666666667	93
4.12916666666667	1123
4.13250000000000	3777
4.13583333333333	3685
4.13916666666667	1907
4.14250000000000	5209
4.14585000000000	3790
4.14918333333333	1423
4.15251666666667	8016
4.15585000000000	8512
4.15918333333333	7525
4.16253333333333	2987
4.16586666666667	8093
4.16920000000000	1415
4.17253333333333	3395
4.17586666666667	6296
4.17920000000000	6281
4.18255000000000	6017
4.18588333333333	0
4.18921666666667	6334
4.19255000000000	3343
4.19588333333333	3266
4.19923333333333	4468
4.20256666666667	5670
4.20590000000000	6325
4.20923333333333	6980
4.21256666666667	2953
4.21591666666667	3327
4.21925000000000	4159
4.22258333333333	3385
4.22591666666667	2612
4.22925000000000	4945
4.23260000000000	4618
4.23593333333333	3357
4.23926666666667	1067
4.24260000000000	4281
4.24593333333333	4574
4.24928333333333	4866
4.25261666666667	1172
4.25595000000000	944
4.25928333333333	5191
4.26261666666667	2726
4.26596666666667	260
4.26930000000000	6861
4.27263333333333	2564
4.27596666666667	9096
4.27930000000000	6006
4.28265000000000	5308
4.28598333333333	2254
4.28931666666667	9664
4.29265000000000	7762
4.29598333333333	6306
4.29933333333333	3092
4.30266666666667	2442
4.30600000000000	3416
4.30933333333333	4933
4.31266666666667	5903
4.31601666666667	6874
4.31935000000000	2598
4.32268333333333	4444
4.32601666666667	3636
4.32935000000000	7237
4.33270000000000	7785
4.33603333333333	7005
4.33936666666667	6102
4.34270000000000	5199
4.34603333333333	4333
4.34938333333333	8364
4.35271666666667	9816
4.35605000000000	4080
4.35938333333333	6373
4.36271666666667	2102
4.36605000000000	4999
4.36938333333333	2232
4.37271666666667	9496
4.37605000000000	8844
4.37938333333333	5778
4.38273333333333	8828
4.38606666666667	4848
4.38940000000000	6650
4.39273333333333	8452
4.39606666666667	2935
4.39941666666667	5070
4.40275000000000	5576
4.40608333333333	3088
4.40941666666667	3401
4.41275000000000	3714
4.41610000000000	2335
4.41943333333333	2078
4.42276666666667	6167
4.42610000000000	5177
4.42943333333333	2055
4.43278333333333	3700
4.43611666666667	3311
4.43945000000000	2922
4.44278333333333	2779
4.44611666666667	2635
4.44946666666667	3823
4.45280000000000	5012
4.45613333333333	5219
4.45946666666667	5426
4.46280000000000	4210
4.46615000000000	2995
4.46948333333333	3371
4.47281666666667	3423
4.47615000000000	3475
4.47948333333333	4346
4.48283333333333	4173
4.48616666666667	3415
4.48950000000000	2658
4.49283333333333	4702
4.49616666666667	3954
