1.50081666666667	1367
1.50165000000000	153
1.50248333333333	320
1.50331666666667	735
1.50415000000000	14
1.50498333333333	332
1.50581666666667	699
1.50665000000000	502
1.50748333333333	560
1.50831666666667	619
1.50915000000000	720
1.50998333333333	427
1.51081666666667	135
1.51165000000000	692
1.51248333333333	880
1.51331666666667	0
1.51415000000000	217
1.51498333333333	804
1.51581666666667	1066
1.51665000000000	690
1.51748333333333	0
1.51833333333333	37
1.51916666666667	0
1.52000000000000	95
1.52083333333333	313
1.52166666666667	301
1.52250000000000	289
1.52333333333333	255
1.52416666666667	221
1.52500000000000	110
1.52583333333333	0
1.52666666666667	0
1.52750000000000	0
1.52833333333333	385
1.52916666666667	419
1.53000000000000	0
1.53083333333333	0
1.53166666666667	0
1.53250000000000	367
1.53333333333333	331
1.53416666666667	0
1.53501666666667	110
1.53585000000000	221
1.53668333333333	270
1.53751666666667	319
1.53835000000000	289
1.53918333333333	260
1.54001666666667	309
1.54085000000000	358
1.54168333333333	142
1.54251666666667	549
1.54335000000000	409
1.54418333333333	270
1.54501666666667	0
1.54585000000000	87
1.54668333333333	174
1.54751666666667	110
1.54835000000000	47
1.54918333333333	445
1.55001666666667	223
1.55085000000000	0
1.55166666666667	873
1.55251666666667	1004
1.55335000000000	301
1.55418333333333	0
1.55501666666667	1339
1.55585000000000	427
1.55668333333333	1651
1.55751666666667	0
1.55835000000000	191
1.55918333333333	127
1.56001666666667	320
1.56085000000000	512
1.56168333333333	256
1.56251666666667	0
1.56335000000000	152
1.56418333333333	305
1.56501666666667	130
1.56585000000000	65
1.56668333333333	0
1.56751666666667	124
1.56835000000000	1320
1.56920000000000	1928
1.57003333333333	1867
1.57086666666667	725
1.57170000000000	416
1.57253333333333	0
1.57336666666667	667
1.57420000000000	0
1.57503333333333	495
1.57586666666667	990
1.57670000000000	0
1.57753333333333	644
1.57836666666667	367
1.57920000000000	0
1.58003333333333	336
1.58086666666667	540
1.58170000000000	487
1.58253333333333	471
1.58336666666667	456
1.58420000000000	297
1.58503333333333	149
1.58586666666667	0
1.58671666666667	41
1.58755000000000	82
1.58838333333333	254
1.58921666666667	127
1.59005000000000	0
1.59088333333333	259
1.59171666666667	436
1.59255000000000	613
1.59338333333333	307
1.59421666666667	0
1.59505000000000	176
1.59588333333333	304
1.59671666666667	661
1.59755000000000	691
1.59838333333333	565
1.59921666666667	13
1.60005000000000	709
1.60088333333333	0
1.60171666666667	0
1.60255000000000	0
1.60340000000000	99
1.60423333333333	199
1.60506666666667	993
1.60590000000000	624
1.60673333333333	256
1.60756666666667	41
1.60840000000000	0
1.60923333333333	0
1.61006666666667	127
1.61090000000000	619
1.61173333333333	729
1.61256666666667	838
1.61340000000000	141
1.61423333333333	1031
1.61506666666667	865
1.61590000000000	1295
1.61673333333333	400
1.61756666666667	957
1.61840000000000	267
1.61923333333333	417
1.62006666666667	0
1.62091666666667	219
1.62175000000000	1212
1.62258333333333	1164
1.62341666666667	365
1.62425000000000	1214
1.62508333333333	1049
1.62591666666667	863
1.62675000000000	0
1.62758333333333	793
1.62841666666667	660
1.62925000000000	364
1.63008333333333	603
1.63091666666667	684
1.63175000000000	420
1.63258333333333	781
1.63341666666667	558
1.63425000000000	13
1.63508333333333	0
1.63591666666667	0
1.63673333333333	0
1.63758333333333	978
1.63841666666667	892
1.63925000000000	423
1.64008333333333	480
1.64091666666667	842
1.64175000000000	943
1.64258333333333	432
1.64341666666667	419
1.64425000000000	470
1.64508333333333	164
1.64591666666667	290
1.64675000000000	415
1.64758333333333	0
1.64841666666667	505
1.64925000000000	0
1.65008333333333	166
1.65091666666667	333
1.65175000000000	233
1.65258333333333	117
1.65341666666667	0
1.65425000000000	584
1.65510000000000	335
1.65593333333333	87
1.65676666666667	892
1.65760000000000	842
1.65843333333333	1324
1.65926666666667	88
1.66010000000000	428
1.66093333333333	339
1.66176666666667	419
1.66260000000000	499
1.66343333333333	267
1.66426666666667	35
1.66510000000000	522
1.66593333333333	73
1.66676666666667	528
1.66760000000000	814
1.66843333333333	0
1.66926666666667	164
1.67010000000000	41
1.67093333333333	498
1.67178333333333	457
1.67261666666667	417
1.67345000000000	255
1.67428333333333	263
1.67511666666667	271
1.67595000000000	403
1.67678333333333	0
1.67761666666667	0
1.67845000000000	0
1.67928333333333	373
1.68011666666667	187
1.68095000000000	0
1.68178333333333	461
1.68261666666667	402
1.68345000000000	1171
1.68428333333333	1302
1.68511666666667	710
1.68595000000000	666
1.68678333333333	545
1.68761666666667	0
1.68845000000000	611
1.68930000000000	0
1.69013333333333	696
1.69096666666667	898
1.69180000000000	13
1.69263333333333	0
1.69346666666667	318
1.69430000000000	668
1.69513333333333	643
1.69596666666667	869
1.69680000000000	1094
1.69763333333333	0
1.69846666666667	926
1.69930000000000	1492
1.70013333333333	1029
1.70095000000000	1406
1.70178333333333	437
1.70261666666667	670
1.70345000000000	1093
1.70428333333333	689
1.70511666666667	483
1.70596666666667	776
1.70680000000000	382
1.70763333333333	543
1.70846666666667	704
1.70930000000000	402
1.71013333333333	0
1.71096666666667	0
1.71180000000000	0
1.71263333333333	613
1.71346666666667	496
1.71430000000000	460
1.71513333333333	424
1.71596666666667	466
1.71680000000000	509
1.71763333333333	0
1.71846666666667	554
1.71930000000000	126
1.72013333333333	455
1.72096666666667	149
1.72180000000000	0
1.72263333333333	0
1.72348333333333	0
1.72431666666667	0
1.72515000000000	0
1.72598333333333	273
1.72681666666667	1028
1.72765000000000	1028
1.72848333333333	0
1.72931666666667	1685
1.73015000000000	967
1.73098333333333	710
1.73181666666667	1438
1.73265000000000	1417
1.73348333333333	462
1.73431666666667	0
1.73515000000000	0
1.73598333333333	801
1.73681666666667	603
1.73765000000000	0
1.73848333333333	73
1.73931666666667	0
1.74016666666667	0
1.74100000000000	0
1.74183333333333	0
1.74266666666667	916
1.74350000000000	458
1.74433333333333	0
1.74516666666667	453
1.74600000000000	1333
1.74683333333333	1430
1.74766666666667	0
1.74850000000000	0
1.74933333333333	648
1.75016666666667	522
1.75100000000000	1325
1.75183333333333	982
1.75266666666667	596
1.75350000000000	403
1.75433333333333	559
1.75516666666667	654
1.75600000000000	327
1.75683333333333	0
1.75768333333333	595
1.75851666666667	652
1.75935000000000	661
1.76018333333333	487
1.76101666666667	313
1.76185000000000	886
1.76268333333333	0
1.76351666666667	1090
1.76435000000000	381
1.76518333333333	234
1.76601666666667	431
1.76685000000000	601
1.76768333333333	17
1.76851666666667	149
1.76935000000000	334
1.77018333333333	0
1.77101666666667	561
1.77183333333333	1122
1.77266666666667	1364
1.77350000000000	0
1.77435000000000	599
1.77518333333333	0
1.77601666666667	0
1.77685000000000	376
1.77768333333333	0
1.77851666666667	184
1.77935000000000	369
1.78018333333333	713
1.78101666666667	484
1.78185000000000	254
1.78268333333333	867
1.78351666666667	366
1.78435000000000	0
1.78518333333333	191
1.78601666666667	314
1.78685000000000	437
1.78768333333333	0
1.78851666666667	554
1.78935000000000	547
1.79018333333333	0
1.79101666666667	454
1.79186666666667	907
1.79270000000000	732
1.79353333333333	217
1.79436666666667	424
1.79520000000000	14
1.79603333333333	421
1.79686666666667	0
1.79770000000000	0
1.79853333333333	0
1.79936666666667	235
1.80020000000000	526
1.80103333333333	535
1.80186666666667	237
1.80270000000000	240
1.80353333333333	0
1.80436666666667	0
1.80520000000000	98
1.80603333333333	197
1.80686666666667	351
1.80770000000000	443
1.80855000000000	0
1.80938333333333	161
1.81021666666667	401
1.81105000000000	60
1.81188333333333	30
1.81271666666667	0
1.81355000000000	0
1.81438333333333	0
1.81521666666667	192
1.81605000000000	193
1.81688333333333	193
1.81771666666667	0
1.81855000000000	220
1.81938333333333	462
1.82021666666667	231
1.82105000000000	0
1.82188333333333	229
1.82271666666667	296
1.82355000000000	355
1.82438333333333	414
1.82521666666667	207
1.82606666666667	0
1.82690000000000	358
1.82773333333333	0
1.82856666666667	90
1.82940000000000	179
1.83023333333333	390
1.83106666666667	368
1.83190000000000	0
1.83273333333333	12
1.83356666666667	949
1.83440000000000	700
1.83523333333333	0
1.83606666666667	313
1.83690000000000	285
1.83773333333333	0
1.83856666666667	0
1.83940000000000	165
1.84023333333333	330
1.84106666666667	395
1.84190000000000	460
1.84275000000000	231
1.84358333333333	0
1.84441666666667	397
1.84525000000000	199
1.84608333333333	0
1.84691666666667	0
1.84775000000000	1068
1.84858333333333	929
1.84941666666667	0
1.85025000000000	550
1.85108333333333	838
1.85191666666667	1157
1.85275000000000	0
1.85358333333333	77
1.85441666666667	933
1.85525000000000	0
1.85608333333333	1020
1.85691666666667	0
1.85775000000000	569
1.85858333333333	756
1.85941666666667	442
1.86026666666667	470
1.86110000000000	498
1.86193333333333	375
1.86276666666667	187
1.86360000000000	0
1.86443333333333	0
1.86526666666667	301
1.86610000000000	548
1.86693333333333	553
1.86776666666667	0
1.86860000000000	636
1.86943333333333	296
1.87026666666667	329
1.87110000000000	330
1.87191666666667	181
1.87275000000000	91
1.87358333333333	0
1.87441666666667	458
1.87525000000000	229
1.87608333333333	0
1.87693333333333	253
1.87776666666667	157
1.87860000000000	60
1.87943333333333	911
1.88026666666667	709
1.88110000000000	0
1.88193333333333	185
1.88276666666667	724
1.88360000000000	350
1.88443333333333	907
1.88526666666667	575
1.88610000000000	243
1.88693333333333	617
1.88776666666667	0
1.88860000000000	314
1.88943333333333	473
1.89026666666667	633
1.89110000000000	0
1.89193333333333	311
1.89276666666667	0
1.89360000000000	298
1.89445000000000	149
1.89528333333333	0
1.89611666666667	181
1.89695000000000	91
1.89778333333333	0
1.89861666666667	0
1.89945000000000	0
1.90028333333333	12
1.90111666666667	6
1.90195000000000	0
1.90278333333333	0
1.90361666666667	769
1.90445000000000	1022
1.90528333333333	1301
1.90611666666667	1175
1.90695000000000	0
1.90778333333333	715
1.90861666666667	361
1.90945000000000	309
1.91028333333333	426
1.91115000000000	542
1.91198333333333	669
1.91280000000000	796
1.91363333333333	0
1.91446666666667	743
1.91530000000000	447
1.91613333333333	0
1.91696666666667	463
1.91780000000000	0
1.91863333333333	519
1.91946666666667	0
1.92030000000000	431
1.92113333333333	631
1.92196666666667	483
1.92280000000000	0
1.92363333333333	254
1.92446666666667	117
1.92530000000000	0
1.92613333333333	0
1.92696666666667	0
1.92780000000000	281
1.92865000000000	668
1.92948333333333	341
1.93031666666667	14
1.93115000000000	367
1.93198333333333	184
1.93281666666667	0
1.93365000000000	321
1.93448333333333	161
1.93531666666667	0
1.93615000000000	107
1.93698333333333	214
1.93781666666667	181
1.93865000000000	554
1.93948333333333	548
1.94031666666667	542
1.94115000000000	0
1.94198333333333	193
1.94281666666667	387
1.94365000000000	346
1.94448333333333	305
1.94533333333333	0
1.94616666666667	0
1.94700000000000	0
1.94783333333333	195
1.94866666666667	389
1.94950000000000	637
1.95033333333333	459
1.95116666666667	281
1.95200000000000	141
1.95283333333333	0
1.95366666666667	0
1.95450000000000	336
1.95533333333333	168
1.95616666666667	0
1.95700000000000	121
1.95783333333333	242
1.95866666666667	0
1.95950000000000	139
1.96033333333333	277
1.96116666666667	96
1.96200000000000	894
1.96285000000000	753
1.96368333333333	396
1.96451666666667	571
1.96535000000000	0
1.96618333333333	337
1.96701666666667	278
1.96785000000000	456
1.96868333333333	228
1.96951666666667	0
1.97035000000000	0
1.97118333333333	140
1.97201666666667	268
1.97285000000000	624
1.97368333333333	469
1.97451666666667	314
1.97535000000000	795
1.97618333333333	0
1.97701666666667	0
1.97785000000000	534
1.97868333333333	0
1.97953333333333	0
1.98036666666667	0
1.98120000000000	0
1.98203333333333	0
1.98286666666667	0
1.98370000000000	0
1.98453333333333	0
1.98536666666667	847
1.98620000000000	955
1.98703333333333	966
1.98786666666667	111
1.98870000000000	904
1.98953333333333	0
1.99036666666667	293
1.99120000000000	410
1.99203333333333	0
1.99286666666667	174
1.99370000000000	87
1.99453333333333	0
1.99536666666667	819
1.99620000000000	1032
1.99705000000000	72
1.99788333333333	1022
1.99871666666667	0
1.99955000000000	254
2.00038333333333	474
2.00121666666667	0
2.00205000000000	613
2.00288333333333	0
2.00371666666667	870
2.00455000000000	1109
2.00538333333333	378
2.00621666666667	812
2.00705000000000	574
2.00788333333333	223
2.00871666666667	551
2.00955000000000	361
2.01038333333333	515
2.01121666666667	669
2.01205000000000	0
2.01286666666667	273
2.01371666666667	545
2.01455000000000	738
2.01538333333333	520
2.01621666666667	301
2.01705000000000	203
2.01788333333333	639
2.01871666666667	369
2.01955000000000	0
2.02038333333333	0
2.02121666666667	149
2.02205000000000	0
2.02288333333333	0
2.02371666666667	0
2.02455000000000	79
2.02538333333333	620
2.02621666666667	1286
2.02705000000000	922
2.02788333333333	510
2.02871666666667	343
2.02955000000000	858
2.03038333333333	508
2.03123333333333	450
2.03206666666667	911
2.03290000000000	0
2.03373333333333	0
2.03456666666667	0
2.03540000000000	279
2.03623333333333	140
2.03706666666667	0
2.03790000000000	362
2.03873333333333	0
2.03956666666667	119
2.04040000000000	0
2.04123333333333	300
2.04206666666667	1097
2.04290000000000	1051
2.04373333333333	295
2.04456666666667	668
2.04540000000000	154
2.04623333333333	637
2.04706666666667	0
2.04791666666667	819
2.04875000000000	608
2.04958333333333	0
2.05041666666667	347
2.05125000000000	720
2.05208333333333	884
2.05291666666667	0
2.05375000000000	274
2.05458333333333	0
2.05541666666667	169
2.05625000000000	339
2.05708333333333	249
2.05791666666667	158
2.05875000000000	0
2.05958333333333	151
2.06041666666667	428
2.06125000000000	537
2.06208333333333	646
2.06291666666667	313
2.06375000000000	0
2.06458333333333	0
2.06543333333333	0
2.06626666666667	220
2.06710000000000	441
2.06793333333333	326
2.06876666666667	163
2.06960000000000	0
2.07043333333333	490
2.07126666666667	671
2.07210000000000	329
2.07293333333333	359
2.07376666666667	470
2.07460000000000	472
2.07543333333333	473
2.07626666666667	493
2.07710000000000	512
2.07793333333333	576
2.07876666666667	0
2.07960000000000	0
2.08043333333333	73
2.08126666666667	646
2.08211666666667	531
2.08295000000000	339
2.08378333333333	369
2.08461666666667	398
2.08545000000000	0
2.08628333333333	0
2.08711666666667	0
2.08795000000000	1034
2.08878333333333	938
2.08961666666667	640
2.09045000000000	0
2.09128333333333	358
2.09211666666667	179
2.09295000000000	0
2.09378333333333	0
2.09461666666667	0
2.09545000000000	0
2.09628333333333	13
2.09711666666667	214
2.09795000000000	107
2.09878333333333	0
2.09963333333333	0
2.10046666666667	6
2.10130000000000	13
2.10213333333333	472
2.10296666666667	236
2.10380000000000	0
2.10463333333333	0
2.10546666666667	640
2.10630000000000	842
2.10713333333333	211
2.10796666666667	0
2.10880000000000	836
2.10963333333333	0
2.11046666666667	0
2.11130000000000	305
2.11213333333333	332
2.11296666666667	374
2.11380000000000	417
2.11463333333333	297
2.11546666666667	177
2.11631666666667	478
2.11715000000000	563
2.11798333333333	589
2.11881666666667	539
2.11965000000000	0
2.12048333333333	0
2.12131666666667	0
2.12215000000000	0
2.12298333333333	0
2.12381666666667	0
2.12465000000000	0
2.12548333333333	334
2.12631666666667	192
2.12715000000000	49
2.12798333333333	331
2.12881666666667	541
2.12965000000000	893
2.13048333333333	562
2.13131666666667	0
2.13215000000000	237
2.13298333333333	278
2.13383333333333	453
2.13466666666667	629
2.13550000000000	842
2.13633333333333	743
2.13716666666667	536
2.13800000000000	330
2.13883333333333	445
2.13966666666667	639
2.14050000000000	0
2.14133333333333	0
2.14216666666667	328
2.14300000000000	0
2.14383333333333	0
2.14466666666667	97
2.14550000000000	193
2.14633333333333	281
2.14716666666667	209
2.14800000000000	137
2.14883333333333	68
2.14966666666667	0
2.15051666666667	0
2.15135000000000	0
2.15218333333333	0
2.15301666666667	0
2.15385000000000	80
2.15468333333333	40
2.15551666666667	0
2.15635000000000	55
2.15718333333333	110
2.15801666666667	310
2.15885000000000	205
2.15968333333333	99
2.16051666666667	197
2.16135000000000	295
2.16218333333333	0
2.16301666666667	0
2.16385000000000	0
2.16468333333333	0
2.16551666666667	189
2.16635000000000	94
2.16718333333333	0
2.16803333333333	0
2.16886666666667	0
2.16970000000000	0
2.17053333333333	13
2.17136666666667	124
2.17220000000000	235
2.17303333333333	222
2.17386666666667	0
2.17470000000000	185
2.17553333333333	369
2.17636666666667	589
2.17720000000000	411
2.17803333333333	855
2.17886666666667	981
2.17970000000000	657
2.18051666666667	1064
2.18135000000000	926
2.18218333333333	0
2.18301666666667	0
2.18385000000000	561
2.18470000000000	715
2.18553333333333	227
2.18636666666667	76
2.18720000000000	207
2.18803333333333	0
2.18886666666667	401
2.18970000000000	530
2.19053333333333	692
2.19136666666667	673
2.19220000000000	422
2.19303333333333	240
2.19386666666667	59
2.19470000000000	0
2.19553333333333	0
2.19636666666667	0
2.19720000000000	0
2.19803333333333	525
2.19886666666667	742
2.19970000000000	334
2.20053333333333	13
2.20136666666667	13
2.20221666666667	527
2.20305000000000	826
2.20388333333333	1032
2.20471666666667	510
2.20555000000000	450
2.20638333333333	612
2.20721666666667	232
2.20805000000000	0
2.20888333333333	0
2.20971666666667	234
2.21055000000000	117
2.21138333333333	0
2.21221666666667	439
2.21305000000000	391
2.21388333333333	343
2.21471666666667	1662
2.21555000000000	1347
2.21638333333333	0
2.21721666666667	306
2.21805000000000	0
2.21890000000000	429
2.21973333333333	281
2.22056666666667	132
2.22140000000000	66
2.22223333333333	0
2.22306666666667	0
2.22390000000000	0
2.22473333333333	516
2.22556666666667	258
2.22640000000000	0
2.22723333333333	109
2.22806666666667	0
2.22890000000000	186
2.22973333333333	371
2.23056666666667	283
2.23140000000000	195
2.23223333333333	759
2.23306666666667	934
2.23390000000000	623
2.23473333333333	312
2.23556666666667	814
2.23641666666667	562
2.23725000000000	310
2.23808333333333	849
2.23891666666667	1000
2.23975000000000	1151
2.24058333333333	1273
2.24141666666667	1607
2.24225000000000	1703
2.24308333333333	523
2.24391666666667	1757
2.24475000000000	1165
2.24558333333333	1598
2.24641666666667	1594
2.24725000000000	1591
2.24808333333333	1605
2.24891666666667	1771
2.24975000000000	1937
2.25058333333333	991
2.25141666666667	1476
2.25225000000000	1961
2.25310000000000	3305
2.25393333333333	2656
2.25476666666667	694
2.25560000000000	2664
2.25643333333333	2865
2.25726666666667	1380
2.25810000000000	3223
2.25893333333333	2215
2.25976666666667	1184
2.26060000000000	154
2.26143333333333	4990
2.26226666666667	4281
2.26310000000000	4418
2.26393333333333	3727
2.26476666666667	2784
2.26560000000000	4212
2.26643333333333	4317
2.26726666666667	5524
2.26810000000000	4366
2.26893333333333	4496
2.26976666666667	4428
2.27061666666667	4329
2.27145000000000	4230
2.27228333333333	3215
2.27311666666667	7302
2.27395000000000	5857
2.27478333333333	4413
2.27561666666667	8184
2.27645000000000	6899
2.27728333333333	6778
2.27811666666667	7299
2.27895000000000	7821
2.27978333333333	4520
2.28061666666667	8644
2.28145000000000	7690
2.28228333333333	7047
2.28311666666667	6479
2.28395000000000	4363
2.28478333333333	8400
2.28561666666667	7395
2.28645000000000	11332
2.28730000000000	10060
2.28813333333333	9456
2.28896666666667	8652
2.28980000000000	6616
2.29063333333333	10840
2.29146666666667	11400
2.29230000000000	9088
2.29313333333333	9964
2.29396666666667	9836
2.29480000000000	9740
2.29563333333333	9792
2.29646666666667	9844
2.29730000000000	12308
2.29813333333333	11476
2.29896666666667	10640
2.29980000000000	8344
2.30063333333333	13208
2.30146666666667	12356
2.30230000000000	11504
2.30313333333333	14068
2.30396666666667	14164
2.30481666666667	14264
2.30565000000000	13100
2.30648333333333	12312
2.30731666666667	13872
2.30815000000000	13560
2.30898333333333	15684
2.30981666666667	16228
2.31065000000000	14060
2.31148333333333	17372
2.31231666666667	12280
2.31315000000000	12756
2.31398333333333	13232
2.31481666666667	14788
2.31565000000000	16204
2.31648333333333	15512
2.31731666666667	14824
2.31815000000000	18240
2.31898333333333	22480
2.31981666666667	20252
2.32065000000000	21188
2.32150000000000	19764
2.32233333333333	18344
2.32316666666667	21720
2.32400000000000	21984
2.32483333333333	24776
2.32566666666667	24212
2.32650000000000	23648
2.32733333333333	26604
2.32816666666667	26328
2.32900000000000	12692
2.32983333333333	21844
2.33066666666667	23020
2.33150000000000	30708
2.33233333333333	30864
2.33316666666667	24204
2.33400000000000	27424
2.33483333333333	32896
2.33566666666667	28952
2.33650000000000	31684
2.33733333333333	31056
2.33816666666667	31536
2.33901666666667	29696
2.33985000000000	36064
2.34068333333333	33696
2.34151666666667	31328
2.34235000000000	30816
2.34318333333333	33312
2.34401666666667	31212
2.34485000000000	29112
2.34568333333333	34384
2.34651666666667	21704
2.34735000000000	30872
2.34818333333333	29792
2.34901666666667	32960
2.34985000000000	24216
2.35068333333333	29600
2.35151666666667	35072
2.35235000000000	30848
2.35318333333333	33216
2.35401666666667	37008
2.35485000000000	41984
2.35570000000000	42464
2.35653333333333	43520
2.35736666666667	33296
2.35820000000000	51600
2.35903333333333	48112
2.35986666666667	43904
2.36070000000000	52480
2.36153333333333	41088
2.36236666666667	38208
2.36320000000000	48880
2.36403333333333	48896
2.36486666666667	52064
2.36570000000000	52256
2.36653333333333	43136
2.36736666666667	44592
2.36820000000000	42128
2.36903333333333	46080
2.36986666666667	46096
2.37070000000000	46112
2.37153333333333	44704
2.37236666666667	43296
2.37321666666667	50240
2.37405000000000	52016
2.37488333333333	46480
2.37571666666667	50528
2.37655000000000	50864
2.37738333333333	51200
2.37821666666667	56672
2.37905000000000	56272
2.37988333333333	55856
2.38071666666667	49024
2.38155000000000	51520
2.38238333333333	52336
2.38321666666667	53152
2.38405000000000	66736
2.38488333333333	65248
2.38571666666667	57072
2.38655000000000	68544
2.38738333333333	66640
2.38821666666667	64752
2.38905000000000	64000
2.38990000000000	52176
2.39073333333333	54208
2.39156666666667	57536
2.39240000000000	55824
2.39323333333333	54112
2.39406666666667	62496
2.39490000000000	68288
2.39573333333333	85856
2.39656666666667	80048
2.39740000000000	62144
2.39823333333333	82224
2.39906666666667	70672
2.39990000000000	78128
2.40073333333333	73728
2.40156666666667	70224
2.40238333333333	74848
2.40321666666667	73952
2.40405000000000	73184
2.40488333333333	72416
2.40571666666667	74816
2.40655000000000	77232
2.40740000000000	76176
2.40823333333333	75504
2.40906666666667	66912
2.40990000000000	80832
2.41073333333333	75216
2.41156666666667	77840
2.41240000000000	74080
2.41323333333333	70320
2.41406666666667	70832
2.41490000000000	86032
2.41573333333333	86864
2.41656666666667	71152
2.41740000000000	78160
2.41823333333333	72224
2.41906666666667	84608
2.41990000000000	58880
2.42073333333333	84688
2.42156666666667	102224
2.42240000000000	92336
2.42323333333333	84592
2.42408333333333	84912
2.42491666666667	68128
2.42575000000000	97136
2.42658333333333	98736
2.42741666666667	117760
2.42825000000000	82128
2.42908333333333	109744
2.42991666666667	84000
2.43075000000000	99600
2.43158333333333	91360
2.43241666666667	94240
2.43325000000000	84736
2.43408333333333	96912
2.43491666666667	94064
2.43575000000000	95152
2.43658333333333	96224
2.43741666666667	96240
2.43825000000000	97520
2.43908333333333	90880
2.43991666666667	84256
2.44075000000000	102816
2.44160000000000	103072
2.44243333333333	95728
2.44326666666667	88384
2.44410000000000	88784
2.44493333333333	89184
2.44576666666667	99568
2.44660000000000	104688
2.44743333333333	111264
2.44826666666667	114272
2.44910000000000	112128
2.44993333333333	79616
2.45076666666667	114176
2.45160000000000	103136
2.45243333333333	91408
2.45326666666667	101808
2.45410000000000	114960
2.45493333333333	107696
2.45576666666667	113440
2.45660000000000	119184
2.45743333333333	113648
2.45828333333333	122336
2.45911666666667	118240
2.45995000000000	116640
2.46078333333333	107040
2.46161666666667	107120
2.46245000000000	93984
2.46328333333333	87472
2.46411666666667	109104
2.46495000000000	80656
2.46578333333333	100816
2.46661666666667	128896
2.46745000000000	119440
2.46828333333333	111728
2.46911666666667	120704
2.46995000000000	111840
2.47078333333333	102960
2.47160000000000	105088
2.47243333333333	107216
2.47326666666667	97120
2.47410000000000	102592
2.47493333333333	108064
2.47578333333333	105904
2.47661666666667	103760
2.47745000000000	79856
2.47828333333333	88592
2.47911666666667	103456
2.47995000000000	130416
2.48078333333333	149824
2.48161666666667	120352
2.48245000000000	120160
2.48328333333333	115136
2.48411666666667	112048
2.48495000000000	120064
2.48578333333333	128080
2.48661666666667	126256
2.48745000000000	95520
2.48828333333333	87952
2.48911666666667	118480
2.48995000000000	120464
2.49078333333333	127712
2.49161666666667	127264
2.49246666666667	131648
2.49330000000000	114048
2.49413333333333	133888
2.49496666666667	110592
2.49580000000000	107312
2.49663333333333	136576
2.49746666666667	134144
2.49830000000000	129328
2.49913333333333	129936
2.49996666666667	130544
2.50080000000000	129040
2.50163333333333	129456
2.50246666666667	129888
2.50330000000000	125024
2.50413333333333	133248
2.50496666666667	138048
2.50580000000000	136768
2.50663333333333	141952
2.50746666666667	138624
2.50830000000000	122656
2.50913333333333	133952
2.50998333333333	141632
2.51081666666667	135488
2.51165000000000	129568
2.51248333333333	140544
2.51331666666667	129152
2.51415000000000	119232
2.51498333333333	145088
2.51581666666667	115648
2.51665000000000	135424
2.51748333333333	152704
2.51831666666667	147712
2.51915000000000	151552
2.51998333333333	156736
2.52081666666667	144512
2.52165000000000	158592
2.52248333333333	149504
2.52331666666667	148160
2.52415000000000	160512
2.52498333333333	126256
2.52581666666667	131520
2.52666666666667	148544
2.52750000000000	143936
2.52833333333333	149824
2.52916666666667	134976
2.53000000000000	153344
2.53083333333333	144576
2.53166666666667	135488
2.53250000000000	119088
2.53333333333333	123088
2.53416666666667	127088
2.53500000000000	125584
2.53583333333333	124080
2.53666666666667	102320
2.53750000000000	127808
2.53833333333333	112384
2.53916666666667	124272
2.54000000000000	136128
2.54083333333333	157952
2.54166666666667	146176
2.54250000000000	159040
2.54333333333333	133056
2.54418333333333	142464
2.54501666666667	145728
2.54585000000000	135424
2.54668333333333	150336
2.54751666666667	158272
2.54835000000000	112576
2.54918333333333	154496
2.55001666666667	160064
2.55085000000000	135104
2.55168333333333	139264
2.55251666666667	135104
2.55335000000000	138368
2.55418333333333	141632
2.55501666666667	133568
2.55585000000000	125552
2.55668333333333	133248
2.55751666666667	140992
2.55835000000000	150144
2.55918333333333	146496
2.56001666666667	136192
2.56086666666667	124608
2.56170000000000	148864
2.56253333333333	168064
2.56336666666667	155072
2.56420000000000	119040
2.56503333333333	152192
2.56586666666667	133504
2.56670000000000	156864
2.56753333333333	152064
2.56836666666667	132608
2.56920000000000	157056
2.57003333333333	142080
2.57086666666667	162944
2.57170000000000	137472
2.57253333333333	161920
2.57336666666667	147840
2.57420000000000	169216
2.57503333333333	150592
2.57586666666667	151296
2.57670000000000	166144
2.57753333333333	165760
2.57838333333333	180800
2.57921666666667	132352
2.58005000000000	116144
2.58088333333333	119328
2.58171666666667	154112
2.58255000000000	160704
2.58338333333333	163264
2.58421666666667	147008
2.58505000000000	109456
2.58588333333333	130096
2.58671666666667	151808
2.58755000000000	170176
2.58838333333333	161024
2.58921666666667	138816
2.59005000000000	153600
2.59088333333333	172224
2.59171666666667	167616
2.59255000000000	162112
2.59338333333333	170752
2.59420000000000	140800
2.59505000000000	130896
2.59588333333333	170944
2.59671666666667	161664
2.59755000000000	166976
2.59838333333333	158272
2.59921666666667	161536
2.60005000000000	164928
2.60088333333333	113504
2.60171666666667	175104
2.60255000000000	171648
2.60338333333333	177856
2.60421666666667	165888
2.60505000000000	154880
2.60588333333333	157120
2.60671666666667	155264
2.60755000000000	153408
2.60838333333333	166784
2.60921666666667	125936
2.61005000000000	145216
2.61088333333333	168384
2.61171666666667	149248
2.61256666666667	125584
2.61340000000000	149632
2.61423333333333	147520
2.61506666666667	145408
2.61590000000000	166784
2.61673333333333	168640
2.61756666666667	170560
2.61840000000000	134848
2.61923333333333	160832
2.62006666666667	169472
2.62090000000000	161728
2.62173333333333	122544
2.62256666666667	152832
2.62340000000000	174272
2.62423333333333	138560
2.62506666666667	164544
2.62590000000000	143872
2.62673333333333	100256
2.62756666666667	138368
2.62840000000000	132480
2.62925000000000	172928
2.63008333333333	147328
2.63091666666667	148032
2.63175000000000	178240
2.63258333333333	138816
2.63341666666667	106352
2.63425000000000	174272
2.63508333333333	173184
2.63591666666667	171328
2.63675000000000	128256
2.63758333333333	113040
2.63841666666667	167680
2.63925000000000	174656
2.64008333333333	156928
2.64091666666667	136064
2.64175000000000	140288
2.64258333333333	148800
2.64341666666667	148224
2.64425000000000	147712
2.64508333333333	156160
2.64591666666667	164992
2.64676666666667	157760
2.64760000000000	150464
2.64843333333333	171200
2.64926666666667	164864
2.65010000000000	161920
2.65093333333333	158912
2.65176666666667	163072
2.65260000000000	167296
2.65343333333333	185536
2.65426666666667	134144
2.65510000000000	125008
2.65593333333333	110272
2.65676666666667	143872
2.65760000000000	105008
2.65843333333333	121232
2.65926666666667	137472
2.66010000000000	158464
2.66093333333333	168960
2.66176666666667	170432
2.66260000000000	129088
2.66345000000000	196992
2.66428333333333	102880
2.66511666666667	163008
2.66595000000000	169408
2.66678333333333	165760
2.66761666666667	172352
2.66845000000000	178880
2.66928333333333	154496
2.67011666666667	159744
2.67095000000000	172096
2.67178333333333	132224
2.67261666666667	173824
2.67345000000000	165376
2.67428333333333	176128
2.67511666666667	127952
2.67595000000000	135744
2.67678333333333	143488
2.67761666666667	156480
2.67845000000000	148032
2.67928333333333	139648
2.68011666666667	124288
2.68096666666667	166272
2.68180000000000	161088
2.68263333333333	166720
2.68346666666667	177024
2.68430000000000	174784
2.68513333333333	188992
2.68596666666667	190912
2.68680000000000	134144
2.68763333333333	156352
2.68846666666667	183488
2.68930000000000	166080
2.69013333333333	189888
2.69096666666667	169728
2.69180000000000	162560
2.69263333333333	196672
2.69346666666667	134464
2.69430000000000	186880
2.69513333333333	167616
2.69596666666667	181952
2.69680000000000	180800
2.69765000000000	128624
2.69848333333333	115104
2.69931666666667	112496
2.70015000000000	171200
2.70098333333333	158976
2.70181666666667	162496
2.70265000000000	121392
2.70348333333333	185856
2.70431666666667	199872
2.70515000000000	155904
2.70598333333333	109024
2.70681666666667	174080
2.70765000000000	161024
2.70848333333333	162112
2.70931666666667	161984
2.71015000000000	161856
2.71098333333333	164352
2.71181666666667	166912
2.71263333333333	163648
2.71346666666667	160448
2.71430000000000	161344
2.71515000000000	129968
2.71598333333333	168320
2.71681666666667	176128
2.71765000000000	176768
2.71848333333333	172992
2.71931666666667	132800
2.72015000000000	128512
2.72098333333333	161088
2.72181666666667	178176
2.72265000000000	159232
2.72348333333333	161088
2.72431666666667	155072
2.72515000000000	147072
2.72598333333333	119296
2.72681666666667	160512
2.72765000000000	126160
2.72848333333333	133504
2.72931666666667	140800
2.73015000000000	156864
2.73098333333333	168448
2.73183333333333	159488
2.73266666666667	156544
2.73350000000000	151360
2.73433333333333	147328
2.73516666666667	166784
2.73600000000000	168256
2.73683333333333	172928
2.73766666666667	150528
2.73850000000000	177280
2.73933333333333	183552
2.74016666666667	155456
2.74100000000000	168960
2.74183333333333	167232
2.74266666666667	160576
2.74350000000000	168128
2.74433333333333	157824
2.74516666666667	162304
2.74600000000000	159040
2.74683333333333	146880
2.74766666666667	158144
2.74850000000000	159936
2.74935000000000	161664
2.75018333333333	162048
2.75101666666667	162368
2.75185000000000	174144
2.75268333333333	194368
2.75351666666667	191552
2.75435000000000	178240
2.75518333333333	174336
2.75601666666667	175296
2.75685000000000	111200
2.75768333333333	131264
2.75851666666667	177472
2.75935000000000	185280
2.76018333333333	182720
2.76101666666667	180096
2.76185000000000	177536
2.76268333333333	143680
2.76351666666667	166656
2.76435000000000	125456
2.76518333333333	154368
2.76603333333333	130240
2.76686666666667	147136
2.76770000000000	163968
2.76853333333333	172160
2.76936666666667	169024
2.77020000000000	181248
2.77103333333333	176064
2.77186666666667	177728
2.77270000000000	188416
2.77353333333333	121344
2.77436666666667	144896
2.77520000000000	155072
2.77603333333333	151104
2.77686666666667	147136
2.77770000000000	161728
2.77853333333333	176320
2.77936666666667	176192
2.78020000000000	180416
2.78103333333333	183552
2.78186666666667	186688
2.78270000000000	184768
2.78355000000000	182848
2.78438333333333	153408
2.78521666666667	183424
2.78605000000000	190848
2.78688333333333	174592
2.78771666666667	150336
2.78855000000000	193280
2.78938333333333	176832
2.79021666666667	149440
2.79105000000000	192320
2.79188333333333	153600
2.79271666666667	184832
2.79355000000000	149248
2.79438333333333	183872
2.79521666666667	185856
2.79605000000000	163712
2.79688333333333	139776
2.79770000000000	147648
2.79853333333333	158336
2.79936666666667	160128
2.80021666666667	161856
2.80105000000000	135936
2.80188333333333	172544
2.80271666666667	164928
2.80355000000000	164864
2.80438333333333	164800
2.80521666666667	171712
2.80605000000000	170688
2.80688333333333	169664
2.80771666666667	164096
2.80855000000000	145472
2.80938333333333	137024
2.81021666666667	138688
2.81105000000000	179264
2.81188333333333	170304
2.81271666666667	177344
2.81355000000000	156544
2.81438333333333	160896
2.81521666666667	165184
2.81605000000000	189824
2.81688333333333	111408
2.81773333333333	153024
2.81856666666667	107440
2.81940000000000	188928
2.82023333333333	178624
2.82106666666667	197248
2.82190000000000	185920
2.82273333333333	176576
2.82356666666667	173376
2.82440000000000	171520
2.82523333333333	169664
2.82606666666667	190976
2.82690000000000	191744
2.82773333333333	111360
2.82856666666667	134208
2.82940000000000	171712
2.83023333333333	142016
2.83106666666667	176256
2.83190000000000	141824
2.83273333333333	180544
2.83356666666667	183296
2.83441666666667	185344
2.83525000000000	165568
2.83608333333333	187456
2.83691666666667	178944
2.83775000000000	185472
2.83858333333333	195456
2.83941666666667	145216
2.84025000000000	122400
2.84108333333333	154368
2.84191666666667	166144
2.84275000000000	178240
2.84358333333333	174208
2.84441666666667	186944
2.84525000000000	185216
2.84608333333333	183488
2.84691666666667	194816
2.84775000000000	200768
2.84858333333333	176896
2.84941666666667	201792
2.85025000000000	145280
2.85108333333333	186816
2.85193333333333	163008
2.85276666666667	158528
2.85360000000000	191040
2.85443333333333	185984
2.85526666666667	182016
2.85610000000000	189888
2.85693333333333	167744
2.85776666666667	146624
2.85860000000000	178688
2.85943333333333	155968
2.86026666666667	173824
2.86110000000000	150464
2.86193333333333	179776
2.86276666666667	133888
2.86360000000000	123792
2.86443333333333	180800
2.86526666666667	196352
2.86610000000000	181056
2.86693333333333	155904
2.86776666666667	149568
2.86861666666667	190720
2.86945000000000	166080
2.87028333333333	117376
2.87111666666667	160064
2.87195000000000	186432
2.87278333333333	152384
2.87361666666667	171456
2.87445000000000	171456
2.87528333333333	185088
2.87611666666667	190144
2.87695000000000	181824
2.87778333333333	181952
2.87861666666667	186624
2.87945000000000	145088
2.88028333333333	183552
2.88111666666667	144192
2.88195000000000	180800
2.88278333333333	176768
2.88361666666667	178240
2.88445000000000	167552
2.88528333333333	174016
2.88613333333333	181504
2.88696666666667	152768
2.88780000000000	193344
2.88863333333333	200512
2.88946666666667	166720
2.89030000000000	125056
2.89113333333333	148160
2.89196666666667	166464
2.89280000000000	185216
2.89363333333333	193472
2.89446666666667	208896
2.89530000000000	157632
2.89613333333333	200256
2.89696666666667	194880
2.89780000000000	193472
2.89863333333333	170240
2.89945000000000	151040
2.90028333333333	175680
2.90111666666667	173824
2.90195000000000	138752
2.90280000000000	192512
2.90363333333333	141440
2.90446666666667	178240
2.90530000000000	196288
2.90613333333333	130544
2.90696666666667	194048
2.90780000000000	178368
2.90863333333333	173120
2.90946666666667	151424
2.91030000000000	149120
2.91113333333333	159296
2.91196666666667	171200
2.91280000000000	195712
2.91363333333333	191424
2.91446666666667	191104
2.91530000000000	172416
2.91613333333333	189440
2.91696666666667	163904
2.91780000000000	186176
2.91863333333333	199680
2.91946666666667	186240
2.92031666666667	181120
2.92115000000000	176064
2.92198333333333	162240
2.92281666666667	183936
2.92365000000000	169856
2.92448333333333	162880
2.92531666666667	155840
2.92615000000000	187520
2.92698333333333	135424
2.92781666666667	166976
2.92865000000000	154560
2.92948333333333	173120
2.93031666666667	176000
2.93115000000000	147840
2.93198333333333	173568
2.93281666666667	123024
2.93365000000000	182848
2.93448333333333	168832
2.93531666666667	128208
2.93615000000000	154432
2.93700000000000	178304
2.93783333333333	185152
2.93866666666667	174400
2.93950000000000	183552
2.94033333333333	158528
2.94116666666667	151040
2.94200000000000	179008
2.94283333333333	178304
2.94366666666667	181120
2.94450000000000	178368
2.94533333333333	175680
2.94616666666667	170240
2.94700000000000	183232
2.94783333333333	180928
2.94866666666667	178560
2.94950000000000	196800
2.95033333333333	158400
2.95116666666667	143232
2.95200000000000	181504
2.95283333333333	152896
2.95366666666667	161088
2.95451666666667	149056
2.95535000000000	160384
2.95618333333333	163136
2.95701666666667	130496
2.95785000000000	188352
2.95868333333333	179712
2.95951666666667	158656
2.96035000000000	185472
2.96118333333333	177280
2.96201666666667	158208
2.96285000000000	178688
2.96368333333333	160704
2.96451666666667	162240
2.96535000000000	160768
2.96618333333333	155264
2.96701666666667	150464
2.96783333333333	145600
2.96866666666667	154688
2.96950000000000	163840
2.97033333333333	183552
2.97118333333333	174720
2.97201666666667	177792
2.97285000000000	180928
2.97368333333333	182528
2.97451666666667	188160
2.97535000000000	134784
2.97618333333333	179648
2.97701666666667	177920
2.97785000000000	199104
2.97868333333333	186176
2.97951666666667	111856
2.98035000000000	198528
2.98118333333333	175040
2.98201666666667	161984
2.98285000000000	196928
2.98368333333333	147968
2.98451666666667	180352
2.98535000000000	187584
2.98618333333333	193984
2.98701666666667	165504
2.98785000000000	172864
2.98870000000000	171648
2.98953333333333	137984
2.99036666666667	184064
2.99120000000000	159744
2.99203333333333	198656
2.99286666666667	150336
2.99370000000000	170304
2.99453333333333	161408
2.99536666666667	173376
2.99620000000000	159424
2.99703333333333	161088
2.99786666666667	162816
2.99870000000000	154624
2.99953333333333	177856
3.00036666666667	179776
3.00120000000000	164864
3.00203333333333	149440
3.00286666666667	172352
3.00370000000000	168064
3.00453333333333	163840
3.00538333333333	166208
3.00621666666667	194304
3.00705000000000	201600
3.00788333333333	163648
3.00871666666667	182080
3.00955000000000	131456
3.01038333333333	168768
3.01121666666667	164480
3.01205000000000	193984
3.01288333333333	176960
3.01371666666667	153088
3.01455000000000	205568
3.01538333333333	150784
3.01621666666667	202752
3.01705000000000	185216
3.01788333333333	189696
3.01871666666667	187776
3.01955000000000	172928
3.02038333333333	163904
3.02121666666667	166848
3.02205000000000	191232
3.02290000000000	191808
3.02373333333333	167424
3.02456666666667	194752
3.02540000000000	167936
3.02623333333333	173568
3.02706666666667	177280
3.02790000000000	178752
3.02873333333333	179328
3.02956666666667	179904
3.03040000000000	155520
3.03123333333333	179392
3.03206666666667	202624
3.03290000000000	184064
3.03373333333333	173440
3.03456666666667	182528
3.03540000000000	136960
3.03623333333333	112448
3.03706666666667	139264
3.03790000000000	144128
3.03873333333333	149056
3.03958333333333	166080
3.04041666666667	193600
3.04125000000000	181248
3.04208333333333	151872
3.04291666666667	157376
3.04375000000000	183616
3.04458333333333	150144
3.04541666666667	137024
3.04625000000000	179648
3.04708333333333	176256
3.04791666666667	155712
3.04875000000000	203200
3.04958333333333	199168
3.05041666666667	173568
3.05125000000000	154624
3.05208333333333	189824
3.05291666666667	196096
3.05375000000000	170752
3.05458333333333	150976
3.05540000000000	185664
3.05623333333333	131520
3.05708333333333	155584
3.05791666666667	134848
3.05875000000000	167808
3.05958333333333	157760
3.06041666666667	161472
3.06125000000000	171456
3.06208333333333	172480
3.06291666666667	193088
3.06375000000000	100880
3.06458333333333	185088
3.06541666666667	178048
3.06625000000000	168256
3.06708333333333	172736
3.06791666666667	184448
3.06875000000000	174848
3.06958333333333	165312
3.07041666666667	176640
3.07125000000000	146624
3.07208333333333	165120
3.07291666666667	185984
3.07376666666667	170944
3.07460000000000	185920
3.07543333333333	174592
3.07626666666667	151872
3.07710000000000	143424
3.07793333333333	153024
3.07876666666667	130064
3.07960000000000	127168
3.08043333333333	124288
3.08126666666667	152832
3.08210000000000	157120
3.08293333333333	153472
3.08376666666667	149824
3.08460000000000	155456
3.08543333333333	174528
3.08626666666667	170240
3.08710000000000	166016
3.08793333333333	172928
3.08876666666667	181504
3.08960000000000	173952
3.09043333333333	166400
3.09128333333333	109360
3.09211666666667	172416
3.09295000000000	179904
3.09378333333333	193280
3.09461666666667	171904
3.09545000000000	195776
3.09628333333333	127280
3.09711666666667	145856
3.09795000000000	161536
3.09878333333333	185664
3.09961666666667	163904
3.10045000000000	166912
3.10128333333333	169856
3.10211666666667	156224
3.10295000000000	151616
3.10378333333333	164480
3.10461666666667	169088
3.10545000000000	180096
3.10628333333333	129952
3.10711666666667	146112
3.10796666666667	184000
3.10880000000000	153408
3.10963333333333	122784
3.11046666666667	186176
3.11130000000000	147072
3.11213333333333	171456
3.11296666666667	160576
3.11380000000000	168576
3.11463333333333	161792
3.11546666666667	155008
3.11630000000000	150208
3.11713333333333	145408
3.11796666666667	144704
3.11880000000000	190336
3.11963333333333	195840
3.12046666666667	163008
3.12130000000000	179968
3.12213333333333	209024
3.12296666666667	188160
3.12380000000000	186112
3.12463333333333	183232
3.12548333333333	186048
3.12631666666667	142528
3.12715000000000	150592
3.12798333333333	175104
3.12881666666667	184320
3.12965000000000	134976
3.13048333333333	154688
3.13131666666667	175680
3.13215000000000	138688
3.13298333333333	185024
3.13381666666667	184192
3.13465000000000	203840
3.13548333333333	175552
3.13631666666667	200064
3.13715000000000	201344
3.13798333333333	127808
3.13881666666667	183936
3.13965000000000	144000
3.14048333333333	163328
3.14131666666667	137600
3.14216666666667	173312
3.14300000000000	195264
3.14383333333333	180416
3.14466666666667	163712
3.14550000000000	135744
3.14633333333333	179328
3.14716666666667	148992
3.14800000000000	175744
3.14883333333333	192768
3.14966666666667	134720
3.15050000000000	151232
3.15133333333333	176512
3.15216666666667	147520
3.15300000000000	163008
3.15383333333333	152448
3.15466666666667	167168
3.15550000000000	198272
3.15633333333333	193408
3.15716666666667	202496
3.15800000000000	198208
3.15883333333333	134528
3.15968333333333	180032
3.16051666666667	128288
3.16135000000000	177600
3.16218333333333	190080
3.16301666666667	166592
3.16385000000000	186112
3.16468333333333	173632
3.16551666666667	182784
3.16635000000000	167360
3.16718333333333	171072
3.16801666666667	174848
3.16885000000000	176576
3.16968333333333	198912
3.17051666666667	188224
3.17135000000000	177472
3.17218333333333	151488
3.17301666666667	140224
3.17385000000000	136832
3.17466666666667	137472
3.17550000000000	147904
3.17635000000000	158272
3.17718333333333	164864
3.17801666666667	171520
3.17885000000000	158272
3.17968333333333	145024
3.18051666666667	179776
3.18135000000000	194816
3.18218333333333	189696
3.18301666666667	171584
3.18385000000000	170816
3.18468333333333	192576
3.18551666666667	124800
3.18635000000000	175360
3.18718333333333	169024
3.18801666666667	127392
3.18885000000000	168320
3.18968333333333	149056
3.19051666666667	172736
3.19135000000000	151232
3.19218333333333	156608
3.19301666666667	161984
3.19386666666667	171008
3.19470000000000	165248
3.19553333333333	170048
3.19636666666667	181888
3.19720000000000	179264
3.19803333333333	176704
3.19886666666667	162624
3.19970000000000	161408
3.20053333333333	162240
3.20136666666667	163136
3.20220000000000	160704
3.20303333333333	149312
3.20386666666667	137984
3.20470000000000	136192
3.20553333333333	134464
3.20636666666667	194048
3.20720000000000	191872
3.20803333333333	190208
3.20886666666667	153344
3.20970000000000	175232
3.21055000000000	185280
3.21138333333333	194816
3.21221666666667	151616
3.21305000000000	217600
3.21388333333333	197504
3.21471666666667	194432
3.21555000000000	185216
3.21638333333333	185792
3.21721666666667	155712
3.21805000000000	137728
3.21888333333333	139968
3.21971666666667	159168
3.22055000000000	148032
3.22138333333333	156992
3.22221666666667	124256
3.22305000000000	171648
3.22388333333333	160064
3.22471666666667	180352
3.22555000000000	180672
3.22638333333333	188544
3.22721666666667	197056
3.22806666666667	191232
3.22890000000000	185344
3.22973333333333	182336
3.23056666666667	160704
3.23140000000000	168576
3.23223333333333	177280
3.23306666666667	172800
3.23390000000000	188288
3.23473333333333	187904
3.23556666666667	176640
3.23640000000000	178048
3.23723333333333	196096
3.23806666666667	195328
3.23890000000000	202304
3.23973333333333	170112
3.24056666666667	186816
3.24140000000000	169472
3.24223333333333	174016
3.24306666666667	142400
3.24390000000000	111856
3.24475000000000	164608
3.24558333333333	137920
3.24641666666667	188608
3.24725000000000	171328
3.24808333333333	120288
3.24891666666667	142528
3.24975000000000	159104
3.25058333333333	195520
3.25141666666667	202880
3.25225000000000	194560
3.25308333333333	167488
3.25391666666667	180864
3.25475000000000	183616
3.25558333333333	184576
3.25641666666667	145920
3.25725000000000	166272
3.25808333333333	186304
3.25891666666667	162944
3.25975000000000	183744
3.26058333333333	158400
3.26141666666667	183680
3.26226666666667	196864
3.26310000000000	156416
3.26393333333333	174400
3.26476666666667	209472
3.26560000000000	192704
3.26643333333333	173440
3.26726666666667	185344
3.26810000000000	163264
3.26893333333333	159104
3.26976666666667	169536
3.27060000000000	166848
3.27143333333333	164160
3.27226666666667	171456
3.27310000000000	171648
3.27393333333333	174272
3.27476666666667	176896
3.27560000000000	170944
3.27643333333333	164992
3.27726666666667	204800
3.27808333333333	203264
3.27893333333333	146688
3.27976666666667	165184
3.28060000000000	182656
3.28143333333333	202304
3.28226666666667	195072
3.28310000000000	173440
3.28393333333333	148416
3.28476666666667	205760
3.28560000000000	194624
3.28643333333333	168320
3.28726666666667	159104
3.28810000000000	201280
3.28893333333333	169664
3.28976666666667	200320
3.29060000000000	212608
3.29143333333333	199936
3.29226666666667	180736
3.29310000000000	169792
3.29393333333333	206784
3.29476666666667	184832
3.29560000000000	176064
3.29645000000000	188992
3.29728333333333	184064
3.29811666666667	179200
3.29895000000000	187008
3.29978333333333	176768
3.30061666666667	161920
3.30145000000000	175360
3.30228333333333	180672
3.30311666666667	182080
3.30395000000000	182272
3.30478333333333	182144
3.30561666666667	181056
3.30645000000000	157248
3.30728333333333	192704
3.30811666666667	206336
3.30895000000000	191616
3.30978333333333	187584
3.31061666666667	191360
3.31145000000000	191104
3.31228333333333	190848
3.31313333333333	187712
3.31396666666667	184512
3.31480000000000	176576
3.31563333333333	174528
3.31646666666667	182208
3.31730000000000	142208
3.31813333333333	161088
3.31896666666667	191104
3.31980000000000	163840
3.32063333333333	167552
3.32146666666667	200640
3.32230000000000	131904
3.32313333333333	148608
3.32396666666667	162816
3.32480000000000	201792
3.32563333333333	218624
3.32646666666667	164544
3.32730000000000	131264
3.32813333333333	191936
3.32896666666667	172288
3.32980000000000	163648
3.33065000000000	196928
3.33148333333333	176384
3.33231666666667	170304
3.33315000000000	155200
3.33398333333333	184320
3.33481666666667	121712
3.33565000000000	165120
3.33648333333333	147264
3.33731666666667	193664
3.33815000000000	181568
3.33898333333333	181248
3.33981666666667	141696
3.34065000000000	178112
3.34148333333333	191936
3.34231666666667	158464
3.34315000000000	185728
3.34398333333333	194368
3.34481666666667	151424
3.34565000000000	173184
3.34648333333333	127136
3.34733333333333	122368
3.34816666666667	176384
3.34900000000000	206400
3.34983333333333	179776
3.35066666666667	190080
3.35150000000000	145920
3.35233333333333	198400
3.35316666666667	160640
3.35400000000000	172224
3.35483333333333	197376
3.35566666666667	168192
3.35650000000000	154304
3.35733333333333	168576
3.35816666666667	169344
3.35900000000000	122608
3.35983333333333	167040
3.36066666666667	194816
3.36150000000000	168448
3.36233333333333	196288
3.36316666666667	173440
3.36400000000000	185600
3.36485000000000	176704
3.36568333333333	168000
3.36651666666667	177664
3.36735000000000	187072
3.36818333333333	196480
3.36901666666667	189312
3.36985000000000	188416
3.37068333333333	154944
3.37151666666667	202496
3.37235000000000	188544
3.37318333333333	160256
3.37401666666667	205184
3.37485000000000	166976
3.37568333333333	187648
3.37651666666667	183616
3.37735000000000	183296
3.37818333333333	192448
3.37900000000000	176064
3.37983333333333	159680
3.38066666666667	195904
3.38151666666667	195392
3.38235000000000	162432
3.38318333333333	194432
3.38401666666667	180736
3.38485000000000	188672
3.38568333333333	193408
3.38651666666667	186176
3.38735000000000	203776
3.38818333333333	150272
3.38901666666667	172352
3.38985000000000	209152
3.39068333333333	182272
3.39151666666667	178624
3.39235000000000	195904
3.39318333333333	173184
3.39401666666667	187008
3.39485000000000	189248
3.39568333333333	182464
3.39651666666667	170240
3.39735000000000	211072
3.39818333333333	138752
3.39903333333333	168384
3.39986666666667	163008
3.40070000000000	109072
3.40153333333333	172096
3.40236666666667	212160
3.40320000000000	193536
3.40403333333333	179136
3.40486666666667	187008
3.40570000000000	197568
3.40653333333333	196608
3.40736666666667	147392
3.40820000000000	171008
3.40903333333333	190528
3.40986666666667	152768
3.41070000000000	189056
3.41153333333333	148224
3.41236666666667	140928
3.41320000000000	195648
3.41403333333333	187456
3.41486666666667	198144
3.41571666666667	194304
3.41655000000000	196032
3.41738333333333	182080
3.41821666666667	190592
3.41905000000000	202048
3.41988333333333	195008
3.42071666666667	164160
3.42155000000000	150784
3.42238333333333	157056
3.42321666666667	152512
3.42405000000000	147968
3.42488333333333	170496
3.42571666666667	175360
3.42655000000000	172288
3.42738333333333	169152
3.42821666666667	156480
3.42905000000000	180352
3.42988333333333	208640
3.43071666666667	204928
3.43155000000000	195392
3.43238333333333	157504
3.43323333333333	166080
3.43406666666667	170432
3.43490000000000	176064
3.43573333333333	181632
3.43656666666667	188864
3.43740000000000	188672
3.43823333333333	191360
3.43906666666667	162368
3.43990000000000	156864
3.44073333333333	159104
3.44156666666667	207680
3.44240000000000	221824
3.44323333333333	218752
3.44406666666667	162240
3.44490000000000	158144
3.44573333333333	184768
3.44656666666667	172992
3.44740000000000	137472
3.44823333333333	124576
3.44906666666667	143488
3.44991666666667	162368
3.45075000000000	198976
3.45158333333333	186880
3.45241666666667	212224
3.45325000000000	133632
3.45408333333333	155136
3.45491666666667	147968
3.45575000000000	160576
3.45658333333333	173248
3.45741666666667	169408
3.45825000000000	165568
3.45908333333333	183040
3.45991666666667	175744
3.46075000000000	168448
3.46158333333333	178304
3.46241666666667	164544
3.46325000000000	193856
3.46408333333333	201024
3.46491666666667	200768
3.46575000000000	204800
3.46658333333333	172096
3.46743333333333	201344
3.46826666666667	157312
3.46910000000000	194176
3.46993333333333	175360
3.47076666666667	176064
3.47160000000000	167168
3.47243333333333	186752
3.47326666666667	186304
3.47410000000000	170432
3.47493333333333	154624
3.47576666666667	159552
3.47660000000000	191872
3.47743333333333	206592
3.47826666666667	179712
3.47910000000000	203648
3.47993333333333	192320
3.48076666666667	199616
3.48160000000000	159616
3.48243333333333	197952
3.48326666666667	204160
3.48411666666667	206464
3.48495000000000	183936
3.48578333333333	174336
3.48661666666667	162944
3.48745000000000	182528
3.48828333333333	170240
3.48911666666667	172160
3.48995000000000	174016
3.49078333333333	177600
3.49161666666667	181120
3.49245000000000	147648
3.49328333333333	163264
3.49411666666667	184448
3.49495000000000	193728
3.49578333333333	177280
3.49660000000000	173312
3.49743333333333	187968
3.49826666666667	167616
3.49910000000000	175296
3.49993333333333	187968
3.50076666666667	188224
3.50161666666667	196864
3.50245000000000	144192
3.50328333333333	191296
3.50411666666667	198848
3.50495000000000	193472
3.50578333333333	188672
3.50661666666667	183872
3.50745000000000	181824
3.50828333333333	159680
3.50911666666667	167744
3.50995000000000	125712
3.51078333333333	189312
3.51161666666667	182784
3.51245000000000	161088
3.51328333333333	199552
3.51411666666667	200576
3.51495000000000	194112
3.51578333333333	167808
3.51661666666667	163584
3.51745000000000	207104
3.51830000000000	143232
3.51913333333333	134528
3.51996666666667	184384
3.52080000000000	157184
3.52163333333333	188224
3.52246666666667	130688
3.52330000000000	185920
3.52413333333333	160064
3.52496666666667	201536
3.52580000000000	192896
3.52663333333333	184256
3.52746666666667	204160
3.52830000000000	192256
3.52913333333333	180096
3.52996666666667	187968
3.53080000000000	190656
3.53163333333333	155584
3.53246666666667	157632
3.53330000000000	172672
3.53413333333333	158592
3.53496666666667	172288
3.53581666666667	185920
3.53665000000000	204288
3.53748333333333	196672
3.53831666666667	181632
3.53915000000000	154816
3.53998333333333	177728
3.54081666666667	149824
3.54165000000000	169856
3.54248333333333	189888
3.54331666666667	114608
3.54415000000000	182080
3.54498333333333	157760
3.54581666666667	175488
3.54665000000000	152768
3.54748333333333	125168
3.54831666666667	145600
3.54915000000000	189120
3.54998333333333	187456
3.55081666666667	173888
3.55165000000000	202112
3.55250000000000	198144
3.55333333333333	179200
3.55416666666667	186624
3.55500000000000	202240
3.55583333333333	194304
3.55666666666667	193792
3.55750000000000	193216
3.55833333333333	185984
3.55916666666667	184128
3.56000000000000	187712
3.56083333333333	191232
3.56166666666667	159808
3.56250000000000	173376
3.56333333333333	172992
3.56416666666667	208768
3.56500000000000	203200
3.56583333333333	159424
3.56666666666667	181184
3.56750000000000	183232
3.56833333333333	184128
3.56916666666667	187456
3.57001666666667	166336
3.57085000000000	142656
3.57168333333333	182592
3.57251666666667	169984
3.57335000000000	157312
3.57418333333333	183168
3.57501666666667	164992
3.57585000000000	182912
3.57668333333333	167872
3.57751666666667	175744
3.57835000000000	169664
3.57918333333333	183744
3.58001666666667	197824
3.58085000000000	145664
3.58168333333333	172992
3.58251666666667	158592
3.58335000000000	144512
3.58418333333333	195520
3.58501666666667	183488
3.58585000000000	162368
3.58670000000000	147776
3.58753333333333	213824
3.58836666666667	194880
3.58920000000000	177728
3.59003333333333	200256
3.59086666666667	165248
3.59170000000000	187392
3.59253333333333	156736
3.59336666666667	137792
3.59420000000000	200128
3.59503333333333	155840
3.59586666666667	192896
3.59670000000000	175232
3.59753333333333	192384
3.59836666666667	184000
3.59920000000000	191872
3.60003333333333	189120
3.60086666666667	188288
3.60170000000000	187456
3.60253333333333	190080
3.60336666666667	148736
3.60421666666667	203584
3.60505000000000	194176
3.60588333333333	199168
3.60671666666667	181504
3.60755000000000	204096
3.60838333333333	194176
3.60921666666667	124144
3.61005000000000	184384
3.61088333333333	151488
3.61171666666667	161536
3.61255000000000	204864
3.61338333333333	196096
3.61421666666667	174976
3.61505000000000	172800
3.61588333333333	191616
3.61671666666667	151104
3.61755000000000	152576
3.61838333333333	179136
3.61921666666667	189824
3.62005000000000	182336
3.62090000000000	174208
3.62173333333333	171904
3.62256666666667	169600
3.62340000000000	173312
3.62423333333333	177024
3.62506666666667	186496
3.62590000000000	193856
3.62673333333333	188736
3.62756666666667	179584
3.62840000000000	192704
3.62923333333333	167168
3.63006666666667	168896
3.63090000000000	170560
3.63173333333333	170112
3.63256666666667	169728
3.63340000000000	180096
3.63423333333333	179008
3.63506666666667	176576
3.63590000000000	204224
3.63673333333333	208576
3.63755000000000	188160
3.63840000000000	174336
3.63923333333333	209600
3.64006666666667	184640
3.64090000000000	175680
3.64173333333333	177792
3.64256666666667	186368
3.64340000000000	185088
3.64423333333333	183808
3.64506666666667	200512
3.64590000000000	201472
3.64673333333333	188736
3.64756666666667	182720
3.64840000000000	176704
3.64923333333333	189312
3.65006666666667	187392
3.65090000000000	166144
3.65173333333333	154496
3.65256666666667	128256
3.65340000000000	186240
3.65423333333333	196672
3.65508333333333	207168
3.65591666666667	181504
3.65675000000000	199552
3.65758333333333	172992
3.65841666666667	187712
3.65925000000000	163648
3.66008333333333	129200
3.66091666666667	177536
3.66175000000000	194944
3.66258333333333	196096
3.66341666666667	117296
3.66425000000000	190912
3.66508333333333	153472
3.66591666666667	189184
3.66675000000000	177856
3.66758333333333	152640
3.66841666666667	195520
3.66925000000000	199488
3.67008333333333	176320
3.67091666666667	205824
3.67175000000000	173376
3.67260000000000	186112
3.67343333333333	193600
3.67426666666667	164736
3.67510000000000	168832
3.67593333333333	168512
3.67676666666667	162240
3.67760000000000	155968
3.67843333333333	162752
3.67926666666667	160960
3.68010000000000	159168
3.68093333333333	173952
3.68176666666667	166400
3.68260000000000	158784
3.68343333333333	167040
3.68426666666667	161216
3.68510000000000	155328
3.68593333333333	143552
3.68676666666667	144512
3.68760000000000	145536
3.68843333333333	175168
3.68928333333333	175424
3.69011666666667	175680
3.69095000000000	128592
3.69178333333333	193600
3.69261666666667	163712
3.69345000000000	154816
3.69428333333333	135616
3.69511666666667	170176
3.69595000000000	202880
3.69678333333333	186304
3.69761666666667	184448
3.69845000000000	183296
3.69928333333333	161536
3.70011666666667	147072
3.70095000000000	132608
3.70178333333333	168064
3.70261666666667	156352
3.70345000000000	162240
3.70428333333333	151360
3.70511666666667	149760
3.70595000000000	148096
3.70680000000000	191232
3.70763333333333	194048
3.70846666666667	203520
3.70930000000000	183360
3.71013333333333	202496
3.71096666666667	204416
3.71180000000000	197888
3.71263333333333	180288
3.71346666666667	185152
3.71430000000000	171392
3.71513333333333	160320
3.71596666666667	169088
3.71680000000000	170048
3.71763333333333	151360
3.71846666666667	190208
3.71930000000000	186112
3.72013333333333	159680
3.72096666666667	168320
3.72180000000000	192896
3.72263333333333	196416
3.72348333333333	184064
3.72431666666667	132288
3.72515000000000	177280
3.72598333333333	187840
3.72681666666667	177920
3.72765000000000	159168
3.72848333333333	168256
3.72931666666667	169920
3.73015000000000	175680
3.73098333333333	181440
3.73181666666667	176448
3.73265000000000	171456
3.73348333333333	185024
3.73431666666667	170752
3.73515000000000	182016
3.73598333333333	157248
3.73681666666667	174528
3.73765000000000	179968
3.73848333333333	148992
3.73931666666667	169984
3.74015000000000	169664
3.74100000000000	175808
3.74183333333333	173120
3.74266666666667	167936
3.74350000000000	169024
3.74433333333333	170176
3.74516666666667	195584
3.74600000000000	215296
3.74683333333333	197824
3.74766666666667	173824
3.74850000000000	147712
3.74933333333333	196544
3.75016666666667	192192
3.75100000000000	164608
3.75183333333333	176896
3.75265000000000	184064
3.75348333333333	191296
3.75431666666667	198656
3.75515000000000	197568
3.75598333333333	202304
3.75681666666667	164544
3.75766666666667	178240
3.75850000000000	202560
3.75933333333333	158080
3.76016666666667	183936
3.76100000000000	182912
3.76183333333333	156992
3.76266666666667	150080
3.76350000000000	173696
3.76433333333333	183872
3.76516666666667	189824
3.76600000000000	168640
3.76683333333333	164160
3.76766666666667	134848
3.76850000000000	178752
3.76933333333333	172352
3.77016666666667	184128
3.77100000000000	191616
3.77183333333333	161280
3.77266666666667	176768
3.77350000000000	188544
3.77433333333333	190272
3.77518333333333	191616
3.77601666666667	181632
3.77685000000000	170560
3.77768333333333	182016
3.77851666666667	155136
3.77935000000000	133632
3.78018333333333	211712
3.78101666666667	188096
3.78185000000000	234240
3.78268333333333	192832
3.78351666666667	192640
3.78435000000000	189248
3.78518333333333	161664
3.78601666666667	180352
3.78685000000000	197632
3.78768333333333	200832
3.78851666666667	141632
3.78935000000000	200128
3.79018333333333	145088
3.79101666666667	184256
3.79186666666667	183296
3.79270000000000	177472
3.79353333333333	131968
3.79436666666667	163200
3.79520000000000	202240
3.79603333333333	169472
3.79686666666667	180992
3.79770000000000	191936
3.79853333333333	177984
3.79936666666667	178496
3.80020000000000	187008
3.80103333333333	178752
3.80186666666667	186240
3.80270000000000	161600
3.80353333333333	111632
3.80436666666667	209280
3.80520000000000	185216
3.80603333333333	193088
3.80686666666667	197120
3.80770000000000	186432
3.80853333333333	133824
3.80938333333333	157504
3.81021666666667	177792
3.81105000000000	177920
3.81188333333333	176000
3.81271666666667	143296
3.81355000000000	135104
3.81438333333333	190208
3.81521666666667	191168
3.81605000000000	152640
3.81688333333333	162816
3.81771666666667	187264
3.81855000000000	202112
3.81938333333333	189248
3.82021666666667	180800
3.82105000000000	162752
3.82188333333333	184896
3.82271666666667	138240
3.82355000000000	191744
3.82438333333333	183040
3.82521666666667	171072
3.82606666666667	188480
3.82690000000000	178496
3.82773333333333	138176
3.82856666666667	185600
3.82940000000000	184896
3.83023333333333	185344
3.83106666666667	145856
3.83190000000000	181120
3.83273333333333	174912
3.83356666666667	154624
3.83440000000000	195584
3.83523333333333	135808
3.83606666666667	190272
3.83690000000000	182976
3.83773333333333	187008
3.83856666666667	177280
3.83940000000000	175232
3.84023333333333	178816
3.84106666666667	154240
3.84190000000000	129280
3.84273333333333	159040
3.84358333333333	165632
3.84441666666667	181824
3.84525000000000	173440
3.84608333333333	178176
3.84691666666667	182976
3.84775000000000	175680
3.84858333333333	184576
3.84941666666667	147840
3.85025000000000	175168
3.85108333333333	185728
3.85191666666667	185024
3.85275000000000	182016
3.85358333333333	178944
3.85441666666667	174016
3.85525000000000	175040
3.85608333333333	175360
3.85691666666667	175616
3.85775000000000	176960
3.85856666666667	175488
3.85940000000000	173952
3.86025000000000	173184
3.86108333333333	163712
3.86191666666667	183040
3.86275000000000	188032
3.86358333333333	172224
3.86441666666667	156416
3.86525000000000	189248
3.86608333333333	191232
3.86691666666667	184128
3.86775000000000	185024
3.86858333333333	185920
3.86941666666667	199488
3.87025000000000	160320
3.87108333333333	171584
3.87191666666667	197824
3.87275000000000	175680
3.87358333333333	146368
3.87441666666667	135232
3.87525000000000	169152
3.87608333333333	169920
3.87691666666667	156608
3.87776666666667	155584
3.87860000000000	168512
3.87943333333333	181440
3.88026666666667	182336
3.88110000000000	183424
3.88193333333333	177024
3.88276666666667	178816
3.88360000000000	180608
3.88443333333333	176064
3.88526666666667	179328
3.88610000000000	179456
3.88693333333333	179584
3.88776666666667	177920
3.88860000000000	176192
3.88943333333333	189184
3.89026666666667	194560
3.89110000000000	143360
3.89193333333333	196672
3.89276666666667	204800
3.89360000000000	155968
3.89445000000000	200704
3.89528333333333	137920
3.89611666666667	181824
3.89695000000000	121264
3.89778333333333	175296
3.89861666666667	166336
3.89945000000000	140096
3.90028333333333	194688
3.90111666666667	185792
3.90195000000000	156928
3.90278333333333	180352
3.90361666666667	183680
3.90445000000000	139264
3.90528333333333	177408
3.90611666666667	186560
3.90695000000000	176960
3.90778333333333	157952
3.90861666666667	158208
3.90945000000000	150848
3.91028333333333	143552
3.91111666666667	194624
3.91196666666667	187648
3.91280000000000	142400
3.91363333333333	139840
3.91446666666667	172352
3.91530000000000	137856
3.91613333333333	160640
3.91696666666667	167168
3.91780000000000	143552
3.91863333333333	156480
3.91946666666667	170304
3.92030000000000	160384
3.92113333333333	150464
3.92196666666667	159616
3.92280000000000	157952
3.92363333333333	189376
3.92446666666667	181440
3.92530000000000	185600
3.92613333333333	196928
3.92696666666667	195840
3.92780000000000	177920
3.92865000000000	192000
3.92948333333333	185920
3.93031666666667	174144
3.93115000000000	154688
3.93198333333333	193984
3.93281666666667	203904
3.93365000000000	112848
3.93448333333333	157824
3.93531666666667	160768
3.93615000000000	148288
3.93698333333333	153280
3.93781666666667	190656
3.93865000000000	212032
3.93948333333333	191744
3.94031666666667	170432
3.94115000000000	193792
3.94198333333333	172352
3.94281666666667	149824
3.94365000000000	182848
3.94448333333333	196416
3.94531666666667	172288
3.94616666666667	196224
3.94700000000000	185408
3.94783333333333	164480
3.94866666666667	176576
3.94950000000000	181184
3.95033333333333	193024
3.95116666666667	153792
3.95200000000000	177600
3.95283333333333	194048
3.95366666666667	175232
3.95450000000000	184320
3.95533333333333	176192
3.95616666666667	161664
3.95700000000000	187456
3.95783333333333	137984
3.95866666666667	136384
3.95950000000000	170816
3.96033333333333	192448
3.96116666666667	167232
3.96200000000000	181952
3.96285000000000	172800
3.96368333333333	170496
3.96451666666667	168128
3.96535000000000	154240
3.96618333333333	197248
3.96701666666667	192384
3.96785000000000	210624
3.96868333333333	184448
3.96951666666667	161920
3.97035000000000	185792
3.97118333333333	191744
3.97201666666667	175360
3.97285000000000	123984
3.97368333333333	202688
3.97451666666667	147520
3.97535000000000	135872
3.97618333333333	129872
3.97701666666667	180288
3.97785000000000	171712
3.97868333333333	181952
3.97951666666667	179456
3.98036666666667	174144
3.98120000000000	184448
3.98203333333333	175488
3.98286666666667	165120
3.98370000000000	167936
3.98453333333333	172928
3.98536666666667	177920
3.98620000000000	182848
3.98703333333333	187776
3.98786666666667	159296
3.98870000000000	164992
3.98953333333333	190656
3.99036666666667	187712
3.99120000000000	184832
3.99203333333333	165504
3.99286666666667	196288
3.99370000000000	188992
3.99453333333333	161216
3.99536666666667	162816
3.99620000000000	191680
3.99705000000000	176192
3.99788333333333	190976
3.99871666666667	187136
3.99955000000000	190272
4.00038333333333	182272
4.00121666666667	188992
4.00205000000000	167104
4.00288333333333	176896
4.00371666666667	173888
4.00455000000000	173312
4.00538333333333	172736
4.00621666666667	169792
4.00705000000000	188608
4.00788333333333	124096
4.00871666666667	168704
4.00955000000000	155328
4.01038333333333	187392
4.01121666666667	194048
4.01205000000000	139456
4.01288333333333	176320
4.01371666666667	182272
4.01456666666667	189440
4.01540000000000	186496
4.01623333333333	188160
4.01706666666667	180544
4.01790000000000	150912
4.01873333333333	193088
4.01956666666667	157248
4.02040000000000	198400
4.02123333333333	179456
4.02206666666667	139648
4.02290000000000	179456
4.02373333333333	178944
4.02456666666667	197504
4.02540000000000	175296
4.02623333333333	181824
4.02706666666667	162560
4.02790000000000	164608
4.02873333333333	149120
4.02956666666667	151296
4.03040000000000	153536
4.03125000000000	191296
4.03208333333333	195008
4.03291666666667	154368
4.03375000000000	192640
4.03458333333333	196864
4.03541666666667	170048
4.03625000000000	183488
4.03708333333333	143104
4.03791666666667	187584
4.03875000000000	193536
4.03958333333333	162496
4.04041666666667	193728
4.04125000000000	134464
4.04208333333333	157504
4.04291666666667	189504
4.04375000000000	186560
4.04458333333333	141248
4.04541666666667	155264
4.04625000000000	195200
4.04708333333333	192064
4.04790000000000	179968
4.04875000000000	186048
4.04958333333333	134400
4.05041666666667	196544
4.05125000000000	200256
4.05208333333333	199616
4.05291666666667	187712
4.05375000000000	179136
4.05458333333333	178688
4.05541666666667	180864
4.05625000000000	183040
4.05708333333333	201920
4.05791666666667	189312
4.05875000000000	176704
4.05958333333333	154368
4.06041666666667	173696
4.06125000000000	184768
4.06208333333333	200512
4.06291666666667	190144
4.06375000000000	204672
4.06458333333333	183488
4.06543333333333	191680
4.06626666666667	190080
4.06710000000000	186816
4.06793333333333	187008
4.06876666666667	182528
4.06960000000000	186176
4.07043333333333	189760
4.07126666666667	192896
4.07210000000000	194176
4.07293333333333	188480
4.07376666666667	196032
4.07460000000000	140032
4.07543333333333	189120
4.07626666666667	177792
4.07710000000000	210112
4.07793333333333	190720
4.07876666666667	186752
4.07960000000000	157824
4.08043333333333	178688
4.08126666666667	188864
4.08210000000000	198080
4.08295000000000	181120
4.08378333333333	163392
4.08461666666667	162816
4.08545000000000	159744
4.08628333333333	156672
4.08711666666667	151936
4.08795000000000	147136
4.08878333333333	165824
4.08961666666667	162880
4.09045000000000	177152
4.09128333333333	160832
4.09211666666667	183296
4.09295000000000	136768
4.09378333333333	196544
4.09461666666667	133696
4.09545000000000	175872
4.09628333333333	197824
4.09711666666667	193856
4.09795000000000	177664
4.09878333333333	170560
4.09963333333333	203712
4.10046666666667	140800
4.10130000000000	176576
4.10213333333333	122160
4.10296666666667	176448
4.10380000000000	163904
4.10463333333333	177344
4.10546666666667	181952
4.10630000000000	147520
4.10713333333333	166400
4.10796666666667	162752
4.10880000000000	161216
4.10963333333333	184448
4.11046666666667	197568
4.11130000000000	180608
4.11213333333333	183232
4.11296666666667	176768
4.11380000000000	178880
4.11463333333333	180992
4.11546666666667	127056
4.11630000000000	210240
4.11715000000000	182912
4.11798333333333	139712
4.11881666666667	167744
4.11965000000000	178176
4.12048333333333	172928
4.12131666666667	161344
4.12215000000000	178432
4.12298333333333	170368
4.12381666666667	186816
4.12465000000000	176128
4.12548333333333	122176
4.12631666666667	193856
4.12715000000000	185216
4.12798333333333	185280
4.12881666666667	179584
4.12965000000000	173888
4.13048333333333	184000
4.13131666666667	164608
4.13215000000000	158528
4.13298333333333	107104
4.13383333333333	142144
4.13466666666667	156032
4.13550000000000	187968
4.13633333333333	178624
4.13716666666667	151360
4.13800000000000	170240
4.13883333333333	192640
4.13966666666667	179840
4.14050000000000	183424
4.14133333333333	172928
4.14216666666667	187904
4.14300000000000	193728
4.14383333333333	192960
4.14466666666667	182592
4.14550000000000	162176
4.14633333333333	150528
4.14716666666667	179392
4.14800000000000	182208
4.14881666666667	193152
4.14965000000000	183360
4.15048333333333	112848
4.15133333333333	181312
4.15216666666667	171712
4.15300000000000	172224
4.15383333333333	181760
4.15466666666667	162240
4.15550000000000	149696
4.15633333333333	196800
4.15716666666667	192128
4.15800000000000	185664
4.15883333333333	201792
4.15966666666667	195840
4.16050000000000	197248
4.16133333333333	194816
4.16216666666667	189568
4.16300000000000	179456
4.16383333333333	176256
4.16466666666667	168832
4.16550000000000	163648
4.16633333333333	185984
4.16716666666667	185024
4.16801666666667	159936
4.16885000000000	189760
4.16968333333333	181440
4.17051666666667	175808
4.17135000000000	169664
4.17218333333333	168768
4.17301666666667	121376
4.17385000000000	177408
4.17468333333333	198976
4.17551666666667	133952
4.17635000000000	181376
4.17718333333333	193536
4.17801666666667	166272
4.17885000000000	199680
4.17968333333333	194432
4.18051666666667	169728
4.18135000000000	201664
4.18218333333333	123744
4.18301666666667	190976
4.18385000000000	198784
4.18468333333333	208768
4.18553333333333	193984
4.18636666666667	196864
4.18720000000000	138624
4.18803333333333	195264
4.18886666666667	180480
4.18970000000000	173952
4.19053333333333	128416
4.19136666666667	187072
4.19220000000000	188224
4.19303333333333	166848
4.19386666666667	177728
4.19470000000000	154816
4.19553333333333	176896
4.19636666666667	154688
4.19720000000000	162432
4.19803333333333	170112
4.19886666666667	139904
4.19970000000000	191744
4.20053333333333	188416
4.20136666666667	156096
4.20221666666667	152064
4.20305000000000	163840
4.20388333333333	179776
4.20471666666667	186304
4.20555000000000	176384
4.20638333333333	168256
4.20721666666667	169664
4.20805000000000	167680
4.20888333333333	176256
4.20971666666667	184768
4.21055000000000	180416
4.21138333333333	176128
4.21221666666667	161600
4.21305000000000	182912
4.21388333333333	204544
4.21471666666667	141824
4.21555000000000	106864
4.21638333333333	179968
4.21721666666667	186240
4.21805000000000	215872
4.21888333333333	177984
4.21973333333333	199808
4.22056666666667	180160
4.22140000000000	185536
4.22223333333333	169088
4.22306666666667	164032
4.22390000000000	158976
4.22473333333333	163840
4.22556666666667	172608
4.22640000000000	181376
4.22723333333333	191104
4.22806666666667	175040
4.22890000000000	158976
4.22973333333333	188800
4.23056666666667	174912
4.23140000000000	188096
4.23223333333333	178688
4.23306666666667	178368
4.23390000000000	174336
4.23473333333333	165376
4.23556666666667	165632
4.23641666666667	165824
4.23725000000000	171904
4.23808333333333	177920
4.23891666666667	193536
4.23975000000000	202944
4.24058333333333	187264
4.24141666666667	185920
4.24225000000000	120192
4.24308333333333	205248
4.24391666666667	148800
4.24475000000000	181568
4.24558333333333	155392
4.24641666666667	166912
4.24725000000000	184320
4.24808333333333	177600
4.24891666666667	170944
4.24975000000000	184256
4.25058333333333	108224
4.25141666666667	170048
4.25223333333333	190208
4.25306666666667	192576
4.25391666666667	155840
4.25475000000000	154688
4.25558333333333	167424
4.25641666666667	195904
4.25725000000000	184896
4.25808333333333	189312
4.25891666666667	190592
4.25975000000000	180416
4.26058333333333	192960
4.26141666666667	183872
4.26225000000000	174784
4.26308333333333	192384
4.26391666666667	191488
4.26475000000000	196800
4.26558333333333	198144
4.26641666666667	184384
4.26725000000000	193664
4.26808333333333	183872
4.26891666666667	162560
4.26975000000000	174976
4.27060000000000	164416
4.27143333333333	133760
4.27226666666667	169536
4.27310000000000	175104
4.27393333333333	180672
4.27476666666667	159552
4.27560000000000	195584
4.27643333333333	182848
4.27726666666667	167168
4.27810000000000	204608
4.27893333333333	163520
4.27976666666667	163712
4.28060000000000	174784
4.28143333333333	173248
4.28226666666667	171200
4.28310000000000	160832
4.28393333333333	196288
4.28476666666667	196800
4.28560000000000	187584
4.28643333333333	166912
4.28726666666667	183552
4.28811666666667	190464
4.28895000000000	179072
4.28978333333333	149952
4.29061666666667	186304
4.29145000000000	160384
4.29228333333333	169088
4.29311666666667	172608
4.29395000000000	167424
4.29478333333333	168896
4.29561666666667	170368
4.29645000000000	171072
4.29728333333333	171712
4.29811666666667	176960
4.29895000000000	176064
4.29978333333333	175104
4.30061666666667	177088
4.30145000000000	174080
4.30228333333333	171072
4.30311666666667	141952
4.30395000000000	182208
4.30480000000000	202240
4.30563333333333	208384
4.30646666666667	189760
4.30730000000000	150784
4.30813333333333	161664
4.30896666666667	159360
4.30980000000000	174336
4.31063333333333	178944
4.31146666666667	188288
4.31230000000000	170304
4.31313333333333	181184
4.31396666666667	192128
4.31480000000000	202112
4.31563333333333	186368
4.31646666666667	163264
4.31730000000000	166272
4.31813333333333	188096
4.31896666666667	189312
4.31980000000000	182336
4.32063333333333	172800
4.32146666666667	194560
4.32231666666667	183232
4.32315000000000	178944
4.32398333333333	191744
4.32481666666667	189376
4.32565000000000	186944
4.32648333333333	159232
4.32731666666667	142016
4.32815000000000	186752
4.32898333333333	161280
4.32981666666667	131200
4.33065000000000	170240
4.33148333333333	178688
4.33231666666667	172352
4.33315000000000	162816
4.33398333333333	153216
4.33481666666667	190336
4.33565000000000	183680
4.33648333333333	182656
4.33731666666667	156992
4.33815000000000	168896
4.33900000000000	180864
4.33983333333333	188416
4.34066666666667	128672
4.34150000000000	176576
4.34233333333333	168448
4.34316666666667	186240
4.34400000000000	184448
4.34483333333333	182720
4.34566666666667	156352
4.34650000000000	166272
4.34733333333333	182912
4.34816666666667	182848
4.34900000000000	177344
4.34983333333333	189440
4.35066666666667	130160
4.35150000000000	187520
4.35233333333333	184704
4.35316666666667	141952
4.35400000000000	202048
4.35483333333333	210112
4.35566666666667	207424
4.35651666666667	159488
4.35735000000000	213440
4.35818333333333	171648
4.35901666666667	167232
4.35985000000000	169408
4.36068333333333	163712
4.36151666666667	158016
4.36235000000000	196480
4.36318333333333	186944
4.36401666666667	177344
4.36485000000000	207680
4.36568333333333	169024
4.36651666666667	163904
4.36735000000000	191616
4.36818333333333	182720
4.36901666666667	175040
4.36985000000000	149120
4.37068333333333	188032
4.37151666666667	187456
4.37235000000000	186880
4.37320000000000	189568
4.37403333333333	160896
4.37486666666667	189440
4.37570000000000	182784
4.37653333333333	146432
4.37736666666667	137728
4.37820000000000	183616
4.37903333333333	147648
4.37986666666667	180160
4.38070000000000	159936
4.38153333333333	199680
4.38236666666667	197056
4.38320000000000	184128
4.38403333333333	173504
4.38486666666667	197312
4.38570000000000	167744
4.38651666666667	150272
4.38735000000000	190016
4.38818333333333	188800
4.38901666666667	163520
4.38985000000000	181504
4.39070000000000	202240
4.39153333333333	184640
4.39236666666667	204416
4.39320000000000	165824
4.39403333333333	158656
4.39486666666667	142912
4.39570000000000	151424
4.39653333333333	144704
4.39736666666667	137984
4.39820000000000	196928
4.39903333333333	189888
4.39986666666667	173504
4.40070000000000	187712
4.40153333333333	152448
4.40236666666667	187648
4.40320000000000	189376
4.40403333333333	195136
4.40486666666667	194688
4.40570000000000	188992
4.40653333333333	183168
4.40738333333333	169920
4.40821666666667	169024
4.40905000000000	170560
4.40988333333333	175744
4.41071666666667	180864
4.41155000000000	121376
4.41238333333333	128544
4.41321666666667	202368
4.41405000000000	174656
4.41488333333333	194368
4.41571666666667	192384
4.41655000000000	185600
4.41738333333333	168832
4.41821666666667	186496
4.41905000000000	191360
4.41988333333333	206528
4.42071666666667	197696
4.42155000000000	196672
4.42238333333333	134336
4.42321666666667	197888
4.42405000000000	211712
4.42490000000000	140480
4.42573333333333	161600
4.42656666666667	172032
4.42740000000000	153728
4.42823333333333	194432
4.42906666666667	128816
4.42990000000000	195904
4.43073333333333	209600
4.43156666666667	194624
4.43240000000000	205632
4.43323333333333	178816
4.43406666666667	188544
4.43490000000000	183872
4.43573333333333	164224
4.43656666666667	173056
4.43740000000000	176640
4.43823333333333	180160
4.43906666666667	174400
4.43990000000000	176448
4.44073333333333	178496
4.44158333333333	150528
4.44241666666667	194112
4.44325000000000	135488
4.44408333333333	166848
4.44491666666667	134528
4.44575000000000	188800
4.44658333333333	188096
4.44741666666667	157952
4.44825000000000	178240
4.44908333333333	171392
4.44991666666667	161472
4.45075000000000	162304
4.45158333333333	165248
4.45241666666667	159808
4.45325000000000	177152
4.45408333333333	183936
4.45491666666667	145664
4.45575000000000	204544
4.45658333333333	195840
4.45741666666667	175296
4.45825000000000	147456
4.45910000000000	168704
4.45993333333333	182016
4.46076666666667	184448
4.46160000000000	168768
4.46243333333333	147200
4.46326666666667	198720
4.46410000000000	213632
4.46493333333333	176320
4.46576666666667	217472
4.46660000000000	205696
4.46743333333333	155072
4.46826666666667	142208
4.46910000000000	134144
4.46993333333333	145664
4.47075000000000	157184
4.47158333333333	195200
4.47241666666667	180928
4.47325000000000	147584
4.47408333333333	141632
4.47491666666667	158080
4.47576666666667	172480
4.47660000000000	186944
4.47743333333333	171200
4.47826666666667	156480
4.47910000000000	169280
4.47993333333333	167808
4.48076666666667	140928
4.48160000000000	205632
4.48243333333333	190592
4.48326666666667	185088
4.48410000000000	126144
4.48493333333333	192960
4.48576666666667	197504
4.48660000000000	197376
4.48743333333333	168640
4.48826666666667	171776
4.48910000000000	192128
4.48993333333333	198272
4.49076666666667	179456
4.49160000000000	191616
4.49243333333333	192576
4.49328333333333	141632
4.49411666666667	137856
4.49495000000000	206208
4.49578333333333	185536
4.49661666666667	175552
4.49745000000000	202944
4.49828333333333	233920
4.49911666666667	135296
