1.50330000000000	0
1.50663333333333	0
1.50996666666667	0
1.51330000000000	0
1.51663333333333	0
1.51998333333333	0
1.52331666666667	0
1.52665000000000	0
1.52998333333333	0
1.53331666666667	0
1.53666666666667	0
1.54000000000000	0
1.54333333333333	0
1.54666666666667	0
1.55000000000000	0
1.55335000000000	0
1.55668333333333	0
1.56001666666667	0
1.56335000000000	0
1.56668333333333	0
1.57003333333333	0
1.57336666666667	0
1.57670000000000	0
1.58003333333333	0
1.58336666666667	0
1.58671666666667	0
1.59005000000000	0
1.59338333333333	0
1.59671666666667	0
1.60005000000000	0
1.60340000000000	0
1.60673333333333	0
1.61006666666667	0
1.61340000000000	0
1.61673333333333	0
1.62008333333333	0
1.62341666666667	0
1.62675000000000	0
1.63008333333333	0
1.63341666666667	0
1.63676666666667	0
1.64010000000000	0
1.64343333333333	0
1.64676666666667	0
1.65010000000000	0
1.65345000000000	0
1.65678333333333	770
1.66011666666667	507
1.66345000000000	245
1.66678333333333	0
1.67013333333333	0
1.67346666666667	0
1.67680000000000	0
1.68013333333333	0
1.68346666666667	0
1.68681666666667	0
1.69015000000000	0
1.69348333333333	0
1.69681666666667	0
1.70015000000000	0
1.70350000000000	0
1.70683333333333	0
1.71016666666667	0
1.71350000000000	0
1.71683333333333	0
1.72018333333333	0
1.72351666666667	0
1.72685000000000	0
1.73018333333333	0
1.73351666666667	0
1.73686666666667	0
1.74020000000000	0
1.74353333333333	0
1.74686666666667	0
1.75020000000000	0
1.75355000000000	0
1.75688333333333	0
1.76021666666667	0
1.76355000000000	0
1.76688333333333	0
1.77023333333333	0
1.77356666666667	0
1.77690000000000	0
1.78023333333333	0
1.78356666666667	0
1.78691666666667	0
1.79025000000000	0
1.79358333333333	0
1.79691666666667	0
1.80025000000000	0
1.80360000000000	0
1.80693333333333	0
1.81026666666667	0
1.81360000000000	0
1.81693333333333	0
1.82026666666667	0
1.82361666666667	0
1.82695000000000	0
1.83028333333333	0
1.83361666666667	0
1.83695000000000	0
1.84030000000000	0
1.84363333333333	0
1.84696666666667	0
1.85030000000000	0
1.85363333333333	0
1.85698333333333	0
1.86031666666667	0
1.86365000000000	0
1.86698333333333	0
1.87031666666667	0
1.87366666666667	0
1.87700000000000	0
1.88033333333333	0
1.88366666666667	0
1.88700000000000	0
1.89035000000000	0
1.89368333333333	0
1.89701666666667	0
1.90035000000000	0
1.90368333333333	0
1.90703333333333	0
1.91036666666667	0
1.91370000000000	0
1.91703333333333	0
1.92036666666667	0
1.92371666666667	0
1.92705000000000	0
1.93038333333333	949
1.93371666666667	782
1.93705000000000	0
1.94040000000000	44
1.94373333333333	0
1.94706666666667	0
1.95040000000000	0
1.95373333333333	0
1.95708333333333	0
1.96041666666667	0
1.96375000000000	0
1.96708333333333	0
1.97041666666667	0
1.97376666666667	0
1.97710000000000	0
1.98043333333333	0
1.98376666666667	0
1.98710000000000	0
1.99045000000000	0
1.99378333333333	0
1.99711666666667	0
2.00045000000000	0
2.00378333333333	0
2.00713333333333	0
2.01046666666667	0
2.01380000000000	0
2.01713333333333	0
2.02046666666667	0
2.02381666666667	0
2.02715000000000	0
2.03048333333333	0
2.03381666666667	0
2.03715000000000	0
2.04050000000000	0
2.04383333333333	1125
2.04716666666667	1039
2.05050000000000	0
2.05383333333333	0
2.05718333333333	0
2.06051666666667	0
2.06385000000000	0
2.06718333333333	0
2.07051666666667	0
2.07386666666667	0
2.07720000000000	0
2.08053333333333	0
2.08386666666667	0
2.08720000000000	0
2.09055000000000	0
2.09388333333333	0
2.09721666666667	0
2.10055000000000	0
2.10388333333333	0
2.10723333333333	0
2.11056666666667	0
2.11390000000000	0
2.11723333333333	0
2.12056666666667	0
2.12391666666667	0
2.12725000000000	0
2.13058333333333	0
2.13391666666667	0
2.13725000000000	0
2.14060000000000	0
2.14393333333333	0
2.14726666666667	0
2.15060000000000	0
2.15393333333333	0
2.15726666666667	0
2.16061666666667	0
2.16395000000000	0
2.16728333333333	0
2.17061666666667	0
2.17395000000000	0
2.17730000000000	0
2.18063333333333	0
2.18396666666667	0
2.18730000000000	0
2.19063333333333	0
2.19398333333333	0
2.19731666666667	0
2.20065000000000	0
2.20398333333333	0
2.20731666666667	0
2.21066666666667	0
2.21400000000000	0
2.21733333333333	0
2.22066666666667	0
2.22400000000000	0
2.22735000000000	0
2.23068333333333	0
2.23401666666667	0
2.23735000000000	0
2.24068333333333	0
2.24403333333333	0
2.24736666666667	0
2.25070000000000	0
2.25403333333333	0
2.25736666666667	0
2.26071666666667	356
2.26405000000000	712
2.26738333333333	963
2.27071666666667	1340
2.27405000000000	0
2.27740000000000	0
2.28073333333333	0
2.28406666666667	0
2.28740000000000	0
2.29073333333333	480
2.29408333333333	376
2.29741666666667	617
2.30075000000000	308
2.30408333333333	0
2.30741666666667	782
2.31076666666667	391
2.31410000000000	0
2.31743333333333	0
2.32076666666667	1292
2.32410000000000	963
2.32745000000000	990
2.33078333333333	999
2.33411666666667	1007
2.33745000000000	4150
2.34078333333333	4708
2.34413333333333	515
2.34746666666667	0
2.35080000000000	1108
2.35413333333333	0
2.35746666666667	42
2.36081666666667	866
2.36415000000000	0
2.36748333333333	1080
2.37081666666667	987
2.37415000000000	493
2.37750000000000	0
2.38083333333333	3571
2.38416666666667	4413
2.38750000000000	867
2.39083333333333	3621
2.39418333333333	2456
2.39751666666667	0
2.40085000000000	2614
2.40418333333333	4083
2.40751666666667	1183
2.41086666666667	4673
2.41420000000000	1952
2.41753333333333	1981
2.42086666666667	4482
2.42420000000000	0
2.42755000000000	4795
2.43088333333333	1521
2.43421666666667	1415
2.43755000000000	1576
2.44088333333333	1738
2.44423333333333	3352
2.44756666666667	5951
2.45090000000000	5043
2.45423333333333	4054
2.45756666666667	0
2.46091666666667	4532
2.46425000000000	3124
2.46758333333333	3343
2.47091666666667	1672
2.47425000000000	0
2.47760000000000	2357
2.48093333333333	2094
2.48426666666667	1720
2.48760000000000	2267
2.49093333333333	0
2.49426666666667	999
2.49761666666667	1999
2.50095000000000	4417
2.50428333333333	3326
2.50761666666667	3539
2.51095000000000	3753
2.51430000000000	3874
2.51763333333333	726
2.52096666666667	1551
2.52430000000000	2376
2.52763333333333	2291
2.53098333333333	316
2.53431666666667	407
2.53765000000000	497
2.54098333333333	4248
2.54431666666667	3142
2.54766666666667	2037
2.55100000000000	1292
2.55433333333333	1680
2.55766666666667	1835
2.56100000000000	1990
2.56435000000000	0
2.56768333333333	4748
2.57101666666667	6194
2.57435000000000	9204
2.57768333333333	5784
2.58103333333333	5531
2.58436666666667	8824
2.58770000000000	4254
2.59103333333333	828
2.59436666666667	6159
2.59771666666667	2597
2.60105000000000	727
2.60438333333333	1120
2.60771666666667	1077
2.61105000000000	1034
2.61440000000000	4643
2.61773333333333	5762
2.62106666666667	5418
2.62440000000000	3313
2.62773333333333	6305
2.63108333333333	2154
2.63441666666667	6686
2.63775000000000	2915
2.64108333333333	5962
2.64441666666667	4212
2.64776666666667	6277
2.65110000000000	7037
2.65443333333333	8392
2.65776666666667	3788
2.66110000000000	6177
2.66445000000000	2843
2.66778333333333	4771
2.67111666666667	4452
2.67445000000000	0
2.67778333333333	7258
2.68113333333333	6815
2.68446666666667	3298
2.68780000000000	0
2.69113333333333	618
2.69446666666667	1086
2.69781666666667	1554
2.70115000000000	2079
2.70448333333333	2605
2.70781666666667	3780
2.71115000000000	4956
2.71450000000000	5728
2.71783333333333	6234
2.72116666666667	6740
2.72450000000000	1793
2.72783333333333	4605
2.73118333333333	3535
2.73451666666667	2340
2.73785000000000	1146
2.74118333333333	1432
2.74451666666667	716
2.74786666666667	0
2.75120000000000	1300
2.75453333333333	2600
2.75786666666667	3712
2.76120000000000	4653
2.76455000000000	6745
2.76788333333333	5806
2.77121666666667	7782
2.77455000000000	3512
2.77788333333333	6635
2.78123333333333	5385
2.78456666666667	7133
2.78790000000000	6620
2.79123333333333	895
2.79456666666667	1280
2.79791666666667	7716
2.80125000000000	3285
2.80458333333333	4386
2.80791666666667	6938
2.81125000000000	7466
2.81460000000000	8432
2.81793333333333	8700
2.82126666666667	5882
2.82460000000000	6773
2.82793333333333	5009
2.83126666666667	2061
2.83461666666667	5332
2.83795000000000	5248
2.84128333333333	5165
2.84461666666667	1338
2.84795000000000	2099
2.85130000000000	5194
2.85463333333333	2453
2.85796666666667	3951
2.86130000000000	5448
2.86463333333333	9464
2.86798333333333	7829
2.87131666666667	1391
2.87465000000000	3752
2.87798333333333	3009
2.88131666666667	5262
2.88466666666667	693
2.88800000000000	4585
2.89133333333333	4141
2.89466666666667	5751
2.89800000000000	7360
2.90135000000000	6315
2.90468333333333	6066
2.90801666666667	7525
2.91135000000000	5082
2.91468333333333	5207
2.91803333333333	5263
2.92136666666667	3032
2.92470000000000	7353
2.92803333333333	1631
2.93136666666667	6090
2.93471666666667	3066
2.93805000000000	42
2.94138333333333	5766
2.94471666666667	5079
2.94805000000000	3814
2.95140000000000	1222
2.95473333333333	6133
2.95806666666667	6140
2.96140000000000	13832
2.96473333333333	12944
2.96808333333333	4261
2.97141666666667	1683
2.97475000000000	4748
2.97808333333333	6401
2.98141666666667	8054
2.98476666666667	2042
2.98810000000000	1726
2.99143333333333	4136
2.99476666666667	5209
2.99810000000000	8288
3.00145000000000	6300
3.00478333333333	5830
3.00811666666667	8304
3.01145000000000	4144
3.01478333333333	4441
3.01813333333333	8768
3.02146666666667	3714
3.02480000000000	6185
3.02813333333333	7113
3.03146666666667	4604
3.03481666666667	4143
3.03815000000000	736
3.04148333333333	2337
3.04481666666667	1640
3.04815000000000	5788
3.05150000000000	6122
3.05483333333333	4075
3.05816666666667	5784
3.06150000000000	7492
3.06483333333333	119
3.06818333333333	1170
3.07151666666667	416
3.07485000000000	2733
3.07818333333333	5114
3.08151666666667	5035
3.08486666666667	4147
3.08820000000000	3974
3.09153333333333	3800
3.09486666666667	4112
3.09820000000000	4121
3.10155000000000	407
3.10488333333333	1434
3.10821666666667	2460
3.11155000000000	3444
3.11488333333333	4427
3.11823333333333	4929
3.12156666666667	5431
3.12490000000000	4861
3.12823333333333	4292
3.13156666666667	3768
3.13491666666667	2148
3.13825000000000	1576
3.14158333333333	1005
3.14491666666667	2723
3.14825000000000	3467
3.15160000000000	3638
3.15493333333333	3808
3.15826666666667	0
3.16160000000000	420
3.16493333333333	840
3.16826666666667	1234
3.17161666666667	1470
3.17495000000000	1705
3.17828333333333	2181
3.18161666666667	2656
3.18495000000000	4137
3.18830000000000	4412
3.19163333333333	6017
3.19496666666667	7551
3.19830000000000	8996
3.20163333333333	7142
3.20498333333333	3268
3.20831666666667	1167
3.21165000000000	3644
3.21498333333333	8192
3.21831666666667	9092
3.22166666666667	8452
3.22500000000000	4782
3.22833333333333	7476
3.23166666666667	2730
3.23500000000000	7757
3.23835000000000	9404
3.24168333333333	3062
3.24501666666667	9576
3.24835000000000	10908
3.25168333333333	5139
3.25503333333333	6834
3.25836666666667	4440
3.26170000000000	3914
3.26503333333333	3294
3.26836666666667	3215
3.27171666666667	3137
3.27505000000000	4080
3.27838333333333	5371
3.28171666666667	6941
3.28505000000000	8143
3.28840000000000	3801
3.29173333333333	4355
3.29506666666667	4909
3.29840000000000	9528
3.30173333333333	8936
3.30508333333333	6637
3.30841666666667	7597
3.31175000000000	3737
3.31508333333333	4279
3.31841666666667	2725
3.32176666666667	2184
3.32510000000000	4456
3.32843333333333	2549
3.33176666666667	610
3.33510000000000	4252
3.33845000000000	3738
3.34178333333333	3225
3.34511666666667	3330
3.34845000000000	4664
3.35178333333333	4695
3.35513333333333	4726
3.35846666666667	3219
3.36180000000000	3180
3.36513333333333	1440
3.36846666666667	1671
3.37181666666667	1234
3.37515000000000	797
3.37848333333333	1428
3.38181666666667	3395
3.38515000000000	2648
3.38850000000000	1902
3.39183333333333	1071
3.39516666666667	3127
3.39850000000000	3505
3.40183333333333	3884
3.40518333333333	3447
3.40851666666667	3010
3.41185000000000	4589
3.41518333333333	4126
3.41851666666667	4143
3.42186666666667	7239
3.42520000000000	0
3.42853333333333	10060
3.43186666666667	2595
3.43520000000000	6781
3.43855000000000	8304
3.44188333333333	5271
3.44521666666667	1670
3.44855000000000	914
3.45188333333333	6641
3.45523333333333	6027
3.45856666666667	7301
3.46190000000000	947
3.46523333333333	5935
3.46856666666667	5162
3.47191666666667	4717
3.47525000000000	2232
3.47858333333333	1116
3.48191666666667	0
3.48525000000000	5280
3.48860000000000	4237
3.49193333333333	1451
3.49526666666667	5481
3.49860000000000	7930
3.50193333333333	5273
3.50526666666667	911
3.50861666666667	4127
3.51195000000000	2851
3.51528333333333	3045
3.51861666666667	4040
3.52195000000000	5035
3.52530000000000	5751
3.52863333333333	6468
3.53196666666667	5318
3.53530000000000	4167
3.53863333333333	1084
3.54198333333333	6443
3.54531666666667	1640
3.54865000000000	5388
3.55198333333333	3633
3.55531666666667	1709
3.55866666666667	3977
3.56200000000000	2774
3.56533333333333	1572
3.56866666666667	2413
3.57200000000000	6337
3.57535000000000	8189
3.57868333333333	6768
3.58201666666667	5098
3.58535000000000	5447
3.58868333333333	7274
3.59203333333333	4287
3.59536666666667	5454
3.59870000000000	9508
3.60203333333333	1748
3.60536666666667	5548
3.60871666666667	1574
3.61205000000000	3981
3.61538333333333	3022
3.61871666666667	3189
3.62205000000000	4987
3.62540000000000	5733
3.62873333333333	5283
3.63206666666667	4834
3.63540000000000	2652
3.63873333333333	3240
3.64208333333333	3828
3.64541666666667	4791
3.64875000000000	5694
3.65208333333333	6597
3.65541666666667	1791
3.65876666666667	4125
3.66210000000000	6459
3.66543333333333	2151
3.66876666666667	3439
3.67210000000000	3629
3.67545000000000	623
3.67878333333333	2434
3.68211666666667	3181
3.68545000000000	2982
3.68878333333333	2784
3.69213333333333	3029
3.69546666666667	3274
3.69880000000000	7843
3.70213333333333	9904
3.70546666666667	10112
3.70881666666667	8344
3.71215000000000	6417
3.71548333333333	5014
3.71881666666667	2346
3.72215000000000	5636
3.72550000000000	4707
3.72883333333333	3777
3.73216666666667	4696
3.73550000000000	4573
3.73883333333333	4450
3.74218333333333	3505
3.74551666666667	3650
3.74885000000000	3794
3.75218333333333	5808
3.75551666666667	4809
3.75886666666667	3810
3.76220000000000	5407
3.76553333333333	7004
3.76886666666667	8960
3.77220000000000	9320
3.77555000000000	3515
3.77888333333333	1278
3.78221666666667	11728
3.78555000000000	3814
3.78888333333333	5905
3.79223333333333	4477
3.79556666666667	8228
3.79890000000000	8212
3.80223333333333	3230
3.80556666666667	1575
3.80891666666667	5399
3.81225000000000	3994
3.81558333333333	2590
3.81891666666667	0
3.82225000000000	2075
3.82560000000000	1955
3.82893333333333	1836
3.83226666666667	5193
3.83560000000000	4623
3.83893333333333	4053
3.84226666666667	2791
3.84561666666667	6710
3.84895000000000	7533
3.85228333333333	9024
3.85561666666667	4662
3.85895000000000	3785
3.86230000000000	3772
3.86563333333333	3495
3.86896666666667	3218
3.87230000000000	1347
3.87563333333333	4923
3.87898333333333	5677
3.88231666666667	4378
3.88565000000000	4448
3.88898333333333	4518
3.89231666666667	8043
3.89566666666667	5075
3.89900000000000	2108
3.90233333333333	5471
3.90566666666667	4705
3.90900000000000	3938
3.91235000000000	9500
3.91568333333333	9348
3.91901666666667	4143
3.92235000000000	4148
3.92568333333333	3895
3.92903333333333	2736
3.93236666666667	4990
3.93570000000000	5249
3.93903333333333	5741
3.94236666666667	1796
3.94571666666667	2407
3.94905000000000	5997
3.95238333333333	4228
3.95571666666667	7189
3.95905000000000	6466
3.96240000000000	5942
3.96573333333333	4479
3.96906666666667	2648
3.97240000000000	7842
3.97573333333333	5514
3.97908333333333	11460
3.98241666666667	8576
3.98575000000000	9944
3.98908333333333	6234
3.99241666666667	4129
3.99576666666667	3030
3.99910000000000	3046
4.00243333333333	3061
4.00576666666667	3824
4.00910000000000	1349
4.01245000000000	1866
4.01578333333333	2694
4.01911666666667	5142
4.02245000000000	5021
4.02578333333333	4065
4.02913333333333	2291
4.03246666666667	6276
4.03580000000000	671
4.03913333333333	1911
4.04246666666667	2958
4.04581666666667	1906
4.04915000000000	2100
4.05248333333333	2293
4.05581666666667	1336
4.05915000000000	2587
4.06250000000000	3839
4.06583333333333	3083
4.06916666666667	5503
4.07250000000000	7924
4.07583333333333	9872
4.07918333333333	5989
4.08251666666667	7043
4.08585000000000	2114
4.08918333333333	6237
4.09251666666667	3408
4.09586666666667	7822
4.09920000000000	6057
4.10253333333333	8280
4.10586666666667	5401
4.10920000000000	3919
4.11255000000000	4862
4.11588333333333	4013
4.11921666666667	5221
4.12255000000000	7782
4.12588333333333	8228
4.12923333333333	4022
4.13256666666667	4237
4.13590000000000	3699
4.13923333333333	3535
4.14256666666667	3706
4.14591666666667	3257
4.14925000000000	2754
4.15258333333333	2252
4.15591666666667	2213
4.15925000000000	2832
4.16260000000000	1510
4.16593333333333	1537
4.16926666666667	1563
4.17260000000000	1364
4.17593333333333	1164
4.17926666666667	3975
4.18261666666667	5461
4.18595000000000	6986
4.18928333333333	4016
4.19261666666667	2149
4.19595000000000	5138
4.19930000000000	4551
4.20263333333333	2982
4.20596666666667	2635
4.20930000000000	3507
4.21263333333333	4379
4.21598333333333	5266
4.21931666666667	6154
4.22265000000000	4927
4.22598333333333	3701
4.22931666666667	4121
4.23266666666667	6178
4.23600000000000	0
4.23933333333333	6836
4.24266666666667	6644
4.24600000000000	6367
4.24935000000000	2054
4.25268333333333	4100
4.25601666666667	4778
4.25935000000000	1071
4.26268333333333	2810
4.26603333333333	1589
4.26936666666667	9152
4.27270000000000	7639
4.27603333333333	7399
4.27936666666667	6265
4.28271666666667	5574
4.28605000000000	4883
4.28938333333333	6908
4.29271666666667	6201
4.29605000000000	1801
4.29940000000000	5876
4.30273333333333	3663
4.30606666666667	7285
4.30940000000000	3688
4.31273333333333	2345
4.31608333333333	4582
4.31941666666667	5276
4.32275000000000	6136
4.32608333333333	2529
4.32941666666667	4292
4.33276666666667	4219
4.33610000000000	3909
4.33943333333333	6596
4.34276666666667	4903
4.34610000000000	3210
4.34945000000000	4141
4.35278333333333	2465
4.35611666666667	3034
4.35945000000000	3063
4.36278333333333	3092
4.36613333333333	1846
4.36946666666667	3692
4.37280000000000	4310
4.37613333333333	4928
4.37946666666667	5630
4.38281666666667	6332
4.38615000000000	7098
4.38948333333333	1581
4.39281666666667	830
4.39615000000000	9064
4.39950000000000	3541
4.40283333333333	5860
4.40616666666667	0
4.40950000000000	1703
4.41283333333333	4188
4.41618333333333	8648
4.41951666666667	8684
4.42285000000000	8716
4.42618333333333	2937
4.42951666666667	7227
4.43286666666667	1135
4.43620000000000	5184
4.43953333333333	1967
4.44286666666667	0
4.44620000000000	8576
4.44955000000000	5721
4.45288333333333	1439
4.45621666666667	4593
4.45955000000000	6768
4.46288333333333	6932
4.46623333333333	7497
4.46956666666667	2951
4.47290000000000	2564
4.47623333333333	4483
4.47956666666667	970
4.48291666666667	2880
4.48625000000000	4791
4.48958333333333	3029
4.49291666666667	1266
4.49625000000000	1667
