1.50330000000000	0
1.50663333333333	0
1.50996666666667	0
1.51330000000000	0
1.51663333333333	0
1.51998333333333	0
1.52331666666667	0
1.52665000000000	0
1.52998333333333	0
1.53331666666667	0
1.53666666666667	0
1.54000000000000	0
1.54333333333333	0
1.54666666666667	0
1.55000000000000	0
1.55335000000000	0
1.55668333333333	0
1.56001666666667	0
1.56335000000000	0
1.56668333333333	0
1.57003333333333	0
1.57336666666667	0
1.57670000000000	0
1.58003333333333	0
1.58336666666667	0
1.58671666666667	0
1.59005000000000	0
1.59338333333333	0
1.59671666666667	0
1.60005000000000	0
1.60340000000000	0
1.60673333333333	0
1.61006666666667	0
1.61340000000000	0
1.61673333333333	0
1.62008333333333	0
1.62341666666667	0
1.62675000000000	0
1.63008333333333	0
1.63341666666667	0
1.63676666666667	0
1.64010000000000	0
1.64343333333333	0
1.64676666666667	0
1.65010000000000	0
1.65345000000000	0
1.65678333333333	0
1.66011666666667	0
1.66345000000000	0
1.66678333333333	0
1.67013333333333	0
1.67346666666667	0
1.67680000000000	0
1.68013333333333	0
1.68346666666667	0
1.68681666666667	0
1.69015000000000	0
1.69348333333333	0
1.69681666666667	0
1.70015000000000	0
1.70350000000000	0
1.70683333333333	0
1.71016666666667	0
1.71350000000000	0
1.71683333333333	0
1.72018333333333	0
1.72351666666667	0
1.72685000000000	0
1.73018333333333	0
1.73351666666667	0
1.73686666666667	0
1.74020000000000	0
1.74353333333333	0
1.74686666666667	0
1.75020000000000	0
1.75355000000000	0
1.75688333333333	0
1.76021666666667	0
1.76355000000000	0
1.76688333333333	0
1.77023333333333	0
1.77356666666667	0
1.77690000000000	0
1.78023333333333	0
1.78356666666667	0
1.78691666666667	0
1.79025000000000	0
1.79358333333333	0
1.79691666666667	0
1.80025000000000	0
1.80360000000000	0
1.80693333333333	0
1.81026666666667	0
1.81360000000000	0
1.81693333333333	0
1.82026666666667	0
1.82361666666667	0
1.82695000000000	0
1.83028333333333	0
1.83361666666667	0
1.83695000000000	0
1.84030000000000	0
1.84363333333333	0
1.84696666666667	0
1.85030000000000	0
1.85363333333333	0
1.85698333333333	0
1.86031666666667	0
1.86365000000000	0
1.86698333333333	0
1.87031666666667	0
1.87366666666667	0
1.87700000000000	0
1.88033333333333	0
1.88366666666667	0
1.88700000000000	0
1.89035000000000	0
1.89368333333333	0
1.89701666666667	0
1.90035000000000	0
1.90368333333333	0
1.90703333333333	0
1.91036666666667	0
1.91370000000000	0
1.91703333333333	0
1.92036666666667	0
1.92371666666667	0
1.92705000000000	0
1.93038333333333	0
1.93371666666667	0
1.93705000000000	0
1.94040000000000	0
1.94373333333333	0
1.94706666666667	0
1.95040000000000	0
1.95373333333333	0
1.95708333333333	0
1.96041666666667	0
1.96375000000000	0
1.96708333333333	0
1.97041666666667	0
1.97376666666667	0
1.97710000000000	0
1.98043333333333	0
1.98376666666667	0
1.98710000000000	0
1.99045000000000	0
1.99378333333333	0
1.99711666666667	0
2.00045000000000	0
2.00378333333333	0
2.00711666666667	0
2.01045000000000	0
2.01378333333333	0
2.01711666666667	0
2.02045000000000	0
2.02380000000000	0
2.02713333333333	0
2.03046666666667	0
2.03380000000000	0
2.03713333333333	0
2.04048333333333	754
2.04381666666667	745
2.04715000000000	47
2.05048333333333	0
2.05381666666667	0
2.05716666666667	0
2.06050000000000	0
2.06383333333333	0
2.06716666666667	0
2.07050000000000	0
2.07385000000000	0
2.07718333333333	0
2.08051666666667	0
2.08385000000000	0
2.08718333333333	0
2.09053333333333	0
2.09386666666667	0
2.09720000000000	0
2.10053333333333	0
2.10386666666667	0
2.10721666666667	0
2.11055000000000	0
2.11388333333333	0
2.11721666666667	0
2.12055000000000	0
2.12390000000000	0
2.12723333333333	0
2.13056666666667	0
2.13390000000000	54
2.13723333333333	42
2.14058333333333	0
2.14391666666667	0
2.14725000000000	0
2.15058333333333	0
2.15391666666667	0
2.15725000000000	0
2.16060000000000	0
2.16393333333333	0
2.16726666666667	0
2.17060000000000	0
2.17393333333333	0
2.17728333333333	0
2.18061666666667	0
2.18395000000000	0
2.18728333333333	0
2.19061666666667	0
2.19396666666667	0
2.19730000000000	0
2.20063333333333	0
2.20396666666667	0
2.20730000000000	0
2.21065000000000	0
2.21398333333333	0
2.21731666666667	0
2.22065000000000	0
2.22398333333333	0
2.22733333333333	0
2.23066666666667	0
2.23400000000000	0
2.23733333333333	0
2.24066666666667	0
2.24401666666667	0
2.24735000000000	0
2.25068333333333	0
2.25401666666667	0
2.25735000000000	0
2.26070000000000	0
2.26403333333333	2873
2.26736666666667	2494
2.27070000000000	3812
2.27403333333333	465
2.27738333333333	0
2.28071666666667	1570
2.28405000000000	2403
2.28738333333333	2209
2.29071666666667	4373
2.29406666666667	3703
2.29740000000000	2253
2.30073333333333	802
2.30406666666667	0
2.30740000000000	697
2.31075000000000	1395
2.31408333333333	818
2.31741666666667	4686
2.32075000000000	4863
2.32408333333333	5040
2.32743333333333	3855
2.33076666666667	2891
2.33410000000000	10012
2.33743333333333	11784
2.34076666666667	4219
2.34411666666667	9456
2.34745000000000	5362
2.35078333333333	4093
2.35411666666667	13512
2.35745000000000	10652
2.36080000000000	14132
2.36413333333333	6771
2.36746666666667	9840
2.37080000000000	12908
2.37413333333333	6724
2.37748333333333	8964
2.38081666666667	11496
2.38415000000000	12536
2.38748333333333	13572
2.39081666666667	13244
2.39416666666667	12912
2.39750000000000	12844
2.40083333333333	16740
2.40416666666667	20632
2.40750000000000	20500
2.41085000000000	22492
2.41418333333333	25344
2.41751666666667	12128
2.42085000000000	16092
2.42418333333333	15472
2.42753333333333	17700
2.43086666666667	19928
2.43420000000000	25108
2.43753333333333	25208
2.44086666666667	27188
2.44421666666667	18556
2.44755000000000	28764
2.45088333333333	33952
2.45421666666667	16896
2.45755000000000	14408
2.46090000000000	22972
2.46423333333333	26568
2.46756666666667	24468
2.47090000000000	22368
2.47423333333333	17956
2.47758333333333	19044
2.48091666666667	28352
2.48425000000000	24512
2.48758333333333	20668
2.49091666666667	28776
2.49425000000000	36880
2.49760000000000	32528
2.50093333333333	24232
2.50426666666667	31948
2.50760000000000	40464
2.51093333333333	35872
2.51428333333333	15700
2.51761666666667	39808
2.52095000000000	40336
2.52428333333333	31804
2.52761666666667	37184
2.53096666666667	36720
2.53430000000000	39408
2.53763333333333	39728
2.54096666666667	40048
2.54430000000000	34976
2.54765000000000	31776
2.55098333333333	15812
2.55431666666667	23352
2.55765000000000	38480
2.56098333333333	44720
2.56433333333333	53920
2.56766666666667	26124
2.57100000000000	50128
2.57433333333333	48288
2.57766666666667	45200
2.58101666666667	46208
2.58435000000000	42720
2.58768333333333	31516
2.59101666666667	27692
2.59435000000000	27432
2.59770000000000	33312
2.60103333333333	36480
2.60436666666667	39632
2.60770000000000	43344
2.61103333333333	42624
2.61438333333333	43984
2.61771666666667	39456
2.62105000000000	39392
2.62438333333333	39328
2.62771666666667	39408
2.63106666666667	31624
2.63440000000000	26660
2.63773333333333	35200
2.64106666666667	21464
2.64440000000000	34544
2.64775000000000	42624
2.65108333333333	25936
2.65441666666667	50288
2.65775000000000	42720
2.66108333333333	38912
2.66443333333333	48352
2.66776666666667	35856
2.67110000000000	40432
2.67443333333333	54384
2.67776666666667	22264
2.68111666666667	43552
2.68445000000000	49888
2.68778333333333	46464
2.69111666666667	53264
2.69445000000000	28584
2.69780000000000	18216
2.70113333333333	61648
2.70446666666667	50304
2.70780000000000	31712
2.71113333333333	27868
2.71448333333333	47040
2.71781666666667	25952
2.72115000000000	46112
2.72448333333333	27444
2.72781666666667	32484
2.73116666666667	44816
2.73450000000000	31224
2.73783333333333	28680
2.74116666666667	26136
2.74450000000000	35648
2.74785000000000	35808
2.75118333333333	35984
2.75451666666667	26616
2.75785000000000	34880
2.76118333333333	32532
2.76453333333333	30184
2.76786666666667	34176
2.77120000000000	47072
2.77453333333333	50400
2.77786666666667	47376
2.78121666666667	47360
2.78455000000000	47344
2.78788333333333	46848
2.79121666666667	35456
2.79455000000000	34176
2.79790000000000	36848
2.80123333333333	35248
2.80456666666667	33648
2.80790000000000	30096
2.81123333333333	26548
2.81458333333333	38144
2.81791666666667	37376
2.82125000000000	36592
2.82458333333333	37536
2.82791666666667	38480
2.83125000000000	38592
2.83460000000000	38688
2.83793333333333	36000
2.84126666666667	47680
2.84460000000000	57856
2.84793333333333	55344
2.85128333333333	30900
2.85461666666667	49312
2.85795000000000	51552
2.86128333333333	60336
2.86461666666667	38192
2.86796666666667	32208
2.87130000000000	47024
2.87463333333333	45488
2.87796666666667	55648
2.88130000000000	52864
2.88465000000000	29812
2.88798333333333	30216
2.89131666666667	48320
2.89465000000000	63488
2.89798333333333	62752
2.90133333333333	60704
2.90466666666667	41040
2.90800000000000	51920
2.91133333333333	40512
2.91466666666667	44128
2.91801666666667	22840
2.92135000000000	60864
2.92468333333333	59008
2.92801666666667	59392
2.93135000000000	57744
2.93470000000000	39408
2.93803333333333	51840
2.94136666666667	39968
2.94470000000000	25600
2.94803333333333	59408
2.95138333333333	31012
2.95471666666667	32736
2.95805000000000	36080
2.96138333333333	46480
2.96471666666667	39408
2.96806666666667	32344
2.97140000000000	38704
2.97473333333333	45056
2.97806666666667	48240
2.98140000000000	51920
2.98475000000000	38064
2.98808333333333	49600
2.99141666666667	23560
2.99475000000000	63120
2.99808333333333	45584
3.00143333333333	58880
3.00476666666667	50016
3.00810000000000	46416
3.01143333333333	48672
3.01476666666667	42112
3.01811666666667	44592
3.02145000000000	47872
3.02478333333333	45344
3.02811666666667	43312
3.03145000000000	41280
3.03480000000000	39168
3.03813333333333	39088
3.04146666666667	39008
3.04480000000000	40352
3.04813333333333	41696
3.05148333333333	36112
3.05481666666667	30524
3.05815000000000	26200
3.06148333333333	34080
3.06481666666667	41968
3.06816666666667	50160
3.07150000000000	57760
3.07483333333333	47312
3.07816666666667	43824
3.08150000000000	38320
3.08485000000000	47488
3.08818333333333	36720
3.09151666666667	55984
3.09485000000000	54096
3.09818333333333	48704
3.10153333333333	51376
3.10486666666667	39792
3.10820000000000	45824
3.11153333333333	40896
3.11486666666667	17884
3.11821666666667	38784
3.12155000000000	47728
3.12488333333333	45632
3.12821666666667	45392
3.13155000000000	42592
3.13490000000000	39776
3.13823333333333	31640
3.14156666666667	37824
3.14490000000000	32704
3.14823333333333	26296
3.15158333333333	49184
3.15491666666667	41984
3.15825000000000	45920
3.16158333333333	50096
3.16491666666667	47616
3.16825000000000	45120
3.17160000000000	40784
3.17493333333333	43040
3.17826666666667	45520
3.18160000000000	48016
3.18493333333333	52608
3.18828333333333	52944
3.19161666666667	41744
3.19495000000000	45312
3.19828333333333	48880
3.20161666666667	55568
3.20496666666667	31472
3.20830000000000	31940
3.21163333333333	37360
3.21496666666667	24184
3.21830000000000	39600
3.22165000000000	39024
3.22498333333333	48784
3.22831666666667	41184
3.23165000000000	39808
3.23498333333333	38432
3.23833333333333	53056
3.24166666666667	45888
3.24500000000000	38720
3.24833333333333	60048
3.25166666666667	26736
3.25501666666667	74208
3.25835000000000	55104
3.26168333333333	43184
3.26501666666667	36176
3.26835000000000	42000
3.27170000000000	38144
3.27503333333333	19404
3.27836666666667	41376
3.28170000000000	40256
3.28503333333333	39136
3.28838333333333	47200
3.29171666666667	42448
3.29505000000000	37712
3.29838333333333	54496
3.30171666666667	54544
3.30506666666667	46272
3.30840000000000	47792
3.31173333333333	37520
3.31506666666667	47056
3.31840000000000	43328
3.32175000000000	39584
3.32508333333333	40512
3.32841666666667	41184
3.33175000000000	29560
3.33508333333333	28568
3.33843333333333	33712
3.34176666666667	48384
3.34510000000000	52032
3.34843333333333	45680
3.35176666666667	25008
3.35511666666667	49984
3.35845000000000	47248
3.36178333333333	47024
3.36511666666667	48496
3.36845000000000	46016
3.37180000000000	49488
3.37513333333333	42768
3.37846666666667	36064
3.38180000000000	37536
3.38513333333333	30196
3.38848333333333	22856
3.39181666666667	42928
3.39515000000000	47056
3.39848333333333	30048
3.40181666666667	21556
3.40516666666667	56144
3.40850000000000	58304
3.41183333333333	45136
3.41516666666667	49088
3.41850000000000	40176
3.42185000000000	59312
3.42518333333333	24252
3.42851666666667	48272
3.43185000000000	53200
3.43518333333333	28808
3.43853333333333	41808
3.44186666666667	41552
3.44520000000000	22284
3.44853333333333	44240
3.45186666666667	35616
3.45521666666667	51584
3.45855000000000	53648
3.46188333333333	53888
3.46521666666667	53472
3.46855000000000	51776
3.47190000000000	49920
3.47523333333333	44944
3.47856666666667	52784
3.48190000000000	28876
3.48523333333333	61648
3.48858333333333	62256
3.49191666666667	46592
3.49525000000000	42016
3.49858333333333	44016
3.50191666666667	53072
3.50523333333333	32064
3.50858333333333	36160
3.51191666666667	30716
3.51525000000000	38896
3.51858333333333	47072
3.52191666666667	47600
3.52526666666667	52240
3.52860000000000	50592
3.53193333333333	49024
3.53526666666667	54208
3.53860000000000	45856
3.54195000000000	40032
3.54528333333333	34496
3.54861666666667	51872
3.55195000000000	56688
3.55528333333333	44096
3.55863333333333	50784
3.56196666666667	50544
3.56530000000000	50912
3.56863333333333	37632
3.57196666666667	61312
3.57531666666667	54096
3.57865000000000	50160
3.58198333333333	32784
3.58531666666667	48688
3.58865000000000	53840
3.59200000000000	42560
3.59533333333333	51344
3.59866666666667	53936
3.60200000000000	36624
3.60533333333333	41504
3.60868333333333	39424
3.61201666666667	42528
3.61535000000000	42336
3.61868333333333	42160
3.62201666666667	46656
3.62536666666667	46624
3.62870000000000	45856
3.63203333333333	33264
3.63536666666667	42384
3.63870000000000	38224
3.64205000000000	34048
3.64538333333333	25588
3.64871666666667	34656
3.65205000000000	36560
3.65538333333333	45264
3.65873333333333	46432
3.66206666666667	47584
3.66540000000000	48736
3.66873333333333	47664
3.67206666666667	46576
3.67541666666667	38480
3.67875000000000	28364
3.68208333333333	20936
3.68541666666667	28668
3.68875000000000	50832
3.69210000000000	45040
3.69543333333333	40032
3.69876666666667	30584
3.70210000000000	59936
3.70543333333333	58768
3.70878333333333	51744
3.71211666666667	55168
3.71545000000000	54608
3.71878333333333	54064
3.72211666666667	53056
3.72546666666667	46960
3.72880000000000	56624
3.73213333333333	33296
3.73546666666667	18636
3.73880000000000	39408
3.74215000000000	54240
3.74548333333333	66336
3.74881666666667	55056
3.75215000000000	47648
3.75548333333333	53648
3.75883333333333	56400
3.76216666666667	52720
3.76550000000000	59440
3.76883333333333	34048
3.77216666666667	41856
3.77551666666667	44016
3.77885000000000	55216
3.78218333333333	50064
3.78551666666667	36208
3.78885000000000	49200
3.79220000000000	52240
3.79553333333333	39216
3.79886666666667	42768
3.80220000000000	44128
3.80553333333333	43824
3.80886666666667	37904
3.81220000000000	23904
3.81553333333333	28972
3.81886666666667	48768
3.82220000000000	44976
3.82555000000000	28328
3.82888333333333	52144
3.83221666666667	50400
3.83555000000000	62960
3.83888333333333	41152
3.84221666666667	60512
3.84556666666667	56944
3.84890000000000	48704
3.85223333333333	57152
3.85556666666667	52432
3.85890000000000	39408
3.86225000000000	49840
3.86558333333333	61264
3.86891666666667	58560
3.87225000000000	43552
3.87558333333333	37200
3.87893333333333	34144
3.88226666666667	36208
3.88560000000000	38288
3.88893333333333	47664
3.89226666666667	49504
3.89561666666667	46528
3.89895000000000	36032
3.90228333333333	45312
3.90561666666667	15896
3.90895000000000	62464
3.91230000000000	58752
3.91563333333333	33616
3.91896666666667	33360
3.92230000000000	15992
3.92563333333333	40960
3.92898333333333	38832
3.93231666666667	55488
3.93565000000000	35344
3.93898333333333	50160
3.94231666666667	40560
3.94566666666667	22888
3.94900000000000	44064
3.95233333333333	29836
3.95566666666667	49312
3.95900000000000	34864
3.96235000000000	53856
3.96568333333333	57936
3.96901666666667	52528
3.97235000000000	43232
3.97568333333333	50592
3.97903333333333	45328
3.98236666666667	48832
3.98570000000000	33440
3.98903333333333	43936
3.99236666666667	49568
3.99571666666667	59984
3.99905000000000	55856
4.00238333333333	44432
4.00571666666667	49520
4.00905000000000	50864
4.01240000000000	33520
4.01573333333333	30336
4.01906666666667	41376
4.02240000000000	51440
4.02573333333333	49152
4.02908333333333	42416
4.03241666666667	37920
4.03575000000000	49488
4.03908333333333	43056
4.04241666666667	36608
4.04576666666667	40064
4.04910000000000	43392
4.05243333333333	45488
4.05576666666667	50176
4.05910000000000	34448
4.06245000000000	18200
4.06578333333333	40384
4.06911666666667	63648
4.07245000000000	60320
4.07578333333333	39312
4.07913333333333	57744
4.08246666666667	40400
4.08580000000000	52160
4.08913333333333	41584
4.09246666666667	61696
4.09581666666667	62160
4.09915000000000	41760
4.10248333333333	50464
4.10581666666667	39040
4.10915000000000	44624
4.11248333333333	33072
4.11581666666667	46592
4.11915000000000	34784
4.12248333333333	51600
4.12581666666667	43216
4.12916666666667	48960
4.13250000000000	30268
4.13583333333333	52624
4.13916666666667	27348
4.14250000000000	41504
4.14585000000000	21184
4.14918333333333	28736
4.15251666666667	36288
4.15585000000000	46496
4.15918333333333	53568
4.16253333333333	43472
4.16586666666667	44688
4.16920000000000	37088
4.17253333333333	34384
4.17586666666667	31668
4.17920000000000	38176
4.18255000000000	33056
4.18588333333333	27956
4.18921666666667	26596
4.19255000000000	25232
4.19588333333333	39296
4.19923333333333	40896
4.20256666666667	42496
4.20590000000000	43184
4.20923333333333	44080
4.21256666666667	40368
4.21591666666667	36656
4.21925000000000	39872
4.22258333333333	43104
4.22591666666667	34528
4.22925000000000	36096
4.23260000000000	38032
4.23593333333333	39968
4.23926666666667	31096
4.24260000000000	37920
4.24593333333333	41728
4.24928333333333	39632
4.25261666666667	37552
4.25595000000000	35216
4.25928333333333	18376
4.26261666666667	42544
4.26596666666667	28468
4.26930000000000	49600
4.27263333333333	42032
4.27596666666667	41760
4.27930000000000	38576
4.28265000000000	49984
4.28598333333333	39088
4.28931666666667	28180
4.29265000000000	43712
4.29598333333333	41840
4.29933333333333	40432
4.30266666666667	37200
4.30600000000000	33952
4.30933333333333	47584
4.31266666666667	56000
4.31601666666667	47056
4.31935000000000	52016
4.32268333333333	40048
4.32601666666667	55072
4.32935000000000	63088
4.33270000000000	42448
4.33603333333333	57280
4.33936666666667	67312
4.34270000000000	56688
4.34603333333333	35840
4.34938333333333	41296
4.35271666666667	43152
4.35605000000000	50192
4.35938333333333	52480
4.36271666666667	51424
4.36605000000000	49072
4.36938333333333	44224
4.37271666666667	59616
4.37605000000000	30764
4.37938333333333	48096
4.38273333333333	29928
4.38606666666667	37680
4.38940000000000	39376
4.39273333333333	43248
4.39606666666667	42656
4.39941666666667	46576
4.40275000000000	33184
4.40608333333333	34064
4.40941666666667	42832
4.41275000000000	44576
4.41610000000000	47600
4.41943333333333	43408
4.42276666666667	39232
4.42610000000000	53280
4.42943333333333	58368
4.43278333333333	38528
4.43611666666667	45824
4.43945000000000	37584
4.44278333333333	38688
4.44611666666667	39792
4.44946666666667	44768
4.45280000000000	44352
4.45613333333333	43920
4.45946666666667	26224
4.46280000000000	50544
4.46615000000000	58944
4.46948333333333	62992
4.47281666666667	43808
4.47615000000000	36352
4.47948333333333	44496
4.48283333333333	44864
4.48616666666667	37936
4.48950000000000	30996
4.49283333333333	40000
4.49616666666667	36880
