1.50330000000000	1928
1.50663333333333	0
1.50996666666667	0
1.51330000000000	0
1.51663333333333	0
1.51998333333333	0
1.52331666666667	0
1.52665000000000	0
1.52998333333333	0
1.53331666666667	0
1.53666666666667	0
1.54000000000000	0
1.54333333333333	0
1.54666666666667	0
1.55000000000000	0
1.55335000000000	0
1.55668333333333	0
1.56001666666667	0
1.56335000000000	0
1.56668333333333	0
1.57003333333333	0
1.57336666666667	0
1.57670000000000	0
1.58003333333333	0
1.58336666666667	0
1.58671666666667	0
1.59005000000000	0
1.59338333333333	0
1.59671666666667	0
1.60005000000000	0
1.60340000000000	0
1.60673333333333	0
1.61006666666667	0
1.61340000000000	0
1.61671666666667	0
1.62006666666667	0
1.62340000000000	0
1.62673333333333	0
1.63006666666667	0
1.63340000000000	0
1.63675000000000	0
1.64008333333333	0
1.64341666666667	0
1.64675000000000	0
1.65008333333333	0
1.65343333333333	0
1.65676666666667	0
1.66010000000000	0
1.66343333333333	0
1.66676666666667	0
1.67011666666667	0
1.67345000000000	0
1.67678333333333	0
1.68011666666667	0
1.68345000000000	0
1.68680000000000	0
1.69013333333333	0
1.69346666666667	0
1.69680000000000	0
1.70013333333333	0
1.70348333333333	0
1.70681666666667	0
1.71015000000000	0
1.71348333333333	0
1.71681666666667	0
1.72016666666667	0
1.72350000000000	0
1.72683333333333	0
1.73016666666667	0
1.73350000000000	0
1.73685000000000	0
1.74018333333333	0
1.74351666666667	0
1.74685000000000	0
1.75018333333333	0
1.75353333333333	0
1.75686666666667	0
1.76020000000000	0
1.76353333333333	0
1.76686666666667	0
1.77021666666667	0
1.77355000000000	0
1.77688333333333	0
1.78021666666667	0
1.78355000000000	0
1.78690000000000	0
1.79023333333333	0
1.79356666666667	0
1.79690000000000	0
1.80023333333333	0
1.80358333333333	0
1.80691666666667	0
1.81025000000000	0
1.81358333333333	0
1.81691666666667	0
1.82025000000000	748
1.82360000000000	374
1.82693333333333	0
1.83026666666667	0
1.83360000000000	0
1.83693333333333	0
1.84028333333333	0
1.84361666666667	0
1.84695000000000	0
1.85028333333333	0
1.85361666666667	0
1.85696666666667	0
1.86030000000000	0
1.86363333333333	0
1.86696666666667	0
1.87030000000000	0
1.87365000000000	0
1.87698333333333	0
1.88031666666667	0
1.88365000000000	0
1.88698333333333	0
1.89033333333333	0
1.89366666666667	0
1.89700000000000	0
1.90033333333333	0
1.90366666666667	0
1.90701666666667	0
1.91035000000000	0
1.91368333333333	0
1.91701666666667	0
1.92035000000000	0
1.92370000000000	0
1.92703333333333	0
1.93036666666667	0
1.93370000000000	0
1.93703333333333	0
1.94038333333333	0
1.94371666666667	0
1.94705000000000	0
1.95038333333333	0
1.95371666666667	0
1.95706666666667	0
1.96040000000000	0
1.96373333333333	0
1.96706666666667	0
1.97040000000000	0
1.97375000000000	0
1.97708333333333	0
1.98041666666667	0
1.98375000000000	24
1.98708333333333	12
1.99043333333333	0
1.99376666666667	0
1.99710000000000	0
2.00043333333333	0
2.00376666666667	0
2.00711666666667	0
2.01045000000000	0
2.01378333333333	0
2.01711666666667	0
2.02045000000000	0
2.02380000000000	0
2.02713333333333	0
2.03046666666667	0
2.03380000000000	0
2.03713333333333	0
2.04048333333333	0
2.04381666666667	0
2.04715000000000	0
2.05048333333333	0
2.05381666666667	0
2.05716666666667	0
2.06050000000000	0
2.06383333333333	0
2.06716666666667	0
2.07050000000000	0
2.07385000000000	0
2.07718333333333	0
2.08051666666667	0
2.08385000000000	0
2.08718333333333	0
2.09053333333333	0
2.09386666666667	0
2.09720000000000	0
2.10053333333333	0
2.10386666666667	0
2.10721666666667	0
2.11055000000000	0
2.11388333333333	0
2.11721666666667	0
2.12055000000000	0
2.12390000000000	0
2.12723333333333	0
2.13056666666667	0
2.13390000000000	0
2.13723333333333	0
2.14058333333333	0
2.14391666666667	0
2.14725000000000	0
2.15058333333333	0
2.15391666666667	0
2.15725000000000	0
2.16060000000000	0
2.16393333333333	0
2.16726666666667	0
2.17060000000000	0
2.17393333333333	0
2.17728333333333	0
2.18061666666667	0
2.18395000000000	0
2.18728333333333	0
2.19061666666667	0
2.19396666666667	0
2.19730000000000	0
2.20063333333333	0
2.20396666666667	0
2.20730000000000	0
2.21065000000000	0
2.21398333333333	0
2.21731666666667	0
2.22065000000000	0
2.22398333333333	0
2.22733333333333	0
2.23066666666667	0
2.23400000000000	0
2.23733333333333	0
2.24066666666667	0
2.24401666666667	0
2.24735000000000	0
2.25068333333333	1833
2.25401666666667	1883
2.25735000000000	1856
2.26070000000000	0
2.26403333333333	1495
2.26736666666667	0
2.27070000000000	1758
2.27403333333333	1144
2.27738333333333	1139
2.28071666666667	1135
2.28405000000000	3207
2.28738333333333	3201
2.29071666666667	3196
2.29406666666667	826
2.29740000000000	5472
2.30073333333333	3581
2.30406666666667	2611
2.30740000000000	2928
2.31075000000000	8037
2.31408333333333	14252
2.31741666666667	12384
2.32075000000000	6362
2.32408333333333	8548
2.32743333333333	6061
2.33076666666667	9412
2.33410000000000	8448
2.33743333333333	6801
2.34076666666667	10252
2.34411666666667	9472
2.34745000000000	8688
2.35078333333333	12296
2.35411666666667	15016
2.35745000000000	15408
2.36080000000000	15804
2.36413333333333	15396
2.36746666666667	5198
2.37080000000000	14312
2.37413333333333	23168
2.37748333333333	24100
2.38081666666667	21120
2.38415000000000	20800
2.38748333333333	10972
2.39081666666667	11788
2.39416666666667	19448
2.39750000000000	21956
2.40083333333333	18564
2.40416666666667	15168
2.40750000000000	20416
2.41085000000000	13968
2.41418333333333	17820
2.41751666666667	21672
2.42085000000000	25588
2.42418333333333	26892
2.42753333333333	28492
2.43086666666667	26584
2.43420000000000	24672
2.43753333333333	30800
2.44086666666667	31668
2.44421666666667	27584
2.44755000000000	34224
2.45088333333333	25480
2.45421666666667	29168
2.45755000000000	39536
2.46090000000000	38304
2.46423333333333	47920
2.46756666666667	48512
2.47090000000000	30628
2.47423333333333	30164
2.47758333333333	45264
2.48091666666667	37760
2.48425000000000	30240
2.48758333333333	28756
2.49091666666667	44160
2.49425000000000	40704
2.49760000000000	46064
2.50093333333333	47328
2.50426666666667	48576
2.50760000000000	51584
2.51093333333333	29720
2.51428333333333	34560
2.51761666666667	56640
2.52095000000000	39152
2.52428333333333	55824
2.52761666666667	35152
2.53096666666667	45040
2.53430000000000	28244
2.53763333333333	60160
2.54096666666667	53888
2.54430000000000	34240
2.54765000000000	41840
2.55098333333333	44208
2.55431666666667	42992
2.55765000000000	41776
2.56098333333333	44176
2.56433333333333	36864
2.56766666666667	32848
2.57100000000000	28824
2.57433333333333	36096
2.57766666666667	30688
2.58101666666667	48768
2.58435000000000	46912
2.58768333333333	46560
2.59101666666667	51168
2.59435000000000	22032
2.59770000000000	50352
2.60103333333333	36928
2.60436666666667	56896
2.60770000000000	28244
2.61103333333333	46992
2.61438333333333	48064
2.61771666666667	36320
2.62105000000000	47072
2.62438333333333	48272
2.62771666666667	58384
2.63106666666667	61648
2.63440000000000	53408
2.63773333333333	73568
2.64106666666667	40208
2.64440000000000	39120
2.64775000000000	54432
2.65108333333333	27812
2.65441666666667	53264
2.65775000000000	26224
2.66108333333333	51200
2.66443333333333	44768
2.66776666666667	57024
2.67110000000000	44160
2.67443333333333	36912
2.67776666666667	49280
2.68111666666667	52816
2.68445000000000	59024
2.68778333333333	55104
2.69111666666667	43952
2.69445000000000	38384
2.69780000000000	24712
2.70113333333333	52896
2.70446666666667	37472
2.70780000000000	60576
2.71113333333333	45968
2.71448333333333	60768
2.71781666666667	25308
2.72115000000000	38480
2.72448333333333	42992
2.72781666666667	33824
2.73116666666667	36272
2.73450000000000	38720
2.73783333333333	42112
2.74116666666667	45520
2.74450000000000	52672
2.74785000000000	51424
2.75118333333333	39056
2.75451666666667	55296
2.75785000000000	48560
2.76118333333333	65984
2.76453333333333	62224
2.76786666666667	58464
2.77120000000000	36256
2.77453333333333	57552
2.77786666666667	47872
2.78121666666667	48512
2.78455000000000	35920
2.78788333333333	54016
2.79121666666667	52240
2.79455000000000	43504
2.79790000000000	53664
2.80123333333333	53616
2.80456666666667	53568
2.80790000000000	62240
2.81123333333333	64112
2.81458333333333	46624
2.81791666666667	51680
2.82125000000000	57376
2.82458333333333	32472
2.82791666666667	55216
2.83125000000000	49040
2.83460000000000	42432
2.83793333333333	49872
2.84126666666667	55680
2.84460000000000	60000
2.84793333333333	50128
2.85128333333333	48656
2.85461666666667	39024
2.85795000000000	41776
2.86128333333333	44544
2.86461666666667	39776
2.86796666666667	34992
2.87130000000000	39456
2.87463333333333	43904
2.87796666666667	57328
2.88130000000000	55712
2.88465000000000	52240
2.88798333333333	71776
2.89131666666667	34032
2.89465000000000	41600
2.89798333333333	45040
2.90133333333333	53360
2.90466666666667	51088
2.90800000000000	53376
2.91133333333333	57360
2.91466666666667	41520
2.91801666666667	59568
2.92135000000000	59888
2.92468333333333	60208
2.92801666666667	37200
2.93135000000000	64912
2.93470000000000	66240
2.93803333333333	44784
2.94136666666667	42240
2.94470000000000	61392
2.94803333333333	40464
2.95138333333333	40944
2.95471666666667	47872
2.95805000000000	45744
2.96138333333333	43616
2.96471666666667	40960
2.96806666666667	38288
2.97140000000000	44128
2.97473333333333	46208
2.97806666666667	52672
2.98140000000000	46112
2.98475000000000	39536
2.98808333333333	47760
2.99141666666667	44608
2.99475000000000	36816
2.99808333333333	53200
3.00143333333333	45840
3.00476666666667	46144
3.00810000000000	48336
3.01143333333333	50528
3.01476666666667	49840
3.01811666666667	38256
3.02145000000000	32148
3.02478333333333	46688
3.02811666666667	47760
3.03145000000000	40448
3.03480000000000	38368
3.03813333333333	38144
3.04146666666667	37920
3.04480000000000	39104
3.04813333333333	40288
3.05148333333333	56976
3.05481666666667	57840
3.05815000000000	63280
3.06148333333333	47168
3.06481666666667	54064
3.06816666666667	46992
3.07150000000000	40480
3.07483333333333	33984
3.07816666666667	46352
3.08150000000000	45536
3.08485000000000	44736
3.08818333333333	46768
3.09151666666667	48800
3.09485000000000	34896
3.09818333333333	55376
3.10153333333333	26112
3.10486666666667	60320
3.10820000000000	35424
3.11153333333333	58416
3.11486666666667	63488
3.11821666666667	47040
3.12155000000000	31544
3.12488333333333	40608
3.12821666666667	44544
3.13155000000000	43936
3.13490000000000	43328
3.13823333333333	34960
3.14156666666667	39584
3.14490000000000	44208
3.14823333333333	42208
3.15156666666667	29624
3.15490000000000	30572
3.15823333333333	38992
3.16156666666667	35440
3.16490000000000	31892
3.16823333333333	37888
3.17158333333333	42048
3.17491666666667	46224
3.17825000000000	45600
3.18158333333333	42064
3.18491666666667	47232
3.18826666666667	47344
3.19160000000000	47456
3.19493333333333	34336
3.19826666666667	51168
3.20160000000000	50448
3.20495000000000	53056
3.20828333333333	46496
3.21161666666667	40720
3.21495000000000	66224
3.21828333333333	24900
3.22163333333333	42192
3.22496666666667	42912
3.22830000000000	48480
3.23163333333333	47744
3.23496666666667	46224
3.23831666666667	44960
3.24165000000000	43696
3.24498333333333	38624
3.24831666666667	45104
3.25165000000000	57472
3.25500000000000	25124
3.25833333333333	51984
3.26166666666667	51232
3.26500000000000	20008
3.26833333333333	50752
3.27168333333333	55152
3.27501666666667	58656
3.27835000000000	39920
3.28168333333333	38352
3.28501666666667	61232
3.28836666666667	51472
3.29170000000000	47584
3.29503333333333	43456
3.29836666666667	42576
3.30170000000000	43472
3.30505000000000	43552
3.30838333333333	43616
3.31171666666667	52656
3.31505000000000	57200
3.31838333333333	36704
3.32173333333333	54624
3.32506666666667	55456
3.32840000000000	51920
3.33173333333333	55808
3.33506666666667	45712
3.33841666666667	44608
3.34175000000000	63248
3.34508333333333	59216
3.34841666666667	52512
3.35175000000000	51056
3.35510000000000	44336
3.35843333333333	46448
3.36176666666667	50928
3.36510000000000	45776
3.36843333333333	50544
3.37178333333333	43168
3.37511666666667	45824
3.37845000000000	48496
3.38178333333333	46080
3.38511666666667	43680
3.38846666666667	49744
3.39180000000000	54016
3.39513333333333	54288
3.39846666666667	36752
3.40180000000000	29088
3.40515000000000	41456
3.40848333333333	64592
3.41181666666667	72416
3.41515000000000	27416
3.41848333333333	38240
3.42181666666667	50416
3.42515000000000	52512
3.42848333333333	59568
3.43181666666667	40464
3.43515000000000	39872
3.43850000000000	22376
3.44183333333333	42288
3.44516666666667	48784
3.44850000000000	43200
3.45183333333333	41168
3.45518333333333	39136
3.45851666666667	48672
3.46185000000000	52288
3.46518333333333	59520
3.46851666666667	51232
3.47186666666667	51456
3.47520000000000	57568
3.47853333333333	32472
3.48186666666667	40016
3.48520000000000	48176
3.48855000000000	40160
3.49188333333333	27544
3.49521666666667	54176
3.49855000000000	41648
3.50188333333333	64912
3.50521666666667	57408
3.50856666666667	47792
3.51190000000000	46240
3.51523333333333	36288
3.51856666666667	66048
3.52190000000000	68288
3.52525000000000	45616
3.52858333333333	52048
3.53191666666667	24304
3.53525000000000	55648
3.53858333333333	46496
3.54193333333333	66672
3.54526666666667	42160
3.54860000000000	42656
3.55193333333333	56032
3.55526666666667	43568
3.55861666666667	49152
3.56195000000000	40128
3.56528333333333	39824
3.56861666666667	31836
3.57195000000000	34128
3.57530000000000	46672
3.57863333333333	54368
3.58196666666667	44112
3.58530000000000	42256
3.58863333333333	40416
3.59198333333333	38912
3.59531666666667	37424
3.59865000000000	34880
3.60198333333333	32848
3.60531666666667	38624
3.60866666666667	44192
3.61200000000000	44496
3.61533333333333	44768
3.61866666666667	43408
3.62200000000000	62800
3.62535000000000	20384
3.62868333333333	53632
3.63201666666667	61856
3.63535000000000	27896
3.63868333333333	56880
3.64203333333333	42112
3.64536666666667	46960
3.64870000000000	40528
3.65203333333333	40656
3.65536666666667	40800
3.65871666666667	42000
3.66205000000000	43200
3.66538333333333	37152
3.66871666666667	31116
3.67205000000000	35424
3.67540000000000	39728
3.67873333333333	57520
3.68206666666667	61616
3.68540000000000	34064
3.68873333333333	61696
3.69208333333333	46320
3.69541666666667	42768
3.69875000000000	41040
3.70208333333333	38848
3.70541666666667	37760
3.70876666666667	36672
3.71210000000000	35328
3.71543333333333	41808
3.71876666666667	47616
3.72210000000000	59312
3.72545000000000	60768
3.72878333333333	43312
3.73211666666667	42352
3.73545000000000	50096
3.73878333333333	26500
3.74213333333333	32012
3.74546666666667	37520
3.74880000000000	33408
3.75213333333333	36224
3.75546666666667	49664
3.75881666666667	47536
3.76215000000000	44736
3.76548333333333	25392
3.76881666666667	56592
3.77215000000000	40480
3.77550000000000	57424
3.77883333333333	51856
3.78216666666667	50912
3.78550000000000	49968
3.78883333333333	43168
3.79218333333333	59808
3.79551666666667	58384
3.79885000000000	43248
3.80218333333333	52224
3.80551666666667	39616
3.80886666666667	38832
3.81220000000000	41200
3.81553333333333	39536
3.81886666666667	40976
3.82220000000000	42432
3.82555000000000	41040
3.82888333333333	39632
3.83221666666667	47744
3.83555000000000	43600
3.83888333333333	39456
3.84221666666667	41392
3.84556666666667	44448
3.84890000000000	47488
3.85223333333333	44976
3.85556666666667	42464
3.85890000000000	41744
3.86225000000000	41040
3.86558333333333	49472
3.86891666666667	47088
3.87225000000000	44704
3.87558333333333	39824
3.87893333333333	51024
3.88226666666667	47184
3.88560000000000	47584
3.88893333333333	51552
3.89226666666667	44160
3.89561666666667	29604
3.89895000000000	50464
3.90228333333333	58576
3.90561666666667	47872
3.90895000000000	55200
3.91230000000000	53648
3.91563333333333	33488
3.91896666666667	37584
3.92230000000000	54224
3.92563333333333	61584
3.92898333333333	47952
3.93231666666667	28940
3.93565000000000	48912
3.93898333333333	27376
3.94231666666667	54672
3.94566666666667	41216
3.94900000000000	34704
3.95233333333333	48512
3.95566666666667	49504
3.95900000000000	42032
3.96235000000000	54640
3.96568333333333	40160
3.96901666666667	42512
3.97235000000000	40480
3.97568333333333	42368
3.97903333333333	44272
3.98236666666667	38400
3.98570000000000	31592
3.98903333333333	52112
3.99236666666667	53040
3.99571666666667	39904
3.99905000000000	65776
4.00238333333333	24140
4.00571666666667	47520
4.00905000000000	35536
4.01240000000000	39936
4.01573333333333	44336
4.01906666666667	46400
4.02240000000000	55008
4.02573333333333	58272
4.02908333333333	32704
4.03241666666667	43312
4.03575000000000	44240
4.03908333333333	68272
4.04241666666667	65600
4.04576666666667	28624
4.04910000000000	57424
4.05243333333333	55632
4.05576666666667	69856
4.05910000000000	48448
4.06245000000000	48608
4.06578333333333	52832
4.06911666666667	46608
4.07245000000000	48800
4.07578333333333	42064
4.07913333333333	32784
4.08246666666667	41888
4.08580000000000	47552
4.08913333333333	49264
4.09246666666667	49536
4.09581666666667	56560
4.09915000000000	39200
4.10248333333333	42336
4.10581666666667	59824
4.10915000000000	43248
4.11250000000000	23744
4.11583333333333	42672
4.11916666666667	34592
4.12250000000000	40320
4.12583333333333	44800
4.12918333333333	49280
4.13251666666667	41856
4.13585000000000	31296
4.13918333333333	54272
4.14251666666667	57360
4.14586666666667	63376
4.14920000000000	28932
4.15253333333333	35456
4.15586666666667	31960
4.15920000000000	44480
4.16255000000000	60624
4.16588333333333	59856
4.16921666666667	50336
4.17255000000000	25036
4.17588333333333	50224
4.17921666666667	31792
4.18256666666667	46768
4.18590000000000	37104
4.18923333333333	44848
4.19256666666667	51392
4.19590000000000	43744
4.19925000000000	51920
4.20258333333333	49632
4.20591666666667	47328
4.20925000000000	42960
4.21258333333333	59056
4.21593333333333	27792
4.21926666666667	49488
4.22260000000000	56416
4.22593333333333	44512
4.22926666666667	48032
4.23261666666667	44992
4.23595000000000	40080
4.23928333333333	44416
4.24261666666667	41552
4.24595000000000	38704
4.24930000000000	43168
4.25263333333333	47616
4.25596666666667	43056
4.25930000000000	38496
4.26263333333333	49152
4.26598333333333	50976
4.26931666666667	65872
4.27265000000000	58160
4.27598333333333	36176
4.27931666666667	32356
4.28266666666667	50960
4.28600000000000	56336
4.28933333333333	46224
4.29266666666667	46720
4.29600000000000	47200
4.29935000000000	39552
4.30268333333333	58976
4.30601666666667	50768
4.30935000000000	42560
4.31268333333333	61152
4.31603333333333	49696
4.31936666666667	53760
4.32270000000000	40128
4.32603333333333	25908
4.32936666666667	37104
4.33271666666667	36224
4.33605000000000	35424
4.33938333333333	34624
4.34271666666667	35104
4.34605000000000	35600
4.34940000000000	50784
4.35273333333333	61408
4.35606666666667	56752
4.35940000000000	39344
4.36273333333333	39184
4.36608333333333	58304
4.36941666666667	35488
4.37275000000000	58448
4.37608333333333	59728
4.37941666666667	48768
4.38276666666667	56960
4.38610000000000	9396
4.38943333333333	52112
4.39276666666667	41120
4.39610000000000	52448
4.39945000000000	45696
4.40278333333333	49136
4.40611666666667	50528
4.40945000000000	48560
4.41278333333333	30196
4.41613333333333	26120
4.41946666666667	35552
4.42280000000000	41248
4.42613333333333	56352
4.42946666666667	51504
4.43281666666667	58848
4.43615000000000	45984
4.43948333333333	46128
4.44281666666667	36192
4.44615000000000	53072
4.44950000000000	34368
4.45283333333333	54256
4.45616666666667	47376
4.45950000000000	51008
4.46283333333333	55264
4.46618333333333	48576
4.46951666666667	32368
4.47285000000000	55968
4.47618333333333	38976
4.47951666666667	51296
4.48286666666667	30784
4.48620000000000	51952
4.48953333333333	25348
4.49286666666667	31832
4.49620000000000	42560
