1.50330000000000	0
1.50663333333333	0
1.50996666666667	0
1.51330000000000	0
1.51663333333333	0
1.51998333333333	0
1.52331666666667	0
1.52665000000000	0
1.52998333333333	0
1.53331666666667	0
1.53666666666667	0
1.54000000000000	0
1.54333333333333	0
1.54666666666667	0
1.55000000000000	0
1.55335000000000	0
1.55668333333333	0
1.56001666666667	0
1.56335000000000	0
1.56668333333333	0
1.57003333333333	0
1.57336666666667	0
1.57670000000000	0
1.58003333333333	0
1.58336666666667	0
1.58671666666667	0
1.59005000000000	0
1.59338333333333	0
1.59671666666667	0
1.60005000000000	0
1.60340000000000	0
1.60673333333333	0
1.61006666666667	0
1.61340000000000	0
1.61673333333333	0
1.62008333333333	0
1.62341666666667	0
1.62675000000000	0
1.63008333333333	0
1.63341666666667	0
1.63676666666667	0
1.64010000000000	0
1.64343333333333	0
1.64676666666667	0
1.65010000000000	0
1.65345000000000	0
1.65678333333333	0
1.66011666666667	0
1.66345000000000	0
1.66678333333333	0
1.67013333333333	0
1.67346666666667	0
1.67680000000000	0
1.68013333333333	693
1.68346666666667	684
1.68681666666667	0
1.69015000000000	0
1.69348333333333	0
1.69681666666667	0
1.70015000000000	0
1.70350000000000	0
1.70683333333333	0
1.71016666666667	0
1.71350000000000	0
1.71683333333333	0
1.72018333333333	0
1.72351666666667	0
1.72685000000000	0
1.73018333333333	0
1.73351666666667	0
1.73686666666667	0
1.74020000000000	0
1.74353333333333	0
1.74686666666667	0
1.75020000000000	0
1.75355000000000	0
1.75688333333333	0
1.76021666666667	0
1.76355000000000	0
1.76688333333333	0
1.77023333333333	0
1.77356666666667	0
1.77690000000000	0
1.78023333333333	0
1.78356666666667	0
1.78691666666667	0
1.79025000000000	0
1.79358333333333	0
1.79691666666667	0
1.80025000000000	0
1.80360000000000	0
1.80693333333333	0
1.81026666666667	0
1.81360000000000	0
1.81693333333333	0
1.82026666666667	0
1.82361666666667	0
1.82695000000000	0
1.83028333333333	0
1.83361666666667	0
1.83695000000000	0
1.84030000000000	0
1.84363333333333	0
1.84696666666667	0
1.85030000000000	0
1.85363333333333	0
1.85698333333333	0
1.86031666666667	0
1.86365000000000	0
1.86698333333333	0
1.87031666666667	0
1.87366666666667	0
1.87700000000000	0
1.88033333333333	0
1.88366666666667	0
1.88700000000000	0
1.89035000000000	0
1.89368333333333	0
1.89701666666667	0
1.90035000000000	0
1.90368333333333	0
1.90703333333333	0
1.91036666666667	0
1.91370000000000	0
1.91703333333333	0
1.92036666666667	0
1.92371666666667	0
1.92705000000000	0
1.93038333333333	0
1.93371666666667	0
1.93705000000000	0
1.94040000000000	0
1.94373333333333	0
1.94706666666667	0
1.95040000000000	0
1.95373333333333	0
1.95708333333333	0
1.96041666666667	0
1.96375000000000	0
1.96708333333333	0
1.97041666666667	0
1.97376666666667	0
1.97710000000000	0
1.98043333333333	0
1.98376666666667	0
1.98710000000000	0
1.99045000000000	0
1.99378333333333	0
1.99711666666667	0
2.00045000000000	0
2.00378333333333	0
2.00713333333333	0
2.01046666666667	0
2.01380000000000	0
2.01713333333333	0
2.02046666666667	0
2.02381666666667	0
2.02715000000000	0
2.03048333333333	0
2.03381666666667	0
2.03715000000000	0
2.04050000000000	0
2.04383333333333	0
2.04716666666667	0
2.05050000000000	0
2.05383333333333	0
2.05718333333333	0
2.06051666666667	0
2.06385000000000	0
2.06718333333333	0
2.07051666666667	0
2.07386666666667	0
2.07720000000000	0
2.08053333333333	0
2.08386666666667	0
2.08720000000000	0
2.09055000000000	0
2.09388333333333	0
2.09721666666667	0
2.10055000000000	0
2.10388333333333	0
2.10723333333333	0
2.11056666666667	0
2.11390000000000	0
2.11723333333333	0
2.12056666666667	0
2.12391666666667	0
2.12725000000000	0
2.13058333333333	0
2.13391666666667	0
2.13725000000000	0
2.14060000000000	0
2.14393333333333	0
2.14726666666667	0
2.15060000000000	0
2.15393333333333	0
2.15726666666667	0
2.16061666666667	0
2.16395000000000	0
2.16728333333333	0
2.17061666666667	0
2.17395000000000	0
2.17730000000000	0
2.18063333333333	0
2.18396666666667	0
2.18730000000000	0
2.19063333333333	0
2.19398333333333	0
2.19731666666667	0
2.20065000000000	0
2.20398333333333	0
2.20731666666667	0
2.21066666666667	0
2.21400000000000	0
2.21733333333333	0
2.22066666666667	0
2.22400000000000	0
2.22735000000000	0
2.23068333333333	0
2.23401666666667	0
2.23735000000000	0
2.24068333333333	0
2.24403333333333	0
2.24736666666667	0
2.25070000000000	0
2.25403333333333	0
2.25736666666667	0
2.26071666666667	0
2.26405000000000	0
2.26738333333333	0
2.27071666666667	0
2.27405000000000	0
2.27740000000000	0
2.28073333333333	0
2.28406666666667	0
2.28740000000000	0
2.29073333333333	0
2.29408333333333	0
2.29741666666667	0
2.30075000000000	0
2.30408333333333	0
2.30741666666667	0
2.31076666666667	0
2.31410000000000	949
2.31743333333333	1467
2.32076666666667	1152
2.32410000000000	235
2.32745000000000	44
2.33078333333333	582
2.33411666666667	0
2.33745000000000	57
2.34078333333333	114
2.34413333333333	950
2.34746666666667	1633
2.35080000000000	2315
2.35413333333333	0
2.35746666666667	0
2.36081666666667	759
2.36415000000000	0
2.36748333333333	0
2.37081666666667	1132
2.37415000000000	566
2.37750000000000	0
2.38083333333333	970
2.38416666666667	0
2.38750000000000	1301
2.39083333333333	1253
2.39418333333333	1934
2.39751666666667	967
2.40085000000000	0
2.40418333333333	687
2.40751666666667	1374
2.41086666666667	1108
2.41420000000000	1362
2.41753333333333	0
2.42086666666667	1069
2.42420000000000	535
2.42755000000000	1656
2.43088333333333	2776
2.43421666666667	2913
2.43755000000000	3786
2.44088333333333	4618
2.44423333333333	4860
2.44756666666667	5101
2.45090000000000	1994
2.45423333333333	0
2.45756666666667	4749
2.46091666666667	1093
2.46425000000000	1290
2.46758333333333	1487
2.47091666666667	1270
2.47425000000000	1796
2.47760000000000	2321
2.48093333333333	3012
2.48426666666667	3703
2.48760000000000	2644
2.49093333333333	1584
2.49426666666667	2655
2.49761666666667	2579
2.50095000000000	2503
2.50428333333333	3789
2.50761666666667	3152
2.51095000000000	2515
2.51430000000000	2601
2.51763333333333	7165
2.52096666666667	6342
2.52430000000000	5124
2.52763333333333	3397
2.53098333333333	6670
2.53431666666667	5679
2.53765000000000	7677
2.54098333333333	4757
2.54431666666667	791
2.54766666666667	5230
2.55100000000000	4812
2.55433333333333	4120
2.55766666666667	3428
2.56100000000000	4529
2.56435000000000	3507
2.56768333333333	2484
2.57101666666667	4678
2.57435000000000	5885
2.57768333333333	7092
2.58103333333333	2298
2.58436666666667	2069
2.58770000000000	5151
2.59103333333333	1304
2.59436666666667	4399
2.59771666666667	2432
2.60105000000000	5854
2.60438333333333	0
2.60771666666667	7439
2.61105000000000	1051
2.61440000000000	777
2.61773333333333	4279
2.62106666666667	3175
2.62440000000000	3532
2.62773333333333	3658
2.63108333333333	1718
2.63441666666667	46
2.63775000000000	3419
2.64108333333333	838
2.64441666666667	1549
2.64776666666667	2260
2.65110000000000	2954
2.65443333333333	3647
2.65776666666667	3388
2.66110000000000	3129
2.66445000000000	9080
2.66778333333333	7957
2.67111666666667	3514
2.67445000000000	3199
2.67778333333333	3929
2.68113333333333	4873
2.68446666666667	5047
2.68780000000000	1482
2.69113333333333	2788
2.69446666666667	3300
2.69781666666667	8169
2.70115000000000	7673
2.70448333333333	2566
2.70781666666667	7250
2.71115000000000	8025
2.71450000000000	5833
2.71783333333333	0
2.72116666666667	8528
2.72450000000000	2689
2.72783333333333	8408
2.73118333333333	4978
2.73451666666667	3788
2.73785000000000	2228
2.74118333333333	5162
2.74451666666667	4817
2.74786666666667	2755
2.75120000000000	4263
2.75453333333333	1429
2.75786666666667	1793
2.76120000000000	2157
2.76455000000000	4369
2.76788333333333	4479
2.77121666666667	8944
2.77455000000000	8872
2.77788333333333	0
2.78123333333333	5778
2.78456666666667	1343
2.78790000000000	4929
2.79123333333333	1987
2.79456666666667	5306
2.79791666666667	3013
2.80125000000000	5212
2.80458333333333	7412
2.80791666666667	7603
2.81125000000000	8792
2.81460000000000	10752
2.81793333333333	10560
2.82126666666667	5130
2.82460000000000	2781
2.82793333333333	4307
2.83126666666667	5078
2.83461666666667	5849
2.83795000000000	4423
2.84128333333333	2996
2.84461666666667	5614
2.84795000000000	4009
2.85130000000000	2404
2.85463333333333	2985
2.85796666666667	2841
2.86130000000000	1973
2.86463333333333	1105
2.86798333333333	2582
2.87131666666667	1685
2.87465000000000	2512
2.87798333333333	3339
2.88131666666667	3084
2.88466666666667	5898
2.88800000000000	5813
2.89133333333333	5728
2.89466666666667	2651
2.89800000000000	6520
2.90135000000000	4869
2.90468333333333	0
2.90801666666667	7767
2.91135000000000	2128
2.91468333333333	3958
2.91803333333333	3754
2.92136666666667	3210
2.92470000000000	668
2.92803333333333	4386
2.93136666666667	3432
2.93471666666667	4824
2.93805000000000	3375
2.94138333333333	4899
2.94471666666667	4552
2.94805000000000	4714
2.95140000000000	4877
2.95473333333333	4582
2.95806666666667	3430
2.96140000000000	6547
2.96473333333333	6237
2.96808333333333	5738
2.97141666666667	6275
2.97475000000000	3638
2.97808333333333	5463
2.98141666666667	6397
2.98476666666667	635
2.98810000000000	0
2.99143333333333	4413
2.99476666666667	6426
2.99810000000000	6124
3.00145000000000	2360
3.00478333333333	1358
3.00811666666667	5956
3.01145000000000	6800
3.01478333333333	5337
3.01813333333333	7500
3.02146666666667	4167
3.02480000000000	5520
3.02813333333333	3655
3.03146666666667	0
3.03481666666667	5314
3.03815000000000	5464
3.04148333333333	4817
3.04481666666667	0
3.04815000000000	6559
3.05150000000000	2334
3.05483333333333	4889
3.05816666666667	5639
3.06150000000000	0
3.06483333333333	10836
3.06818333333333	12560
3.07151666666667	8704
3.07485000000000	7172
3.07818333333333	3262
3.08151666666667	2340
3.08486666666667	4926
3.08820000000000	3694
3.09153333333333	2462
3.09486666666667	5716
3.09820000000000	8764
3.10155000000000	7039
3.10488333333333	7559
3.10821666666667	744
3.11155000000000	2740
3.11488333333333	4735
3.11823333333333	1342
3.12156666666667	1787
3.12490000000000	1225
3.12823333333333	2189
3.13156666666667	3153
3.13491666666667	3775
3.13825000000000	7579
3.14158333333333	7878
3.14491666666667	7820
3.14825000000000	8972
3.15160000000000	998
3.15493333333333	2365
3.15826666666667	7385
3.16160000000000	4870
3.16493333333333	3795
3.16826666666667	2655
3.17161666666667	3388
3.17495000000000	10204
3.17828333333333	8412
3.18161666666667	4613
3.18495000000000	2895
3.18830000000000	8616
3.19163333333333	8162
3.19496666666667	6657
3.19830000000000	9168
3.20163333333333	10876
3.20498333333333	12332
3.20831666666667	8616
3.21165000000000	5534
3.21498333333333	3143
3.21831666666667	4299
3.22166666666667	4216
3.22500000000000	3494
3.22833333333333	2771
3.23166666666667	4589
3.23500000000000	3172
3.23835000000000	1755
3.24168333333333	2337
3.24501666666667	2919
3.24835000000000	3479
3.25168333333333	4038
3.25503333333333	4812
3.25836666666667	1777
3.26170000000000	4747
3.26503333333333	1623
3.26836666666667	2583
3.27171666666667	3604
3.27505000000000	3236
3.27838333333333	2869
3.28171666666667	3193
3.28505000000000	3518
3.28840000000000	1148
3.29173333333333	5558
3.29506666666667	4407
3.29840000000000	4537
3.30173333333333	2461
3.30508333333333	3748
3.30841666666667	5034
3.31175000000000	3553
3.31508333333333	2072
3.31841666666667	4033
3.32176666666667	3871
3.32510000000000	3255
3.32843333333333	2640
3.33176666666667	10084
3.33510000000000	8364
3.33845000000000	6821
3.34178333333333	4098
3.34511666666667	3885
3.34845000000000	6146
3.35178333333333	4270
3.35513333333333	2394
3.35846666666667	258
3.36180000000000	4058
3.36513333333333	0
3.36846666666667	2056
3.37181666666667	2703
3.37515000000000	3350
3.37848333333333	5127
3.38181666666667	3854
3.38515000000000	2581
3.38850000000000	13084
3.39183333333333	7282
3.39516666666667	1481
3.39850000000000	6725
3.40183333333333	11148
3.40518333333333	8604
3.40851666666667	686
3.41185000000000	3699
3.41518333333333	8300
3.41851666666667	3960
3.42186666666667	4475
3.42520000000000	4708
3.42853333333333	4941
3.43186666666667	4781
3.43520000000000	4621
3.43855000000000	2975
3.44188333333333	1329
3.44521666666667	6282
3.44855000000000	5539
3.45188333333333	4796
3.45523333333333	4331
3.45856666666667	3252
3.46190000000000	3561
3.46523333333333	3871
3.46856666666667	2834
3.47191666666667	3101
3.47525000000000	3368
3.47858333333333	2263
3.48191666666667	1158
3.48525000000000	3054
3.48860000000000	4950
3.49193333333333	4116
3.49526666666667	3283
3.49860000000000	2575
3.50193333333333	2785
3.50526666666667	3177
3.50861666666667	3645
3.51195000000000	8236
3.51528333333333	6190
3.51861666666667	4144
3.52195000000000	1139
3.52530000000000	6477
3.52863333333333	7360
3.53196666666667	4477
3.53530000000000	1594
3.53863333333333	0
3.54198333333333	2537
3.54531666666667	5074
3.54865000000000	3364
3.55198333333333	1653
3.55531666666667	518
3.55866666666667	4682
3.56200000000000	4939
3.56533333333333	2732
3.56866666666667	857
3.57200000000000	3091
3.57535000000000	3844
3.57868333333333	2194
3.58201666666667	4349
3.58535000000000	6069
3.58868333333333	4352
3.59203333333333	2636
3.59536666666667	2665
3.59870000000000	1584
3.60203333333333	1580
3.60536666666667	1575
3.60871666666667	1663
3.61205000000000	6604
3.61538333333333	6196
3.61871666666667	8063
3.62205000000000	4814
3.62540000000000	3461
3.62873333333333	4350
3.63206666666667	4309
3.63540000000000	4267
3.63873333333333	4263
3.64208333333333	2822
3.64541666666667	2075
3.64875000000000	1328
3.65208333333333	4089
3.65541666666667	2702
3.65876666666667	1314
3.66210000000000	2386
3.66543333333333	2953
3.66876666666667	3519
3.67210000000000	2866
3.67545000000000	1613
3.67878333333333	3123
3.68211666666667	4632
3.68545000000000	5217
3.68878333333333	5802
3.69213333333333	2496
3.69546666666667	2741
3.69880000000000	2986
3.70213333333333	2359
3.70546666666667	1731
3.70881666666667	2198
3.71215000000000	2666
3.71548333333333	3505
3.71881666666667	4345
3.72215000000000	4222
3.72550000000000	4099
3.72883333333333	3472
3.73216666666667	2846
3.73550000000000	613
3.73883333333333	2324
3.74218333333333	4036
3.74551666666667	5443
3.74885000000000	4450
3.75218333333333	3457
3.75551666666667	5069
3.75886666666667	4655
3.76220000000000	4240
3.76553333333333	6171
3.76886666666667	7328
3.77220000000000	5396
3.77555000000000	3464
3.77888333333333	2929
3.78221666666667	2394
3.78555000000000	2959
3.78888333333333	3524
3.79223333333333	4488
3.79556666666667	5452
3.79890000000000	6400
3.80223333333333	8488
3.80556666666667	7493
3.80891666666667	5480
3.81225000000000	3466
3.81558333333333	4531
3.81891666666667	4125
3.82225000000000	3719
3.82560000000000	5608
3.82893333333333	8864
3.83226666666667	8400
3.83560000000000	7202
3.83893333333333	3950
3.84226666666667	525
3.84561666666667	933
3.84895000000000	1702
3.85228333333333	3324
3.85561666666667	4946
3.85895000000000	5757
3.86230000000000	7430
3.86563333333333	6667
3.86896666666667	7753
3.87230000000000	1097
3.87563333333333	5520
3.87898333333333	8552
3.88231666666667	4092
3.88565000000000	6671
3.88898333333333	6916
3.89231666666667	5661
3.89566666666667	4528
3.89900000000000	6151
3.90233333333333	5364
3.90566666666667	4578
3.90900000000000	4416
3.91235000000000	1633
3.91568333333333	7902
3.91901666666667	6900
3.92235000000000	10560
3.92568333333333	5836
3.92903333333333	1987
3.93236666666667	5166
3.93570000000000	3990
3.93903333333333	4033
3.94236666666667	4076
3.94571666666667	2606
3.94905000000000	4443
3.95238333333333	5386
3.95571666666667	6644
3.95905000000000	5718
3.96240000000000	4793
3.96573333333333	4976
3.96906666666667	3773
3.97240000000000	7942
3.97573333333333	647
3.97908333333333	4494
3.98241666666667	2133
3.98575000000000	3084
3.98908333333333	4035
3.99241666666667	997
3.99576666666667	1891
3.99910000000000	3527
4.00243333333333	1266
4.00576666666667	3175
4.00910000000000	4676
4.01245000000000	3419
4.01578333333333	2162
4.01911666666667	5521
4.02245000000000	0
4.02578333333333	4504
4.02913333333333	3873
4.03246666666667	3868
4.03580000000000	6960
4.03913333333333	8320
4.04246666666667	0
4.04581666666667	4939
4.04915000000000	9288
4.05248333333333	12884
4.05581666666667	8656
4.05915000000000	3277
4.06250000000000	5168
4.06583333333333	3097
4.06916666666667	5370
4.07250000000000	5731
4.07583333333333	6091
4.07918333333333	3072
4.08251666666667	1728
4.08585000000000	3755
4.08918333333333	5783
4.09251666666667	6033
4.09586666666667	6283
4.09920000000000	4679
4.10253333333333	5194
4.10586666666667	6600
4.10920000000000	5950
4.11255000000000	4174
4.11588333333333	4418
4.11921666666667	4662
4.12255000000000	2681
4.12588333333333	6274
4.12923333333333	8364
4.13256666666667	6518
4.13590000000000	5191
4.13923333333333	3864
4.14256666666667	4892
4.14591666666667	3615
4.14925000000000	2159
4.15258333333333	5041
4.15591666666667	3519
4.15925000000000	3150
4.16260000000000	2781
4.16593333333333	5575
4.16926666666667	3714
4.17260000000000	1852
4.17593333333333	4193
4.17926666666667	4475
4.18261666666667	5405
4.18595000000000	2493
4.18928333333333	3834
4.19261666666667	4128
4.19595000000000	3914
4.19930000000000	3700
4.20263333333333	3064
4.20596666666667	4515
4.20930000000000	5172
4.21263333333333	4427
4.21598333333333	3682
4.21931666666667	2167
4.22265000000000	924
4.22598333333333	2426
4.22931666666667	1806
4.23266666666667	1187
4.23600000000000	2917
4.23933333333333	9792
4.24266666666667	10820
4.24600000000000	4421
4.24935000000000	10936
4.25268333333333	8812
4.25601666666667	2752
4.25935000000000	1729
4.26268333333333	4353
4.26603333333333	4374
4.26936666666667	7746
4.27270000000000	6885
4.27603333333333	6024
4.27936666666667	7679
4.28271666666667	6230
4.28605000000000	5473
4.28938333333333	4224
4.29271666666667	5413
4.29605000000000	3602
4.29940000000000	1791
4.30273333333333	3226
4.30606666666667	4660
4.30940000000000	3264
4.31273333333333	1313
4.31608333333333	2054
4.31941666666667	2795
4.32275000000000	2529
4.32608333333333	4051
4.32941666666667	5572
4.33276666666667	5000
4.33610000000000	4429
4.33943333333333	3237
4.34276666666667	2285
4.34610000000000	1333
4.34945000000000	4744
4.35278333333333	3487
4.35611666666667	2229
4.35945000000000	3213
4.36278333333333	1827
4.36613333333333	996
4.36946666666667	6600
4.37280000000000	8053
4.37613333333333	5019
4.37946666666667	9128
4.38281666666667	6385
4.38615000000000	3644
4.38948333333333	6130
4.39281666666667	4964
4.39615000000000	3798
4.39950000000000	7059
4.40283333333333	1190
4.40616666666667	2267
4.40950000000000	9592
4.41283333333333	6280
4.41618333333333	10296
4.41951666666667	5433
4.42285000000000	4649
4.42618333333333	8248
4.42951666666667	6244
4.43286666666667	2475
4.43620000000000	5651
4.43953333333333	3561
4.44286666666667	5532
4.44620000000000	7504
4.44955000000000	1781
4.45288333333333	6010
4.45621666666667	2593
4.45955000000000	736
4.46288333333333	3127
4.46623333333333	5427
4.46956666666667	4417
4.47290000000000	2819
4.47623333333333	1220
4.47956666666667	659
4.48291666666667	1508
4.48625000000000	2034
4.48958333333333	2561
4.49291666666667	5893
4.49625000000000	9224
