1.50080000000000	0
1.50163333333333	199
1.50246666666667	391
1.50330000000000	0
1.50413333333333	0
1.50496666666667	0
1.50580000000000	0
1.50663333333333	414
1.50746666666667	207
1.50830000000000	0
1.50913333333333	0
1.50996666666667	0
1.51080000000000	0
1.51163333333333	0
1.51246666666667	355
1.51330000000000	177
1.51413333333333	0
1.51496666666667	0
1.51580000000000	0
1.51663333333333	0
1.51746666666667	0
1.51831666666667	0
1.51915000000000	0
1.51998333333333	0
1.52081666666667	0
1.52165000000000	0
1.52248333333333	0
1.52331666666667	0
1.52415000000000	0
1.52498333333333	0
1.52581666666667	0
1.52665000000000	0
1.52748333333333	0
1.52831666666667	0
1.52915000000000	0
1.52998333333333	0
1.53081666666667	0
1.53165000000000	0
1.53248333333333	0
1.53331666666667	0
1.53415000000000	0
1.53500000000000	561
1.53583333333333	523
1.53666666666667	0
1.53750000000000	167
1.53833333333333	0
1.53916666666667	0
1.54000000000000	93
1.54083333333333	234
1.54166666666667	375
1.54250000000000	187
1.54333333333333	0
1.54416666666667	209
1.54500000000000	190
1.54583333333333	172
1.54666666666667	0
1.54750000000000	307
1.54833333333333	0
1.54916666666667	0
1.55000000000000	0
1.55083333333333	0
1.55166666666667	0
1.55251666666667	12
1.55335000000000	6
1.55418333333333	0
1.55501666666667	0
1.55585000000000	177
1.55668333333333	134
1.55751666666667	91
1.55835000000000	233
1.55918333333333	315
1.56001666666667	0
1.56085000000000	0
1.56168333333333	0
1.56251666666667	0
1.56335000000000	0
1.56418333333333	0
1.56501666666667	0
1.56585000000000	0
1.56668333333333	0
1.56751666666667	0
1.56835000000000	0
1.56920000000000	436
1.57003333333333	623
1.57086666666667	233
1.57170000000000	0
1.57253333333333	0
1.57336666666667	0
1.57420000000000	0
1.57503333333333	0
1.57586666666667	0
1.57670000000000	0
1.57753333333333	0
1.57836666666667	0
1.57920000000000	1078
1.58003333333333	1013
1.58086666666667	0
1.58170000000000	0
1.58251666666667	0
1.58335000000000	0
1.58418333333333	64
1.58501666666667	32
1.58585000000000	0
1.58670000000000	0
1.58753333333333	0
1.58836666666667	0
1.58920000000000	0
1.59003333333333	0
1.59086666666667	0
1.59170000000000	12
1.59253333333333	6
1.59336666666667	0
1.59420000000000	0
1.59503333333333	0
1.59586666666667	0
1.59670000000000	7
1.59753333333333	14
1.59836666666667	120
1.59920000000000	60
1.60003333333333	0
1.60086666666667	0
1.60170000000000	0
1.60253333333333	140
1.60338333333333	70
1.60421666666667	0
1.60505000000000	0
1.60588333333333	0
1.60671666666667	0
1.60755000000000	0
1.60838333333333	0
1.60921666666667	445
1.61005000000000	471
1.61088333333333	573
1.61171666666667	0
1.61255000000000	0
1.61338333333333	0
1.61421666666667	505
1.61505000000000	609
1.61588333333333	405
1.61671666666667	95
1.61755000000000	90
1.61838333333333	312
1.61921666666667	330
1.62005000000000	349
1.62090000000000	0
1.62173333333333	383
1.62256666666667	340
1.62340000000000	0
1.62423333333333	542
1.62506666666667	0
1.62590000000000	0
1.62673333333333	0
1.62756666666667	0
1.62840000000000	0
1.62923333333333	0
1.63006666666667	143
1.63090000000000	72
1.63173333333333	0
1.63256666666667	0
1.63340000000000	0
1.63423333333333	329
1.63506666666667	164
1.63590000000000	0
1.63673333333333	0
1.63758333333333	0
1.63841666666667	282
1.63925000000000	537
1.64008333333333	487
1.64091666666667	12
1.64175000000000	557
1.64258333333333	0
1.64341666666667	0
1.64425000000000	0
1.64508333333333	0
1.64591666666667	0
1.64675000000000	328
1.64758333333333	243
1.64841666666667	404
1.64925000000000	0
1.65008333333333	0
1.65090000000000	0
1.65173333333333	0
1.65256666666667	6
1.65340000000000	3
1.65423333333333	0
1.65508333333333	0
1.65591666666667	0
1.65675000000000	495
1.65758333333333	564
1.65841666666667	0
1.65925000000000	327
1.66008333333333	405
1.66091666666667	0
1.66175000000000	0
1.66258333333333	0
1.66341666666667	0
1.66425000000000	401
1.66508333333333	424
1.66591666666667	15
1.66675000000000	0
1.66758333333333	0
1.66841666666667	0
1.66925000000000	0
1.67008333333333	0
1.67091666666667	0
1.67176666666667	130
1.67260000000000	65
1.67343333333333	0
1.67426666666667	297
1.67510000000000	148
1.67593333333333	0
1.67676666666667	6
1.67760000000000	12
1.67843333333333	0
1.67926666666667	0
1.68010000000000	0
1.68093333333333	0
1.68176666666667	0
1.68260000000000	0
1.68343333333333	0
1.68426666666667	0
1.68510000000000	0
1.68593333333333	0
1.68676666666667	0
1.68760000000000	0
1.68843333333333	13
1.68928333333333	242
1.69011666666667	265
1.69095000000000	0
1.69178333333333	0
1.69261666666667	0
1.69345000000000	49
1.69428333333333	99
1.69511666666667	182
1.69595000000000	91
1.69678333333333	0
1.69761666666667	168
1.69845000000000	0
1.69928333333333	0
1.70011666666667	0
1.70095000000000	0
1.70178333333333	0
1.70261666666667	0
1.70345000000000	0
1.70428333333333	0
1.70511666666667	0
1.70596666666667	0
1.70680000000000	0
1.70763333333333	0
1.70846666666667	0
1.70930000000000	0
1.71013333333333	288
1.71096666666667	428
1.71180000000000	502
1.71263333333333	320
1.71346666666667	137
1.71430000000000	304
1.71513333333333	392
1.71596666666667	0
1.71680000000000	0
1.71763333333333	0
1.71846666666667	0
1.71930000000000	0
1.72013333333333	0
1.72096666666667	0
1.72180000000000	0
1.72263333333333	0
1.72348333333333	0
1.72431666666667	0
1.72515000000000	0
1.72598333333333	0
1.72681666666667	0
1.72765000000000	313
1.72848333333333	157
1.72931666666667	0
1.73015000000000	0
1.73098333333333	0
1.73181666666667	0
1.73265000000000	0
1.73348333333333	106
1.73431666666667	336
1.73515000000000	274
1.73598333333333	450
1.73681666666667	0
1.73765000000000	0
1.73848333333333	0
1.73931666666667	14
1.74016666666667	7
1.74100000000000	0
1.74183333333333	0
1.74266666666667	0
1.74350000000000	0
1.74433333333333	0
1.74516666666667	0
1.74600000000000	0
1.74683333333333	0
1.74766666666667	0
1.74850000000000	0
1.74933333333333	0
1.75016666666667	0
1.75098333333333	0
1.75181666666667	0
1.75265000000000	97
1.75348333333333	48
1.75431666666667	0
1.75515000000000	0
1.75598333333333	14
1.75681666666667	7
1.75766666666667	0
1.75850000000000	0
1.75933333333333	0
1.76016666666667	124
1.76100000000000	247
1.76183333333333	244
1.76266666666667	239
1.76350000000000	0
1.76433333333333	0
1.76516666666667	0
1.76600000000000	0
1.76683333333333	0
1.76766666666667	0
1.76850000000000	0
1.76933333333333	0
1.77016666666667	336
1.77100000000000	432
1.77183333333333	0
1.77266666666667	0
1.77350000000000	260
1.77435000000000	130
1.77518333333333	0
1.77601666666667	0
1.77685000000000	0
1.77768333333333	0
1.77851666666667	0
1.77935000000000	0
1.78018333333333	0
1.78101666666667	0
1.78185000000000	0
1.78268333333333	0
1.78351666666667	0
1.78435000000000	0
1.78518333333333	0
1.78601666666667	0
1.78685000000000	0
1.78768333333333	0
1.78851666666667	0
1.78935000000000	0
1.79018333333333	0
1.79101666666667	0
1.79186666666667	0
1.79270000000000	0
1.79353333333333	0
1.79436666666667	0
1.79520000000000	0
1.79603333333333	0
1.79686666666667	0
1.79770000000000	0
1.79853333333333	0
1.79936666666667	0
1.80020000000000	0
1.80103333333333	0
1.80186666666667	0
1.80270000000000	0
1.80353333333333	0
1.80436666666667	0
1.80520000000000	0
1.80603333333333	0
1.80686666666667	0
1.80770000000000	0
1.80855000000000	105
1.80938333333333	53
1.81021666666667	0
1.81105000000000	0
1.81188333333333	0
1.81271666666667	0
1.81355000000000	6
1.81438333333333	13
1.81521666666667	533
1.81605000000000	546
1.81688333333333	0
1.81771666666667	296
1.81855000000000	0
1.81938333333333	173
1.82021666666667	346
1.82105000000000	173
1.82188333333333	0
1.82271666666667	0
1.82355000000000	0
1.82438333333333	0
1.82521666666667	0
1.82606666666667	0
1.82690000000000	476
1.82773333333333	453
1.82856666666667	401
1.82940000000000	0
1.83023333333333	0
1.83106666666667	0
1.83190000000000	0
1.83273333333333	0
1.83356666666667	0
1.83440000000000	625
1.83523333333333	566
1.83606666666667	0
1.83690000000000	0
1.83773333333333	0
1.83856666666667	0
1.83940000000000	0
1.84023333333333	7
1.84106666666667	3
1.84190000000000	0
1.84273333333333	0
1.84356666666667	0
1.84440000000000	0
1.84523333333333	0
1.84606666666667	0
1.84690000000000	0
1.84773333333333	0
1.84856666666667	0
1.84940000000000	361
1.85023333333333	374
1.85106666666667	0
1.85190000000000	0
1.85273333333333	0
1.85356666666667	0
1.85440000000000	12
1.85523333333333	6
1.85606666666667	0
1.85690000000000	0
1.85773333333333	0
1.85856666666667	318
1.85940000000000	159
1.86025000000000	0
1.86108333333333	0
1.86191666666667	0
1.86275000000000	0
1.86358333333333	0
1.86441666666667	0
1.86525000000000	0
1.86608333333333	0
1.86691666666667	0
1.86775000000000	176
1.86858333333333	448
1.86941666666667	321
1.87025000000000	330
1.87108333333333	0
1.87191666666667	171
1.87275000000000	343
1.87358333333333	27
1.87441666666667	0
1.87525000000000	0
1.87608333333333	0
1.87693333333333	0
1.87776666666667	327
1.87860000000000	282
1.87943333333333	237
1.88026666666667	518
1.88110000000000	0
1.88193333333333	0
1.88276666666667	0
1.88360000000000	0
1.88443333333333	156
1.88526666666667	311
1.88610000000000	255
1.88693333333333	0
1.88776666666667	0
1.88860000000000	0
1.88943333333333	0
1.89026666666667	125
1.89110000000000	62
1.89193333333333	0
1.89276666666667	0
1.89360000000000	0
1.89445000000000	0
1.89528333333333	0
1.89611666666667	0
1.89695000000000	222
1.89778333333333	111
1.89861666666667	0
1.89945000000000	0
1.90028333333333	0
1.90111666666667	0
1.90195000000000	0
1.90278333333333	0
1.90361666666667	0
1.90445000000000	0
1.90528333333333	0
1.90611666666667	0
1.90695000000000	0
1.90778333333333	0
1.90861666666667	66
1.90945000000000	33
1.91028333333333	0
1.91115000000000	0
1.91198333333333	0
1.91280000000000	0
1.91363333333333	176
1.91446666666667	88
1.91530000000000	0
1.91613333333333	0
1.91696666666667	0
1.91780000000000	0
1.91863333333333	0
1.91946666666667	15
1.92030000000000	8
1.92113333333333	0
1.92196666666667	0
1.92280000000000	0
1.92363333333333	0
1.92446666666667	0
1.92530000000000	0
1.92613333333333	203
1.92696666666667	102
1.92780000000000	0
1.92865000000000	0
1.92948333333333	0
1.93031666666667	0
1.93115000000000	0
1.93198333333333	0
1.93281666666667	0
1.93365000000000	0
1.93448333333333	0
1.93531666666667	0
1.93615000000000	0
1.93698333333333	0
1.93781666666667	0
1.93865000000000	0
1.93948333333333	0
1.94031666666667	0
1.94115000000000	0
1.94198333333333	0
1.94281666666667	0
1.94365000000000	0
1.94448333333333	0
1.94533333333333	0
1.94616666666667	0
1.94700000000000	0
1.94783333333333	0
1.94866666666667	0
1.94950000000000	0
1.95033333333333	0
1.95116666666667	0
1.95200000000000	0
1.95283333333333	0
1.95366666666667	168
1.95450000000000	84
1.95533333333333	0
1.95616666666667	0
1.95700000000000	210
1.95783333333333	105
1.95866666666667	0
1.95950000000000	0
1.96033333333333	0
1.96116666666667	0
1.96200000000000	0
1.96285000000000	0
1.96368333333333	0
1.96451666666667	0
1.96535000000000	0
1.96618333333333	0
1.96701666666667	0
1.96785000000000	288
1.96868333333333	575
1.96951666666667	473
1.97035000000000	0
1.97118333333333	81
1.97201666666667	162
1.97285000000000	0
1.97368333333333	0
1.97451666666667	0
1.97535000000000	0
1.97618333333333	0
1.97701666666667	0
1.97785000000000	0
1.97868333333333	81
1.97953333333333	41
1.98036666666667	0
1.98120000000000	0
1.98203333333333	0
1.98286666666667	0
1.98370000000000	0
1.98453333333333	0
1.98536666666667	0
1.98620000000000	0
1.98703333333333	0
1.98786666666667	154
1.98870000000000	77
1.98953333333333	0
1.99036666666667	0
1.99120000000000	0
1.99203333333333	0
1.99286666666667	0
1.99370000000000	0
1.99453333333333	0
1.99536666666667	0
1.99620000000000	0
1.99705000000000	16
1.99788333333333	8
1.99871666666667	0
1.99955000000000	0
2.00038333333333	0
2.00121666666667	0
2.00205000000000	0
2.00288333333333	13
2.00371666666667	6
2.00455000000000	0
2.00538333333333	0
2.00621666666667	0
2.00705000000000	0
2.00788333333333	0
2.00871666666667	0
2.00955000000000	0
2.01038333333333	0
2.01121666666667	53
2.01205000000000	26
2.01288333333333	0
2.01373333333333	0
2.01456666666667	0
2.01540000000000	0
2.01623333333333	0
2.01706666666667	0
2.01790000000000	0
2.01873333333333	0
2.01956666666667	138
2.02040000000000	69
2.02123333333333	0
2.02206666666667	0
2.02290000000000	171
2.02373333333333	342
2.02456666666667	171
2.02540000000000	0
2.02623333333333	0
2.02706666666667	410
2.02790000000000	432
2.02873333333333	0
2.02956666666667	0
2.03038333333333	0
2.03123333333333	0
2.03206666666667	0
2.03290000000000	0
2.03373333333333	0
2.03456666666667	0
2.03540000000000	186
2.03623333333333	231
2.03706666666667	433
2.03790000000000	444
2.03873333333333	0
2.03956666666667	0
2.04040000000000	0
2.04123333333333	0
2.04206666666667	0
2.04290000000000	0
2.04373333333333	0
2.04456666666667	0
2.04540000000000	0
2.04623333333333	6
2.04706666666667	3
2.04791666666667	0
2.04875000000000	0
2.04958333333333	0
2.05041666666667	0
2.05125000000000	13
2.05208333333333	7
2.05291666666667	0
2.05375000000000	0
2.05458333333333	0
2.05541666666667	0
2.05625000000000	257
2.05708333333333	243
2.05791666666667	0
2.05875000000000	0
2.05958333333333	0
2.06041666666667	0
2.06125000000000	0
2.06208333333333	0
2.06291666666667	0
2.06375000000000	0
2.06458333333333	0
2.06543333333333	0
2.06626666666667	0
2.06710000000000	0
2.06793333333333	0
2.06876666666667	0
2.06960000000000	0
2.07043333333333	0
2.07126666666667	0
2.07210000000000	0
2.07293333333333	89
2.07376666666667	366
2.07460000000000	426
2.07543333333333	0
2.07626666666667	0
2.07710000000000	0
2.07793333333333	0
2.07876666666667	0
2.07960000000000	0
2.08043333333333	0
2.08126666666667	0
2.08211666666667	0
2.08295000000000	0
2.08378333333333	0
2.08461666666667	0
2.08545000000000	0
2.08628333333333	0
2.08711666666667	0
2.08795000000000	0
2.08878333333333	0
2.08961666666667	0
2.09045000000000	0
2.09128333333333	0
2.09211666666667	0
2.09295000000000	0
2.09378333333333	0
2.09461666666667	0
2.09545000000000	0
2.09628333333333	0
2.09711666666667	7
2.09795000000000	3
2.09878333333333	0
2.09963333333333	0
2.10046666666667	0
2.10130000000000	0
2.10213333333333	0
2.10296666666667	0
2.10380000000000	0
2.10463333333333	0
2.10546666666667	0
2.10630000000000	0
2.10713333333333	0
2.10796666666667	52
2.10880000000000	120
2.10963333333333	60
2.11046666666667	0
2.11130000000000	12
2.11213333333333	0
2.11296666666667	0
2.11380000000000	0
2.11463333333333	0
2.11546666666667	0
2.11631666666667	0
2.11715000000000	200
2.11798333333333	107
2.11881666666667	14
2.11965000000000	0
2.12048333333333	0
2.12131666666667	0
2.12215000000000	0
2.12298333333333	0
2.12381666666667	0
2.12465000000000	0
2.12548333333333	0
2.12631666666667	191
2.12715000000000	96
2.12798333333333	0
2.12881666666667	0
2.12965000000000	0
2.13048333333333	0
2.13131666666667	0
2.13215000000000	0
2.13298333333333	0
2.13383333333333	0
2.13466666666667	0
2.13550000000000	0
2.13633333333333	451
2.13716666666667	516
2.13800000000000	0
2.13883333333333	0
2.13966666666667	0
2.14050000000000	0
2.14133333333333	0
2.14216666666667	0
2.14300000000000	0
2.14383333333333	0
2.14466666666667	0
2.14550000000000	0
2.14633333333333	0
2.14716666666667	62
2.14800000000000	123
2.14883333333333	62
2.14966666666667	0
2.15051666666667	14
2.15135000000000	0
2.15218333333333	0
2.15301666666667	0
2.15385000000000	0
2.15468333333333	0
2.15551666666667	0
2.15635000000000	0
2.15718333333333	0
2.15801666666667	0
2.15885000000000	0
2.15968333333333	0
2.16051666666667	0
2.16135000000000	0
2.16218333333333	0
2.16301666666667	0
2.16385000000000	0
2.16468333333333	0
2.16551666666667	0
2.16635000000000	248
2.16718333333333	124
2.16803333333333	0
2.16886666666667	0
2.16970000000000	0
2.17053333333333	0
2.17136666666667	0
2.17220000000000	326
2.17303333333333	264
2.17386666666667	202
2.17470000000000	0
2.17553333333333	0
2.17636666666667	0
2.17720000000000	0
2.17803333333333	0
2.17886666666667	0
2.17970000000000	0
2.18051666666667	0
2.18135000000000	0
2.18218333333333	343
2.18301666666667	375
2.18385000000000	0
2.18471666666667	0
2.18553333333333	0
2.18636666666667	0
2.18720000000000	0
2.18803333333333	0
2.18886666666667	0
2.18970000000000	0
2.19053333333333	0
2.19136666666667	0
2.19220000000000	0
2.19303333333333	0
2.19386666666667	277
2.19470000000000	139
2.19553333333333	0
2.19636666666667	0
2.19720000000000	0
2.19803333333333	245
2.19886666666667	256
2.19970000000000	268
2.20053333333333	0
2.20136666666667	0
2.20221666666667	0
2.20305000000000	0
2.20388333333333	0
2.20471666666667	0
2.20555000000000	0
2.20638333333333	0
2.20721666666667	0
2.20805000000000	0
2.20888333333333	0
2.20971666666667	0
2.21055000000000	0
2.21138333333333	0
2.21221666666667	0
2.21305000000000	0
2.21388333333333	0
2.21471666666667	0
2.21555000000000	0
2.21638333333333	117
2.21721666666667	58
2.21805000000000	0
2.21890000000000	0
2.21973333333333	0
2.22056666666667	0
2.22140000000000	0
2.22223333333333	0
2.22306666666667	0
2.22390000000000	0
2.22473333333333	0
2.22556666666667	0
2.22640000000000	0
2.22723333333333	0
2.22806666666667	0
2.22890000000000	0
2.22973333333333	0
2.23056666666667	0
2.23140000000000	0
2.23223333333333	0
2.23306666666667	14
2.23390000000000	220
2.23473333333333	110
2.23556666666667	0
2.23641666666667	166
2.23725000000000	0
2.23808333333333	0
2.23891666666667	0
2.23975000000000	0
2.24058333333333	0
2.24141666666667	0
2.24225000000000	0
2.24308333333333	83
2.24391666666667	41
2.24475000000000	0
2.24558333333333	203
2.24641666666667	407
2.24725000000000	932
2.24808333333333	909
2.24891666666667	0
2.24975000000000	217
2.25058333333333	819
2.25141666666667	322
2.25225000000000	955
2.25310000000000	347
2.25393333333333	868
2.25476666666667	774
2.25560000000000	482
2.25643333333333	256
2.25726666666667	1236
2.25810000000000	1005
2.25893333333333	1082
2.25976666666667	862
2.26060000000000	855
2.26143333333333	773
2.26226666666667	690
2.26310000000000	1478
2.26393333333333	1049
2.26476666666667	619
2.26560000000000	1676
2.26643333333333	1539
2.26726666666667	1403
2.26810000000000	1894
2.26893333333333	2385
2.26976666666667	692
2.27061666666667	375
2.27145000000000	1188
2.27228333333333	870
2.27311666666667	552
2.27395000000000	1076
2.27478333333333	1255
2.27561666666667	1433
2.27645000000000	1152
2.27728333333333	1893
2.27811666666667	1976
2.27895000000000	2096
2.27978333333333	1451
2.28061666666667	2282
2.28145000000000	958
2.28228333333333	2256
2.28310000000000	1658
2.28393333333333	1448
2.28476666666667	1409
2.28560000000000	1730
2.28643333333333	2051
2.28728333333333	1900
2.28811666666667	1749
2.28895000000000	2492
2.28978333333333	1047
2.29061666666667	2107
2.29145000000000	3132
2.29228333333333	2574
2.29311666666667	3336
2.29395000000000	2660
2.29478333333333	2506
2.29561666666667	3298
2.29645000000000	4091
2.29728333333333	3615
2.29811666666667	3546
2.29895000000000	3477
2.29978333333333	2875
2.30061666666667	3364
2.30145000000000	3087
2.30228333333333	2833
2.30311666666667	1460
2.30395000000000	3075
2.30480000000000	4338
2.30563333333333	3936
2.30646666666667	3534
2.30730000000000	5606
2.30813333333333	5219
2.30896666666667	6041
2.30980000000000	5013
2.31063333333333	4044
2.31146666666667	5844
2.31230000000000	2893
2.31313333333333	2321
2.31396666666667	6390
2.31480000000000	3073
2.31563333333333	6899
2.31646666666667	8316
2.31730000000000	8480
2.31813333333333	4849
2.31896666666667	4553
2.31980000000000	5235
2.32063333333333	5168
2.32148333333333	5101
2.32231666666667	5389
2.32315000000000	5652
2.32398333333333	5952
2.32481666666667	6253
2.32565000000000	4486
2.32648333333333	7592
2.32731666666667	8824
2.32815000000000	8117
2.32898333333333	7574
2.32981666666667	7775
2.33065000000000	3776
2.33148333333333	6284
2.33231666666667	6681
2.33315000000000	7908
2.33398333333333	7270
2.33481666666667	6632
2.33565000000000	6845
2.33648333333333	7058
2.33731666666667	7082
2.33815000000000	7106
2.33900000000000	8528
2.33983333333333	7455
2.34066666666667	6382
2.34150000000000	6862
2.34233333333333	7343
2.34316666666667	7858
2.34400000000000	9532
2.34483333333333	11376
2.34566666666667	12316
2.34650000000000	10956
2.34733333333333	11792
2.34816666666667	10420
2.34900000000000	10260
2.34983333333333	11760
2.35066666666667	8844
2.35150000000000	9996
2.35233333333333	8356
2.35315000000000	9236
2.35398333333333	10120
2.35481666666667	9324
2.35566666666667	8532
2.35650000000000	11068
2.35733333333333	15252
2.35816666666667	13752
2.35900000000000	13376
2.35983333333333	15956
2.36066666666667	14392
2.36150000000000	12112
2.36233333333333	10688
2.36316666666667	8748
2.36400000000000	12256
2.36483333333333	12372
2.36566666666667	12484
2.36650000000000	14296
2.36733333333333	13044
2.36816666666667	11792
2.36900000000000	15732
2.36983333333333	8820
2.37066666666667	15896
2.37150000000000	12628
2.37233333333333	12624
2.37318333333333	13852
2.37401666666667	10388
2.37485000000000	20564
2.37568333333333	22512
2.37651666666667	17324
2.37735000000000	23452
2.37818333333333	14740
2.37901666666667	17516
2.37985000000000	19364
2.38068333333333	19208
2.38151666666667	19424
2.38235000000000	18416
2.38318333333333	17404
2.38401666666667	18928
2.38485000000000	19380
2.38568333333333	13040
2.38651666666667	15532
2.38735000000000	18676
2.38818333333333	14024
2.38901666666667	17956
2.38986666666667	20088
2.39070000000000	17816
2.39153333333333	18196
2.39236666666667	18572
2.39320000000000	16500
2.39403333333333	23912
2.39486666666667	24700
2.39570000000000	24736
2.39653333333333	23548
2.39736666666667	21292
2.39820000000000	13676
2.39903333333333	14876
2.39986666666667	20580
2.40070000000000	22108
2.40153333333333	21524
2.40236666666667	17100
2.40320000000000	19868
2.40403333333333	19248
2.40486666666667	18456
2.40570000000000	17664
2.40653333333333	23684
2.40738333333333	23560
2.40821666666667	21200
2.40905000000000	22864
2.40988333333333	22772
2.41071666666667	21368
2.41155000000000	21128
2.41238333333333	20892
2.41321666666667	20076
2.41405000000000	17768
2.41488333333333	18232
2.41571666666667	18692
2.41655000000000	26720
2.41738333333333	25024
2.41821666666667	28480
2.41905000000000	24904
2.41988333333333	13852
2.42071666666667	32784
2.42155000000000	26092
2.42238333333333	27112
2.42321666666667	31092
2.42406666666667	28180
2.42490000000000	27980
2.42573333333333	24672
2.42656666666667	22580
2.42740000000000	24260
2.42823333333333	25940
2.42906666666667	28332
2.42990000000000	30724
2.43073333333333	28796
2.43156666666667	26872
2.43240000000000	29128
2.43323333333333	26416
2.43406666666667	22528
2.43490000000000	25976
2.43573333333333	24640
2.43656666666667	23308
2.43740000000000	27064
2.43823333333333	27700
2.43906666666667	28332
2.43988333333333	27512
2.44071666666667	26052
2.44156666666667	27184
2.44240000000000	28316
2.44323333333333	30404
2.44406666666667	31444
2.44490000000000	21932
2.44573333333333	30864
2.44656666666667	22808
2.44740000000000	18172
2.44823333333333	22108
2.44906666666667	32864
2.44990000000000	30668
2.45073333333333	32200
2.45156666666667	30772
2.45240000000000	29344
2.45323333333333	26684
2.45406666666667	29496
2.45490000000000	27880
2.45573333333333	30384
2.45656666666667	27792
2.45740000000000	30032
2.45825000000000	32276
2.45908333333333	34992
2.45991666666667	32388
2.46075000000000	29784
2.46158333333333	30316
2.46241666666667	24600
2.46325000000000	36688
2.46408333333333	38944
2.46491666666667	24780
2.46575000000000	34592
2.46658333333333	27624
2.46741666666667	34960
2.46825000000000	26288
2.46908333333333	36576
2.46991666666667	33104
2.47075000000000	31964
2.47158333333333	31936
2.47241666666667	31904
2.47325000000000	24848
2.47408333333333	34992
2.47491666666667	31452
2.47576666666667	31664
2.47660000000000	29220
2.47743333333333	35008
2.47826666666667	35152
2.47910000000000	40960
2.47993333333333	38672
2.48076666666667	35392
2.48160000000000	38576
2.48243333333333	34736
2.48326666666667	33072
2.48410000000000	40944
2.48493333333333	37344
2.48576666666667	31768
2.48660000000000	41296
2.48743333333333	31176
2.48826666666667	38576
2.48910000000000	42432
2.48993333333333	46048
2.49076666666667	37024
2.49160000000000	42048
2.49245000000000	35488
2.49328333333333	41328
2.49411666666667	41072
2.49495000000000	44336
2.49578333333333	38192
2.49661666666667	36096
2.49745000000000	38432
2.49828333333333	36400
2.49911666666667	34368
2.49995000000000	35184
2.50078333333333	36016
2.50161666666667	34464
2.50245000000000	35248
2.50328333333333	36032
2.50411666666667	33360
2.50495000000000	30680
2.50578333333333	34192
2.50661666666667	34208
2.50745000000000	34208
2.50828333333333	34768
2.50911666666667	37024
2.50996666666667	36640
2.51080000000000	28232
2.51163333333333	36464
2.51246666666667	44048
2.51330000000000	48080
2.51413333333333	28352
2.51496666666667	31296
2.51580000000000	33920
2.51663333333333	30864
2.51746666666667	27800
2.51830000000000	40016
2.51913333333333	43312
2.51996666666667	43968
2.52080000000000	44816
2.52163333333333	39968
2.52246666666667	34528
2.52330000000000	42368
2.52413333333333	39872
2.52496666666667	38160
2.52580000000000	42480
2.52665000000000	36144
2.52748333333333	47456
2.52831666666667	51200
2.52915000000000	32668
2.52998333333333	34816
2.53081666666667	45920
2.53165000000000	41952
2.53248333333333	48192
2.53331666666667	39520
2.53415000000000	48208
2.53498333333333	45600
2.53581666666667	30820
2.53665000000000	28400
2.53748333333333	44416
2.53830000000000	45344
2.53913333333333	30512
2.53996666666667	45072
2.54080000000000	47904
2.54163333333333	32456
2.54246666666667	26504
2.54330000000000	47296
2.54415000000000	35040
2.54498333333333	45248
2.54581666666667	40464
2.54665000000000	34624
2.54748333333333	40144
2.54831666666667	30132
2.54915000000000	30992
2.54998333333333	31848
2.55081666666667	27284
2.55165000000000	33184
2.55248333333333	32212
2.55331666666667	31240
2.55415000000000	34512
2.55498333333333	37792
2.55581666666667	37584
2.55665000000000	35184
2.55748333333333	38464
2.55831666666667	38000
2.55915000000000	37520
2.55998333333333	38592
2.56083333333333	37632
2.56166666666667	36672
2.56250000000000	39744
2.56333333333333	42800
2.56416666666667	31080
2.56500000000000	38080
2.56583333333333	40128
2.56666666666667	39776
2.56750000000000	39424
2.56833333333333	40208
2.56916666666667	41264
2.57000000000000	41840
2.57083333333333	44272
2.57166666666667	41680
2.57250000000000	39088
2.57333333333333	38208
2.57416666666667	37328
2.57500000000000	43232
2.57583333333333	42144
2.57666666666667	43168
2.57750000000000	44192
2.57835000000000	42736
2.57918333333333	41280
2.58001666666667	49712
2.58085000000000	52960
2.58168333333333	37168
2.58251666666667	44544
2.58335000000000	59008
2.58418333333333	44960
2.58501666666667	42560
2.58585000000000	44592
2.58668333333333	37824
2.58751666666667	45952
2.58835000000000	45984
2.58918333333333	46016
2.59001666666667	33664
2.59085000000000	44768
2.59168333333333	34800
2.59251666666667	29404
2.59335000000000	51520
2.59418333333333	43888
2.59503333333333	46288
2.59586666666667	41248
2.59670000000000	40848
2.59753333333333	40448
2.59836666666667	40304
2.59920000000000	41712
2.60003333333333	43120
2.60086666666667	39696
2.60170000000000	36256
2.60253333333333	43184
2.60336666666667	40144
2.60420000000000	37120
2.60503333333333	42304
2.60586666666667	42576
2.60670000000000	51600
2.60753333333333	47696
2.60836666666667	47232
2.60920000000000	48640
2.61003333333333	41184
2.61086666666667	45776
2.61170000000000	41856
2.61255000000000	40352
2.61338333333333	40912
2.61421666666667	48800
2.61505000000000	53056
2.61588333333333	51952
2.61671666666667	49872
2.61755000000000	46304
2.61838333333333	43168
2.61921666666667	46304
2.62005000000000	40992
2.62088333333333	42384
2.62171666666667	43776
2.62255000000000	26132
2.62338333333333	46000
2.62421666666667	46512
2.62505000000000	42368
2.62588333333333	47152
2.62671666666667	51152
2.62755000000000	33536
2.62838333333333	44192
2.62923333333333	44288
2.63006666666667	42256
2.63090000000000	39168
2.63173333333333	57424
2.63256666666667	54704
2.63340000000000	49424
2.63423333333333	54096
2.63506666666667	46016
2.63590000000000	52032
2.63673333333333	49312
2.63756666666667	44896
2.63840000000000	49536
2.63923333333333	54176
2.64006666666667	53040
2.64090000000000	42800
2.64173333333333	60768
2.64256666666667	45504
2.64340000000000	45952
2.64423333333333	42720
2.64506666666667	49904
2.64590000000000	48352
2.64675000000000	46800
2.64758333333333	48544
2.64841666666667	46944
2.64925000000000	47360
2.65008333333333	47776
2.65091666666667	48544
2.65175000000000	48032
2.65258333333333	47504
2.65341666666667	55584
2.65425000000000	55408
2.65508333333333	34896
2.65591666666667	43504
2.65675000000000	61200
2.65758333333333	46368
2.65841666666667	45520
2.65925000000000	38688
2.66008333333333	43792
2.66091666666667	45984
2.66175000000000	48176
2.66258333333333	48720
2.66343333333333	37344
2.66426666666667	41136
2.66510000000000	51840
2.66593333333333	42640
2.66676666666667	48352
2.66760000000000	50144
2.66843333333333	49600
2.66926666666667	47152
2.67010000000000	45456
2.67093333333333	46128
2.67176666666667	46784
2.67260000000000	45136
2.67343333333333	34064
2.67426666666667	34688
2.67510000000000	52240
2.67593333333333	47776
2.67676666666667	39520
2.67760000000000	45072
2.67843333333333	45328
2.67926666666667	45584
2.68010000000000	47152
2.68095000000000	48736
2.68178333333333	49264
2.68261666666667	36768
2.68345000000000	48048
2.68428333333333	56560
2.68511666666667	60272
2.68595000000000	34032
2.68678333333333	34336
2.68761666666667	33696
2.68845000000000	46016
2.68928333333333	55104
2.69011666666667	50368
2.69095000000000	44032
2.69178333333333	44752
2.69261666666667	52208
2.69345000000000	41376
2.69428333333333	33920
2.69511666666667	51184
2.69593333333333	59088
2.69676666666667	47360
2.69761666666667	35952
2.69845000000000	49632
2.69928333333333	45216
2.70011666666667	40800
2.70095000000000	35920
2.70178333333333	36784
2.70261666666667	40240
2.70345000000000	43680
2.70428333333333	42816
2.70511666666667	55904
2.70595000000000	52864
2.70678333333333	43056
2.70761666666667	40160
2.70845000000000	56592
2.70928333333333	57760
2.71011666666667	53856
2.71095000000000	53328
2.71178333333333	42544
2.71261666666667	50880
2.71345000000000	39920
2.71428333333333	47696
2.71513333333333	51328
2.71596666666667	53664
2.71680000000000	47312
2.71763333333333	37264
2.71846666666667	44832
2.71930000000000	47152
2.72013333333333	49488
2.72096666666667	49728
2.72180000000000	49952
2.72263333333333	44480
2.72346666666667	55008
2.72430000000000	42320
2.72513333333333	50528
2.72596666666667	61440
2.72680000000000	52928
2.72763333333333	45872
2.72846666666667	49696
2.72930000000000	38592
2.73013333333333	41888
2.73096666666667	45168
2.73181666666667	47232
2.73265000000000	48928
2.73348333333333	55136
2.73431666666667	37856
2.73515000000000	47328
2.73598333333333	40960
2.73681666666667	48656
2.73765000000000	40240
2.73848333333333	52112
2.73931666666667	53296
2.74015000000000	51392
2.74098333333333	37312
2.74181666666667	36480
2.74265000000000	41488
2.74348333333333	37648
2.74431666666667	39152
2.74515000000000	40656
2.74598333333333	51376
2.74681666666667	57200
2.74765000000000	51664
2.74848333333333	40784
2.74933333333333	51248
2.75016666666667	52688
2.75100000000000	45360
2.75183333333333	51232
2.75266666666667	34672
2.75350000000000	55264
2.75433333333333	47744
2.75516666666667	50016
2.75600000000000	47136
2.75683333333333	48960
2.75766666666667	55696
2.75850000000000	47616
2.75933333333333	39536
2.76016666666667	32416
2.76100000000000	50736
2.76183333333333	36912
2.76266666666667	51712
2.76350000000000	62720
2.76433333333333	52160
2.76516666666667	40752
2.76601666666667	36208
2.76685000000000	47248
2.76768333333333	48000
2.76851666666667	48752
2.76935000000000	45744
2.77018333333333	58528
2.77101666666667	59728
2.77185000000000	55664
2.77268333333333	31636
2.77351666666667	47680
2.77435000000000	53104
2.77518333333333	55440
2.77601666666667	61216
2.77685000000000	61552
2.77768333333333	50752
2.77851666666667	48624
2.77935000000000	35488
2.78018333333333	46448
2.78101666666667	47344
2.78185000000000	45616
2.78268333333333	53072
2.78353333333333	53600
2.78436666666667	49904
2.78520000000000	29380
2.78603333333333	37616
2.78686666666667	54048
2.78770000000000	47328
2.78853333333333	53280
2.78936666666667	54992
2.79020000000000	54208
2.79103333333333	53424
2.79186666666667	29588
2.79270000000000	68016
2.79353333333333	59808
2.79436666666667	43648
2.79520000000000	48688
2.79603333333333	50112
2.79686666666667	48464
2.79770000000000	51808
2.79853333333333	53584
2.79936666666667	30560
2.80021666666667	52208
2.80105000000000	54816
2.80188333333333	57648
2.80271666666667	49312
2.80355000000000	49552
2.80438333333333	49568
2.80521666666667	55312
2.80605000000000	54336
2.80688333333333	53344
2.80771666666667	61168
2.80855000000000	56736
2.80938333333333	52304
2.81021666666667	46608
2.81105000000000	44560
2.81188333333333	55536
2.81271666666667	52448
2.81355000000000	49360
2.81438333333333	45248
2.81521666666667	47232
2.81605000000000	36448
2.81688333333333	44560
2.81773333333333	52688
2.81856666666667	45472
2.81940000000000	61680
2.82023333333333	59648
2.82106666666667	50192
2.82190000000000	44640
2.82273333333333	40272
2.82356666666667	51344
2.82440000000000	53072
2.82523333333333	58528
2.82606666666667	30232
2.82690000000000	54672
2.82773333333333	55344
2.82856666666667	55296
2.82940000000000	36240
2.83023333333333	39792
2.83106666666667	39120
2.83190000000000	59792
2.83273333333333	54672
2.83356666666667	48416
2.83441666666667	47456
2.83525000000000	56896
2.83608333333333	52528
2.83691666666667	60128
2.83775000000000	53840
2.83858333333333	53792
2.83941666666667	46000
2.84025000000000	48384
2.84108333333333	46784
2.84191666666667	45184
2.84275000000000	34848
2.84358333333333	50192
2.84441666666667	53872
2.84525000000000	48016
2.84608333333333	48640
2.84691666666667	48720
2.84775000000000	48816
2.84858333333333	51280
2.84941666666667	53088
2.85025000000000	54896
2.85108333333333	46080
2.85193333333333	46464
2.85276666666667	58208
2.85360000000000	52208
2.85443333333333	47472
2.85526666666667	54368
2.85610000000000	46304
2.85693333333333	52992
2.85776666666667	42848
2.85860000000000	43632
2.85943333333333	44416
2.86026666666667	41296
2.86110000000000	57904
2.86193333333333	58640
2.86275000000000	67456
2.86358333333333	56208
2.86441666666667	61952
2.86525000000000	48048
2.86608333333333	56208
2.86691666666667	43040
2.86775000000000	33888
2.86860000000000	35376
2.86943333333333	44752
2.87026666666667	47136
2.87110000000000	51408
2.87193333333333	55200
2.87276666666667	40480
2.87360000000000	53952
2.87443333333333	42608
2.87526666666667	57712
2.87610000000000	43872
2.87693333333333	46096
2.87776666666667	51952
2.87860000000000	46480
2.87943333333333	41488
2.88026666666667	56096
2.88110000000000	52864
2.88193333333333	52608
2.88276666666667	53216
2.88360000000000	53568
2.88443333333333	54176
2.88526666666667	53600
2.88611666666667	53008
2.88695000000000	54288
2.88778333333333	39856
2.88861666666667	57264
2.88945000000000	62144
2.89028333333333	43616
2.89111666666667	46192
2.89195000000000	48320
2.89278333333333	43040
2.89361666666667	37744
2.89445000000000	49824
2.89528333333333	42816
2.89611666666667	43808
2.89695000000000	48288
2.89778333333333	46720
2.89861666666667	45152
2.89945000000000	40992
2.90028333333333	46960
2.90111666666667	46976
2.90195000000000	46976
2.90280000000000	45504
2.90363333333333	44032
2.90446666666667	47984
2.90530000000000	47136
2.90613333333333	36192
2.90696666666667	53040
2.90780000000000	48928
2.90863333333333	52960
2.90946666666667	48784
2.91030000000000	49136
2.91113333333333	49472
2.91196666666667	41632
2.91280000000000	49808
2.91363333333333	59168
2.91446666666667	58736
2.91530000000000	57264
2.91613333333333	39728
2.91696666666667	55168
2.91780000000000	44800
2.91863333333333	46128
2.91946666666667	59424
2.92031666666667	34976
2.92115000000000	44112
2.92198333333333	43696
2.92281666666667	41872
2.92365000000000	47584
2.92448333333333	49200
2.92531666666667	43712
2.92615000000000	46992
2.92698333333333	50272
2.92781666666667	51024
2.92865000000000	44496
2.92948333333333	50720
2.93031666666667	55712
2.93115000000000	35488
2.93198333333333	49648
2.93281666666667	45568
2.93365000000000	41456
2.93448333333333	35760
2.93531666666667	36048
2.93615000000000	37856
2.93700000000000	39680
2.93783333333333	42848
2.93866666666667	46016
2.93950000000000	47344
2.94033333333333	51392
2.94116666666667	50912
2.94200000000000	51216
2.94283333333333	54944
2.94366666666667	56960
2.94450000000000	45552
2.94533333333333	46816
2.94616666666667	53744
2.94700000000000	60800
2.94783333333333	66144
2.94866666666667	53232
2.94950000000000	46528
2.95033333333333	59104
2.95116666666667	59744
2.95200000000000	41312
2.95283333333333	45904
2.95366666666667	56144
2.95451666666667	39728
2.95535000000000	58032
2.95618333333333	46096
2.95701666666667	51072
2.95785000000000	56528
2.95868333333333	41456
2.95951666666667	44288
2.96035000000000	46880
2.96118333333333	49488
2.96201666666667	50976
2.96285000000000	39184
2.96368333333333	48944
2.96451666666667	53264
2.96535000000000	57488
2.96618333333333	57136
2.96701666666667	44768
2.96785000000000	47200
2.96868333333333	47120
2.96951666666667	45616
2.97035000000000	44096
2.97120000000000	41952
2.97203333333333	42432
2.97286666666667	49488
2.97370000000000	56544
2.97453333333333	55360
2.97536666666667	39264
2.97620000000000	45056
2.97703333333333	53568
2.97786666666667	43296
2.97870000000000	53344
2.97953333333333	56368
2.98036666666667	56208
2.98120000000000	51744
2.98203333333333	49056
2.98286666666667	51440
2.98370000000000	53920
2.98453333333333	52304
2.98536666666667	50704
2.98620000000000	45696
2.98703333333333	57296
2.98786666666667	54160
2.98871666666667	48480
2.98955000000000	49248
2.99038333333333	49968
2.99121666666667	43488
2.99205000000000	46048
2.99288333333333	53536
2.99371666666667	49936
2.99455000000000	60560
2.99538333333333	34736
2.99621666666667	64496
2.99705000000000	52016
2.99788333333333	50256
2.99871666666667	43760
2.99955000000000	55680
3.00038333333333	52192
3.00121666666667	54848
3.00205000000000	55664
3.00288333333333	56480
3.00371666666667	55088
3.00455000000000	54864
3.00540000000000	50752
3.00623333333333	51632
3.00706666666667	53152
3.00790000000000	54672
3.00873333333333	33664
3.00956666666667	50624
3.01040000000000	54512
3.01123333333333	54624
3.01206666666667	49840
3.01290000000000	44784
3.01373333333333	43264
3.01456666666667	44288
3.01540000000000	39408
3.01623333333333	49456
3.01706666666667	43872
3.01790000000000	38272
3.01873333333333	49104
3.01956666666667	40384
3.02040000000000	52256
3.02123333333333	38336
3.02206666666667	47600
3.02291666666667	43168
3.02375000000000	49696
3.02458333333333	54864
3.02541666666667	51296
3.02625000000000	54240
3.02708333333333	51824
3.02791666666667	55824
3.02875000000000	54080
3.02958333333333	49424
3.03041666666667	43120
3.03125000000000	49296
3.03208333333333	49488
3.03291666666667	57184
3.03375000000000	58800
3.03458333333333	52544
3.03541666666667	43792
3.03625000000000	42656
3.03708333333333	47536
3.03791666666667	47376
3.03875000000000	47152
3.03960000000000	43536
3.04043333333333	55328
3.04126666666667	59248
3.04210000000000	48320
3.04293333333333	57296
3.04376666666667	44656
3.04460000000000	58592
3.04543333333333	61264
3.04626666666667	60720
3.04710000000000	47312
3.04793333333333	40272
3.04876666666667	39680
3.04960000000000	59712
3.05043333333333	61664
3.05125000000000	56880
3.05208333333333	56624
3.05291666666667	54400
3.05375000000000	54352
3.05458333333333	54256
3.05541666666667	46368
3.05625000000000	47424
3.05710000000000	47296
3.05793333333333	51632
3.05876666666667	51984
3.05960000000000	55712
3.06043333333333	54256
3.06126666666667	49504
3.06210000000000	51440
3.06293333333333	31932
3.06376666666667	31932
3.06460000000000	51808
3.06543333333333	40144
3.06626666666667	44816
3.06710000000000	48976
3.06793333333333	53152
3.06876666666667	50448
3.06960000000000	52704
3.07043333333333	57296
3.07126666666667	56224
3.07210000000000	54544
3.07293333333333	47120
3.07378333333333	47872
3.07461666666667	48624
3.07545000000000	41120
3.07628333333333	39920
3.07711666666667	42480
3.07795000000000	45040
3.07878333333333	57024
3.07961666666667	52016
3.08045000000000	47024
3.08128333333333	44400
3.08211666666667	41760
3.08295000000000	48176
3.08378333333333	45392
3.08461666666667	42592
3.08545000000000	43440
3.08628333333333	44304
3.08711666666667	46304
3.08795000000000	47136
3.08878333333333	45968
3.08961666666667	44800
3.09045000000000	52384
3.09130000000000	52784
3.09213333333333	64816
3.09296666666667	63712
3.09380000000000	60480
3.09463333333333	65120
3.09546666666667	63856
3.09630000000000	55344
3.09713333333333	49008
3.09796666666667	49872
3.09880000000000	48608
3.09963333333333	49168
3.10046666666667	45232
3.10130000000000	49392
3.10213333333333	49552
3.10296666666667	49728
3.10380000000000	47776
3.10463333333333	43648
3.10546666666667	43616
3.10630000000000	43584
3.10713333333333	48048
3.10798333333333	52528
3.10881666666667	51200
3.10965000000000	51616
3.11048333333333	52032
3.11131666666667	44368
3.11215000000000	38720
3.11298333333333	47696
3.11381666666667	46480
3.11465000000000	51952
3.11548333333333	41024
3.11631666666667	34608
3.11715000000000	49840
3.11798333333333	52208
3.11881666666667	57856
3.11965000000000	58928
3.12048333333333	51552
3.12131666666667	48624
3.12215000000000	44976
3.12298333333333	41696
3.12381666666667	38176
3.12465000000000	38272
3.12550000000000	48432
3.12633333333333	50192
3.12716666666667	43616
3.12800000000000	41792
3.12883333333333	44688
3.12966666666667	48096
3.13050000000000	50832
3.13133333333333	52688
3.13216666666667	52272
3.13300000000000	51872
3.13383333333333	60592
3.13466666666667	40192
3.13550000000000	40688
3.13633333333333	55920
3.13716666666667	60368
3.13800000000000	43424
3.13883333333333	40544
3.13966666666667	55504
3.14050000000000	51376
3.14133333333333	52480
3.14218333333333	43072
3.14301666666667	55024
3.14385000000000	30852
3.14468333333333	56272
3.14551666666667	52288
3.14635000000000	53536
3.14718333333333	59168
3.14801666666667	34512
3.14885000000000	33440
3.14968333333333	56528
3.15051666666667	54640
3.15135000000000	53200
3.15218333333333	47344
3.15301666666667	51664
3.15385000000000	41664
3.15468333333333	43664
3.15551666666667	45680
3.15635000000000	48832
3.15718333333333	51984
3.15801666666667	54672
3.15885000000000	51616
3.15970000000000	48560
3.16053333333333	29000
3.16136666666667	54192
3.16220000000000	56640
3.16303333333333	51152
3.16386666666667	56160
3.16470000000000	55712
3.16553333333333	55264
3.16636666666667	53568
3.16720000000000	51888
3.16803333333333	56256
3.16886666666667	52912
3.16970000000000	47136
3.17053333333333	47840
3.17136666666667	54432
3.17220000000000	55504
3.17303333333333	60656
3.17386666666667	44208
3.17470000000000	67440
3.17553333333333	55200
3.17638333333333	51792
3.17721666666667	43584
3.17805000000000	47968
3.17888333333333	45712
3.17971666666667	58608
3.18055000000000	59968
3.18138333333333	62784
3.18221666666667	53168
3.18305000000000	47424
3.18388333333333	54608
3.18471666666667	46368
3.18555000000000	47616
3.18638333333333	48864
3.18721666666667	49072
3.18805000000000	30236
3.18888333333333	42144
3.18971666666667	61008
3.19055000000000	62016
3.19138333333333	57984
3.19221666666667	53472
3.19305000000000	45232
3.19390000000000	42144
3.19473333333333	55008
3.19556666666667	37600
3.19640000000000	50352
3.19723333333333	43488
3.19806666666667	47504
3.19890000000000	52000
3.19973333333333	53168
3.20056666666667	53904
3.20140000000000	54432
3.20223333333333	54944
3.20306666666667	60576
3.20390000000000	41792
3.20473333333333	51584
3.20556666666667	47888
3.20640000000000	50320
3.20723333333333	58624
3.20806666666667	56304
3.20890000000000	59136
3.20973333333333	60736
3.21058333333333	55504
3.21141666666667	52176
3.21225000000000	53856
3.21308333333333	55808
3.21391666666667	57776
3.21475000000000	55312
3.21558333333333	42304
3.21641666666667	46576
3.21725000000000	50848
3.21808333333333	46128
3.21891666666667	53280
3.21975000000000	48752
3.22058333333333	44224
3.22141666666667	50608
3.22225000000000	51984
3.22308333333333	45920
3.22391666666667	56064
3.22475000000000	37424
3.22558333333333	48336
3.22641666666667	41616
3.22725000000000	45472
3.22810000000000	25764
3.22893333333333	52496
3.22976666666667	49104
3.23060000000000	42320
3.23143333333333	45952
3.23226666666667	55232
3.23310000000000	54928
3.23393333333333	60960
3.23476666666667	56512
3.23560000000000	44672
3.23643333333333	49312
3.23726666666667	54768
3.23810000000000	57280
3.23893333333333	40960
3.23976666666667	54560
3.24060000000000	48352
3.24143333333333	48416
3.24226666666667	46608
3.24310000000000	48768
3.24393333333333	50944
3.24478333333333	52992
3.24561666666667	50800
3.24645000000000	48608
3.24728333333333	43952
3.24811666666667	45072
3.24895000000000	45904
3.24978333333333	46736
3.25061666666667	49984
3.25145000000000	52400
3.25228333333333	55024
3.25311666666667	58192
3.25395000000000	44928
3.25478333333333	60016
3.25561666666667	39280
3.25645000000000	58144
3.25728333333333	43232
3.25811666666667	58992
3.25895000000000	51984
3.25978333333333	54704
3.26061666666667	58992
3.26145000000000	40208
3.26230000000000	46448
3.26313333333333	45248
3.26396666666667	58160
3.26480000000000	56800
3.26563333333333	48576
3.26646666666667	49760
3.26730000000000	38688
3.26813333333333	52368
3.26896666666667	51472
3.26980000000000	51120
3.27063333333333	47904
3.27146666666667	43264
3.27230000000000	54112
3.27311666666667	45536
3.27395000000000	48592
3.27478333333333	47152
3.27561666666667	44944
3.27645000000000	42752
3.27728333333333	44912
3.27811666666667	47056
3.27896666666667	58496
3.27980000000000	61904
3.28063333333333	50576
3.28146666666667	44144
3.28230000000000	60192
3.28313333333333	62848
3.28396666666667	48992
3.28480000000000	55600
3.28563333333333	50672
3.28646666666667	50768
3.28730000000000	50512
3.28813333333333	49200
3.28896666666667	47888
3.28980000000000	49472
3.29063333333333	33872
3.29146666666667	51712
3.29230000000000	35696
3.29313333333333	28872
3.29396666666667	53808
3.29480000000000	47472
3.29563333333333	50192
3.29648333333333	59328
3.29731666666667	58352
3.29815000000000	57472
3.29898333333333	59088
3.29981666666667	60688
3.30065000000000	50208
3.30148333333333	60656
3.30231666666667	44304
3.30315000000000	47968
3.30398333333333	61392
3.30481666666667	45136
3.30565000000000	40704
3.30648333333333	64496
3.30731666666667	47520
3.30815000000000	60288
3.30898333333333	56288
3.30981666666667	56928
3.31065000000000	34128
3.31148333333333	56512
3.31231666666667	41872
3.31316666666667	30724
3.31400000000000	44656
3.31483333333333	58384
3.31566666666667	55328
3.31650000000000	52816
3.31733333333333	57600
3.31816666666667	57200
3.31900000000000	56704
3.31983333333333	44512
3.32066666666667	46368
3.32150000000000	47584
3.32233333333333	48800
3.32316666666667	36112
3.32400000000000	45824
3.32483333333333	45680
3.32566666666667	45536
3.32650000000000	47728
3.32733333333333	49920
3.32816666666667	47680
3.32900000000000	45424
3.32983333333333	48272
3.33068333333333	51104
3.33151666666667	49088
3.33235000000000	47056
3.33318333333333	48592
3.33401666666667	55456
3.33485000000000	54192
3.33568333333333	53824
3.33651666666667	52528
3.33735000000000	51232
3.33818333333333	55552
3.33901666666667	60016
3.33985000000000	58656
3.34068333333333	49296
3.34151666666667	51360
3.34235000000000	51296
3.34318333333333	53728
3.34401666666667	52608
3.34485000000000	51488
3.34568333333333	46256
3.34651666666667	39568
3.34736666666667	57696
3.34820000000000	58784
3.34903333333333	54000
3.34986666666667	30696
3.35070000000000	58224
3.35153333333333	51120
3.35236666666667	45776
3.35320000000000	50144
3.35403333333333	50144
3.35486666666667	48544
3.35570000000000	45888
3.35653333333333	47216
3.35736666666667	48544
3.35820000000000	49776
3.35903333333333	45616
3.35986666666667	47088
3.36070000000000	44032
3.36153333333333	33936
3.36236666666667	45648
3.36320000000000	54112
3.36403333333333	60208
3.36488333333333	67584
3.36571666666667	57856
3.36655000000000	53312
3.36738333333333	47168
3.36821666666667	55584
3.36905000000000	53168
3.36988333333333	50752
3.37071666666667	57312
3.37155000000000	45952
3.37238333333333	53712
3.37321666666667	57488
3.37405000000000	47904
3.37488333333333	57616
3.37571666666667	50560
3.37655000000000	55648
3.37738333333333	50640
3.37821666666667	49184
3.37905000000000	57152
3.37988333333333	49216
3.38071666666667	37616
3.38156666666667	52192
3.38240000000000	42592
3.38323333333333	43776
3.38406666666667	55840
3.38490000000000	55360
3.38573333333333	43104
3.38656666666667	47920
3.38740000000000	47760
3.38823333333333	43984
3.38906666666667	54352
3.38990000000000	53584
3.39073333333333	52800
3.39156666666667	50672
3.39240000000000	47024
3.39323333333333	48448
3.39406666666667	46384
3.39490000000000	54832
3.39573333333333	55984
3.39656666666667	56704
3.39740000000000	51152
3.39823333333333	53312
3.39908333333333	54176
3.39991666666667	54464
3.40075000000000	53392
3.40158333333333	52336
3.40241666666667	53984
3.40325000000000	56208
3.40408333333333	55104
3.40491666666667	52784
3.40575000000000	49600
3.40658333333333	60400
3.40741666666667	64064
3.40825000000000	55616
3.40908333333333	61200
3.40991666666667	46304
3.41075000000000	54224
3.41158333333333	50528
3.41241666666667	33712
3.41325000000000	49328
3.41408333333333	55456
3.41491666666667	46896
3.41576666666667	49824
3.41660000000000	46592
3.41743333333333	52112
3.41826666666667	39312
3.41910000000000	43888
3.41993333333333	56576
3.42076666666667	61312
3.42160000000000	48000
3.42243333333333	65952
3.42326666666667	54784
3.42410000000000	54736
3.42493333333333	57680
3.42576666666667	57936
3.42660000000000	50400
3.42743333333333	53360
3.42826666666667	45920
3.42910000000000	51360
3.42993333333333	46656
3.43076666666667	50496
3.43158333333333	49168
3.43241666666667	47856
3.43326666666667	51040
3.43410000000000	53120
3.43493333333333	51264
3.43576666666667	49408
3.43660000000000	46576
3.43743333333333	49056
3.43826666666667	45280
3.43910000000000	54448
3.43993333333333	57136
3.44076666666667	61792
3.44160000000000	54864
3.44243333333333	62992
3.44326666666667	62432
3.44410000000000	53408
3.44493333333333	52352
3.44576666666667	37024
3.44660000000000	47488
3.44743333333333	42656
3.44826666666667	47728
3.44910000000000	50688
3.44995000000000	50864
3.45078333333333	51056
3.45161666666667	61312
3.45245000000000	61136
3.45328333333333	57232
3.45411666666667	53296
3.45495000000000	34944
3.45578333333333	50192
3.45661666666667	52144
3.45745000000000	47744
3.45828333333333	42608
3.45911666666667	41984
3.45995000000000	41360
3.46078333333333	46288
3.46161666666667	46592
3.46245000000000	46912
3.46328333333333	46480
3.46411666666667	46064
3.46495000000000	45632
3.46578333333333	44240
3.46661666666667	48288
3.46746666666667	47600
3.46830000000000	51040
3.46913333333333	54464
3.46996666666667	50784
3.47080000000000	47104
3.47163333333333	43216
3.47246666666667	43184
3.47330000000000	44096
3.47413333333333	45536
3.47496666666667	46976
3.47580000000000	48992
3.47663333333333	51008
3.47746666666667	36032
3.47830000000000	52896
3.47913333333333	54352
3.47996666666667	47280
3.48080000000000	49632
3.48163333333333	42080
3.48246666666667	52704
3.48330000000000	30944
3.48415000000000	57600
3.48498333333333	48944
3.48581666666667	55120
3.48665000000000	51072
3.48748333333333	45696
3.48831666666667	50256
3.48915000000000	52336
3.48998333333333	57456
3.49081666666667	53488
3.49165000000000	48144
3.49248333333333	42784
3.49331666666667	56624
3.49415000000000	54064
3.49498333333333	49824
3.49581666666667	45712
3.49665000000000	46928
3.49748333333333	49392
3.49831666666667	51872
3.49915000000000	49248
3.49998333333333	46624
3.50081666666667	51440
3.50166666666667	51264
3.50250000000000	51104
3.50333333333333	43120
3.50416666666667	56240
3.50500000000000	52432
3.50583333333333	55648
3.50666666666667	52496
3.50750000000000	43680
3.50833333333333	41984
3.50916666666667	44416
3.51000000000000	48960
3.51083333333333	45904
3.51166666666667	42832
3.51250000000000	37248
3.51333333333333	44448
3.51416666666667	51984
3.51500000000000	49296
3.51583333333333	54240
3.51666666666667	42288
3.51750000000000	50704
3.51835000000000	45616
3.51918333333333	54960
3.52001666666667	50848
3.52085000000000	48512
3.52168333333333	46160
3.52251666666667	63792
3.52335000000000	63696
3.52418333333333	49488
3.52501666666667	49600
3.52585000000000	49728
3.52668333333333	49888
3.52751666666667	48048
3.52835000000000	49152
3.52918333333333	50256
3.53001666666667	39024
3.53085000000000	45360
3.53168333333333	51696
3.53251666666667	59632
3.53335000000000	51520
3.53418333333333	47008
3.53501666666667	49072
3.53586666666667	49872
3.53670000000000	48512
3.53753333333333	47152
3.53836666666667	56000
3.53920000000000	57312
3.54003333333333	49536
3.54086666666667	60816
3.54170000000000	46448
3.54253333333333	57392
3.54336666666667	43168
3.54420000000000	54112
3.54503333333333	40048
3.54586666666667	63088
3.54670000000000	55424
3.54753333333333	52176
3.54836666666667	36752
3.54920000000000	65936
3.55003333333333	50448
3.55086666666667	55872
3.55170000000000	51232
3.55255000000000	57360
3.55338333333333	54176
3.55421666666667	34192
3.55505000000000	59952
3.55588333333333	56416
3.55671666666667	45472
3.55755000000000	59520
3.55838333333333	47616
3.55921666666667	52672
3.56005000000000	52336
3.56088333333333	54864
3.56171666666667	55072
3.56255000000000	57136
3.56338333333333	51776
3.56421666666667	53344
3.56505000000000	54912
3.56588333333333	34512
3.56671666666667	59168
3.56755000000000	59024
3.56838333333333	51696
3.56921666666667	49344
3.57006666666667	40320
3.57090000000000	40608
3.57173333333333	38176
3.57256666666667	35744
3.57340000000000	45872
3.57423333333333	47936
3.57506666666667	49984
3.57590000000000	57568
3.57673333333333	55616
3.57756666666667	53664
3.57840000000000	47216
3.57923333333333	47632
3.58006666666667	37152
3.58090000000000	41152
3.58173333333333	36080
3.58256666666667	30984
3.58340000000000	57888
3.58423333333333	52928
3.58506666666667	41824
3.58590000000000	52848
3.58675000000000	44000
3.58758333333333	48720
3.58841666666667	47744
3.58925000000000	46304
3.59008333333333	44848
3.59091666666667	50080
3.59175000000000	55296
3.59258333333333	50592
3.59341666666667	45904
3.59425000000000	50624
3.59508333333333	46016
3.59591666666667	41408
3.59675000000000	56800
3.59758333333333	54960
3.59841666666667	55840
3.59925000000000	36016
3.60008333333333	54336
3.60091666666667	44800
3.60175000000000	47808
3.60258333333333	55936
3.60341666666667	36816
3.60426666666667	53920
3.60510000000000	51344
3.60593333333333	58528
3.60676666666667	46688
3.60760000000000	55072
3.60843333333333	52736
3.60926666666667	60048
3.61010000000000	56384
3.61093333333333	51008
3.61176666666667	52128
3.61260000000000	53248
3.61343333333333	50432
3.61426666666667	47600
3.61510000000000	50944
3.61593333333333	49008
3.61676666666667	56592
3.61760000000000	58128
3.61843333333333	56928
3.61926666666667	36512
3.62010000000000	42304
3.62095000000000	57616
3.62178333333333	35008
3.62261666666667	60560
3.62345000000000	39008
3.62428333333333	44928
3.62511666666667	51456
3.62595000000000	50064
3.62678333333333	47264
3.62761666666667	59808
3.62845000000000	57632
3.62928333333333	52816
3.63011666666667	47472
3.63095000000000	53440
3.63178333333333	41152
3.63261666666667	50640
3.63345000000000	44240
3.63428333333333	62208
3.63511666666667	56400
3.63595000000000	61616
3.63678333333333	53264
3.63761666666667	58896
3.63846666666667	51328
3.63930000000000	56784
3.64013333333333	62160
3.64096666666667	53968
3.64180000000000	41632
3.64263333333333	46800
3.64346666666667	42896
3.64430000000000	50768
3.64513333333333	50128
3.64596666666667	49504
3.64680000000000	49616
3.64763333333333	51696
3.64846666666667	46320
3.64930000000000	37344
3.65013333333333	55808
3.65096666666667	46352
3.65180000000000	52576
3.65263333333333	46496
3.65346666666667	50992
3.65430000000000	53184
3.65515000000000	52976
3.65598333333333	54096
3.65681666666667	58048
3.65765000000000	59184
3.65848333333333	55136
3.65931666666667	35984
3.66015000000000	51248
3.66098333333333	38672
3.66181666666667	36944
3.66265000000000	49776
3.66348333333333	32976
3.66431666666667	58128
3.66515000000000	56096
3.66598333333333	50256
3.66681666666667	50992
3.66765000000000	45264
3.66848333333333	46592
3.66931666666667	47920
3.67013333333333	41264
3.67096666666667	34416
3.67180000000000	55856
3.67265000000000	50368
3.67348333333333	44896
3.67431666666667	59552
3.67515000000000	59184
3.67598333333333	54496
3.67681666666667	30328
3.67765000000000	47360
3.67848333333333	40720
3.67931666666667	59136
3.68015000000000	58992
3.68098333333333	58848
3.68181666666667	48688
3.68265000000000	53168
3.68348333333333	43664
3.68431666666667	52592
3.68515000000000	51488
3.68598333333333	60752
3.68681666666667	38464
3.68765000000000	51648
3.68848333333333	55664
3.68933333333333	52176
3.69016666666667	46176
3.69100000000000	36016
3.69183333333333	42240
3.69266666666667	42624
3.69350000000000	43024
3.69433333333333	50496
3.69516666666667	51008
3.69600000000000	51536
3.69683333333333	49824
3.69766666666667	46352
3.69850000000000	39216
3.69933333333333	49888
3.70016666666667	46960
3.70100000000000	49248
3.70183333333333	48112
3.70266666666667	46976
3.70350000000000	41584
3.70433333333333	39520
3.70516666666667	48912
3.70600000000000	51904
3.70685000000000	44864
3.70768333333333	39536
3.70851666666667	54704
3.70935000000000	52144
3.71018333333333	49584
3.71101666666667	53376
3.71185000000000	57120
3.71268333333333	60864
3.71351666666667	55472
3.71435000000000	31496
3.71518333333333	54080
3.71601666666667	56288
3.71685000000000	51184
3.71768333333333	41024
3.71851666666667	37600
3.71935000000000	42640
3.72018333333333	47696
3.72101666666667	60768
3.72185000000000	57568
3.72268333333333	48336
3.72353333333333	49616
3.72436666666667	50368
3.72520000000000	55216
3.72603333333333	58256
3.72686666666667	46368
3.72770000000000	64352
3.72853333333333	41792
3.72936666666667	57920
3.73020000000000	39360
3.73103333333333	48720
3.73186666666667	53664
3.73270000000000	57200
3.73353333333333	60848
3.73436666666667	46368
3.73520000000000	51072
3.73603333333333	43008
3.73686666666667	47072
3.73770000000000	59344
3.73853333333333	61808
3.73936666666667	39600
3.74020000000000	49872
3.74105000000000	39872
3.74188333333333	47888
3.74271666666667	42656
3.74355000000000	51808
3.74438333333333	46752
3.74521666666667	50080
3.74605000000000	51632
3.74688333333333	54576
3.74771666666667	57504
3.74855000000000	33184
3.74938333333333	56352
3.75021666666667	50944
3.75105000000000	60176
3.75188333333333	57840
3.75271666666667	60560
3.75355000000000	48544
3.75438333333333	52272
3.75521666666667	50352
3.75605000000000	53712
3.75688333333333	55232
3.75773333333333	59216
3.75856666666667	58400
3.75940000000000	58080
3.76023333333333	48448
3.76106666666667	53120
3.76190000000000	50336
3.76273333333333	62400
3.76356666666667	61888
3.76440000000000	48912
3.76523333333333	57088
3.76606666666667	57216
3.76690000000000	49360
3.76773333333333	56512
3.76856666666667	52400
3.76938333333333	51440
3.77021666666667	49856
3.77105000000000	48288
3.77188333333333	59616
3.77271666666667	55136
3.77355000000000	50640
3.77438333333333	45712
3.77523333333333	41072
3.77606666666667	44800
3.77690000000000	48528
3.77773333333333	55072
3.77856666666667	51776
3.77940000000000	47664
3.78023333333333	58288
3.78106666666667	55344
3.78190000000000	52400
3.78273333333333	38576
3.78356666666667	51472
3.78440000000000	39392
3.78523333333333	45152
3.78606666666667	49504
3.78690000000000	55536
3.78773333333333	53696
3.78856666666667	55600
3.78940000000000	41168
3.79023333333333	31504
3.79106666666667	43872
3.79191666666667	36176
3.79275000000000	44880
3.79358333333333	47008
3.79441666666667	60880
3.79525000000000	54624
3.79608333333333	55200
3.79691666666667	44896
3.79775000000000	53328
3.79858333333333	50544
3.79941666666667	47760
3.80025000000000	52000
3.80108333333333	53824
3.80191666666667	45280
3.80275000000000	41808
3.80358333333333	56208
3.80441666666667	53472
3.80525000000000	38896
3.80608333333333	50224
3.80691666666667	34992
3.80775000000000	40080
3.80858333333333	45152
3.80943333333333	37440
3.81026666666667	36960
3.81110000000000	36480
3.81193333333333	32044
3.81276666666667	27608
3.81360000000000	49104
3.81443333333333	44640
3.81526666666667	47920
3.81610000000000	51520
3.81693333333333	62368
3.81776666666667	58592
3.81860000000000	46544
3.81943333333333	45392
3.82026666666667	47136
3.82110000000000	48368
3.82193333333333	48272
3.82276666666667	50208
3.82360000000000	52144
3.82443333333333	49712
3.82526666666667	47264
3.82611666666667	50048
3.82695000000000	45664
3.82778333333333	44416
3.82861666666667	47344
3.82945000000000	50288
3.83028333333333	48496
3.83111666666667	47408
3.83195000000000	55216
3.83278333333333	58096
3.83361666666667	38320
3.83445000000000	48960
3.83528333333333	44624
3.83611666666667	52192
3.83695000000000	48240
3.83778333333333	61504
3.83861666666667	62880
3.83945000000000	69392
3.84028333333333	48080
3.84111666666667	56048
3.84195000000000	46512
3.84278333333333	50384
3.84363333333333	54256
3.84446666666667	46224
3.84530000000000	36336
3.84613333333333	55312
3.84696666666667	53072
3.84780000000000	63504
3.84863333333333	59120
3.84946666666667	47552
3.85030000000000	58192
3.85113333333333	57744
3.85196666666667	49600
3.85280000000000	55568
3.85363333333333	55440
3.85446666666667	51840
3.85530000000000	48224
3.85613333333333	49392
3.85696666666667	50592
3.85780000000000	49552
3.85863333333333	49056
3.85946666666667	35264
3.86031666666667	27596
3.86115000000000	60224
3.86198333333333	47952
3.86281666666667	49584
3.86365000000000	48800
3.86448333333333	55440
3.86531666666667	53184
3.86615000000000	50928
3.86698333333333	52912
3.86781666666667	53936
3.86865000000000	55792
3.86948333333333	54000
3.87031666666667	49936
3.87115000000000	51200
3.87198333333333	43520
3.87281666666667	52640
3.87365000000000	49264
3.87448333333333	51664
3.87531666666667	43168
3.87615000000000	39088
3.87698333333333	34992
3.87783333333333	43632
3.87866666666667	37936
3.87950000000000	44480
3.88033333333333	42144
3.88116666666667	39824
3.88200000000000	41248
3.88283333333333	36432
3.88366666666667	52304
3.88450000000000	49488
3.88533333333333	57872
3.88616666666667	50288
3.88700000000000	31552
3.88783333333333	56624
3.88865000000000	46000
3.88948333333333	40880
3.89031666666667	45328
3.89115000000000	48576
3.89198333333333	39376
3.89281666666667	48816
3.89365000000000	49328
3.89450000000000	52000
3.89533333333333	52368
3.89616666666667	39200
3.89700000000000	42656
3.89783333333333	55328
3.89866666666667	46032
3.89950000000000	53392
3.90033333333333	48400
3.90116666666667	53840
3.90200000000000	57120
3.90283333333333	55680
3.90366666666667	56688
3.90450000000000	40336
3.90533333333333	51152
3.90616666666667	59904
3.90700000000000	41072
3.90783333333333	48976
3.90866666666667	66512
3.90950000000000	49952
3.91033333333333	49904
3.91116666666667	48064
3.91201666666667	35872
3.91285000000000	41312
3.91368333333333	50144
3.91451666666667	48624
3.91535000000000	50960
3.91618333333333	49040
3.91701666666667	47120
3.91785000000000	44896
3.91868333333333	43280
3.91951666666667	41680
3.92035000000000	56272
3.92118333333333	59200
3.92201666666667	57520
3.92285000000000	49040
3.92368333333333	46224
3.92451666666667	50832
3.92535000000000	50848
3.92618333333333	46112
3.92701666666667	39024
3.92785000000000	53552
3.92870000000000	45984
3.92953333333333	53008
3.93036666666667	52864
3.93120000000000	52688
3.93203333333333	42576
3.93286666666667	50672
3.93370000000000	44272
3.93453333333333	52336
3.93536666666667	36720
3.93620000000000	51904
3.93703333333333	50496
3.93786666666667	33600
3.93870000000000	44768
3.93953333333333	56928
3.94036666666667	47936
3.94120000000000	49792
3.94203333333333	45328
3.94286666666667	46112
3.94370000000000	53168
3.94453333333333	46080
3.94536666666667	38992
3.94621666666667	44352
3.94705000000000	51568
3.94788333333333	47280
3.94871666666667	43136
3.94955000000000	45312
3.95038333333333	35808
3.95121666666667	47424
3.95205000000000	48656
3.95288333333333	40464
3.95371666666667	34832
3.95455000000000	47264
3.95538333333333	52608
3.95621666666667	49968
3.95705000000000	49648
3.95788333333333	51008
3.95871666666667	52352
3.95955000000000	52368
3.96038333333333	46320
3.96121666666667	44864
3.96205000000000	44784
3.96290000000000	44704
3.96373333333333	43120
3.96456666666667	41552
3.96540000000000	39616
3.96623333333333	37680
3.96706666666667	44384
3.96790000000000	43824
3.96873333333333	43280
3.96956666666667	44464
3.97040000000000	45648
3.97123333333333	49376
3.97206666666667	50144
3.97290000000000	33808
3.97373333333333	43664
3.97456666666667	47760
3.97540000000000	57024
3.97623333333333	54336
3.97706666666667	47168
3.97790000000000	47632
3.97873333333333	51904
3.97956666666667	47840
3.98041666666667	43760
3.98125000000000	33328
3.98208333333333	50368
3.98291666666667	52320
3.98375000000000	51856
3.98458333333333	53200
3.98541666666667	52880
3.98625000000000	52560
3.98708333333333	59888
3.98791666666667	58960
3.98875000000000	58032
3.98958333333333	46400
3.99041666666667	67568
3.99125000000000	63664
3.99208333333333	50784
3.99291666666667	51488
3.99373333333333	46480
3.99456666666667	48944
3.99540000000000	51600
3.99623333333333	53248
3.99708333333333	52256
3.99791666666667	51248
3.99875000000000	49840
3.99958333333333	46336
4.00041666666667	47120
4.00125000000000	47904
4.00208333333333	53760
4.00291666666667	52720
4.00375000000000	54784
4.00458333333333	55152
4.00541666666667	50992
4.00625000000000	50608
4.00708333333333	36352
4.00791666666667	40720
4.00875000000000	51264
4.00958333333333	49120
4.01041666666667	50224
4.01125000000000	32396
4.01208333333333	41216
4.01291666666667	45632
4.01375000000000	51744
4.01460000000000	56560
4.01543333333333	50528
4.01626666666667	42944
4.01710000000000	58448
4.01793333333333	46288
4.01876666666667	57840
4.01960000000000	62464
4.02043333333333	55168
4.02126666666667	35056
4.02210000000000	61552
4.02293333333333	43488
4.02376666666667	40192
4.02460000000000	55488
4.02543333333333	54784
4.02626666666667	47328
4.02710000000000	35920
4.02793333333333	50304
4.02876666666667	41616
4.02960000000000	55072
4.03043333333333	50096
4.03128333333333	52544
4.03211666666667	53616
4.03295000000000	56736
4.03378333333333	43456
4.03461666666667	53168
4.03545000000000	45152
4.03628333333333	45712
4.03711666666667	52048
4.03795000000000	50896
4.03878333333333	52560
4.03961666666667	43200
4.04045000000000	44704
4.04128333333333	43024
4.04211666666667	45584
4.04295000000000	48128
4.04378333333333	61040
4.04461666666667	57504
4.04545000000000	45536
4.04628333333333	34576
4.04711666666667	48048
4.04795000000000	42720
4.04880000000000	49680
4.04963333333333	52800
4.05046666666667	55088
4.05130000000000	56416
4.05213333333333	51456
4.05296666666667	51440
4.05380000000000	51440
4.05463333333333	48720
4.05546666666667	46016
4.05630000000000	49888
4.05713333333333	37824
4.05796666666667	41888
4.05880000000000	54464
4.05963333333333	49936
4.06046666666667	43392
4.06130000000000	54880
4.06213333333333	56848
4.06296666666667	60032
4.06380000000000	53024
4.06463333333333	51776
4.06548333333333	54960
4.06631666666667	52688
4.06715000000000	44624
4.06798333333333	54624
4.06881666666667	34016
4.06965000000000	38768
4.07048333333333	48848
4.07131666666667	58944
4.07215000000000	55968
4.07298333333333	54400
4.07381666666667	54592
4.07465000000000	54304
4.07548333333333	54016
4.07631666666667	49840
4.07715000000000	48288
4.07798333333333	54048
4.07881666666667	48992
4.07965000000000	46416
4.08048333333333	51584
4.08131666666667	40848
4.08213333333333	43056
4.08298333333333	45280
4.08381666666667	35360
4.08465000000000	32768
4.08548333333333	30188
4.08631666666667	39632
4.08715000000000	49072
4.08798333333333	51088
4.08881666666667	41968
4.08965000000000	41424
4.09048333333333	42000
4.09131666666667	41056
4.09215000000000	40112
4.09298333333333	42608
4.09381666666667	45104
4.09465000000000	44560
4.09548333333333	44032
4.09631666666667	42624
4.09715000000000	43264
4.09798333333333	43904
4.09881666666667	48000
4.09966666666667	47344
4.10050000000000	46672
4.10133333333333	49488
4.10216666666667	36048
4.10300000000000	39824
4.10383333333333	48368
4.10466666666667	48384
4.10550000000000	47248
4.10633333333333	49520
4.10716666666667	45744
4.10800000000000	33184
4.10883333333333	45280
4.10966666666667	43584
4.11050000000000	45904
4.11133333333333	48208
4.11216666666667	56240
4.11300000000000	33184
4.11383333333333	52224
4.11466666666667	42592
4.11550000000000	34752
4.11633333333333	58528
4.11718333333333	42896
4.11801666666667	54480
4.11885000000000	42544
4.11968333333333	38544
4.12051666666667	48176
4.12135000000000	45808
4.12218333333333	38320
4.12301666666667	61632
4.12385000000000	56816
4.12468333333333	52640
4.12551666666667	50736
4.12635000000000	48064
4.12718333333333	46560
4.12801666666667	54112
4.12885000000000	54672
4.12968333333333	55232
4.13051666666667	56528
4.13135000000000	50160
4.13218333333333	49664
4.13301666666667	50544
4.13386666666667	48752
4.13470000000000	47664
4.13553333333333	51584
4.13636666666667	54160
4.13720000000000	52192
4.13803333333333	40992
4.13886666666667	50240
4.13970000000000	44288
4.14053333333333	44192
4.14136666666667	44096
4.14220000000000	58544
4.14303333333333	56800
4.14386666666667	51728
4.14470000000000	45344
4.14553333333333	55456
4.14636666666667	57776
4.14720000000000	49792
4.14803333333333	44000
4.14886666666667	54432
4.14970000000000	43376
4.15051666666667	49088
4.15136666666667	51760
4.15220000000000	49328
4.15303333333333	49904
4.15386666666667	39888
4.15470000000000	45536
4.15553333333333	51168
4.15636666666667	52208
4.15720000000000	46832
4.15803333333333	51984
4.15886666666667	44336
4.15970000000000	41408
4.16053333333333	37456
4.16136666666667	49952
4.16220000000000	50752
4.16303333333333	37056
4.16386666666667	54176
4.16470000000000	51536
4.16553333333333	39648
4.16636666666667	56368
4.16720000000000	51280
4.16805000000000	51280
4.16888333333333	51296
4.16971666666667	56912
4.17055000000000	56528
4.17138333333333	51296
4.17221666666667	55328
4.17305000000000	46288
4.17388333333333	45216
4.17471666666667	45728
4.17555000000000	46240
4.17638333333333	25984
4.17721666666667	50320
4.17805000000000	54384
4.17888333333333	48016
4.17971666666667	46528
4.18055000000000	45888
4.18138333333333	59008
4.18221666666667	62352
4.18305000000000	51424
4.18388333333333	43488
4.18471666666667	44192
4.18556666666667	44608
4.18640000000000	51424
4.18723333333333	49824
4.18806666666667	53296
4.18890000000000	56768
4.18973333333333	44800
4.19056666666667	41056
4.19140000000000	37776
4.19223333333333	55376
4.19306666666667	53552
4.19390000000000	51952
4.19473333333333	46720
4.19556666666667	26800
4.19640000000000	56320
4.19723333333333	46032
4.19806666666667	41152
4.19890000000000	39152
4.19973333333333	37152
4.20056666666667	39488
4.20140000000000	40480
4.20225000000000	41472
4.20308333333333	38288
4.20391666666667	35088
4.20475000000000	51952
4.20558333333333	57952
4.20641666666667	56832
4.20725000000000	44976
4.20808333333333	52480
4.20891666666667	53536
4.20975000000000	55696
4.21058333333333	49296
4.21141666666667	46016
4.21225000000000	45408
4.21308333333333	46608
4.21391666666667	32292
4.21475000000000	38896
4.21558333333333	41200
4.21641666666667	55344
4.21725000000000	50864
4.21808333333333	49888
4.21891666666667	55968
4.21976666666667	53472
4.22060000000000	53776
4.22143333333333	49632
4.22226666666667	33360
4.22310000000000	43648
4.22393333333333	46880
4.22476666666667	52576
4.22560000000000	44624
4.22643333333333	47632
4.22726666666667	54112
4.22810000000000	51040
4.22893333333333	47952
4.22976666666667	57632
4.23060000000000	55008
4.23143333333333	44384
4.23226666666667	49776
4.23310000000000	47872
4.23393333333333	45952
4.23476666666667	33072
4.23560000000000	59952
4.23643333333333	58064
4.23726666666667	56848
4.23810000000000	52608
4.23893333333333	57600
4.23976666666667	55280
4.24060000000000	57856
4.24143333333333	52192
4.24226666666667	63408
4.24310000000000	60320
4.24393333333333	48672
4.24476666666667	41728
4.24560000000000	29788
4.24643333333333	54320
4.24726666666667	44576
4.24810000000000	46960
4.24893333333333	49760
4.24976666666667	52576
4.25060000000000	54112
4.25143333333333	43504
4.25226666666667	61472
4.25310000000000	41552
4.25395000000000	43184
4.25478333333333	48480
4.25561666666667	48480
4.25645000000000	47856
4.25728333333333	54992
4.25811666666667	39632
4.25895000000000	52800
4.25978333333333	50416
4.26061666666667	49280
4.26145000000000	43584
4.26228333333333	32460
4.26311666666667	49680
4.26395000000000	51920
4.26478333333333	49008
4.26561666666667	51808
4.26645000000000	51200
4.26728333333333	50592
4.26811666666667	55904
4.26895000000000	44496
4.26978333333333	45040
4.27063333333333	51776
4.27146666666667	46288
4.27230000000000	51696
4.27313333333333	46592
4.27396666666667	41488
4.27480000000000	49344
4.27563333333333	48448
4.27646666666667	53232
4.27730000000000	52640
4.27813333333333	56800
4.27896666666667	58416
4.27980000000000	48784
4.28063333333333	50096
4.28146666666667	42480
4.28230000000000	41328
4.28313333333333	45840
4.28396666666667	48224
4.28480000000000	50608
4.28563333333333	31828
4.28646666666667	36912
4.28730000000000	35216
4.28815000000000	45008
4.28898333333333	50176
4.28981666666667	52176
4.29065000000000	50016
4.29148333333333	50432
4.29231666666667	50864
4.29315000000000	54656
4.29398333333333	54528
4.29481666666667	54400
4.29565000000000	39696
4.29648333333333	45696
4.29731666666667	55680
4.29815000000000	49824
4.29898333333333	49600
4.29981666666667	41232
4.30065000000000	46672
4.30148333333333	48576
4.30230000000000	49360
4.30313333333333	49264
4.30396666666667	51760
4.30481666666667	35920
4.30565000000000	39008
4.30648333333333	48640
4.30731666666667	41232
4.30815000000000	47392
4.30898333333333	48208
4.30981666666667	46976
4.31065000000000	46208
4.31148333333333	45440
4.31231666666667	47872
4.31315000000000	47952
4.31398333333333	48032
4.31481666666667	37968
4.31565000000000	38080
4.31648333333333	47040
4.31731666666667	41952
4.31815000000000	44480
4.31898333333333	47008
4.31981666666667	56480
4.32065000000000	54656
4.32148333333333	49920
4.32233333333333	51232
4.32316666666667	38960
4.32400000000000	53776
4.32483333333333	59888
4.32566666666667	49168
4.32650000000000	45520
4.32733333333333	52464
4.32816666666667	35392
4.32900000000000	41472
4.32983333333333	46032
4.33066666666667	55232
4.33150000000000	52192
4.33233333333333	46384
4.33316666666667	60160
4.33400000000000	55152
4.33483333333333	59680
4.33566666666667	54416
4.33650000000000	59168
4.33733333333333	45872
4.33816666666667	56784
4.33901666666667	52576
4.33985000000000	51648
4.34068333333333	49648
4.34151666666667	47632
4.34235000000000	48352
4.34318333333333	47760
4.34401666666667	47184
4.34485000000000	56080
4.34568333333333	29220
4.34651666666667	43920
4.34735000000000	50368
4.34818333333333	41808
4.34901666666667	41920
4.34985000000000	36976
4.35068333333333	51680
4.35151666666667	58960
4.35235000000000	50080
4.35318333333333	39072
4.35401666666667	52096
4.35485000000000	58928
4.35568333333333	64048
4.35653333333333	53088
4.35736666666667	47600
4.35820000000000	43680
4.35903333333333	53760
4.35986666666667	52256
4.36070000000000	44064
4.36153333333333	49152
4.36236666666667	49344
4.36320000000000	49600
4.36403333333333	49856
4.36486666666667	42944
4.36570000000000	40848
4.36653333333333	42752
4.36736666666667	37936
4.36820000000000	33120
4.36903333333333	37904
4.36986666666667	43808
4.37070000000000	46752
4.37153333333333	49712
4.37236666666667	46784
4.37321666666667	52912
4.37405000000000	49696
4.37488333333333	46480
4.37571666666667	50672
4.37655000000000	45888
4.37738333333333	54080
4.37821666666667	57280
4.37905000000000	53536
4.37988333333333	58768
4.38071666666667	61808
4.38155000000000	59616
4.38238333333333	55472
4.38321666666667	47344
4.38405000000000	56496
4.38488333333333	55696
4.38571666666667	52336
4.38655000000000	55296
4.38738333333333	51936
4.38821666666667	43232
4.38905000000000	48640
4.38988333333333	47904
4.39073333333333	45920
4.39156666666667	45664
4.39240000000000	47696
4.39323333333333	58016
4.39406666666667	61168
4.39490000000000	63184
4.39573333333333	45264
4.39656666666667	46384
4.39740000000000	62224
4.39823333333333	49120
4.39906666666667	51856
4.39990000000000	57984
4.40073333333333	52640
4.40156666666667	40880
4.40240000000000	56704
4.40323333333333	46272
4.40406666666667	56720
4.40490000000000	50448
4.40573333333333	51344
4.40656666666667	53296
4.40741666666667	56576
4.40825000000000	36512
4.40908333333333	52992
4.40991666666667	58128
4.41075000000000	50368
4.41158333333333	41856
4.41241666666667	46096
4.41325000000000	41936
4.41408333333333	48624
4.41491666666667	50560
4.41575000000000	44800
4.41658333333333	51184
4.41741666666667	45664
4.41825000000000	40144
4.41908333333333	50384
4.41991666666667	53520
4.42075000000000	44672
4.42158333333333	54704
4.42241666666667	41376
4.42325000000000	54736
4.42406666666667	51488
4.42491666666667	49008
4.42575000000000	43024
4.42658333333333	49600
4.42741666666667	34480
4.42825000000000	47472
4.42908333333333	40480
4.42991666666667	41632
4.43075000000000	42784
4.43158333333333	55264
4.43241666666667	58784
4.43325000000000	59200
4.43408333333333	51856
4.43491666666667	47232
4.43575000000000	42752
4.43658333333333	51968
4.43741666666667	48240
4.43825000000000	53808
4.43908333333333	41936
4.43991666666667	48608
4.44075000000000	45328
4.44160000000000	42048
4.44243333333333	41952
4.44326666666667	41840
4.44410000000000	33584
4.44493333333333	35664
4.44576666666667	51504
4.44660000000000	54992
4.44743333333333	45792
4.44826666666667	55472
4.44910000000000	49600
4.44993333333333	43152
4.45076666666667	43424
4.45160000000000	46720
4.45243333333333	45440
4.45326666666667	50368
4.45410000000000	51744
4.45493333333333	51728
4.45576666666667	51712
4.45660000000000	50800
4.45743333333333	54192
4.45826666666667	57600
4.45911666666667	68224
4.45995000000000	34400
4.46078333333333	40848
4.46161666666667	41952
4.46245000000000	31332
4.46328333333333	48384
4.46411666666667	61008
4.46495000000000	56656
4.46578333333333	60240
4.46661666666667	57008
4.46745000000000	45824
4.46828333333333	55424
4.46911666666667	56704
4.46995000000000	52912
4.47078333333333	39216
4.47161666666667	45296
4.47245000000000	35632
4.47328333333333	44704
4.47411666666667	51808
4.47495000000000	54240
4.47580000000000	43536
4.47663333333333	58912
4.47746666666667	56144
4.47830000000000	39008
4.47913333333333	47936
4.47996666666667	37728
4.48080000000000	44912
4.48163333333333	41264
4.48246666666667	37616
4.48330000000000	43888
4.48413333333333	50160
4.48496666666667	52272
4.48580000000000	48960
4.48663333333333	48752
4.48746666666667	48560
4.48830000000000	49456
4.48913333333333	51488
4.48996666666667	53536
4.49080000000000	55984
4.49163333333333	29612
4.49246666666667	51568
4.49331666666667	46288
4.49415000000000	50720
4.49498333333333	53088
4.49581666666667	55456
4.49665000000000	51904
4.49748333333333	53888
4.49831666666667	60336
4.49915000000000	57776
