1.50330000000000	0
1.50663333333333	0
1.50996666666667	0
1.51330000000000	0
1.51663333333333	0
1.51998333333333	0
1.52331666666667	0
1.52665000000000	0
1.52998333333333	0
1.53331666666667	0
1.53666666666667	0
1.54000000000000	0
1.54333333333333	0
1.54666666666667	0
1.55000000000000	0
1.55335000000000	0
1.55668333333333	0
1.56001666666667	0
1.56335000000000	0
1.56668333333333	0
1.57003333333333	0
1.57336666666667	0
1.57670000000000	0
1.58003333333333	0
1.58336666666667	0
1.58671666666667	0
1.59005000000000	0
1.59338333333333	0
1.59671666666667	0
1.60005000000000	0
1.60340000000000	0
1.60673333333333	0
1.61006666666667	0
1.61340000000000	0
1.61673333333333	0
1.62008333333333	0
1.62341666666667	0
1.62675000000000	0
1.63008333333333	0
1.63341666666667	0
1.63676666666667	0
1.64010000000000	0
1.64343333333333	0
1.64676666666667	0
1.65010000000000	426
1.65345000000000	213
1.65678333333333	0
1.66011666666667	0
1.66345000000000	0
1.66678333333333	0
1.67013333333333	0
1.67346666666667	0
1.67680000000000	0
1.68013333333333	0
1.68346666666667	0
1.68681666666667	0
1.69015000000000	0
1.69348333333333	0
1.69681666666667	0
1.70015000000000	0
1.70350000000000	0
1.70683333333333	0
1.71016666666667	0
1.71350000000000	0
1.71683333333333	0
1.72018333333333	0
1.72351666666667	0
1.72685000000000	0
1.73018333333333	0
1.73351666666667	0
1.73686666666667	0
1.74020000000000	0
1.74353333333333	0
1.74686666666667	0
1.75020000000000	0
1.75355000000000	0
1.75688333333333	0
1.76021666666667	0
1.76355000000000	0
1.76688333333333	0
1.77023333333333	0
1.77356666666667	0
1.77690000000000	0
1.78023333333333	0
1.78356666666667	0
1.78691666666667	0
1.79025000000000	0
1.79358333333333	0
1.79691666666667	0
1.80025000000000	0
1.80360000000000	0
1.80693333333333	0
1.81026666666667	0
1.81360000000000	0
1.81693333333333	0
1.82026666666667	0
1.82361666666667	0
1.82695000000000	0
1.83028333333333	0
1.83361666666667	0
1.83695000000000	0
1.84030000000000	0
1.84363333333333	0
1.84696666666667	0
1.85030000000000	0
1.85363333333333	0
1.85698333333333	0
1.86031666666667	0
1.86365000000000	0
1.86698333333333	0
1.87031666666667	0
1.87366666666667	0
1.87700000000000	0
1.88033333333333	0
1.88366666666667	0
1.88700000000000	0
1.89035000000000	0
1.89368333333333	0
1.89701666666667	0
1.90035000000000	0
1.90368333333333	0
1.90703333333333	0
1.91036666666667	0
1.91370000000000	0
1.91703333333333	0
1.92036666666667	0
1.92371666666667	0
1.92705000000000	0
1.93038333333333	0
1.93371666666667	0
1.93705000000000	0
1.94040000000000	0
1.94373333333333	0
1.94706666666667	0
1.95040000000000	0
1.95373333333333	0
1.95708333333333	0
1.96041666666667	0
1.96375000000000	0
1.96708333333333	0
1.97041666666667	0
1.97376666666667	0
1.97710000000000	0
1.98043333333333	0
1.98376666666667	0
1.98710000000000	0
1.99045000000000	0
1.99378333333333	0
1.99711666666667	0
2.00045000000000	0
2.00378333333333	0
2.00713333333333	0
2.01046666666667	0
2.01380000000000	0
2.01713333333333	0
2.02046666666667	0
2.02381666666667	0
2.02715000000000	0
2.03048333333333	0
2.03381666666667	0
2.03715000000000	0
2.04050000000000	0
2.04383333333333	0
2.04716666666667	0
2.05050000000000	0
2.05383333333333	0
2.05718333333333	0
2.06051666666667	0
2.06385000000000	0
2.06718333333333	0
2.07051666666667	0
2.07386666666667	0
2.07720000000000	0
2.08053333333333	0
2.08386666666667	0
2.08720000000000	0
2.09055000000000	0
2.09388333333333	0
2.09721666666667	0
2.10055000000000	0
2.10388333333333	0
2.10723333333333	0
2.11056666666667	0
2.11390000000000	0
2.11723333333333	0
2.12056666666667	0
2.12391666666667	0
2.12725000000000	56
2.13058333333333	28
2.13391666666667	0
2.13725000000000	0
2.14060000000000	0
2.14393333333333	0
2.14726666666667	0
2.15060000000000	0
2.15393333333333	0
2.15726666666667	0
2.16061666666667	0
2.16395000000000	0
2.16728333333333	0
2.17061666666667	0
2.17395000000000	0
2.17730000000000	0
2.18063333333333	173
2.18396666666667	87
2.18730000000000	0
2.19063333333333	0
2.19398333333333	0
2.19731666666667	0
2.20065000000000	0
2.20398333333333	0
2.20731666666667	0
2.21066666666667	0
2.21400000000000	0
2.21733333333333	0
2.22066666666667	0
2.22400000000000	0
2.22735000000000	0
2.23068333333333	410
2.23401666666667	2400
2.23735000000000	2296
2.24068333333333	0
2.24403333333333	1702
2.24736666666667	0
2.25070000000000	424
2.25403333333333	849
2.25736666666667	2408
2.26071666666667	3210
2.26405000000000	0
2.26738333333333	0
2.27071666666667	6908
2.27403333333333	6152
2.27738333333333	51
2.28071666666667	1946
2.28405000000000	0
2.28738333333333	684
2.29071666666667	1368
2.29406666666667	2241
2.29740000000000	2727
2.30073333333333	2024
2.30406666666667	2725
2.30740000000000	3426
2.31075000000000	9032
2.31408333333333	7560
2.31741666666667	10444
2.32075000000000	10952
2.32408333333333	11456
2.32743333333333	9020
2.33076666666667	9256
2.33410000000000	9084
2.33743333333333	16028
2.34076666666667	18944
2.34411666666667	17960
2.34745000000000	15656
2.35078333333333	10880
2.35411666666667	5468
2.35745000000000	11792
2.36080000000000	10176
2.36413333333333	17348
2.36746666666667	20436
2.37080000000000	20296
2.37413333333333	22008
2.37748333333333	25136
2.38081666666667	10312
2.38415000000000	22692
2.38748333333333	19356
2.39081666666667	24416
2.39416666666667	28816
2.39750000000000	29536
2.40083333333333	24876
2.40416666666667	23376
2.40750000000000	27704
2.41085000000000	11796
2.41418333333333	29864
2.41751666666667	20400
2.42085000000000	38032
2.42418333333333	41968
2.42753333333333	27908
2.43086666666667	17992
2.43420000000000	10496
2.43753333333333	33824
2.44086666666667	40560
2.44421666666667	32832
2.44755000000000	26816
2.45088333333333	26372
2.45421666666667	24024
2.45755000000000	24452
2.46090000000000	24564
2.46423333333333	24672
2.46756666666667	22976
2.47090000000000	21280
2.47423333333333	42864
2.47758333333333	37856
2.48091666666667	31148
2.48425000000000	40272
2.48758333333333	38384
2.49091666666667	44176
2.49425000000000	35312
2.49760000000000	41840
2.50093333333333	35376
2.50426666666667	41120
2.50760000000000	40160
2.51093333333333	39216
2.51428333333333	40320
2.51761666666667	43408
2.52095000000000	46512
2.52428333333333	44688
2.52761666666667	37536
2.53096666666667	36608
2.53430000000000	38976
2.53763333333333	41360
2.54096666666667	38112
2.54430000000000	34848
2.54765000000000	39632
2.55098333333333	44400
2.55431666666667	47024
2.55765000000000	46448
2.56098333333333	45872
2.56433333333333	35920
2.56766666666667	44336
2.57100000000000	37104
2.57433333333333	22980
2.57766666666667	35552
2.58101666666667	38032
2.58435000000000	40512
2.58768333333333	40048
2.59101666666667	39504
2.59435000000000	43568
2.59770000000000	40080
2.60103333333333	36608
2.60436666666667	46336
2.60770000000000	41760
2.61103333333333	37200
2.61438333333333	41328
2.61771666666667	49328
2.62105000000000	50688
2.62438333333333	25176
2.62771666666667	57888
2.63106666666667	39008
2.63440000000000	47344
2.63773333333333	49056
2.64106666666667	55856
2.64440000000000	56816
2.64775000000000	52864
2.65108333333333	50928
2.65441666666667	54560
2.65775000000000	48032
2.66108333333333	47456
2.66443333333333	43392
2.66776666666667	39328
2.67110000000000	45472
2.67443333333333	27740
2.67776666666667	36224
2.68111666666667	44704
2.68445000000000	31164
2.68778333333333	37696
2.69111666666667	41472
2.69445000000000	47936
2.69780000000000	44048
2.70113333333333	40144
2.70446666666667	48064
2.70780000000000	55984
2.71113333333333	52016
2.71448333333333	44048
2.71781666666667	55360
2.72115000000000	56400
2.72448333333333	57232
2.72781666666667	43616
2.73116666666667	54656
2.73450000000000	49568
2.73783333333333	48384
2.74116666666667	48768
2.74450000000000	49136
2.74785000000000	45200
2.75118333333333	45344
2.75451666666667	45472
2.75785000000000	39648
2.76118333333333	33808
2.76453333333333	35168
2.76786666666667	33936
2.77120000000000	37104
2.77453333333333	57120
2.77786666666667	60192
2.78121666666667	43248
2.78455000000000	46064
2.78788333333333	41024
2.79121666666667	51440
2.79455000000000	45808
2.79790000000000	40160
2.80123333333333	31596
2.80456666666667	39632
2.80790000000000	42208
2.81123333333333	32532
2.81458333333333	38192
2.81791666666667	43856
2.82125000000000	56352
2.82458333333333	58864
2.82791666666667	43744
2.83125000000000	52128
2.83460000000000	33280
2.83793333333333	38960
2.84126666666667	53824
2.84460000000000	57248
2.84793333333333	36464
2.85128333333333	26532
2.85461666666667	38416
2.85795000000000	36000
2.86128333333333	37504
2.86461666666667	39008
2.86796666666667	47824
2.87130000000000	51712
2.87463333333333	54992
2.87796666666667	17708
2.88130000000000	42576
2.88465000000000	55520
2.88798333333333	47168
2.89131666666667	45616
2.89465000000000	44080
2.89798333333333	44512
2.90133333333333	43232
2.90466666666667	46832
2.90800000000000	65568
2.91133333333333	66096
2.91466666666667	23208
2.91801666666667	43664
2.92135000000000	47136
2.92468333333333	55664
2.92801666666667	59584
2.93135000000000	43008
2.93470000000000	38432
2.93803333333333	51520
2.94136666666667	48656
2.94470000000000	57264
2.94803333333333	53904
2.95138333333333	47504
2.95471666666667	37888
2.95805000000000	42400
2.96138333333333	38736
2.96471666666667	36784
2.96806666666667	31736
2.97140000000000	26696
2.97473333333333	38384
2.97806666666667	35744
2.98140000000000	33104
2.98475000000000	50672
2.98808333333333	50256
2.99141666666667	38528
2.99475000000000	54288
2.99808333333333	50960
3.00143333333333	47632
3.00476666666667	40000
3.00810000000000	42608
3.01143333333333	49376
3.01476666666667	32588
3.01811666666667	35168
3.02145000000000	53008
3.02478333333333	45344
3.02811666666667	38944
3.03145000000000	38576
3.03480000000000	33136
3.03813333333333	46992
3.04146666666667	47664
3.04480000000000	48320
3.04813333333333	35248
3.05148333333333	55536
3.05481666666667	44272
3.05815000000000	37984
3.06148333333333	60032
3.06481666666667	38928
3.06816666666667	38832
3.07150000000000	58864
3.07483333333333	42576
3.07816666666667	24724
3.08150000000000	58096
3.08485000000000	50800
3.08818333333333	23876
3.09151666666667	39488
3.09485000000000	39744
3.09818333333333	45776
3.10153333333333	46080
3.10486666666667	46368
3.10820000000000	42512
3.11153333333333	38672
3.11486666666667	55104
3.11821666666667	55024
3.12155000000000	51056
3.12488333333333	47104
3.12821666666667	30904
3.13155000000000	55808
3.13490000000000	39216
3.13823333333333	51360
3.14156666666667	44272
3.14490000000000	54288
3.14823333333333	44320
3.15158333333333	40176
3.15491666666667	52672
3.15825000000000	51472
3.16158333333333	48640
3.16491666666667	45824
3.16825000000000	43152
3.17160000000000	32164
3.17493333333333	47856
3.17826666666667	43952
3.18160000000000	58448
3.18493333333333	51040
3.18828333333333	50064
3.19161666666667	45488
3.19495000000000	54464
3.19828333333333	50016
3.20161666666667	45584
3.20496666666667	50704
3.20830000000000	42896
3.21163333333333	51328
3.21496666666667	48272
3.21830000000000	23812
3.22165000000000	51200
3.22498333333333	65088
3.22831666666667	36208
3.23165000000000	61216
3.23498333333333	51456
3.23833333333333	54384
3.24166666666667	47552
3.24500000000000	43824
3.24833333333333	55120
3.25166666666667	35504
3.25501666666667	44688
3.25835000000000	37728
3.26168333333333	44112
3.26501666666667	48512
3.26835000000000	52912
3.27170000000000	52176
3.27503333333333	52352
3.27836666666667	52528
3.28170000000000	43584
3.28503333333333	52576
3.28838333333333	61552
3.29171666666667	38304
3.29505000000000	38096
3.29838333333333	58016
3.30171666666667	53296
3.30506666666667	54240
3.30840000000000	55184
3.31173333333333	43456
3.31506666666667	49616
3.31840000000000	45152
3.32175000000000	51952
3.32508333333333	49152
3.32841666666667	46368
3.33175000000000	39840
3.33508333333333	33328
3.33843333333333	51344
3.34176666666667	45792
3.34510000000000	58512
3.34843333333333	50608
3.35176666666667	47136
3.35511666666667	55504
3.35845000000000	54672
3.36178333333333	41648
3.36511666666667	44096
3.36845000000000	46544
3.37180000000000	31692
3.37513333333333	44304
3.37846666666667	43168
3.38180000000000	40816
3.38513333333333	42800
3.38848333333333	48288
3.39181666666667	42288
3.39515000000000	36304
3.39848333333333	37152
3.40181666666667	38720
3.40516666666667	38160
3.40850000000000	40960
3.41183333333333	43760
3.41516666666667	54720
3.41850000000000	54720
3.42185000000000	53968
3.42518333333333	50592
3.42851666666667	51760
3.43185000000000	52048
3.43518333333333	52320
3.43853333333333	50016
3.44186666666667	47712
3.44520000000000	58368
3.44853333333333	36032
3.45186666666667	33680
3.45521666666667	45232
3.45855000000000	42416
3.46188333333333	39600
3.46521666666667	46208
3.46855000000000	46848
3.47190000000000	47488
3.47523333333333	35808
3.47856666666667	32400
3.48190000000000	54592
3.48523333333333	46032
3.48858333333333	44768
3.49191666666667	42160
3.49525000000000	42256
3.49858333333333	43936
3.50191666666667	45600
3.50525000000000	46752
3.50860000000000	47904
3.51193333333333	39776
3.51526666666667	52336
3.51860000000000	50048
3.52193333333333	37632
3.52528333333333	25484
3.52861666666667	59936
3.53195000000000	48032
3.53528333333333	38736
3.53861666666667	50960
3.54196666666667	44544
3.54530000000000	54128
3.54863333333333	52288
3.55196666666667	50464
3.55530000000000	30596
3.55865000000000	34032
3.56198333333333	34608
3.56531666666667	55488
3.56865000000000	70912
3.57198333333333	55072
3.57533333333333	46736
3.57866666666667	33040
3.58200000000000	51456
3.58533333333333	59552
3.58866666666667	38304
3.59201666666667	53152
3.59535000000000	53424
3.59868333333333	38864
3.60201666666667	35200
3.60535000000000	60912
3.60870000000000	62832
3.61203333333333	60800
3.61536666666667	47552
3.61870000000000	59696
3.62203333333333	55808
3.62538333333333	59856
3.62871666666667	37168
3.63205000000000	62272
3.63538333333333	54464
3.63871666666667	40352
3.64206666666667	50256
3.64540000000000	49072
3.64873333333333	55248
3.65206666666667	46096
3.65540000000000	47472
3.65875000000000	38480
3.66208333333333	50960
3.66541666666667	51728
3.66875000000000	45968
3.67208333333333	49664
3.67543333333333	43008
3.67876666666667	36368
3.68210000000000	58320
3.68543333333333	63664
3.68876666666667	75856
3.69211666666667	54672
3.69545000000000	40512
3.69878333333333	61392
3.70211666666667	43696
3.70545000000000	53360
3.70880000000000	49152
3.71213333333333	46608
3.71546666666667	44064
3.71880000000000	43072
3.72213333333333	41664
3.72548333333333	47712
3.72881666666667	50192
3.73215000000000	52656
3.73548333333333	30880
3.73881666666667	52320
3.74216666666667	26632
3.74550000000000	53712
3.74883333333333	52592
3.75216666666667	59632
3.75550000000000	57520
3.75885000000000	48672
3.76218333333333	56080
3.76551666666667	55792
3.76885000000000	44848
3.77218333333333	43664
3.77553333333333	42000
3.77886666666667	41712
3.78220000000000	36000
3.78553333333333	30300
3.78886666666667	33712
3.79221666666667	37136
3.79555000000000	33744
3.79888333333333	31972
3.80221666666667	30196
3.80555000000000	37216
3.80890000000000	40112
3.81223333333333	43008
3.81556666666667	42192
3.81890000000000	41376
3.82223333333333	52288
3.82558333333333	49744
3.82891666666667	49296
3.83225000000000	48848
3.83558333333333	50736
3.83891666666667	42896
3.84225000000000	45168
3.84560000000000	49136
3.84893333333333	53120
3.85226666666667	59360
3.85560000000000	27172
3.85893333333333	35904
3.86228333333333	50432
3.86561666666667	41984
3.86895000000000	55664
3.87228333333333	42432
3.87561666666667	40496
3.87896666666667	52336
3.88230000000000	50320
3.88563333333333	46704
3.88896666666667	43088
3.89230000000000	42560
3.89565000000000	52288
3.89898333333333	54768
3.90231666666667	57456
3.90565000000000	38096
3.90898333333333	55104
3.91233333333333	65040
3.91566666666667	32448
3.91900000000000	56816
3.92233333333333	35600
3.92566666666667	55024
3.92901666666667	53216
3.93235000000000	42272
3.93568333333333	50880
3.93901666666667	43760
3.94235000000000	28992
3.94568333333333	37440
3.94901666666667	40128
3.95235000000000	41200
3.95568333333333	33456
3.95901666666667	35584
3.96236666666667	49888
3.96570000000000	54464
3.96903333333333	37824
3.97236666666667	42400
3.97570000000000	50784
3.97905000000000	38480
3.98238333333333	42320
3.98571666666667	46160
3.98905000000000	49872
3.99238333333333	44192
3.99573333333333	46000
3.99906666666667	47792
4.00240000000000	41440
4.00573333333333	34944
4.00906666666667	42752
4.01241666666667	48800
4.01575000000000	57200
4.01908333333333	55248
4.02241666666667	53312
4.02575000000000	47728
4.02910000000000	42064
4.03243333333333	48304
4.03576666666667	46960
4.03910000000000	29748
4.04243333333333	58608
4.04578333333333	47008
4.04911666666667	62368
4.05245000000000	50288
4.05578333333333	54752
4.05911666666667	54992
4.06246666666667	58112
4.06580000000000	40944
4.06913333333333	61728
4.07246666666667	50528
4.07580000000000	59232
4.07915000000000	38688
4.08248333333333	53888
4.08581666666667	53936
4.08915000000000	43840
4.09248333333333	46240
4.09581666666667	48640
4.09915000000000	50368
4.10248333333333	52080
4.10581666666667	51920
4.10915000000000	53920
4.11250000000000	55936
4.11583333333333	59664
4.11916666666667	36944
4.12250000000000	58528
4.12583333333333	28244
4.12918333333333	45568
4.13251666666667	54016
4.13585000000000	37008
4.13918333333333	46272
4.14251666666667	55520
4.14586666666667	50464
4.14920000000000	31052
4.15253333333333	43552
4.15586666666667	19800
4.15920000000000	50832
4.16255000000000	64464
4.16588333333333	59664
4.16921666666667	26800
4.17255000000000	57040
4.17588333333333	46000
4.17921666666667	57472
4.18256666666667	39488
4.18590000000000	26228
4.18923333333333	31052
4.19256666666667	45616
4.19590000000000	52032
4.19925000000000	46016
4.20258333333333	28516
4.20591666666667	24204
4.20925000000000	58176
4.21258333333333	54768
4.21593333333333	32000
4.21926666666667	47008
4.22260000000000	62368
4.22593333333333	64192
4.22926666666667	49184
4.23261666666667	54144
4.23595000000000	19076
4.23928333333333	34768
4.24261666666667	43712
4.24595000000000	58640
4.24930000000000	56784
4.25263333333333	63472
4.25596666666667	44624
4.25930000000000	59904
4.26263333333333	59536
4.26598333333333	49680
4.26931666666667	37760
4.27265000000000	58480
4.27598333333333	55184
4.27931666666667	64256
4.28266666666667	63728
4.28600000000000	25320
4.28933333333333	58800
4.29266666666667	60832
4.29600000000000	40912
4.29935000000000	52112
4.30268333333333	42192
4.30601666666667	53216
4.30935000000000	33376
4.31268333333333	41792
4.31603333333333	31724
4.31936666666667	41584
4.32270000000000	36608
4.32603333333333	53120
4.32936666666667	46992
4.33271666666667	45504
4.33605000000000	44032
4.33938333333333	42352
4.34271666666667	40672
4.34605000000000	48816
4.34940000000000	52720
4.35273333333333	49536
4.35606666666667	46352
4.35940000000000	37088
4.36273333333333	49120
4.36608333333333	52944
4.36941666666667	49392
4.37275000000000	26844
4.37608333333333	41984
4.37941666666667	46320
4.38276666666667	50640
4.38610000000000	39568
4.38943333333333	38848
4.39276666666667	34704
4.39610000000000	44928
4.39945000000000	46560
4.40278333333333	48192
4.40611666666667	49568
4.40945000000000	50512
4.41278333333333	36656
4.41613333333333	44688
4.41946666666667	44592
4.42280000000000	56064
4.42613333333333	54288
4.42946666666667	48704
4.43281666666667	45136
4.43615000000000	52592
4.43948333333333	29816
4.44281666666667	38672
4.44615000000000	51184
4.44950000000000	45520
4.45283333333333	46288
4.45616666666667	40880
4.45950000000000	47904
4.46283333333333	47840
4.46618333333333	43904
4.46951666666667	49248
4.47285000000000	42480
4.47618333333333	51248
4.47951666666667	19992
4.48286666666667	36064
4.48620000000000	46832
4.48953333333333	57632
4.49286666666667	46640
4.49620000000000	49392
