1.50331666666667	0
1.50665000000000	1693
1.50998333333333	2709
1.51331666666667	0
1.51665000000000	1284
1.52000000000000	0
1.52333333333333	0
1.52666666666667	0
1.53000000000000	0
1.53333333333333	0
1.53668333333333	0
1.54001666666667	0
1.54335000000000	0
1.54668333333333	0
1.55001666666667	0
1.55336666666667	0
1.55670000000000	0
1.56003333333333	0
1.56336666666667	0
1.56670000000000	0
1.57005000000000	0
1.57338333333333	0
1.57671666666667	0
1.58005000000000	0
1.58338333333333	0
1.58673333333333	0
1.59006666666667	0
1.59340000000000	0
1.59673333333333	0
1.60006666666667	0
1.60341666666667	0
1.60675000000000	0
1.61008333333333	0
1.61341666666667	0
1.61675000000000	0
1.62010000000000	1861
1.62343333333333	1725
1.62676666666667	0
1.63010000000000	979
1.63343333333333	0
1.63678333333333	0
1.64011666666667	0
1.64345000000000	0
1.64678333333333	0
1.65011666666667	0
1.65346666666667	0
1.65680000000000	0
1.66013333333333	0
1.66346666666667	0
1.66680000000000	0
1.67015000000000	0
1.67348333333333	0
1.67681666666667	412
1.68015000000000	206
1.68348333333333	0
1.68683333333333	0
1.69016666666667	0
1.69350000000000	0
1.69683333333333	0
1.70016666666667	0
1.70351666666667	0
1.70685000000000	0
1.71018333333333	0
1.71351666666667	0
1.71685000000000	0
1.72020000000000	0
1.72353333333333	0
1.72686666666667	0
1.73020000000000	0
1.73353333333333	0
1.73688333333333	0
1.74021666666667	0
1.74355000000000	0
1.74688333333333	0
1.75021666666667	0
1.75356666666667	0
1.75690000000000	0
1.76023333333333	0
1.76356666666667	0
1.76690000000000	0
1.77025000000000	0
1.77358333333333	0
1.77691666666667	0
1.78025000000000	0
1.78358333333333	0
1.78693333333333	0
1.79026666666667	0
1.79360000000000	0
1.79693333333333	0
1.80026666666667	0
1.80361666666667	0
1.80695000000000	0
1.81028333333333	0
1.81361666666667	0
1.81695000000000	0
1.82028333333333	0
1.82363333333333	0
1.82696666666667	0
1.83030000000000	0
1.83363333333333	0
1.83696666666667	0
1.84031666666667	0
1.84365000000000	0
1.84698333333333	0
1.85031666666667	0
1.85365000000000	0
1.85700000000000	0
1.86033333333333	0
1.86366666666667	0
1.86700000000000	0
1.87033333333333	0
1.87368333333333	0
1.87701666666667	0
1.88035000000000	241
1.88368333333333	121
1.88701666666667	0
1.89036666666667	0
1.89370000000000	0
1.89703333333333	0
1.90036666666667	0
1.90370000000000	0
1.90705000000000	0
1.91038333333333	0
1.91371666666667	0
1.91705000000000	0
1.92038333333333	0
1.92373333333333	0
1.92706666666667	0
1.93040000000000	0
1.93373333333333	0
1.93706666666667	0
1.94041666666667	0
1.94375000000000	0
1.94708333333333	0
1.95041666666667	0
1.95375000000000	0
1.95710000000000	0
1.96043333333333	0
1.96376666666667	0
1.96710000000000	0
1.97043333333333	0
1.97378333333333	0
1.97711666666667	0
1.98045000000000	0
1.98378333333333	0
1.98711666666667	0
1.99046666666667	0
1.99380000000000	0
1.99713333333333	0
2.00046666666667	0
2.00380000000000	0
2.00715000000000	0
2.01048333333333	0
2.01381666666667	0
2.01715000000000	0
2.02048333333333	0
2.02383333333333	0
2.02716666666667	0
2.03050000000000	0
2.03383333333333	0
2.03716666666667	0
2.04051666666667	0
2.04385000000000	0
2.04718333333333	0
2.05051666666667	0
2.05385000000000	0
2.05720000000000	0
2.06053333333333	0
2.06386666666667	0
2.06720000000000	0
2.07053333333333	0
2.07388333333333	0
2.07721666666667	0
2.08055000000000	1490
2.08388333333333	745
2.08721666666667	0
2.09056666666667	0
2.09390000000000	0
2.09723333333333	0
2.10056666666667	0
2.10390000000000	0
2.10725000000000	0
2.11058333333333	0
2.11391666666667	0
2.11725000000000	0
2.12058333333333	0
2.12393333333333	0
2.12726666666667	0
2.13060000000000	0
2.13393333333333	0
2.13726666666667	0
2.14061666666667	0
2.14395000000000	0
2.14728333333333	0
2.15061666666667	0
2.15395000000000	0
2.15728333333333	0
2.16063333333333	0
2.16396666666667	0
2.16730000000000	238
2.17063333333333	119
2.17396666666667	0
2.17731666666667	0
2.18065000000000	0
2.18398333333333	0
2.18731666666667	0
2.19065000000000	0
2.19400000000000	0
2.19733333333333	0
2.20066666666667	0
2.20400000000000	0
2.20733333333333	0
2.21068333333333	0
2.21401666666667	0
2.21735000000000	0
2.22068333333333	0
2.22401666666667	0
2.22736666666667	0
2.23070000000000	0
2.23403333333333	0
2.23736666666667	0
2.24070000000000	0
2.24405000000000	0
2.24738333333333	0
2.25071666666667	0
2.25405000000000	177
2.25738333333333	88
2.26073333333333	0
2.26406666666667	0
2.26740000000000	670
2.27073333333333	1340
2.27406666666667	1470
2.27741666666667	3219
2.28075000000000	3452
2.28408333333333	1620
2.28741666666667	2373
2.29075000000000	5752
2.29410000000000	5592
2.29743333333333	3786
2.30076666666667	7260
2.30410000000000	6008
2.30743333333333	6858
2.31078333333333	11240
2.31411666666667	11316
2.31745000000000	8010
2.32078333333333	8300
2.32411666666667	12484
2.32746666666667	7261
2.33080000000000	12980
2.33413333333333	11808
2.33746666666667	10636
2.34080000000000	13348
2.34415000000000	14408
2.34748333333333	20244
2.35081666666667	18316
2.35415000000000	17104
2.35748333333333	20256
2.36083333333333	23676
2.36416666666667	25572
2.36750000000000	27472
2.37083333333333	19860
2.37416666666667	26004
2.37751666666667	20164
2.38085000000000	14324
2.38418333333333	33552
2.38751666666667	30096
2.39085000000000	31640
2.39420000000000	34560
2.39753333333333	44224
2.40086666666667	42288
2.40420000000000	40208
2.40753333333333	39808
2.41088333333333	39408
2.41421666666667	40704
2.41755000000000	38624
2.42088333333333	40688
2.42421666666667	42768
2.42756666666667	50128
2.43090000000000	51664
2.43423333333333	53216
2.43756666666667	69312
2.44090000000000	67440
2.44425000000000	62448
2.44758333333333	36768
2.45091666666667	61552
2.45425000000000	54336
2.45758333333333	64800
2.46093333333333	65952
2.46426666666667	69856
2.46760000000000	78704
2.47093333333333	50640
2.47426666666667	66656
2.47761666666667	92688
2.48095000000000	80144
2.48428333333333	54816
2.48761666666667	82176
2.49095000000000	50912
2.49428333333333	66592
2.49763333333333	72448
2.50096666666667	70832
2.50430000000000	69232
2.50763333333333	75712
2.51096666666667	70320
2.51431666666667	64912
2.51765000000000	63856
2.52098333333333	62800
2.52431666666667	89392
2.52765000000000	86816
2.53100000000000	84240
2.53433333333333	73616
2.53766666666667	80992
2.54100000000000	83360
2.54433333333333	85728
2.54768333333333	91200
2.55101666666667	90352
2.55435000000000	89520
2.55768333333333	95168
2.56101666666667	100816
2.56436666666667	98912
2.56770000000000	93056
2.57103333333333	87200
2.57436666666667	98704
2.57770000000000	102032
2.58105000000000	105360
2.58438333333333	57952
2.58771666666667	99680
2.59105000000000	65008
2.59438333333333	126480
2.59773333333333	121552
2.60106666666667	95472
2.60440000000000	107664
2.60773333333333	124848
2.61106666666667	87520
2.61441666666667	105216
2.61775000000000	91424
2.62108333333333	123488
2.62441666666667	135680
2.62775000000000	91968
2.63110000000000	123536
2.63443333333333	82432
2.63776666666667	103584
2.64110000000000	97472
2.64443333333333	105840
2.64778333333333	103984
2.65111666666667	102144
2.65445000000000	95952
2.65778333333333	122160
2.66111666666667	67280
2.66446666666667	116352
2.66780000000000	111920
2.67113333333333	106768
2.67446666666667	105744
2.67780000000000	109712
2.68115000000000	76000
2.68448333333333	111792
2.68781666666667	132352
2.69115000000000	122048
2.69448333333333	109296
2.69783333333333	104720
2.70116666666667	120128
2.70450000000000	78528
2.70783333333333	138368
2.71116666666667	127040
2.71451666666667	93696
2.71785000000000	139904
2.72118333333333	90832
2.72451666666667	105584
2.72785000000000	92704
2.73120000000000	94336
2.73453333333333	95952
2.73786666666667	115120
2.74120000000000	132800
2.74453333333333	129408
2.74788333333333	103952
2.75121666666667	72880
2.75455000000000	105264
2.75788333333333	112384
2.76121666666667	112880
2.76456666666667	92336
2.76790000000000	109456
2.77123333333333	110688
2.77456666666667	113216
2.77790000000000	112480
2.78125000000000	96784
2.78458333333333	104880
2.78791666666667	131072
2.79125000000000	129040
2.79458333333333	128624
2.79793333333333	75232
2.80126666666667	136192
2.80460000000000	49520
2.80793333333333	115952
2.81126666666667	135040
2.81461666666667	114000
2.81795000000000	113440
2.82128333333333	127152
2.82461666666667	113952
2.82795000000000	96736
2.83128333333333	121760
2.83463333333333	143040
2.83796666666667	76688
2.84130000000000	77088
2.84463333333333	122736
2.84796666666667	133504
2.85131666666667	105616
2.85465000000000	142848
2.85798333333333	119072
2.86131666666667	121840
2.86465000000000	98352
2.86800000000000	110736
2.87133333333333	107200
2.87466666666667	127184
2.87800000000000	126496
2.88133333333333	125824
2.88468333333333	96688
2.88801666666667	82176
2.89135000000000	132160
2.89468333333333	140288
2.89801666666667	109312
2.90136666666667	85120
2.90470000000000	96592
2.90803333333333	133248
2.91136666666667	120032
2.91470000000000	94512
2.91805000000000	80880
2.92138333333333	115440
2.92471666666667	132160
2.92805000000000	110880
2.93138333333333	106992
2.93473333333333	114480
2.93806666666667	86800
2.94140000000000	119584
2.94473333333333	73360
2.94806666666667	98240
2.95141666666667	77040
2.95475000000000	118656
2.95808333333333	116544
2.96141666666667	114432
2.96475000000000	104400
2.96810000000000	107712
2.97143333333333	75904
2.97476666666667	151808
2.97810000000000	139968
2.98143333333333	126608
2.98478333333333	95584
2.98811666666667	143936
2.99145000000000	141952
2.99478333333333	107216
2.99811666666667	141056
3.00146666666667	110320
3.00480000000000	123392
3.00813333333333	99488
3.01146666666667	112672
3.01480000000000	114064
3.01815000000000	91408
3.02148333333333	121344
3.02481666666667	96240
3.02815000000000	117424
3.03148333333333	123392
3.03483333333333	105888
3.03816666666667	104848
3.04150000000000	103856
3.04483333333333	102880
3.04816666666667	120656
3.05151666666667	110096
3.05485000000000	99552
3.05818333333333	129216
3.06151666666667	106080
3.06485000000000	82944
3.06820000000000	119712
3.07153333333333	86272
3.07486666666667	130048
3.07820000000000	124480
3.08153333333333	129712
3.08488333333333	116384
3.08821666666667	102864
3.09155000000000	90960
3.09488333333333	104912
3.09821666666667	107520
3.10156666666667	99680
3.10490000000000	100048
3.10823333333333	100432
3.11156666666667	100048
3.11490000000000	99664
3.11825000000000	105616
3.12158333333333	111552
3.12491666666667	109760
3.12825000000000	111456
3.13158333333333	78192
3.13493333333333	122144
3.13826666666667	118576
3.14160000000000	141888
3.14493333333333	90992
3.14826666666667	99056
3.15161666666667	111424
3.15495000000000	88544
3.15828333333333	139072
3.16161666666667	125136
3.16495000000000	106528
3.16828333333333	69040
3.17163333333333	74640
3.17496666666667	116336
3.17830000000000	65200
3.18163333333333	116576
3.18496666666667	78448
3.18831666666667	136064
3.19165000000000	125248
3.19498333333333	117552
3.19831666666667	122112
3.20165000000000	95648
3.20500000000000	111552
3.20833333333333	121392
3.21166666666667	132032
3.21500000000000	107360
3.21833333333333	63632
3.22168333333333	89264
3.22501666666667	84480
3.22835000000000	79680
3.23168333333333	98336
3.23501666666667	139648
3.23836666666667	138304
3.24170000000000	121600
3.24503333333333	148736
3.24836666666667	98112
3.25170000000000	125040
3.25505000000000	148032
3.25838333333333	85072
3.26171666666667	109824
3.26505000000000	98768
3.26838333333333	111776
3.27173333333333	77856
3.27506666666667	103568
3.27840000000000	107568
3.28173333333333	110240
3.28506666666667	112912
3.28841666666667	121664
3.29175000000000	115696
3.29508333333333	109728
3.29841666666667	92160
3.30175000000000	139648
3.30510000000000	131328
3.30843333333333	88016
3.31176666666667	84960
3.31510000000000	113312
3.31843333333333	76176
3.32178333333333	114720
3.32511666666667	127424
3.32845000000000	123232
3.33178333333333	119040
3.33511666666667	97136
3.33846666666667	119440
3.34180000000000	120112
3.34513333333333	120784
3.34846666666667	123056
3.35180000000000	124800
3.35515000000000	129696
3.35848333333333	88672
3.36181666666667	139328
3.36515000000000	105584
3.36848333333333	106656
3.37183333333333	130176
3.37516666666667	95152
3.37850000000000	97616
3.38183333333333	142656
3.38516666666667	87264
3.38851666666667	133312
3.39185000000000	144192
3.39518333333333	113488
3.39851666666667	138944
3.40185000000000	134144
3.40520000000000	102416
3.40853333333333	130976
3.41186666666667	107088
3.41520000000000	100064
3.41853333333333	131328
3.42188333333333	95120
3.42521666666667	138880
3.42855000000000	59520
3.43188333333333	121904
3.43521666666667	97296
3.43856666666667	103632
3.44190000000000	126064
3.44523333333333	133824
3.44856666666667	122096
3.45190000000000	110336
3.45525000000000	122128
3.45858333333333	113248
3.46191666666667	65968
3.46525000000000	120064
3.46858333333333	125632
3.47193333333333	118912
3.47526666666667	66752
3.47860000000000	144832
3.48193333333333	120800
3.48526666666667	116112
3.48861666666667	131968
3.49195000000000	99760
3.49528333333333	119648
3.49861666666667	107504
3.50195000000000	115136
3.50528333333333	114560
3.50863333333333	109232
3.51196666666667	103904
3.51530000000000	106208
3.51863333333333	100816
3.52196666666667	112512
3.52531666666667	86352
3.52865000000000	140224
3.53198333333333	137792
3.53531666666667	107360
3.53865000000000	124512
3.54200000000000	110160
3.54533333333333	103328
3.54866666666667	131776
3.55200000000000	117664
3.55533333333333	116096
3.55868333333333	117760
3.56201666666667	111696
3.56535000000000	106160
3.56868333333333	102784
3.57201666666667	105152
3.57536666666667	107520
3.57870000000000	107696
3.58203333333333	107872
3.58536666666667	110240
3.58870000000000	112624
3.59205000000000	91200
3.59538333333333	115744
3.59871666666667	113840
3.60205000000000	83088
3.60538333333333	121936
3.60873333333333	104288
3.61206666666667	113184
3.61540000000000	123216
3.61873333333333	107680
3.62206666666667	99760
3.62541666666667	123984
3.62875000000000	87504
3.63208333333333	132608
3.63541666666667	121088
3.63875000000000	100672
3.64210000000000	123488
3.64543333333333	127232
3.64876666666667	130976
3.65210000000000	116256
3.65543333333333	125520
3.65878333333333	137664
3.66211666666667	93216
3.66545000000000	138752
3.66878333333333	116144
3.67211666666667	136256
3.67546666666667	131520
3.67880000000000	131008
3.68213333333333	116384
3.68546666666667	112992
3.68880000000000	120336
3.69215000000000	79808
3.69548333333333	130736
3.69881666666667	123680
3.70215000000000	121104
3.70548333333333	118256
3.70883333333333	116352
3.71216666666667	98976
3.71550000000000	97264
3.71883333333333	101504
3.72216666666667	70704
3.72551666666667	115104
3.72885000000000	126752
3.73218333333333	136896
3.73551666666667	105120
3.73885000000000	133952
3.74220000000000	129888
3.74553333333333	124480
3.74886666666667	134784
3.75220000000000	124384
3.75553333333333	84992
3.75888333333333	90560
3.76221666666667	113456
3.76555000000000	110176
3.76888333333333	81536
3.77221666666667	110192
3.77556666666667	113968
3.77890000000000	116608
3.78223333333333	109472
3.78556666666667	94928
3.78890000000000	129424
3.79225000000000	114720
3.79558333333333	106688
3.79891666666667	104800
3.80225000000000	95152
3.80558333333333	121504
3.80893333333333	134656
3.81226666666667	129760
3.81560000000000	122400
3.81893333333333	123136
3.82226666666667	96416
3.82561666666667	136704
3.82895000000000	111648
3.83228333333333	128896
3.83561666666667	129104
3.83895000000000	100608
3.84228333333333	111120
3.84563333333333	121648
3.84896666666667	116336
3.85230000000000	111264
3.85563333333333	106176
3.85896666666667	107968
3.86231666666667	118128
3.86565000000000	118080
3.86898333333333	118032
3.87231666666667	108400
3.87565000000000	98768
3.87900000000000	117104
3.88233333333333	121440
3.88566666666667	125776
3.88900000000000	123424
3.89233333333333	109952
3.89568333333333	98656
3.89901666666667	87360
3.90235000000000	99120
3.90568333333333	94928
3.90901666666667	90720
3.91236666666667	80352
3.91570000000000	69984
3.91903333333333	111744
3.92236666666667	106576
3.92570000000000	101424
3.92905000000000	119072
3.93238333333333	122896
3.93571666666667	126720
3.93905000000000	146816
3.94238333333333	78336
3.94573333333333	131584
3.94906666666667	122208
3.95240000000000	129632
3.95573333333333	113088
3.95906666666667	108496
3.96241666666667	131968
3.96575000000000	99072
3.96908333333333	139776
3.97241666666667	127584
3.97575000000000	140608
3.97910000000000	119392
3.98243333333333	125424
3.98576666666667	126560
3.98910000000000	136192
3.99243333333333	133440
3.99578333333333	130736
3.99911666666667	90720
4.00245000000000	105312
4.00578333333333	107216
4.00911666666667	81376
4.01246666666667	74240
4.01580000000000	87520
4.01913333333333	108928
4.02246666666667	100208
4.02580000000000	127216
4.02915000000000	124800
4.03248333333333	122384
4.03581666666667	129504
4.03915000000000	129248
4.04248333333333	128976
4.04583333333333	121680
4.04916666666667	126384
4.05250000000000	131072
4.05583333333333	122784
4.05916666666667	114480
4.06251666666667	126224
4.06585000000000	115392
4.06918333333333	112320
4.07251666666667	87184
4.07585000000000	103776
4.07920000000000	101920
4.08253333333333	102480
4.08586666666667	99664
4.08920000000000	96848
4.09253333333333	98048
4.09588333333333	99248
4.09921666666667	61872
4.10255000000000	113760
4.10588333333333	87616
4.10921666666667	102896
4.11256666666667	127008
4.11590000000000	118000
4.11923333333333	122944
4.12256666666667	118976
4.12590000000000	115008
4.12925000000000	117472
4.13258333333333	72240
4.13591666666667	152000
4.13925000000000	133056
4.14258333333333	110832
4.14593333333333	91376
4.14926666666667	112464
4.15260000000000	116848
4.15593333333333	134272
4.15926666666667	120672
4.16261666666667	107072
4.16595000000000	76896
4.16928333333333	134528
4.17261666666667	127264
4.17595000000000	120768
4.17928333333333	111360
4.18263333333333	125296
4.18596666666667	122336
4.18930000000000	119376
4.19263333333333	94144
4.19596666666667	86928
4.19931666666667	98176
4.20265000000000	127328
4.20598333333333	126064
4.20931666666667	106304
4.21265000000000	86528
4.21600000000000	89328
4.21933333333333	92112
4.22266666666667	102304
4.22600000000000	112512
4.22933333333333	136768
4.23268333333333	127088
4.23601666666667	138624
4.23935000000000	118976
4.24268333333333	124208
4.24601666666667	121424
4.24936666666667	102480
4.25270000000000	83872
4.25603333333333	126416
4.25936666666667	126752
4.26270000000000	104304
4.26605000000000	90160
4.26938333333333	99296
4.27271666666667	109056
4.27605000000000	90992
4.27938333333333	99440
4.28273333333333	68768
4.28606666666667	86608
4.28940000000000	104432
4.29273333333333	93376
4.29606666666667	94880
4.29941666666667	96384
4.30275000000000	94656
4.30608333333333	92928
4.30941666666667	76704
4.31275000000000	102128
4.31610000000000	106432
4.31943333333333	109440
4.32276666666667	112448
4.32610000000000	76608
4.32943333333333	133888
4.33278333333333	118288
4.33611666666667	162432
4.33945000000000	151296
4.34278333333333	138112
4.34611666666667	134080
4.34946666666667	115984
4.35280000000000	122240
4.35613333333333	93328
4.35946666666667	106384
4.36280000000000	109232
4.36615000000000	107120
4.36948333333333	105024
4.37281666666667	89072
4.37615000000000	105840
4.37948333333333	122608
4.38283333333333	115520
4.38616666666667	104800
4.38950000000000	111744
4.39283333333333	118672
4.39616666666667	119824
4.39951666666667	125632
4.40285000000000	129776
4.40618333333333	133952
4.40951666666667	131648
4.41285000000000	60416
4.41620000000000	131136
4.41953333333333	108320
4.42286666666667	105904
4.42620000000000	94096
4.42953333333333	111888
4.43288333333333	94704
4.43621666666667	104496
4.43955000000000	97088
4.44288333333333	139584
4.44621666666667	159360
4.44956666666667	75088
4.45290000000000	83776
4.45623333333333	116528
4.45956666666667	130144
4.46290000000000	144320
4.46625000000000	121424
4.46958333333333	102848
4.47291666666667	88448
4.47625000000000	132864
4.47958333333333	140672
4.48293333333333	90048
4.48626666666667	103328
4.48960000000000	107952
4.49293333333333	99936
4.49626666666667	91248
