1.50080000000000	44
1.50163333333333	473
1.50246666666667	401
1.50330000000000	0
1.50413333333333	0
1.50496666666667	299
1.50580000000000	0
1.50663333333333	411
1.50746666666667	535
1.50830000000000	0
1.50913333333333	257
1.50996666666667	0
1.51080000000000	231
1.51163333333333	0
1.51246666666667	0
1.51330000000000	0
1.51413333333333	0
1.51496666666667	0
1.51580000000000	0
1.51663333333333	0
1.51746666666667	0
1.51831666666667	0
1.51915000000000	0
1.51998333333333	0
1.52081666666667	0
1.52165000000000	0
1.52248333333333	0
1.52331666666667	0
1.52415000000000	0
1.52498333333333	0
1.52581666666667	0
1.52665000000000	0
1.52748333333333	0
1.52831666666667	0
1.52915000000000	0
1.52998333333333	0
1.53081666666667	0
1.53165000000000	183
1.53248333333333	92
1.53331666666667	0
1.53415000000000	0
1.53500000000000	0
1.53583333333333	0
1.53666666666667	0
1.53750000000000	0
1.53833333333333	0
1.53916666666667	0
1.54000000000000	0
1.54083333333333	0
1.54166666666667	0
1.54250000000000	0
1.54333333333333	0
1.54416666666667	435
1.54500000000000	476
1.54583333333333	0
1.54666666666667	0
1.54750000000000	0
1.54833333333333	28
1.54916666666667	14
1.55000000000000	0
1.55083333333333	0
1.55166666666667	0
1.55251666666667	0
1.55335000000000	0
1.55418333333333	0
1.55501666666667	0
1.55585000000000	0
1.55668333333333	0
1.55751666666667	0
1.55835000000000	0
1.55918333333333	0
1.56001666666667	0
1.56085000000000	0
1.56168333333333	0
1.56251666666667	0
1.56335000000000	0
1.56418333333333	0
1.56501666666667	0
1.56585000000000	555
1.56668333333333	470
1.56751666666667	718
1.56835000000000	637
1.56920000000000	0
1.57003333333333	0
1.57086666666667	529
1.57170000000000	0
1.57253333333333	213
1.57336666666667	182
1.57420000000000	0
1.57503333333333	0
1.57586666666667	236
1.57670000000000	0
1.57753333333333	16
1.57836666666667	13
1.57920000000000	6
1.58003333333333	0
1.58086666666667	0
1.58170000000000	0
1.58253333333333	0
1.58336666666667	0
1.58420000000000	0
1.58503333333333	0
1.58586666666667	13
1.58671666666667	7
1.58755000000000	0
1.58838333333333	0
1.58921666666667	0
1.59005000000000	0
1.59088333333333	0
1.59171666666667	0
1.59255000000000	0
1.59338333333333	0
1.59421666666667	0
1.59505000000000	0
1.59588333333333	0
1.59671666666667	0
1.59755000000000	0
1.59838333333333	0
1.59921666666667	0
1.60005000000000	0
1.60088333333333	14
1.60171666666667	7
1.60255000000000	0
1.60338333333333	243
1.60421666666667	357
1.60505000000000	472
1.60588333333333	0
1.60671666666667	0
1.60755000000000	617
1.60838333333333	0
1.60921666666667	505
1.61005000000000	0
1.61088333333333	0
1.61171666666667	0
1.61255000000000	0
1.61338333333333	0
1.61421666666667	0
1.61505000000000	0
1.61588333333333	0
1.61671666666667	0
1.61755000000000	0
1.61838333333333	309
1.61921666666667	154
1.62005000000000	0
1.62090000000000	0
1.62173333333333	75
1.62256666666667	38
1.62340000000000	0
1.62423333333333	0
1.62506666666667	0
1.62590000000000	0
1.62673333333333	0
1.62756666666667	0
1.62840000000000	0
1.62923333333333	0
1.63006666666667	0
1.63090000000000	0
1.63173333333333	0
1.63256666666667	0
1.63340000000000	149
1.63423333333333	74
1.63506666666667	0
1.63590000000000	0
1.63673333333333	13
1.63758333333333	0
1.63841666666667	0
1.63925000000000	0
1.64008333333333	0
1.64091666666667	0
1.64175000000000	0
1.64258333333333	0
1.64341666666667	0
1.64425000000000	0
1.64508333333333	0
1.64591666666667	0
1.64675000000000	0
1.64758333333333	0
1.64841666666667	0
1.64925000000000	0
1.65008333333333	0
1.65091666666667	0
1.65175000000000	0
1.65258333333333	0
1.65341666666667	0
1.65425000000000	0
1.65510000000000	0
1.65593333333333	0
1.65676666666667	0
1.65760000000000	0
1.65843333333333	0
1.65926666666667	0
1.66010000000000	0
1.66093333333333	0
1.66176666666667	0
1.66260000000000	0
1.66343333333333	0
1.66426666666667	0
1.66510000000000	34
1.66593333333333	17
1.66676666666667	0
1.66760000000000	0
1.66843333333333	0
1.66926666666667	850
1.67010000000000	734
1.67093333333333	0
1.67178333333333	306
1.67261666666667	0
1.67345000000000	0
1.67428333333333	0
1.67511666666667	0
1.67595000000000	0
1.67678333333333	0
1.67761666666667	0
1.67845000000000	0
1.67928333333333	0
1.68011666666667	0
1.68095000000000	0
1.68178333333333	0
1.68260000000000	0
1.68343333333333	0
1.68426666666667	0
1.68510000000000	0
1.68593333333333	0
1.68676666666667	0
1.68760000000000	0
1.68843333333333	0
1.68928333333333	0
1.69011666666667	0
1.69095000000000	0
1.69178333333333	0
1.69261666666667	0
1.69345000000000	0
1.69428333333333	0
1.69511666666667	0
1.69595000000000	0
1.69678333333333	0
1.69761666666667	0
1.69845000000000	0
1.69928333333333	0
1.70011666666667	0
1.70095000000000	0
1.70178333333333	0
1.70261666666667	0
1.70345000000000	0
1.70428333333333	0
1.70511666666667	0
1.70596666666667	0
1.70680000000000	0
1.70763333333333	0
1.70846666666667	0
1.70930000000000	0
1.71013333333333	0
1.71096666666667	0
1.71180000000000	0
1.71263333333333	0
1.71346666666667	0
1.71430000000000	0
1.71513333333333	0
1.71596666666667	0
1.71680000000000	0
1.71763333333333	225
1.71846666666667	388
1.71930000000000	499
1.72013333333333	0
1.72096666666667	0
1.72180000000000	13
1.72263333333333	0
1.72348333333333	0
1.72431666666667	0
1.72515000000000	0
1.72598333333333	0
1.72681666666667	0
1.72765000000000	0
1.72848333333333	0
1.72931666666667	0
1.73015000000000	0
1.73098333333333	0
1.73181666666667	0
1.73265000000000	0
1.73348333333333	0
1.73431666666667	0
1.73515000000000	0
1.73598333333333	0
1.73681666666667	0
1.73765000000000	0
1.73848333333333	0
1.73931666666667	0
1.74016666666667	0
1.74100000000000	0
1.74183333333333	0
1.74266666666667	0
1.74350000000000	0
1.74433333333333	0
1.74516666666667	0
1.74600000000000	0
1.74683333333333	0
1.74766666666667	0
1.74850000000000	0
1.74933333333333	0
1.75016666666667	0
1.75100000000000	0
1.75183333333333	0
1.75266666666667	0
1.75350000000000	0
1.75433333333333	685
1.75515000000000	640
1.75598333333333	282
1.75681666666667	0
1.75766666666667	0
1.75850000000000	174
1.75933333333333	0
1.76016666666667	0
1.76100000000000	0
1.76183333333333	0
1.76266666666667	0
1.76350000000000	0
1.76433333333333	0
1.76516666666667	0
1.76600000000000	0
1.76683333333333	0
1.76766666666667	0
1.76850000000000	0
1.76933333333333	0
1.77016666666667	0
1.77100000000000	0
1.77183333333333	0
1.77266666666667	0
1.77350000000000	0
1.77435000000000	0
1.77518333333333	0
1.77601666666667	0
1.77685000000000	0
1.77768333333333	0
1.77851666666667	0
1.77935000000000	0
1.78018333333333	55
1.78101666666667	109
1.78185000000000	55
1.78268333333333	0
1.78351666666667	0
1.78435000000000	0
1.78518333333333	79
1.78601666666667	110
1.78685000000000	141
1.78768333333333	70
1.78851666666667	0
1.78935000000000	14
1.79018333333333	0
1.79101666666667	0
1.79186666666667	0
1.79270000000000	0
1.79353333333333	0
1.79436666666667	0
1.79520000000000	0
1.79603333333333	0
1.79686666666667	0
1.79770000000000	0
1.79853333333333	0
1.79936666666667	91
1.80020000000000	46
1.80103333333333	0
1.80186666666667	0
1.80270000000000	0
1.80353333333333	0
1.80436666666667	0
1.80520000000000	0
1.80603333333333	0
1.80686666666667	0
1.80770000000000	0
1.80855000000000	0
1.80938333333333	0
1.81021666666667	0
1.81105000000000	0
1.81188333333333	0
1.81271666666667	0
1.81355000000000	0
1.81438333333333	0
1.81521666666667	0
1.81605000000000	0
1.81688333333333	0
1.81771666666667	0
1.81855000000000	0
1.81938333333333	0
1.82021666666667	0
1.82105000000000	0
1.82188333333333	0
1.82271666666667	0
1.82355000000000	0
1.82436666666667	0
1.82520000000000	0
1.82605000000000	0
1.82688333333333	0
1.82771666666667	0
1.82855000000000	0
1.82938333333333	0
1.83021666666667	0
1.83105000000000	0
1.83188333333333	0
1.83271666666667	0
1.83355000000000	0
1.83438333333333	0
1.83521666666667	0
1.83605000000000	0
1.83688333333333	0
1.83771666666667	0
1.83855000000000	0
1.83938333333333	0
1.84021666666667	0
1.84105000000000	0
1.84188333333333	0
1.84273333333333	0
1.84356666666667	0
1.84440000000000	0
1.84523333333333	0
1.84606666666667	7
1.84690000000000	3
1.84773333333333	0
1.84856666666667	0
1.84940000000000	0
1.85023333333333	0
1.85106666666667	0
1.85190000000000	0
1.85273333333333	0
1.85356666666667	0
1.85440000000000	0
1.85523333333333	0
1.85606666666667	0
1.85690000000000	0
1.85773333333333	0
1.85856666666667	0
1.85940000000000	0
1.86025000000000	0
1.86108333333333	0
1.86191666666667	0
1.86275000000000	0
1.86358333333333	7
1.86441666666667	3
1.86525000000000	0
1.86608333333333	0
1.86691666666667	0
1.86775000000000	0
1.86858333333333	0
1.86941666666667	0
1.87025000000000	0
1.87108333333333	0
1.87191666666667	0
1.87275000000000	0
1.87358333333333	0
1.87441666666667	0
1.87525000000000	0
1.87608333333333	0
1.87693333333333	0
1.87776666666667	0
1.87860000000000	0
1.87943333333333	0
1.88026666666667	0
1.88110000000000	0
1.88193333333333	0
1.88276666666667	0
1.88360000000000	0
1.88443333333333	0
1.88526666666667	0
1.88610000000000	0
1.88693333333333	0
1.88776666666667	0
1.88860000000000	0
1.88943333333333	0
1.89026666666667	0
1.89110000000000	0
1.89193333333333	0
1.89276666666667	0
1.89360000000000	0
1.89445000000000	0
1.89528333333333	0
1.89611666666667	0
1.89695000000000	0
1.89778333333333	0
1.89861666666667	0
1.89945000000000	0
1.90028333333333	0
1.90111666666667	0
1.90195000000000	6
1.90278333333333	13
1.90361666666667	13
1.90445000000000	0
1.90528333333333	0
1.90611666666667	0
1.90695000000000	0
1.90778333333333	0
1.90861666666667	0
1.90945000000000	0
1.91028333333333	0
1.91115000000000	0
1.91198333333333	0
1.91280000000000	0
1.91363333333333	0
1.91446666666667	0
1.91530000000000	0
1.91613333333333	0
1.91696666666667	0
1.91780000000000	0
1.91863333333333	0
1.91946666666667	0
1.92030000000000	0
1.92113333333333	0
1.92196666666667	0
1.92280000000000	0
1.92363333333333	0
1.92446666666667	0
1.92530000000000	0
1.92613333333333	0
1.92696666666667	0
1.92780000000000	0
1.92865000000000	0
1.92948333333333	0
1.93031666666667	0
1.93115000000000	0
1.93198333333333	0
1.93281666666667	0
1.93365000000000	0
1.93448333333333	0
1.93531666666667	0
1.93615000000000	0
1.93698333333333	0
1.93781666666667	0
1.93865000000000	0
1.93948333333333	0
1.94031666666667	0
1.94115000000000	0
1.94198333333333	0
1.94281666666667	0
1.94365000000000	0
1.94448333333333	0
1.94533333333333	0
1.94616666666667	0
1.94700000000000	0
1.94783333333333	531
1.94866666666667	443
1.94950000000000	0
1.95033333333333	0
1.95116666666667	0
1.95200000000000	6
1.95283333333333	3
1.95366666666667	0
1.95450000000000	0
1.95533333333333	0
1.95616666666667	0
1.95700000000000	0
1.95783333333333	0
1.95866666666667	0
1.95950000000000	0
1.96033333333333	0
1.96116666666667	0
1.96200000000000	0
1.96285000000000	0
1.96368333333333	0
1.96451666666667	0
1.96535000000000	0
1.96618333333333	0
1.96701666666667	0
1.96785000000000	0
1.96868333333333	0
1.96951666666667	0
1.97035000000000	0
1.97118333333333	0
1.97201666666667	0
1.97285000000000	0
1.97368333333333	0
1.97451666666667	0
1.97535000000000	0
1.97618333333333	0
1.97701666666667	0
1.97785000000000	0
1.97868333333333	0
1.97953333333333	0
1.98036666666667	0
1.98120000000000	0
1.98203333333333	0
1.98286666666667	0
1.98370000000000	0
1.98453333333333	0
1.98536666666667	0
1.98620000000000	0
1.98703333333333	0
1.98786666666667	21
1.98870000000000	10
1.98953333333333	0
1.99036666666667	0
1.99120000000000	0
1.99203333333333	0
1.99286666666667	0
1.99370000000000	0
1.99453333333333	0
1.99536666666667	0
1.99620000000000	0
1.99705000000000	0
1.99788333333333	0
1.99871666666667	0
1.99955000000000	0
2.00038333333333	0
2.00121666666667	0
2.00205000000000	0
2.00288333333333	0
2.00371666666667	0
2.00455000000000	0
2.00538333333333	0
2.00621666666667	0
2.00705000000000	0
2.00788333333333	0
2.00871666666667	0
2.00955000000000	0
2.01038333333333	0
2.01121666666667	0
2.01205000000000	0
2.01286666666667	0
2.01371666666667	0
2.01455000000000	0
2.01538333333333	0
2.01621666666667	0
2.01705000000000	0
2.01788333333333	0
2.01871666666667	0
2.01955000000000	0
2.02038333333333	0
2.02121666666667	0
2.02205000000000	0
2.02288333333333	0
2.02371666666667	0
2.02455000000000	0
2.02538333333333	0
2.02621666666667	0
2.02705000000000	0
2.02788333333333	0
2.02871666666667	0
2.02955000000000	0
2.03038333333333	0
2.03123333333333	0
2.03206666666667	0
2.03290000000000	0
2.03373333333333	0
2.03456666666667	0
2.03540000000000	0
2.03623333333333	0
2.03706666666667	0
2.03790000000000	0
2.03873333333333	0
2.03956666666667	0
2.04040000000000	0
2.04123333333333	0
2.04206666666667	0
2.04290000000000	0
2.04373333333333	490
2.04456666666667	399
2.04540000000000	0
2.04623333333333	0
2.04706666666667	0
2.04791666666667	13
2.04875000000000	14
2.04958333333333	0
2.05041666666667	0
2.05125000000000	0
2.05208333333333	260
2.05291666666667	130
2.05375000000000	0
2.05458333333333	0
2.05541666666667	0
2.05625000000000	0
2.05708333333333	0
2.05791666666667	0
2.05875000000000	0
2.05958333333333	0
2.06041666666667	0
2.06125000000000	0
2.06208333333333	0
2.06291666666667	0
2.06375000000000	0
2.06458333333333	0
2.06543333333333	0
2.06626666666667	0
2.06710000000000	0
2.06793333333333	0
2.06876666666667	0
2.06960000000000	0
2.07043333333333	0
2.07126666666667	0
2.07210000000000	0
2.07293333333333	0
2.07376666666667	0
2.07460000000000	0
2.07543333333333	0
2.07626666666667	255
2.07710000000000	303
2.07793333333333	352
2.07876666666667	0
2.07960000000000	0
2.08043333333333	0
2.08126666666667	503
2.08211666666667	663
2.08295000000000	333
2.08378333333333	0
2.08461666666667	0
2.08545000000000	0
2.08628333333333	0
2.08711666666667	0
2.08795000000000	0
2.08878333333333	19
2.08961666666667	10
2.09045000000000	0
2.09128333333333	133
2.09211666666667	66
2.09295000000000	0
2.09378333333333	43
2.09461666666667	0
2.09545000000000	0
2.09628333333333	0
2.09711666666667	0
2.09795000000000	0
2.09878333333333	0
2.09963333333333	0
2.10046666666667	0
2.10130000000000	0
2.10213333333333	0
2.10296666666667	0
2.10380000000000	0
2.10463333333333	0
2.10546666666667	0
2.10630000000000	0
2.10713333333333	0
2.10796666666667	0
2.10880000000000	0
2.10963333333333	0
2.11046666666667	0
2.11130000000000	0
2.11213333333333	0
2.11296666666667	0
2.11380000000000	0
2.11463333333333	0
2.11546666666667	0
2.11631666666667	0
2.11715000000000	0
2.11798333333333	0
2.11881666666667	0
2.11965000000000	372
2.12048333333333	305
2.12131666666667	0
2.12215000000000	420
2.12298333333333	0
2.12381666666667	0
2.12465000000000	0
2.12548333333333	0
2.12631666666667	0
2.12715000000000	0
2.12798333333333	0
2.12881666666667	0
2.12965000000000	0
2.13048333333333	189
2.13131666666667	94
2.13215000000000	0
2.13298333333333	0
2.13383333333333	0
2.13466666666667	0
2.13550000000000	0
2.13633333333333	0
2.13716666666667	120
2.13800000000000	240
2.13883333333333	158
2.13966666666667	0
2.14050000000000	0
2.14133333333333	0
2.14216666666667	0
2.14300000000000	0
2.14383333333333	0
2.14466666666667	0
2.14550000000000	0
2.14633333333333	0
2.14716666666667	129
2.14798333333333	258
2.14881666666667	389
2.14965000000000	260
2.15050000000000	0
2.15133333333333	0
2.15216666666667	0
2.15300000000000	0
2.15383333333333	0
2.15466666666667	0
2.15550000000000	15
2.15633333333333	8
2.15716666666667	0
2.15800000000000	0
2.15883333333333	0
2.15966666666667	0
2.16050000000000	0
2.16133333333333	0
2.16216666666667	0
2.16300000000000	0
2.16383333333333	0
2.16466666666667	0
2.16550000000000	0
2.16633333333333	0
2.16716666666667	0
2.16801666666667	0
2.16885000000000	0
2.16968333333333	0
2.17051666666667	0
2.17135000000000	0
2.17218333333333	0
2.17301666666667	0
2.17385000000000	0
2.17468333333333	0
2.17551666666667	0
2.17635000000000	0
2.17718333333333	0
2.17801666666667	0
2.17885000000000	0
2.17968333333333	0
2.18051666666667	0
2.18135000000000	0
2.18218333333333	0
2.18301666666667	0
2.18385000000000	225
2.18470000000000	113
2.18553333333333	0
2.18636666666667	104
2.18720000000000	0
2.18803333333333	0
2.18886666666667	0
2.18970000000000	0
2.19053333333333	0
2.19136666666667	0
2.19220000000000	0
2.19303333333333	0
2.19386666666667	0
2.19470000000000	0
2.19553333333333	0
2.19636666666667	0
2.19720000000000	0
2.19803333333333	0
2.19886666666667	0
2.19970000000000	0
2.20053333333333	0
2.20136666666667	0
2.20221666666667	0
2.20305000000000	0
2.20388333333333	50
2.20471666666667	25
2.20555000000000	0
2.20638333333333	0
2.20721666666667	0
2.20805000000000	0
2.20888333333333	13
2.20971666666667	6
2.21055000000000	0
2.21138333333333	0
2.21221666666667	0
2.21305000000000	0
2.21388333333333	0
2.21471666666667	0
2.21555000000000	0
2.21638333333333	0
2.21721666666667	0
2.21805000000000	0
2.21890000000000	0
2.21973333333333	0
2.22056666666667	0
2.22140000000000	0
2.22223333333333	0
2.22306666666667	0
2.22390000000000	0
2.22473333333333	14
2.22556666666667	7
2.22640000000000	0
2.22723333333333	0
2.22806666666667	0
2.22890000000000	0
2.22973333333333	223
2.23056666666667	112
2.23140000000000	0
2.23223333333333	0
2.23306666666667	0
2.23390000000000	0
2.23473333333333	0
2.23556666666667	0
2.23641666666667	0
2.23725000000000	0
2.23808333333333	0
2.23891666666667	75
2.23975000000000	151
2.24058333333333	113
2.24141666666667	0
2.24225000000000	0
2.24308333333333	0
2.24391666666667	0
2.24475000000000	0
2.24558333333333	0
2.24641666666667	0
2.24725000000000	0
2.24808333333333	0
2.24891666666667	0
2.24975000000000	0
2.25056666666667	0
2.25140000000000	0
2.25223333333333	0
2.25308333333333	0
2.25391666666667	0
2.25475000000000	0
2.25558333333333	0
2.25641666666667	0
2.25725000000000	0
2.25808333333333	0
2.25891666666667	0
2.25975000000000	0
2.26058333333333	0
2.26141666666667	0
2.26225000000000	0
2.26308333333333	24
2.26391666666667	12
2.26475000000000	0
2.26558333333333	0
2.26641666666667	442
2.26725000000000	520
2.26808333333333	405
2.26891666666667	0
2.26975000000000	0
2.27060000000000	0
2.27143333333333	279
2.27226666666667	334
2.27310000000000	0
2.27393333333333	0
2.27476666666667	687
2.27560000000000	735
2.27643333333333	0
2.27726666666667	132
2.27810000000000	284
2.27893333333333	0
2.27976666666667	0
2.28060000000000	0
2.28143333333333	64
2.28226666666667	128
2.28310000000000	632
2.28393333333333	316
2.28476666666667	0
2.28560000000000	0
2.28643333333333	20
2.28728333333333	40
2.28811666666667	476
2.28895000000000	440
2.28978333333333	400
2.29061666666667	463
2.29145000000000	320
2.29228333333333	395
2.29311666666667	470
2.29395000000000	114
2.29478333333333	646
2.29561666666667	226
2.29645000000000	475
2.29728333333333	456
2.29811666666667	0
2.29895000000000	0
2.29978333333333	0
2.30061666666667	0
2.30145000000000	0
2.30228333333333	0
2.30311666666667	108
2.30395000000000	109
2.30480000000000	109
2.30563333333333	308
2.30646666666667	507
2.30730000000000	408
2.30813333333333	308
2.30896666666667	190
2.30980000000000	72
2.31063333333333	53
2.31146666666667	267
2.31230000000000	470
2.31313333333333	673
2.31396666666667	361
2.31480000000000	0
2.31563333333333	0
2.31646666666667	1691
2.31730000000000	1249
2.31813333333333	0
2.31896666666667	446
2.31980000000000	241
2.32063333333333	246
2.32148333333333	251
2.32231666666667	451
2.32315000000000	353
2.32398333333333	255
2.32481666666667	277
2.32565000000000	300
2.32648333333333	377
2.32731666666667	0
2.32815000000000	0
2.32898333333333	0
2.32981666666667	249
2.33065000000000	498
2.33148333333333	1825
2.33231666666667	1742
2.33315000000000	778
2.33398333333333	595
2.33480000000000	849
2.33563333333333	740
2.33646666666667	1006
2.33730000000000	829
2.33813333333333	858
2.33898333333333	875
2.33981666666667	892
2.34065000000000	987
2.34148333333333	1014
2.34231666666667	1209
2.34315000000000	319
2.34398333333333	87
2.34481666666667	101
2.34565000000000	1124
2.34648333333333	2035
2.34731666666667	2613
2.34815000000000	831
2.34898333333333	1836
2.34981666666667	1467
2.35065000000000	1919
2.35148333333333	229
2.35231666666667	855
2.35315000000000	781
2.35398333333333	1255
2.35481666666667	776
2.35566666666667	296
2.35650000000000	1055
2.35733333333333	770
2.35816666666667	486
2.35900000000000	960
2.35983333333333	1332
2.36066666666667	1068
2.36150000000000	1863
2.36233333333333	1323
2.36316666666667	783
2.36400000000000	1229
2.36483333333333	1432
2.36566666666667	1130
2.36650000000000	336
2.36733333333333	1502
2.36816666666667	623
2.36900000000000	920
2.36983333333333	838
2.37066666666667	755
2.37150000000000	1920
2.37233333333333	2096
2.37318333333333	1982
2.37401666666667	1665
2.37485000000000	1349
2.37568333333333	337
2.37651666666667	1683
2.37735000000000	1217
2.37818333333333	751
2.37901666666667	1147
2.37985000000000	1542
2.38068333333333	1977
2.38151666666667	1981
2.38235000000000	1137
2.38318333333333	1399
2.38401666666667	2227
2.38485000000000	1092
2.38568333333333	1211
2.38651666666667	1330
2.38735000000000	888
2.38818333333333	1405
2.38901666666667	1288
2.38986666666667	1171
2.39070000000000	1292
2.39153333333333	977
2.39236666666667	1094
2.39320000000000	1211
2.39403333333333	1052
2.39486666666667	892
2.39570000000000	1789
2.39653333333333	1546
2.39736666666667	1303
2.39820000000000	1271
2.39903333333333	759
2.39986666666667	734
2.40070000000000	1180
2.40153333333333	1626
2.40236666666667	1219
2.40320000000000	813
2.40403333333333	3187
2.40486666666667	2762
2.40570000000000	1747
2.40653333333333	3608
2.40738333333333	2117
2.40821666666667	2460
2.40905000000000	3711
2.40988333333333	2596
2.41071666666667	2968
2.41155000000000	1620
2.41238333333333	3326
2.41321666666667	3028
2.41405000000000	2729
2.41488333333333	1929
2.41571666666667	1128
2.41655000000000	2661
2.41738333333333	2634
2.41821666666667	3628
2.41905000000000	2476
2.41988333333333	3844
2.42071666666667	2654
2.42155000000000	4151
2.42238333333333	2017
2.42321666666667	2743
2.42406666666667	4640
2.42490000000000	4800
2.42573333333333	3087
2.42656666666667	2643
2.42740000000000	1081
2.42823333333333	1747
2.42906666666667	2941
2.42990000000000	3421
2.43073333333333	2813
2.43156666666667	2744
2.43240000000000	2674
2.43323333333333	2770
2.43406666666667	3188
2.43490000000000	3746
2.43573333333333	610
2.43656666666667	3582
2.43740000000000	2720
2.43823333333333	1191
2.43905000000000	584
2.43988333333333	3604
2.44071666666667	3928
2.44156666666667	2420
2.44240000000000	3678
2.44323333333333	2664
2.44406666666667	2355
2.44490000000000	2087
2.44573333333333	2561
2.44656666666667	3036
2.44740000000000	3192
2.44823333333333	4447
2.44906666666667	4181
2.44990000000000	2967
2.45073333333333	1859
2.45156666666667	1741
2.45240000000000	2658
2.45323333333333	2909
2.45406666666667	631
2.45490000000000	2860
2.45573333333333	1791
2.45656666666667	1719
2.45740000000000	1647
2.45825000000000	3739
2.45908333333333	2455
2.45991666666667	1170
2.46075000000000	2927
2.46158333333333	1905
2.46241666666667	2494
2.46325000000000	2535
2.46408333333333	2577
2.46491666666667	2303
2.46575000000000	2030
2.46658333333333	2739
2.46741666666667	3438
2.46825000000000	4444
2.46908333333333	4047
2.46991666666667	3650
2.47075000000000	1336
2.47158333333333	3576
2.47241666666667	1772
2.47325000000000	2271
2.47408333333333	2770
2.47491666666667	3704
2.47576666666667	4579
2.47660000000000	4098
2.47743333333333	5949
2.47826666666667	1772
2.47910000000000	3019
2.47993333333333	2645
2.48076666666667	2122
2.48160000000000	2613
2.48243333333333	2524
2.48326666666667	2435
2.48410000000000	3893
2.48493333333333	3911
2.48576666666667	2120
2.48660000000000	3662
2.48743333333333	3110
2.48826666666667	3407
2.48910000000000	3705
2.48993333333333	3100
2.49076666666667	3577
2.49160000000000	2470
2.49245000000000	1607
2.49328333333333	3857
2.49411666666667	3475
2.49495000000000	3092
2.49578333333333	4641
2.49661666666667	2202
2.49745000000000	2027
2.49828333333333	4683
2.49911666666667	5915
2.49995000000000	6539
2.50078333333333	3693
2.50161666666667	3999
2.50245000000000	2842
2.50328333333333	1299
2.50411666666667	3782
2.50495000000000	5131
2.50578333333333	3369
2.50660000000000	2576
2.50743333333333	4106
2.50826666666667	3761
2.50910000000000	3415
2.50995000000000	3690
2.51078333333333	2772
2.51161666666667	3735
2.51245000000000	3389
2.51328333333333	3043
2.51411666666667	3558
2.51495000000000	3481
2.51578333333333	3405
2.51661666666667	1345
2.51745000000000	4295
2.51828333333333	5222
2.51911666666667	6709
2.51995000000000	3939
2.52078333333333	5138
2.52161666666667	3909
2.52245000000000	4650
2.52328333333333	4319
2.52411666666667	4216
2.52495000000000	3606
2.52578333333333	2996
2.52663333333333	3764
2.52746666666667	3432
2.52830000000000	3315
2.52913333333333	2823
2.52996666666667	3485
2.53080000000000	4146
2.53163333333333	4170
2.53246666666667	4851
2.53330000000000	4554
2.53413333333333	5267
2.53496666666667	3742
2.53580000000000	4116
2.53663333333333	2871
2.53746666666667	4521
2.53830000000000	4350
2.53913333333333	5193
2.53996666666667	3048
2.54080000000000	4970
2.54163333333333	3183
2.54246666666667	2958
2.54330000000000	5064
2.54415000000000	3473
2.54498333333333	2010
2.54581666666667	5493
2.54665000000000	4758
2.54748333333333	6342
2.54831666666667	2657
2.54915000000000	3183
2.54998333333333	5158
2.55081666666667	3109
2.55165000000000	5614
2.55248333333333	3087
2.55331666666667	5677
2.55415000000000	5053
2.55498333333333	4788
2.55581666666667	5634
2.55665000000000	6479
2.55748333333333	2103
2.55831666666667	4015
2.55915000000000	3631
2.55998333333333	5031
2.56083333333333	3180
2.56166666666667	6048
2.56250000000000	5474
2.56333333333333	4642
2.56416666666667	4185
2.56500000000000	4634
2.56583333333333	3935
2.56666666666667	3236
2.56750000000000	2635
2.56833333333333	3476
2.56916666666667	3303
2.57000000000000	3192
2.57083333333333	3814
2.57166666666667	4041
2.57250000000000	1377
2.57333333333333	5627
2.57416666666667	3646
2.57500000000000	5908
2.57583333333333	4509
2.57665000000000	4694
2.57748333333333	3051
2.57833333333333	2418
2.57916666666667	3268
2.58000000000000	4119
2.58083333333333	4037
2.58166666666667	881
2.58250000000000	5122
2.58333333333333	6788
2.58416666666667	3884
2.58500000000000	2583
2.58583333333333	2430
2.58666666666667	3966
2.58750000000000	4034
2.58833333333333	4103
2.58916666666667	2778
2.59000000000000	3889
2.59083333333333	5000
2.59166666666667	4175
2.59250000000000	3767
2.59333333333333	3359
2.59416666666667	3587
2.59501666666667	3829
2.59585000000000	4071
2.59668333333333	1932
2.59751666666667	4298
2.59835000000000	4717
2.59918333333333	3790
2.60001666666667	4594
2.60085000000000	5397
2.60168333333333	3180
2.60251666666667	3177
2.60335000000000	5603
2.60418333333333	3532
2.60501666666667	5373
2.60585000000000	6870
2.60668333333333	3609
2.60751666666667	5066
2.60835000000000	5049
2.60918333333333	4883
2.61001666666667	4718
2.61085000000000	5532
2.61168333333333	5686
2.61253333333333	5840
2.61336666666667	5407
2.61420000000000	2015
2.61503333333333	3863
2.61586666666667	3223
2.61670000000000	2203
2.61753333333333	1868
2.61836666666667	2235
2.61920000000000	3343
2.62003333333333	4218
2.62086666666667	5093
2.62170000000000	4640
2.62253333333333	3967
2.62336666666667	3651
2.62420000000000	3336
2.62503333333333	5496
2.62586666666667	5142
2.62670000000000	5598
2.62753333333333	3351
2.62836666666667	6019
2.62921666666667	6249
2.63005000000000	5220
2.63088333333333	6838
2.63171666666667	8456
2.63255000000000	3789
2.63338333333333	3987
2.63421666666667	4707
2.63505000000000	3606
2.63588333333333	2505
2.63671666666667	4027
2.63755000000000	6231
2.63838333333333	5707
2.63921666666667	5598
2.64005000000000	4452
2.64088333333333	4130
2.64171666666667	3830
2.64255000000000	6994
2.64338333333333	7288
2.64421666666667	3466
2.64505000000000	3788
2.64588333333333	3755
2.64673333333333	4515
2.64756666666667	4445
2.64840000000000	4374
2.64923333333333	3559
2.65006666666667	3925
2.65090000000000	4292
2.65173333333333	3830
2.65256666666667	5337
2.65340000000000	5249
2.65423333333333	6140
2.65506666666667	5696
2.65590000000000	3783
2.65673333333333	5466
2.65756666666667	3879
2.65840000000000	5529
2.65923333333333	6578
2.66006666666667	3660
2.66090000000000	4206
2.66173333333333	4752
2.66256666666667	5116
2.66341666666667	5481
2.66425000000000	4245
2.66508333333333	4134
2.66591666666667	5560
2.66675000000000	6342
2.66758333333333	5652
2.66841666666667	4081
2.66925000000000	4199
2.67008333333333	4430
2.67091666666667	4251
2.67175000000000	5819
2.67258333333333	4144
2.67341666666667	2469
2.67425000000000	5272
2.67506666666667	4942
2.67590000000000	6229
2.67673333333333	4614
2.67756666666667	5887
2.67840000000000	4505
2.67923333333333	5354
2.68006666666667	4063
2.68091666666667	2870
2.68175000000000	4624
2.68258333333333	4227
2.68341666666667	4067
2.68425000000000	3908
2.68508333333333	4114
2.68591666666667	4321
2.68675000000000	3472
2.68758333333333	5324
2.68841666666667	4743
2.68925000000000	3790
2.69008333333333	2303
2.69091666666667	3765
2.69175000000000	4846
2.69258333333333	5011
2.69341666666667	5176
2.69425000000000	5277
2.69508333333333	5378
2.69591666666667	5429
2.69675000000000	5480
2.69760000000000	6616
2.69843333333333	2454
2.69926666666667	6701
2.70010000000000	6087
2.70093333333333	4794
2.70176666666667	4678
2.70260000000000	5131
2.70343333333333	5585
2.70426666666667	5641
2.70510000000000	5890
2.70593333333333	5181
2.70676666666667	4499
2.70760000000000	4790
2.70843333333333	4244
2.70926666666667	6174
2.71010000000000	7477
2.71093333333333	6354
2.71176666666667	5215
2.71260000000000	3175
2.71343333333333	5096
2.71426666666667	5069
2.71511666666667	5043
2.71595000000000	4089
2.71678333333333	3883
2.71761666666667	5524
2.71845000000000	3118
2.71928333333333	4001
2.72011666666667	4884
2.72095000000000	5370
2.72178333333333	6094
2.72261666666667	3767
2.72345000000000	5691
2.72428333333333	6031
2.72511666666667	6235
2.72595000000000	5362
2.72678333333333	4213
2.72761666666667	5903
2.72845000000000	5415
2.72928333333333	4928
2.73011666666667	2925
2.73095000000000	5044
2.73180000000000	4624
2.73263333333333	4204
2.73346666666667	6163
2.73430000000000	2526
2.73513333333333	3711
2.73596666666667	4896
2.73680000000000	6391
2.73763333333333	6087
2.73846666666667	5941
2.73930000000000	7845
2.74013333333333	8500
2.74096666666667	7099
2.74180000000000	5476
2.74263333333333	5725
2.74346666666667	6119
2.74430000000000	4294
2.74513333333333	6651
2.74596666666667	6678
2.74680000000000	8132
2.74761666666667	4976
2.74845000000000	3871
2.74930000000000	4546
2.75013333333333	5511
2.75096666666667	5156
2.75180000000000	5104
2.75263333333333	4763
2.75346666666667	5618
2.75430000000000	2486
2.75513333333333	2681
2.75596666666667	5108
2.75680000000000	5942
2.75763333333333	5078
2.75846666666667	6250
2.75930000000000	5755
2.76013333333333	5260
2.76096666666667	5514
2.76180000000000	5061
2.76263333333333	8240
2.76346666666667	8052
2.76430000000000	6277
2.76513333333333	5081
2.76598333333333	4734
2.76681666666667	4036
2.76765000000000	4272
2.76848333333333	4508
2.76931666666667	6748
2.77015000000000	6783
2.77098333333333	8228
2.77181666666667	2964
2.77265000000000	4868
2.77348333333333	2309
2.77431666666667	3733
2.77515000000000	5157
2.77598333333333	8078
2.77681666666667	7551
2.77765000000000	6873
2.77848333333333	7648
2.77931666666667	4733
2.78015000000000	5235
2.78098333333333	4750
2.78181666666667	2828
2.78265000000000	3818
2.78350000000000	4808
2.78433333333333	6017
2.78516666666667	6440
2.78600000000000	6864
2.78683333333333	2898
2.78766666666667	4515
2.78850000000000	5164
2.78933333333333	4795
2.79016666666667	4426
2.79100000000000	3982
2.79183333333333	3539
2.79266666666667	4117
2.79350000000000	3747
2.79433333333333	3377
2.79516666666667	5055
2.79600000000000	5180
2.79683333333333	6072
2.79766666666667	8166
2.79850000000000	8844
2.79933333333333	5085
2.80018333333333	3796
2.80101666666667	3795
2.80185000000000	4026
2.80268333333333	4641
2.80351666666667	5294
2.80435000000000	5130
2.80518333333333	4113
2.80601666666667	4265
2.80685000000000	4418
2.80768333333333	4523
2.80851666666667	5589
2.80935000000000	5637
2.81018333333333	5686
2.81101666666667	5966
2.81185000000000	5477
2.81268333333333	4989
2.81351666666667	3121
2.81435000000000	6425
2.81518333333333	7653
2.81601666666667	5659
2.81685000000000	7209
2.81770000000000	5195
2.81853333333333	6150
2.81936666666667	4234
2.82020000000000	5557
2.82103333333333	6881
2.82186666666667	5000
2.82270000000000	3756
2.82353333333333	6727
2.82436666666667	6423
2.82520000000000	3053
2.82603333333333	4624
2.82686666666667	4611
2.82770000000000	5263
2.82853333333333	4212
2.82936666666667	4252
2.83020000000000	7395
2.83103333333333	6933
2.83185000000000	3942
2.83268333333333	5696
2.83351666666667	5110
2.83436666666667	3726
2.83520000000000	6742
2.83603333333333	5356
2.83686666666667	5164
2.83770000000000	4575
2.83853333333333	7481
2.83936666666667	2070
2.84020000000000	6814
2.84103333333333	2014
2.84186666666667	4627
2.84270000000000	5348
2.84353333333333	6634
2.84436666666667	2975
2.84520000000000	4438
2.84603333333333	4895
2.84686666666667	4139
2.84770000000000	3383
2.84853333333333	4121
2.84936666666667	4858
2.85020000000000	4840
2.85103333333333	4603
2.85188333333333	6768
2.85271666666667	7777
2.85355000000000	9160
2.85438333333333	7372
2.85521666666667	6841
2.85605000000000	6259
2.85688333333333	4837
2.85771666666667	5169
2.85855000000000	8556
2.85938333333333	8528
2.86021666666667	6841
2.86105000000000	3649
2.86188333333333	3905
2.86271666666667	4609
2.86355000000000	4737
2.86438333333333	4865
2.86521666666667	5325
2.86605000000000	4929
2.86688333333333	4532
2.86771666666667	4727
2.86856666666667	5727
2.86940000000000	6727
2.87023333333333	5891
2.87106666666667	6333
2.87190000000000	7707
2.87273333333333	8093
2.87356666666667	5947
2.87440000000000	6293
2.87523333333333	7598
2.87606666666667	4805
2.87690000000000	7085
2.87773333333333	3625
2.87856666666667	5542
2.87940000000000	6105
2.88023333333333	6668
2.88106666666667	4298
2.88190000000000	4689
2.88273333333333	5079
2.88356666666667	5043
2.88440000000000	2650
2.88523333333333	6296
2.88608333333333	4841
2.88691666666667	7467
2.88775000000000	5924
2.88858333333333	5435
2.88941666666667	4422
2.89025000000000	5880
2.89108333333333	6599
2.89191666666667	6306
2.89275000000000	6012
2.89358333333333	5447
2.89441666666667	4883
2.89525000000000	4989
2.89608333333333	4685
2.89691666666667	6706
2.89775000000000	6868
2.89858333333333	4082
2.89941666666667	7054
2.90025000000000	7743
2.90108333333333	8085
2.90191666666667	7282
2.90276666666667	6879
2.90360000000000	6145
2.90443333333333	2830
2.90526666666667	5186
2.90610000000000	6338
2.90693333333333	6477
2.90776666666667	6598
2.90860000000000	5121
2.90943333333333	5027
2.91026666666667	5804
2.91110000000000	6311
2.91193333333333	6753
2.91276666666667	7194
2.91360000000000	5609
2.91443333333333	8268
2.91526666666667	7185
2.91610000000000	7201
2.91693333333333	7128
2.91776666666667	4273
2.91860000000000	7656
2.91941666666667	5883
2.92026666666667	4369
2.92110000000000	5782
2.92193333333333	5919
2.92276666666667	4436
2.92360000000000	2954
2.92443333333333	3528
2.92526666666667	4102
2.92610000000000	4179
2.92693333333333	4256
2.92776666666667	5441
2.92860000000000	6055
2.92943333333333	6668
2.93026666666667	1301
2.93110000000000	5953
2.93193333333333	7093
2.93276666666667	7509
2.93360000000000	6372
2.93443333333333	5309
2.93526666666667	4147
2.93610000000000	8652
2.93695000000000	8332
2.93778333333333	3879
2.93861666666667	5087
2.93945000000000	6782
2.94028333333333	7399
2.94111666666667	5625
2.94195000000000	7587
2.94278333333333	6513
2.94361666666667	5438
2.94445000000000	4481
2.94528333333333	4620
2.94611666666667	5208
2.94695000000000	5797
2.94778333333333	2877
2.94861666666667	7222
2.94945000000000	2826
2.95028333333333	7276
2.95111666666667	6823
2.95195000000000	4995
2.95278333333333	6403
2.95361666666667	5200
2.95446666666667	7053
2.95530000000000	6152
2.95613333333333	5082
2.95696666666667	4902
2.95780000000000	6075
2.95863333333333	7248
2.95946666666667	3045
2.96030000000000	8640
2.96113333333333	3593
2.96196666666667	8096
2.96280000000000	5384
2.96363333333333	4611
2.96446666666667	3781
2.96530000000000	3509
2.96613333333333	3236
2.96696666666667	5919
2.96780000000000	6121
2.96863333333333	6324
2.96946666666667	3224
2.97030000000000	3885
2.97115000000000	4547
2.97198333333333	8368
2.97281666666667	8174
2.97365000000000	6807
2.97448333333333	4216
2.97531666666667	4676
2.97615000000000	3698
2.97698333333333	4104
2.97781666666667	4511
2.97865000000000	4227
2.97948333333333	2741
2.98031666666667	5404
2.98115000000000	6014
2.98198333333333	6983
2.98281666666667	4189
2.98365000000000	5216
2.98448333333333	6761
2.98531666666667	3084
2.98615000000000	4992
2.98696666666667	4294
2.98780000000000	5718
2.98865000000000	6018
2.98948333333333	6319
2.99031666666667	8732
2.99115000000000	9400
2.99198333333333	4836
2.99281666666667	4538
2.99365000000000	5738
2.99448333333333	5222
2.99531666666667	5285
2.99615000000000	4754
2.99698333333333	3455
2.99781666666667	5280
2.99865000000000	4347
2.99948333333333	3806
3.00031666666667	4059
3.00115000000000	4312
3.00198333333333	4193
3.00281666666667	4074
3.00365000000000	6932
3.00448333333333	5596
3.00533333333333	4260
3.00616666666667	7628
3.00700000000000	2381
3.00783333333333	2650
3.00866666666667	6594
3.00950000000000	7578
3.01033333333333	5502
3.01116666666667	7960
3.01200000000000	7536
3.01283333333333	2595
3.01366666666667	5600
3.01450000000000	6863
3.01533333333333	4483
3.01616666666667	4731
3.01700000000000	4979
3.01783333333333	3386
3.01866666666667	7269
3.01950000000000	9500
3.02033333333333	11552
3.02116666666667	4903
3.02200000000000	9708
3.02285000000000	6024
3.02368333333333	7337
3.02451666666667	7638
3.02535000000000	5314
3.02618333333333	6096
3.02701666666667	6021
3.02785000000000	5743
3.02868333333333	5465
3.02951666666667	4245
3.03035000000000	3531
3.03118333333333	5056
3.03201666666667	4398
3.03285000000000	5772
3.03368333333333	5619
3.03451666666667	5711
3.03535000000000	4063
3.03618333333333	2474
3.03701666666667	4038
3.03785000000000	6313
3.03868333333333	5896
3.03953333333333	5543
3.04036666666667	4428
3.04120000000000	2648
3.04203333333333	4355
3.04286666666667	4936
3.04370000000000	5517
3.04453333333333	5463
3.04536666666667	3909
3.04620000000000	7054
3.04703333333333	6150
3.04786666666667	6097
3.04870000000000	5701
3.04953333333333	5304
3.05036666666667	6065
3.05120000000000	6304
3.05203333333333	6544
3.05286666666667	8094
3.05370000000000	8003
3.05453333333333	8484
3.05536666666667	6717
3.05620000000000	5895
3.05705000000000	4381
3.05788333333333	3046
3.05871666666667	5554
3.05955000000000	4797
3.06038333333333	6077
3.06121666666667	4576
3.06205000000000	5554
3.06288333333333	6532
3.06371666666667	3915
3.06455000000000	5191
3.06538333333333	5145
3.06621666666667	4309
3.06705000000000	7432
3.06788333333333	6870
3.06871666666667	6308
3.06955000000000	6412
3.07038333333333	3400
3.07121666666667	3803
3.07203333333333	4657
3.07286666666667	5690
3.07371666666667	5833
3.07455000000000	5326
3.07538333333333	6222
3.07621666666667	6524
3.07705000000000	4178
3.07788333333333	6302
3.07871666666667	5534
3.07955000000000	5375
3.08038333333333	5215
3.08121666666667	6113
3.08205000000000	6276
3.08288333333333	6439
3.08371666666667	6040
3.08455000000000	6860
3.08538333333333	7873
3.08621666666667	7863
3.08705000000000	3921
3.08788333333333	7432
3.08871666666667	7687
3.08955000000000	4082
3.09038333333333	6035
3.09123333333333	6169
3.09206666666667	6015
3.09290000000000	6370
3.09373333333333	5295
3.09456666666667	6600
3.09540000000000	5880
3.09623333333333	6096
3.09706666666667	6312
3.09790000000000	4461
3.09873333333333	2993
3.09956666666667	3512
3.10040000000000	4683
3.10123333333333	6930
3.10206666666667	6474
3.10290000000000	6488
3.10373333333333	4629
3.10456666666667	3363
3.10540000000000	3628
3.10623333333333	3892
3.10706666666667	7279
3.10791666666667	8324
3.10875000000000	5574
3.10958333333333	5413
3.11041666666667	6665
3.11125000000000	6452
3.11208333333333	3639
3.11291666666667	8460
3.11375000000000	6067
3.11458333333333	9380
3.11541666666667	4000
3.11625000000000	8472
3.11708333333333	6754
3.11791666666667	8356
3.11875000000000	7848
3.11958333333333	5263
3.12041666666667	5376
3.12125000000000	4048
3.12208333333333	4585
3.12291666666667	5122
3.12375000000000	5802
3.12458333333333	5502
3.12543333333333	3553
3.12626666666667	6392
3.12710000000000	5563
3.12793333333333	6908
3.12876666666667	7253
3.12960000000000	7866
3.13043333333333	5497
3.13126666666667	6377
3.13210000000000	3460
3.13293333333333	5423
3.13376666666667	7385
3.13460000000000	2725
3.13543333333333	6948
3.13626666666667	6178
3.13710000000000	3267
3.13793333333333	5969
3.13876666666667	4812
3.13960000000000	7615
3.14043333333333	6583
3.14125000000000	5551
3.14210000000000	7365
3.14293333333333	6175
3.14376666666667	5632
3.14460000000000	6029
3.14543333333333	7722
3.14626666666667	8091
3.14710000000000	3242
3.14793333333333	6461
3.14876666666667	4864
3.14960000000000	2922
3.15043333333333	6239
3.15126666666667	7985
3.15210000000000	6121
3.15293333333333	6653
3.15376666666667	7185
3.15460000000000	5214
3.15543333333333	7244
3.15626666666667	7099
3.15710000000000	4589
3.15793333333333	4718
3.15876666666667	4847
3.15961666666667	5949
3.16045000000000	5920
3.16128333333333	5891
3.16211666666667	8616
3.16295000000000	8208
3.16378333333333	3992
3.16461666666667	10612
3.16545000000000	7325
3.16628333333333	7957
3.16711666666667	5188
3.16795000000000	6067
3.16878333333333	6667
3.16961666666667	6090
3.17045000000000	3007
3.17128333333333	6250
3.17211666666667	7320
3.17295000000000	5718
3.17378333333333	5880
3.17461666666667	6073
3.17545000000000	6266
3.17630000000000	3505
3.17713333333333	3806
3.17796666666667	6832
3.17880000000000	7478
3.17963333333333	6182
3.18046666666667	8396
3.18130000000000	3431
3.18213333333333	6168
3.18296666666667	7282
3.18380000000000	6862
3.18463333333333	4876
3.18546666666667	4687
3.18630000000000	4685
3.18713333333333	3704
3.18796666666667	2722
3.18880000000000	6392
3.18963333333333	6197
3.19046666666667	5552
3.19130000000000	9208
3.19213333333333	9044
3.19296666666667	5242
3.19381666666667	6759
3.19465000000000	7594
3.19548333333333	6355
3.19631666666667	5906
3.19715000000000	5329
3.19798333333333	4195
3.19881666666667	3061
3.19965000000000	6555
3.20048333333333	7247
3.20131666666667	5179
3.20215000000000	5064
3.20298333333333	4949
3.20381666666667	4500
3.20465000000000	4950
3.20548333333333	5036
3.20631666666667	5122
3.20715000000000	7423
3.20798333333333	2073
3.20881666666667	8572
3.20965000000000	4421
3.21050000000000	7233
3.21133333333333	8054
3.21216666666667	5107
3.21300000000000	5361
3.21383333333333	3099
3.21466666666667	3242
3.21550000000000	3386
3.21633333333333	6408
3.21716666666667	7027
3.21800000000000	9764
3.21883333333333	8500
3.21966666666667	6421
3.22050000000000	10328
3.22133333333333	4831
3.22216666666667	5392
3.22298333333333	7326
3.22381666666667	7173
3.22465000000000	7329
3.22548333333333	5483
3.22631666666667	4595
3.22715000000000	8428
3.22800000000000	7047
3.22883333333333	6173
3.22966666666667	6628
3.23050000000000	4042
3.23133333333333	8876
3.23216666666667	8196
3.23300000000000	3209
3.23383333333333	7935
3.23466666666667	5277
3.23550000000000	7924
3.23633333333333	6516
3.23716666666667	7639
3.23800000000000	5001
3.23883333333333	6186
3.23966666666667	6829
3.24050000000000	6163
3.24133333333333	5496
3.24216666666667	5832
3.24300000000000	6167
3.24383333333333	6448
3.24468333333333	6730
3.24551666666667	4595
3.24635000000000	2585
3.24718333333333	4909
3.24801666666667	6033
3.24885000000000	7523
3.24968333333333	5470
3.25051666666667	6982
3.25135000000000	7499
3.25218333333333	6010
3.25301666666667	6113
3.25385000000000	5383
3.25468333333333	5442
3.25551666666667	7502
3.25635000000000	8177
3.25718333333333	4450
3.25801666666667	3978
3.25885000000000	7424
3.25968333333333	7521
3.26051666666667	5166
3.26135000000000	6316
3.26220000000000	6077
3.26303333333333	6449
3.26386666666667	7203
3.26470000000000	2391
3.26553333333333	3388
3.26636666666667	4385
3.26720000000000	4848
3.26803333333333	5310
3.26886666666667	5506
3.26970000000000	5672
3.27053333333333	5839
3.27136666666667	6521
3.27220000000000	6277
3.27303333333333	6032
3.27386666666667	8014
3.27470000000000	8177
3.27553333333333	1987
3.27636666666667	5648
3.27720000000000	7526
3.27803333333333	8940
3.27888333333333	5596
3.27971666666667	4575
3.28055000000000	3569
3.28138333333333	6563
3.28221666666667	5709
3.28305000000000	4855
3.28388333333333	5374
3.28471666666667	5894
3.28555000000000	5626
3.28638333333333	5358
3.28721666666667	5518
3.28805000000000	4887
3.28888333333333	5780
3.28971666666667	6950
3.29055000000000	8660
3.29138333333333	8672
3.29221666666667	6712
3.29305000000000	7189
3.29388333333333	4383
3.29471666666667	4900
3.29555000000000	7734
3.29640000000000	6080
3.29723333333333	9380
3.29806666666667	3050
3.29890000000000	8960
3.29973333333333	6087
3.30056666666667	3525
3.30140000000000	2565
3.30223333333333	6290
3.30306666666667	4554
3.30390000000000	4907
3.30473333333333	2878
3.30556666666667	7424
3.30640000000000	6839
3.30723333333333	6023
3.30806666666667	7513
3.30890000000000	6663
3.30973333333333	8656
3.31055000000000	3571
3.31138333333333	7591
3.31221666666667	3004
3.31306666666667	7368
3.31390000000000	4956
3.31473333333333	4877
3.31556666666667	4159
3.31640000000000	2595
3.31723333333333	4662
3.31806666666667	4798
3.31890000000000	4933
3.31973333333333	5359
3.32056666666667	5784
3.32140000000000	8045
3.32223333333333	6430
3.32306666666667	4815
3.32390000000000	4725
3.32473333333333	6427
3.32556666666667	5884
3.32640000000000	4585
3.32723333333333	6073
3.32806666666667	5184
3.32890000000000	4997
3.32973333333333	4809
3.33058333333333	4550
3.33141666666667	5685
3.33225000000000	7144
3.33308333333333	7590
3.33391666666667	4651
3.33475000000000	7610
3.33558333333333	5265
3.33641666666667	6382
3.33725000000000	6833
3.33808333333333	7435
3.33891666666667	6499
3.33975000000000	4759
3.34058333333333	6996
3.34141666666667	4253
3.34225000000000	7125
3.34308333333333	6519
3.34391666666667	5233
3.34475000000000	6100
3.34558333333333	4972
3.34641666666667	4764
3.34726666666667	4567
3.34810000000000	4911
3.34893333333333	6548
3.34976666666667	5928
3.35060000000000	5307
3.35143333333333	6708
3.35226666666667	4069
3.35310000000000	6808
3.35393333333333	7598
3.35476666666667	6539
3.35560000000000	7692
3.35643333333333	6365
3.35726666666667	7358
3.35810000000000	6959
3.35893333333333	4153
3.35976666666667	5348
3.36060000000000	4413
3.36143333333333	4898
3.36226666666667	5383
3.36310000000000	5583
3.36393333333333	6575
3.36478333333333	6700
3.36561666666667	6824
3.36645000000000	6209
3.36728333333333	4498
3.36811666666667	5985
3.36895000000000	6718
3.36978333333333	5704
3.37061666666667	6474
3.37145000000000	6695
3.37228333333333	9180
3.37311666666667	7052
3.37395000000000	4926
3.37478333333333	5459
3.37561666666667	5566
3.37645000000000	3339
3.37728333333333	4561
3.37811666666667	5782
3.37895000000000	7683
3.37978333333333	9480
3.38061666666667	7610
3.38146666666667	5646
3.38230000000000	4731
3.38313333333333	3401
3.38396666666667	4647
3.38480000000000	7450
3.38563333333333	7138
3.38646666666667	8792
3.38730000000000	7572
3.38813333333333	4909
3.38896666666667	8620
3.38980000000000	9000
3.39063333333333	6692
3.39146666666667	6850
3.39230000000000	5694
3.39313333333333	7495
3.39396666666667	2377
3.39480000000000	9440
3.39563333333333	8864
3.39646666666667	4540
3.39730000000000	7390
3.39813333333333	4090
3.39898333333333	8404
3.39981666666667	10264
3.40065000000000	8252
3.40148333333333	5238
3.40231666666667	4505
3.40315000000000	8084
3.40398333333333	4028
3.40481666666667	7850
3.40565000000000	6682
3.40648333333333	7247
3.40731666666667	8098
3.40815000000000	4499
3.40898333333333	2558
3.40981666666667	8150
3.41065000000000	5500
3.41148333333333	6858
3.41231666666667	5072
3.41315000000000	7100
3.41398333333333	5535
3.41481666666667	3970
3.41566666666667	6639
3.41650000000000	3415
3.41733333333333	10004
3.41816666666667	8744
3.41900000000000	8121
3.41983333333333	7929
3.42066666666667	6260
3.42150000000000	6787
3.42233333333333	5055
3.42316666666667	2854
3.42400000000000	7931
3.42483333333333	9044
3.42566666666667	6000
3.42648333333333	7535
3.42731666666667	8744
3.42815000000000	4575
3.42898333333333	6647
3.42981666666667	6294
3.43065000000000	6070
3.43148333333333	5847
3.43231666666667	7607
3.43316666666667	7847
3.43400000000000	4998
3.43483333333333	5564
3.43566666666667	6321
3.43650000000000	7535
3.43733333333333	6675
3.43816666666667	5814
3.43900000000000	3804
3.43983333333333	3986
3.44066666666667	5551
3.44150000000000	5767
3.44233333333333	5984
3.44316666666667	6363
3.44400000000000	7330
3.44483333333333	4303
3.44566666666667	7817
3.44650000000000	9144
3.44733333333333	4392
3.44816666666667	5236
3.44900000000000	6653
3.44985000000000	5189
3.45068333333333	7215
3.45151666666667	6161
3.45235000000000	6110
3.45318333333333	7108
3.45401666666667	4329
3.45485000000000	7240
3.45568333333333	7248
3.45651666666667	6840
3.45735000000000	3473
3.45818333333333	4068
3.45901666666667	7331
3.45985000000000	5607
3.46068333333333	5520
3.46151666666667	5434
3.46235000000000	8072
3.46318333333333	9016
3.46401666666667	8137
3.46485000000000	6055
3.46568333333333	7469
3.46651666666667	7380
3.46736666666667	9164
3.46820000000000	8312
3.46903333333333	9008
3.46986666666667	4020
3.47070000000000	5249
3.47153333333333	6478
3.47236666666667	7283
3.47320000000000	5063
3.47403333333333	4229
3.47486666666667	4537
3.47570000000000	4613
3.47653333333333	4689
3.47736666666667	4865
3.47820000000000	4837
3.47903333333333	5390
3.47986666666667	5943
3.48070000000000	7558
3.48153333333333	6653
3.48236666666667	5748
3.48320000000000	4411
3.48405000000000	6573
3.48488333333333	6454
3.48571666666667	6336
3.48655000000000	6410
3.48738333333333	6484
3.48821666666667	3544
3.48905000000000	4781
3.48988333333333	6019
3.49071666666667	5702
3.49155000000000	6353
3.49238333333333	5504
3.49321666666667	7655
3.49405000000000	7857
3.49488333333333	5780
3.49571666666667	6798
3.49655000000000	8196
3.49738333333333	9024
3.49821666666667	5545
3.49905000000000	7934
3.49988333333333	6468
3.50071666666667	9628
3.50156666666667	9128
3.50240000000000	7324
3.50323333333333	9036
3.50406666666667	7556
3.50490000000000	4535
3.50573333333333	9444
3.50656666666667	7570
3.50740000000000	5324
3.50823333333333	5277
3.50906666666667	4894
3.50990000000000	5120
3.51073333333333	4076
3.51156666666667	3032
3.51240000000000	5208
3.51323333333333	6470
3.51406666666667	5270
3.51490000000000	7141
3.51573333333333	6575
3.51656666666667	6434
3.51740000000000	3143
3.51825000000000	6282
3.51908333333333	11692
3.51991666666667	10468
3.52075000000000	3838
3.52158333333333	6389
3.52241666666667	8110
3.52325000000000	10232
3.52408333333333	7891
3.52491666666667	7612
3.52575000000000	9216
3.52658333333333	8132
3.52741666666667	8484
3.52825000000000	10528
3.52908333333333	3843
3.52991666666667	7348
3.53075000000000	5318
3.53158333333333	4739
3.53241666666667	6994
3.53323333333333	7132
3.53406666666667	7286
3.53490000000000	6543
3.53575000000000	5833
3.53658333333333	6125
3.53741666666667	6116
3.53825000000000	6599
3.53908333333333	7082
3.53991666666667	4991
3.54075000000000	7175
3.54158333333333	5694
3.54241666666667	5407
3.54325000000000	6349
3.54408333333333	6415
3.54491666666667	6241
3.54575000000000	6164
3.54658333333333	6088
3.54741666666667	6688
3.54825000000000	7243
3.54908333333333	8700
3.54991666666667	4095
3.55075000000000	7937
3.55158333333333	7831
3.55243333333333	6897
3.55326666666667	7187
3.55410000000000	5807
3.55493333333333	4985
3.55576666666667	6888
3.55660000000000	3698
3.55743333333333	4456
3.55826666666667	3321
3.55910000000000	4299
3.55993333333333	4447
3.56076666666667	4595
3.56160000000000	5009
3.56243333333333	6119
3.56326666666667	5901
3.56410000000000	5557
3.56493333333333	5261
3.56576666666667	5069
3.56660000000000	4801
3.56743333333333	7876
3.56826666666667	6433
3.56910000000000	4989
3.56995000000000	5851
3.57078333333333	6714
3.57161666666667	5502
3.57245000000000	5675
3.57328333333333	6780
3.57411666666667	4007
3.57495000000000	7562
3.57578333333333	6319
3.57661666666667	5276
3.57745000000000	2548
3.57828333333333	7443
3.57911666666667	2546
3.57995000000000	6713
3.58078333333333	7111
3.58161666666667	8192
3.58245000000000	4439
3.58328333333333	5272
3.58411666666667	6575
3.58495000000000	4268
3.58578333333333	5743
3.58663333333333	5390
3.58746666666667	5121
3.58830000000000	4853
3.58913333333333	8244
3.58996666666667	7944
3.59080000000000	6473
3.59163333333333	5097
3.59246666666667	4477
3.59330000000000	7385
3.59413333333333	8280
3.59496666666667	6816
3.59580000000000	7157
3.59663333333333	6703
3.59746666666667	7254
3.59830000000000	7022
3.59913333333333	6790
3.59996666666667	7169
3.60080000000000	7547
3.60163333333333	7417
3.60246666666667	7287
3.60330000000000	6758
3.60415000000000	3202
3.60498333333333	6114
3.60581666666667	7983
3.60665000000000	10248
3.60748333333333	8040
3.60831666666667	4860
3.60915000000000	7226
3.60998333333333	7987
3.61081666666667	5332
3.61165000000000	6020
3.61248333333333	4648
3.61331666666667	5343
3.61415000000000	6037
3.61498333333333	5911
3.61581666666667	6124
3.61665000000000	6422
3.61748333333333	6720
3.61831666666667	5676
3.61915000000000	3530
3.61998333333333	4303
3.62083333333333	5816
3.62166666666667	6409
3.62250000000000	7002
3.62333333333333	4450
3.62416666666667	5714
3.62500000000000	6077
3.62583333333333	7058
3.62666666666667	6057
3.62750000000000	5056
3.62833333333333	8792
3.62916666666667	6065
3.63000000000000	3339
3.63083333333333	5133
3.63166666666667	4875
3.63250000000000	6606
3.63333333333333	7661
3.63416666666667	7677
3.63500000000000	3884
3.63583333333333	4981
3.63666666666667	4849
3.63750000000000	5805
3.63835000000000	6762
3.63918333333333	6851
3.64001666666667	6939
3.64085000000000	7809
3.64168333333333	3132
3.64251666666667	6194
3.64335000000000	7410
3.64418333333333	8628
3.64501666666667	8472
3.64585000000000	8171
3.64668333333333	8084
3.64751666666667	7997
3.64835000000000	4104
3.64918333333333	6495
3.65001666666667	2492
3.65085000000000	4073
3.65168333333333	5654
3.65250000000000	8556
3.65333333333333	9096
3.65416666666667	10020
3.65501666666667	9040
3.65585000000000	3966
3.65668333333333	6717
3.65751666666667	8848
3.65835000000000	8540
3.65918333333333	6246
3.66001666666667	8098
3.66085000000000	9144
3.66168333333333	5169
3.66251666666667	9148
3.66335000000000	6757
3.66418333333333	6469
3.66501666666667	7555
3.66585000000000	6370
3.66668333333333	5185
3.66751666666667	6762
3.66835000000000	8756
3.66918333333333	7131
3.67001666666667	5505
3.67085000000000	8700
3.67168333333333	6748
3.67253333333333	9844
3.67336666666667	3914
3.67420000000000	9920
3.67503333333333	4746
3.67586666666667	10116
3.67670000000000	8912
3.67753333333333	7678
3.67836666666667	7636
3.67920000000000	8308
3.68003333333333	4561
3.68086666666667	7282
3.68170000000000	6675
3.68253333333333	5100
3.68336666666667	3525
3.68420000000000	6330
3.68503333333333	8476
3.68586666666667	6661
3.68670000000000	6128
3.68753333333333	5935
3.68836666666667	6969
3.68921666666667	8004
3.69005000000000	6650
3.69088333333333	5297
3.69171666666667	10096
3.69255000000000	3103
3.69338333333333	7726
3.69421666666667	5509
3.69505000000000	5484
3.69588333333333	8100
3.69671666666667	7207
3.69755000000000	6314
3.69838333333333	8007
3.69921666666667	3156
3.70005000000000	7330
3.70088333333333	5565
3.70171666666667	8186
3.70255000000000	5264
3.70338333333333	6529
3.70421666666667	3836
3.70505000000000	4312
3.70588333333333	3836
3.70673333333333	3359
3.70756666666667	7411
3.70840000000000	7845
3.70923333333333	9600
3.71006666666667	2827
3.71090000000000	8392
3.71173333333333	6880
3.71256666666667	3442
3.71340000000000	2210
3.71423333333333	4692
3.71506666666667	4810
3.71590000000000	4928
3.71673333333333	6349
3.71756666666667	7530
3.71840000000000	7861
3.71923333333333	4637
3.72006666666667	5294
3.72090000000000	8416
3.72173333333333	4167
3.72256666666667	8564
3.72341666666667	5852
3.72425000000000	5946
3.72508333333333	3285
3.72591666666667	6479
3.72675000000000	10076
3.72758333333333	8768
3.72841666666667	5636
3.72925000000000	3798
3.73008333333333	7935
3.73091666666667	9776
3.73175000000000	8744
3.73258333333333	8384
3.73341666666667	9180
3.73425000000000	7345
3.73508333333333	9728
3.73591666666667	8232
3.73675000000000	6570
3.73758333333333	10240
3.73841666666667	7977
3.73925000000000	9572
3.74008333333333	7422
3.74093333333333	4623
3.74176666666667	7587
3.74260000000000	9108
3.74343333333333	7627
3.74426666666667	9784
3.74510000000000	5866
3.74593333333333	7894
3.74676666666667	9240
3.74760000000000	6990
3.74843333333333	7331
3.74926666666667	8352
3.75010000000000	9064
3.75093333333333	8820
3.75176666666667	5789
3.75260000000000	6700
3.75343333333333	7000
3.75426666666667	7400
3.75510000000000	5118
3.75593333333333	4861
3.75676666666667	4603
3.75761666666667	4383
3.75845000000000	4162
3.75928333333333	5443
3.76011666666667	6724
3.76095000000000	5296
3.76178333333333	3869
3.76261666666667	6858
3.76345000000000	7277
3.76428333333333	8704
3.76511666666667	6964
3.76595000000000	4221
3.76678333333333	4459
3.76760000000000	8130
3.76843333333333	7992
3.76926666666667	6698
3.77010000000000	6468
3.77093333333333	6238
3.77176666666667	5835
3.77260000000000	5433
3.77343333333333	5835
3.77426666666667	6238
3.77511666666667	7009
3.77595000000000	6686
3.77678333333333	6363
3.77761666666667	6122
3.77845000000000	5519
3.77928333333333	4915
3.78011666666667	5775
3.78095000000000	4940
3.78178333333333	6126
3.78261666666667	4364
3.78345000000000	5704
3.78428333333333	6393
3.78511666666667	7053
3.78595000000000	7713
3.78678333333333	7458
3.78761666666667	7203
3.78845000000000	5978
3.78928333333333	5336
3.79011666666667	6073
3.79095000000000	6811
3.79180000000000	6448
3.79263333333333	6501
3.79346666666667	6554
3.79430000000000	6390
3.79513333333333	5744
3.79596666666667	5372
3.79680000000000	6185
3.79763333333333	5217
3.79846666666667	6872
3.79930000000000	10116
3.80013333333333	8512
3.80096666666667	6908
3.80180000000000	5898
3.80263333333333	8856
3.80346666666667	8316
3.80430000000000	7774
3.80513333333333	7926
3.80596666666667	5071
3.80680000000000	8127
3.80763333333333	3203
3.80846666666667	3854
3.80931666666667	4833
3.81015000000000	9296
3.81098333333333	8140
3.81181666666667	9092
3.81265000000000	5368
3.81348333333333	8368
3.81431666666667	7945
3.81515000000000	7321
3.81598333333333	7474
3.81681666666667	7628
3.81765000000000	5140
3.81848333333333	6805
3.81931666666667	6401
3.82015000000000	8944
3.82098333333333	8052
3.82181666666667	2633
3.82265000000000	8796
3.82348333333333	6580
3.82431666666667	9632
3.82515000000000	6197
3.82600000000000	8904
3.82683333333333	8161
3.82766666666667	1692
3.82850000000000	10244
3.82933333333333	7684
3.83016666666667	7306
3.83100000000000	5058
3.83183333333333	6659
3.83266666666667	3700
3.83350000000000	5549
3.83433333333333	7398
3.83516666666667	7786
3.83600000000000	6169
3.83683333333333	4551
3.83766666666667	11000
3.83850000000000	9000
3.83933333333333	7209
3.84016666666667	7567
3.84100000000000	5962
3.84183333333333	7057
3.84266666666667	6365
3.84351666666667	7345
3.84435000000000	5955
3.84518333333333	6100
3.84601666666667	6246
3.84685000000000	7178
3.84768333333333	6312
3.84851666666667	5446
3.84935000000000	7653
3.85018333333333	6524
3.85101666666667	5011
3.85185000000000	8016
3.85268333333333	11624
3.85351666666667	10628
3.85435000000000	4645
3.85518333333333	8312
3.85601666666667	6961
3.85685000000000	4029
3.85768333333333	3815
3.85850000000000	4223
3.85933333333333	3443
3.86018333333333	7000
3.86101666666667	6547
3.86185000000000	6311
3.86268333333333	5719
3.86351666666667	5218
3.86435000000000	4718
3.86518333333333	6175
3.86601666666667	4841
3.86685000000000	3506
3.86768333333333	4238
3.86851666666667	5283
3.86935000000000	6328
3.87018333333333	5718
3.87101666666667	5763
3.87185000000000	5809
3.87268333333333	5510
3.87351666666667	5212
3.87435000000000	5820
3.87518333333333	5732
3.87601666666667	5644
3.87685000000000	6230
3.87770000000000	5885
3.87853333333333	5540
3.87936666666667	6392
3.88020000000000	7062
3.88103333333333	4488
3.88186666666667	4702
3.88270000000000	8174
3.88353333333333	7750
3.88436666666667	4960
3.88520000000000	5652
3.88603333333333	6344
3.88686666666667	5816
3.88770000000000	5925
3.88853333333333	6034
3.88936666666667	5322
3.89020000000000	4609
3.89103333333333	4738
3.89186666666667	4866
3.89270000000000	4887
3.89353333333333	5217
3.89438333333333	5546
3.89521666666667	4580
3.89605000000000	3615
3.89688333333333	7920
3.89771666666667	6862
3.89855000000000	5171
3.89938333333333	5821
3.90021666666667	6471
3.90105000000000	6394
3.90188333333333	4072
3.90271666666667	6946
3.90355000000000	6221
3.90438333333333	5495
3.90521666666667	6577
3.90605000000000	6371
3.90688333333333	6166
3.90771666666667	5318
3.90855000000000	3204
3.90938333333333	3557
3.91021666666667	4637
3.91105000000000	5717
3.91190000000000	8552
3.91273333333333	10020
3.91356666666667	8153
3.91440000000000	6286
3.91523333333333	9160
3.91606666666667	7519
3.91690000000000	6194
3.91773333333333	6735
3.91856666666667	5555
3.91940000000000	5469
3.92023333333333	5383
3.92106666666667	4942
3.92190000000000	4502
3.92273333333333	5075
3.92356666666667	5649
3.92440000000000	7080
3.92523333333333	6865
3.92605000000000	7210
3.92688333333333	5639
3.92771666666667	6550
3.92856666666667	7462
3.92940000000000	5407
3.93023333333333	5300
3.93106666666667	7094
3.93190000000000	6829
3.93273333333333	5699
3.93356666666667	6147
3.93440000000000	6595
3.93523333333333	6847
3.93606666666667	7099
3.93690000000000	6141
3.93773333333333	4337
3.93856666666667	5065
3.93940000000000	5794
3.94023333333333	5980
3.94106666666667	11760
3.94190000000000	12484
3.94273333333333	6086
3.94356666666667	6464
3.94440000000000	5407
3.94523333333333	6466
3.94608333333333	6823
3.94691666666667	6643
3.94775000000000	6748
3.94858333333333	6853
3.94941666666667	7255
3.95025000000000	6026
3.95108333333333	5105
3.95191666666667	6563
3.95275000000000	9128
3.95358333333333	8492
3.95441666666667	6724
3.95525000000000	7483
3.95608333333333	6921
3.95691666666667	9216
3.95775000000000	8720
3.95858333333333	9800
3.95941666666667	6873
3.96025000000000	7294
3.96108333333333	9896
3.96191666666667	7736
3.96276666666667	7954
3.96360000000000	6906
3.96443333333333	6609
3.96526666666667	7797
3.96610000000000	6013
3.96693333333333	6903
3.96776666666667	9716
3.96860000000000	10896
3.96943333333333	9520
3.97026666666667	5641
3.97110000000000	8069
3.97193333333333	9412
3.97276666666667	7831
3.97360000000000	7276
3.97443333333333	7006
3.97526666666667	6737
3.97610000000000	5031
3.97693333333333	5936
3.97776666666667	7485
3.97860000000000	8065
3.97943333333333	5992
3.98028333333333	5519
3.98111666666667	6573
3.98195000000000	5923
3.98278333333333	6358
3.98361666666667	4434
3.98445000000000	5717
3.98528333333333	6999
3.98611666666667	6630
3.98695000000000	6260
3.98778333333333	7547
3.98861666666667	7511
3.98945000000000	5880
3.99028333333333	6846
3.99111666666667	7813
3.99195000000000	5341
3.99278333333333	8952
3.99361666666667	5385
3.99445000000000	8212
3.99528333333333	6449
3.99611666666667	10828
3.99696666666667	10684
3.99780000000000	9168
3.99863333333333	10288
3.99946666666667	9304
4.00030000000000	8316
4.00113333333333	9744
4.00196666666667	6647
4.00280000000000	7921
4.00363333333333	6710
4.00446666666667	6274
4.00530000000000	5838
4.00613333333333	6877
4.00696666666667	6387
4.00780000000000	5897
4.00863333333333	7254
4.00946666666667	7180
4.01030000000000	6870
4.01113333333333	6213
4.01196666666667	6902
4.01280000000000	2802
4.01363333333333	4121
4.01448333333333	5440
4.01531666666667	6016
4.01615000000000	7915
4.01698333333333	8448
4.01781666666667	4836
4.01865000000000	8280
4.01948333333333	9592
4.02031666666667	7459
4.02115000000000	7366
4.02198333333333	5363
4.02281666666667	5244
4.02365000000000	7408
4.02448333333333	8300
4.02531666666667	7833
4.02615000000000	7368
4.02698333333333	6567
4.02780000000000	6373
4.02863333333333	5641
4.02946666666667	6071
4.03030000000000	6502
4.03115000000000	7070
4.03198333333333	7252
4.03281666666667	6983
4.03365000000000	6715
4.03448333333333	7069
4.03531666666667	9832
4.03615000000000	9112
4.03698333333333	5656
4.03781666666667	6651
4.03865000000000	5730
4.03948333333333	4976
4.04031666666667	7282
4.04115000000000	6169
4.04198333333333	5057
4.04281666666667	5446
4.04365000000000	5835
4.04448333333333	8137
4.04531666666667	7900
4.04615000000000	7662
4.04698333333333	8067
4.04781666666667	5459
4.04866666666667	6192
4.04950000000000	8716
4.05033333333333	7223
4.05116666666667	9608
4.05200000000000	7582
4.05283333333333	5968
4.05366666666667	12404
4.05450000000000	2690
4.05533333333333	7749
4.05616666666667	9432
4.05700000000000	6824
4.05783333333333	8428
4.05866666666667	5702
4.05950000000000	8308
4.06033333333333	6982
4.06116666666667	5654
4.06200000000000	6610
4.06283333333333	4670
4.06366666666667	6821
4.06450000000000	6204
4.06535000000000	5587
4.06618333333333	5597
4.06701666666667	5608
4.06785000000000	8452
4.06868333333333	8260
4.06951666666667	8504
4.07035000000000	5582
4.07118333333333	9580
4.07201666666667	5897
4.07285000000000	7115
4.07368333333333	6154
4.07451666666667	7113
4.07535000000000	5578
4.07618333333333	5827
4.07701666666667	6290
4.07785000000000	6753
4.07868333333333	7413
4.07951666666667	3574
4.08035000000000	6670
4.08118333333333	7926
4.08201666666667	8252
4.08286666666667	5391
4.08370000000000	7844
4.08453333333333	6485
4.08536666666667	8014
4.08620000000000	6349
4.08703333333333	6407
4.08786666666667	6464
4.08870000000000	4658
4.08953333333333	6111
4.09036666666667	6017
4.09120000000000	5922
4.09203333333333	9936
4.09286666666667	9168
4.09370000000000	9032
4.09453333333333	4412
4.09536666666667	10056
4.09620000000000	7418
4.09703333333333	7960
4.09786666666667	7771
4.09870000000000	7698
4.09955000000000	7624
4.10038333333333	6368
4.10121666666667	5113
4.10205000000000	6261
4.10288333333333	7409
4.10371666666667	9184
4.10455000000000	7747
4.10538333333333	6125
4.10621666666667	9328
4.10705000000000	8604
4.10788333333333	4859
4.10871666666667	4805
4.10955000000000	7572
4.11038333333333	7425
4.11121666666667	7278
4.11205000000000	6485
4.11288333333333	7382
4.11371666666667	4040
4.11455000000000	6082
4.11538333333333	5839
4.11621666666667	5596
4.11706666666667	5309
4.11790000000000	5022
4.11873333333333	6782
4.11956666666667	7237
4.12040000000000	7692
4.12123333333333	8396
4.12206666666667	8880
4.12290000000000	6046
4.12373333333333	8260
4.12456666666667	6188
4.12540000000000	4981
4.12623333333333	7088
4.12706666666667	6677
4.12790000000000	6267
4.12873333333333	6627
4.12956666666667	6987
4.13040000000000	6527
4.13123333333333	6067
4.13206666666667	6725
4.13290000000000	5544
4.13375000000000	4364
4.13458333333333	4817
4.13541666666667	7686
4.13625000000000	6416
4.13708333333333	5146
4.13791666666667	6185
4.13875000000000	7225
4.13958333333333	6867
4.14041666666667	6891
4.14125000000000	10536
4.14208333333333	9924
4.14291666666667	6291
4.14375000000000	7664
4.14458333333333	11004
4.14541666666667	6917
4.14625000000000	11868
4.14708333333333	9000
4.14791666666667	5728
4.14875000000000	7343
4.14958333333333	7633
4.15041666666667	7594
4.15126666666667	7180
4.15210000000000	6765
4.15293333333333	7470
4.15376666666667	6869
4.15460000000000	6076
4.15543333333333	5283
4.15626666666667	4861
4.15710000000000	4438
4.15793333333333	4950
4.15876666666667	5461
4.15960000000000	6104
4.16043333333333	6748
4.16126666666667	6489
4.16210000000000	8576
4.16293333333333	9096
4.16376666666667	3111
4.16460000000000	9500
4.16543333333333	8308
4.16626666666667	8016
4.16710000000000	8800
4.16795000000000	4330
4.16878333333333	7312
4.16961666666667	8524
4.17045000000000	7012
4.17128333333333	7566
4.17211666666667	5050
4.17295000000000	8584
4.17378333333333	8236
4.17461666666667	9504
4.17545000000000	9060
4.17626666666667	7093
4.17710000000000	9432
4.17793333333333	5166
4.17876666666667	6289
4.17960000000000	8980
4.18043333333333	6955
4.18126666666667	8059
4.18210000000000	7910
4.18293333333333	7761
4.18376666666667	6254
4.18460000000000	11652
4.18545000000000	10792
4.18628333333333	8468
4.18711666666667	10348
4.18795000000000	7360
4.18878333333333	9684
4.18961666666667	5109
4.19045000000000	6595
4.19128333333333	7618
4.19211666666667	9712
4.19295000000000	10508
4.19378333333333	5854
4.19461666666667	4207
4.19545000000000	7159
4.19628333333333	6492
4.19711666666667	5826
4.19795000000000	7365
4.19878333333333	8480
4.19961666666667	7423
4.20045000000000	6367
4.20128333333333	7599
4.20213333333333	9552
4.20296666666667	8500
4.20380000000000	7452
4.20463333333333	6548
4.20546666666667	8125
4.20630000000000	6308
4.20713333333333	6552
4.20796666666667	5676
4.20880000000000	3983
4.20963333333333	7171
4.21046666666667	7832
4.21130000000000	6975
4.21213333333333	7613
4.21296666666667	8090
4.21380000000000	8568
4.21463333333333	6596
4.21546666666667	5222
4.21630000000000	6198
4.21713333333333	7173
4.21796666666667	6104
4.21880000000000	6950
4.21965000000000	8588
4.22048333333333	10844
4.22131666666667	9340
4.22215000000000	5678
4.22298333333333	7621
4.22381666666667	7693
4.22465000000000	7825
4.22548333333333	6422
4.22631666666667	7788
4.22715000000000	4024
4.22798333333333	7539
4.22881666666667	6104
4.22965000000000	4668
4.23048333333333	6039
4.23131666666667	7410
4.23215000000000	6292
4.23298333333333	7438
4.23381666666667	9220
4.23465000000000	9732
4.23548333333333	5482
4.23633333333333	4934
4.23716666666667	4351
4.23800000000000	6360
4.23883333333333	6817
4.23966666666667	7274
4.24050000000000	5927
4.24133333333333	4949
4.24216666666667	6905
4.24300000000000	7173
4.24383333333333	7440
4.24466666666667	8856
4.24550000000000	8009
4.24633333333333	7162
4.24716666666667	7117
4.24800000000000	6696
4.24883333333333	7200
4.24966666666667	5427
4.25050000000000	7318
4.25133333333333	5998
4.25216666666667	5416
4.25300000000000	6408
4.25385000000000	5702
4.25468333333333	2299
4.25551666666667	8137
4.25635000000000	5811
4.25718333333333	7529
4.25801666666667	5669
4.25885000000000	6090
4.25968333333333	6511
4.26051666666667	6265
4.26135000000000	6018
4.26218333333333	8488
4.26301666666667	8125
4.26385000000000	9724
4.26468333333333	5161
4.26551666666667	8964
4.26635000000000	7528
4.26718333333333	8424
4.26801666666667	8400
4.26885000000000	8380
4.26968333333333	6834
4.27053333333333	8041
4.27136666666667	5238
4.27220000000000	6156
4.27303333333333	7074
4.27386666666667	4615
4.27470000000000	6614
4.27553333333333	7302
4.27636666666667	7991
4.27720000000000	5714
4.27803333333333	8828
4.27886666666667	11112
4.27970000000000	9796
4.28053333333333	8356
4.28136666666667	10528
4.28220000000000	8876
4.28303333333333	5743
4.28386666666667	9232
4.28470000000000	7391
4.28553333333333	5549
4.28635000000000	9244
4.28718333333333	5483
4.28803333333333	4037
4.28886666666667	6946
4.28970000000000	7955
4.29053333333333	10128
4.29136666666667	10864
4.29220000000000	6097
4.29303333333333	7208
4.29386666666667	7839
4.29470000000000	6902
4.29553333333333	5965
4.29636666666667	10064
4.29720000000000	10152
4.29803333333333	10236
4.29886666666667	5608
4.29970000000000	8668
4.30053333333333	2368
4.30136666666667	5931
4.30220000000000	6423
4.30303333333333	6600
4.30386666666667	6776
4.30471666666667	7580
4.30555000000000	8384
4.30638333333333	4178
4.30721666666667	3818
4.30805000000000	8077
4.30888333333333	8220
4.30971666666667	5906
4.31055000000000	6610
4.31138333333333	5012
4.31221666666667	8804
4.31305000000000	10404
4.31388333333333	7562
4.31471666666667	10188
4.31555000000000	9560
4.31638333333333	8300
4.31721666666667	6939
4.31805000000000	8336
4.31888333333333	8884
4.31971666666667	7859
4.32055000000000	8704
4.32138333333333	4406
4.32223333333333	9852
4.32306666666667	6835
4.32390000000000	6031
4.32473333333333	8103
4.32556666666667	7252
4.32640000000000	6402
4.32723333333333	7344
4.32806666666667	8284
4.32890000000000	10616
4.32973333333333	9872
4.33056666666667	9016
4.33140000000000	8105
4.33223333333333	9112
4.33306666666667	10120
4.33390000000000	7159
4.33473333333333	10520
4.33556666666667	9936
4.33640000000000	6214
4.33723333333333	6095
4.33806666666667	8050
4.33891666666667	4898
4.33975000000000	7908
4.34058333333333	5456
4.34141666666667	5299
4.34225000000000	5141
4.34308333333333	8532
4.34391666666667	8468
4.34475000000000	9576
4.34558333333333	7023
4.34641666666667	8018
4.34725000000000	10340
4.34808333333333	10748
4.34891666666667	9236
4.34975000000000	7723
4.35058333333333	8392
4.35141666666667	8908
4.35225000000000	7121
4.35308333333333	10036
4.35391666666667	6711
4.35475000000000	7761
4.35558333333333	5772
4.35643333333333	6606
4.35726666666667	7440
4.35810000000000	5948
4.35893333333333	10404
4.35976666666667	9440
4.36060000000000	3742
4.36143333333333	8204
4.36226666666667	8640
4.36310000000000	5174
4.36393333333333	6785
4.36476666666667	9412
4.36560000000000	10996
4.36643333333333	11624
4.36726666666667	4908
4.36810000000000	9480
4.36893333333333	8692
4.36976666666667	8984
4.37060000000000	9272
4.37143333333333	9424
4.37226666666667	7024
4.37311666666667	10072
4.37395000000000	5056
4.37478333333333	5836
4.37561666666667	9248
4.37645000000000	7558
4.37728333333333	8200
4.37811666666667	7593
4.37895000000000	6986
4.37978333333333	6198
4.38061666666667	8888
4.38145000000000	8624
4.38228333333333	8360
4.38311666666667	6853
4.38395000000000	9420
4.38478333333333	7329
4.38561666666667	8692
4.38645000000000	5377
4.38728333333333	7042
4.38811666666667	8708
4.38895000000000	5292
4.38978333333333	6174
4.39063333333333	11880
4.39146666666667	10688
4.39230000000000	6688
4.39313333333333	10624
4.39396666666667	9244
4.39480000000000	10720
4.39563333333333	6885
4.39646666666667	4818
4.39730000000000	6335
4.39813333333333	5979
4.39896666666667	6945
4.39980000000000	5623
4.40063333333333	6034
4.40146666666667	6444
4.40230000000000	8488
4.40313333333333	9092
4.40395000000000	6290
4.40478333333333	5565
4.40561666666667	10364
4.40645000000000	7916
4.40730000000000	10068
4.40813333333333	7847
4.40896666666667	7318
4.40980000000000	6789
4.41063333333333	4871
4.41146666666667	6821
4.41230000000000	6764
4.41313333333333	6706
4.41396666666667	5362
4.41480000000000	6531
4.41563333333333	9372
4.41646666666667	8820
4.41730000000000	8712
4.41813333333333	7982
4.41896666666667	7222
4.41980000000000	8124
4.42063333333333	9276
4.42146666666667	8880
4.42230000000000	9460
4.42313333333333	9244
4.42396666666667	8436
4.42481666666667	9880
4.42565000000000	7365
4.42648333333333	8408
4.42731666666667	10004
4.42815000000000	9100
4.42898333333333	8612
4.42981666666667	8604
4.43065000000000	9812
4.43148333333333	7407
4.43231666666667	10728
4.43315000000000	8872
4.43398333333333	8300
4.43481666666667	8828
4.43565000000000	7404
4.43648333333333	5406
4.43731666666667	6353
4.43815000000000	4923
4.43898333333333	6752
4.43981666666667	9972
4.44065000000000	10756
4.44150000000000	7685
4.44233333333333	8952
4.44316666666667	10220
4.44400000000000	8380
4.44483333333333	4912
4.44566666666667	10160
4.44650000000000	5809
4.44733333333333	7296
4.44816666666667	9016
4.44900000000000	7817
4.44983333333333	6619
4.45066666666667	6861
4.45150000000000	6973
4.45233333333333	7282
4.45316666666667	7514
4.45400000000000	7402
4.45483333333333	7290
4.45566666666667	8186
4.45650000000000	7697
4.45733333333333	7208
4.45816666666667	8536
4.45901666666667	7543
4.45985000000000	7992
4.46068333333333	6372
4.46151666666667	7658
4.46235000000000	8093
4.46318333333333	9460
4.46401666666667	8540
4.46485000000000	6637
4.46568333333333	5047
4.46651666666667	7692
4.46735000000000	6676
4.46818333333333	3096
4.46901666666667	5298
4.46985000000000	7601
4.47068333333333	6087
4.47151666666667	7387
4.47235000000000	7610
4.47318333333333	7834
4.47401666666667	7561
4.47485000000000	7928
4.47570000000000	8296
4.47653333333333	8396
4.47736666666667	7729
4.47820000000000	5366
4.47903333333333	4720
4.47986666666667	7987
4.48070000000000	7745
4.48153333333333	8776
4.48236666666667	9332
4.48320000000000	11448
4.48403333333333	11888
4.48485000000000	11036
4.48568333333333	7572
4.48651666666667	6339
4.48735000000000	8812
4.48818333333333	7183
4.48901666666667	8170
4.48985000000000	8556
4.49068333333333	9052
4.49151666666667	9392
4.49235000000000	9736
4.49320000000000	5797
4.49403333333333	10336
4.49486666666667	7152
4.49570000000000	9996
4.49653333333333	8784
4.49736666666667	9620
4.49820000000000	9440
4.49903333333333	9264
