1.50330000000000	0
1.50663333333333	0
1.50996666666667	0
1.51330000000000	0
1.51663333333333	0
1.51998333333333	0
1.52331666666667	0
1.52665000000000	0
1.52998333333333	0
1.53331666666667	0
1.53666666666667	0
1.54000000000000	0
1.54333333333333	0
1.54666666666667	0
1.55000000000000	0
1.55335000000000	0
1.55668333333333	0
1.56001666666667	0
1.56335000000000	0
1.56668333333333	0
1.57003333333333	0
1.57336666666667	0
1.57670000000000	0
1.58003333333333	0
1.58336666666667	0
1.58671666666667	446
1.59005000000000	223
1.59338333333333	0
1.59671666666667	0
1.60005000000000	0
1.60340000000000	0
1.60673333333333	0
1.61006666666667	0
1.61340000000000	0
1.61673333333333	0
1.62006666666667	0
1.62340000000000	0
1.62673333333333	0
1.63006666666667	0
1.63340000000000	0
1.63675000000000	0
1.64008333333333	0
1.64341666666667	0
1.64675000000000	0
1.65008333333333	0
1.65343333333333	0
1.65676666666667	0
1.66010000000000	0
1.66343333333333	0
1.66676666666667	0
1.67011666666667	0
1.67345000000000	0
1.67678333333333	0
1.68011666666667	0
1.68345000000000	0
1.68680000000000	0
1.69013333333333	0
1.69346666666667	0
1.69680000000000	0
1.70013333333333	0
1.70348333333333	0
1.70681666666667	0
1.71015000000000	0
1.71348333333333	0
1.71681666666667	497
1.72016666666667	578
1.72350000000000	289
1.72683333333333	0
1.73016666666667	0
1.73350000000000	0
1.73685000000000	0
1.74018333333333	0
1.74351666666667	0
1.74685000000000	0
1.75018333333333	0
1.75353333333333	1553
1.75686666666667	1306
1.76020000000000	0
1.76353333333333	792
1.76686666666667	0
1.77021666666667	0
1.77355000000000	0
1.77688333333333	0
1.78021666666667	0
1.78355000000000	0
1.78690000000000	0
1.79023333333333	0
1.79356666666667	0
1.79690000000000	0
1.80023333333333	0
1.80358333333333	0
1.80691666666667	0
1.81025000000000	0
1.81358333333333	0
1.81691666666667	0
1.82025000000000	0
1.82360000000000	0
1.82693333333333	0
1.83026666666667	0
1.83360000000000	0
1.83693333333333	0
1.84028333333333	0
1.84361666666667	0
1.84695000000000	0
1.85028333333333	0
1.85361666666667	0
1.85696666666667	0
1.86030000000000	0
1.86363333333333	0
1.86696666666667	0
1.87030000000000	0
1.87365000000000	0
1.87698333333333	0
1.88031666666667	0
1.88365000000000	0
1.88698333333333	0
1.89033333333333	0
1.89366666666667	0
1.89700000000000	0
1.90033333333333	0
1.90366666666667	0
1.90701666666667	0
1.91035000000000	0
1.91368333333333	0
1.91701666666667	0
1.92035000000000	0
1.92370000000000	0
1.92703333333333	0
1.93036666666667	0
1.93370000000000	0
1.93703333333333	0
1.94038333333333	0
1.94371666666667	0
1.94705000000000	0
1.95038333333333	0
1.95371666666667	0
1.95706666666667	0
1.96040000000000	0
1.96373333333333	0
1.96706666666667	0
1.97040000000000	0
1.97375000000000	0
1.97708333333333	0
1.98041666666667	0
1.98375000000000	0
1.98708333333333	0
1.99043333333333	0
1.99376666666667	0
1.99710000000000	0
2.00043333333333	0
2.00376666666667	164
2.00711666666667	82
2.01045000000000	0
2.01378333333333	0
2.01711666666667	0
2.02045000000000	0
2.02378333333333	0
2.02711666666667	0
2.03045000000000	0
2.03378333333333	0
2.03711666666667	0
2.04046666666667	0
2.04380000000000	0
2.04713333333333	0
2.05046666666667	0
2.05380000000000	22
2.05715000000000	11
2.06048333333333	0
2.06381666666667	0
2.06715000000000	0
2.07048333333333	0
2.07383333333333	1352
2.07716666666667	1272
2.08050000000000	1826
2.08383333333333	0
2.08716666666667	0
2.09051666666667	635
2.09385000000000	339
2.09718333333333	42
2.10051666666667	0
2.10385000000000	0
2.10720000000000	0
2.11053333333333	0
2.11386666666667	0
2.11720000000000	0
2.12053333333333	0
2.12388333333333	0
2.12721666666667	0
2.13055000000000	0
2.13388333333333	0
2.13721666666667	0
2.14056666666667	0
2.14390000000000	0
2.14723333333333	0
2.15056666666667	0
2.15390000000000	0
2.15723333333333	0
2.16058333333333	0
2.16391666666667	0
2.16725000000000	0
2.17058333333333	0
2.17391666666667	0
2.17726666666667	0
2.18060000000000	0
2.18393333333333	0
2.18726666666667	0
2.19060000000000	0
2.19395000000000	0
2.19728333333333	0
2.20061666666667	0
2.20395000000000	0
2.20728333333333	0
2.21063333333333	0
2.21396666666667	0
2.21730000000000	0
2.22063333333333	0
2.22396666666667	0
2.22731666666667	0
2.23065000000000	0
2.23398333333333	0
2.23731666666667	0
2.24065000000000	0
2.24400000000000	0
2.24733333333333	0
2.25066666666667	0
2.25400000000000	0
2.25733333333333	0
2.26068333333333	0
2.26401666666667	0
2.26735000000000	0
2.27068333333333	0
2.27401666666667	0
2.27736666666667	618
2.28070000000000	1287
2.28403333333333	1255
2.28736666666667	1222
2.29070000000000	0
2.29405000000000	2112
2.29738333333333	2604
2.30071666666667	2533
2.30405000000000	2461
2.30738333333333	2769
2.31073333333333	3078
2.31406666666667	4161
2.31740000000000	0
2.32073333333333	709
2.32406666666667	2887
2.32741666666667	4392
2.33075000000000	9216
2.33408333333333	9320
2.33741666666667	11288
2.34075000000000	3051
2.34410000000000	10544
2.34743333333333	7217
2.35076666666667	7837
2.35410000000000	2545
2.35743333333333	11368
2.36078333333333	6791
2.36411666666667	8404
2.36745000000000	8668
2.37078333333333	8212
2.37411666666667	9464
2.37746666666667	7738
2.38080000000000	6012
2.38413333333333	6117
2.38746666666667	6221
2.39080000000000	16180
2.39415000000000	18412
2.39748333333333	13260
2.40081666666667	5032
2.40415000000000	9452
2.40748333333333	13888
2.41083333333333	19556
2.41416666666667	16124
2.41750000000000	4590
2.42083333333333	9156
2.42416666666667	14188
2.42750000000000	20600
2.43083333333333	17252
2.43416666666667	13952
2.43750000000000	17320
2.44083333333333	16956
2.44418333333333	16592
2.44751666666667	17060
2.45085000000000	17528
2.45418333333333	6321
2.45751666666667	17556
2.46086666666667	21768
2.46420000000000	21932
2.46753333333333	17368
2.47086666666667	12804
2.47420000000000	23268
2.47755000000000	12060
2.48088333333333	23184
2.48421666666667	21384
2.48755000000000	24356
2.49088333333333	23068
2.49421666666667	12856
2.49756666666667	24128
2.50090000000000	21660
2.50423333333333	26340
2.50756666666667	22488
2.51090000000000	18632
2.51425000000000	24988
2.51758333333333	19920
2.52091666666667	14856
2.52425000000000	16124
2.52758333333333	23084
2.53093333333333	24248
2.53426666666667	23772
2.53760000000000	25096
2.54093333333333	28868
2.54426666666667	27060
2.54761666666667	25252
2.55095000000000	31620
2.55428333333333	37168
2.55761666666667	38304
2.56095000000000	34640
2.56430000000000	26000
2.56763333333333	44624
2.57096666666667	22204
2.57430000000000	31956
2.57763333333333	18324
2.58098333333333	20516
2.58431666666667	22728
2.58765000000000	23732
2.59098333333333	27200
2.59431666666667	23292
2.59766666666667	19388
2.60100000000000	23408
2.60433333333333	27432
2.60766666666667	33296
2.61100000000000	34544
2.61435000000000	35792
2.61768333333333	29860
2.62101666666667	36192
2.62435000000000	42544
2.62768333333333	23984
2.63103333333333	20924
2.63436666666667	24260
2.63770000000000	43920
2.64103333333333	39888
2.64436666666667	16204
2.64771666666667	34640
2.65105000000000	35072
2.65438333333333	47024
2.65771666666667	27280
2.66105000000000	31400
2.66440000000000	33216
2.66773333333333	27004
2.67106666666667	30288
2.67440000000000	15492
2.67773333333333	23928
2.68108333333333	36272
2.68441666666667	28280
2.68775000000000	32348
2.69108333333333	33072
2.69441666666667	33792
2.69776666666667	32436
2.70110000000000	28520
2.70443333333333	29740
2.70776666666667	30956
2.71110000000000	33200
2.71445000000000	35440
2.71778333333333	34400
2.72111666666667	39680
2.72445000000000	21072
2.72778333333333	23524
2.73113333333333	25972
2.73446666666667	26416
2.73780000000000	26860
2.74113333333333	27532
2.74446666666667	24572
2.74781666666667	14672
2.75115000000000	39072
2.75448333333333	46064
2.75781666666667	37760
2.76115000000000	32768
2.76448333333333	30192
2.76781666666667	35696
2.77115000000000	36080
2.77448333333333	36480
2.77781666666667	31396
2.78116666666667	30900
2.78450000000000	26624
2.78783333333333	29836
2.79116666666667	33040
2.79450000000000	22116
2.79785000000000	54176
2.80118333333333	52688
2.80451666666667	42384
2.80785000000000	34224
2.81118333333333	20048
2.81453333333333	41792
2.81786666666667	35856
2.82120000000000	33264
2.82453333333333	31888
2.82786666666667	21948
2.83120000000000	25000
2.83455000000000	28048
2.83788333333333	49424
2.84121666666667	47152
2.84455000000000	23344
2.84788333333333	32476
2.85123333333333	29192
2.85456666666667	15060
2.85790000000000	32564
2.86123333333333	33504
2.86456666666667	32044
2.86791666666667	30272
2.87125000000000	39424
2.87458333333333	41728
2.87791666666667	44032
2.88125000000000	34912
2.88460000000000	27904
2.88793333333333	29944
2.89126666666667	12288
2.89460000000000	35984
2.89793333333333	39312
2.90128333333333	36816
2.90461666666667	33760
2.90795000000000	36592
2.91128333333333	36144
2.91461666666667	30328
2.91796666666667	37040
2.92130000000000	22700
2.92463333333333	38416
2.92796666666667	28376
2.93130000000000	28960
2.93465000000000	30368
2.93798333333333	35472
2.94131666666667	37616
2.94465000000000	36944
2.94798333333333	34144
2.95133333333333	30600
2.95466666666667	32496
2.95800000000000	34384
2.96133333333333	33760
2.96466666666667	38336
2.96801666666667	26880
2.97135000000000	38944
2.97468333333333	33584
2.97801666666667	42064
2.98135000000000	16032
2.98470000000000	31832
2.98803333333333	32284
2.99136666666667	40224
2.99470000000000	22576
2.99803333333333	40656
3.00138333333333	24264
3.00471666666667	35872
3.00805000000000	30008
3.01138333333333	32816
3.01471666666667	26276
3.01806666666667	44592
3.02140000000000	41664
3.02473333333333	29360
3.02806666666667	33408
3.03140000000000	35040
3.03475000000000	31600
3.03808333333333	48720
3.04141666666667	44864
3.04475000000000	51712
3.04808333333333	34320
3.05143333333333	34448
3.05476666666667	22224
3.05810000000000	36880
3.06143333333333	28392
3.06476666666667	34592
3.06811666666667	28776
3.07145000000000	30340
3.07478333333333	31904
3.07811666666667	34432
3.08145000000000	34128
3.08480000000000	34352
3.08813333333333	30828
3.09146666666667	32960
3.09480000000000	35104
3.09813333333333	23376
3.10148333333333	23332
3.10481666666667	43584
3.10815000000000	50128
3.11148333333333	35744
3.11481666666667	43200
3.11816666666667	44672
3.12150000000000	41648
3.12483333333333	42096
3.12816666666667	37840
3.13150000000000	43520
3.13485000000000	34672
3.13818333333333	30876
3.14151666666667	35536
3.14485000000000	37728
3.14818333333333	33568
3.15153333333333	43792
3.15486666666667	20604
3.15820000000000	18180
3.16153333333333	27376
3.16486666666667	32568
3.16820000000000	37760
3.17155000000000	35568
3.17488333333333	33392
3.17821666666667	23628
3.18155000000000	30232
3.18488333333333	36832
3.18823333333333	31068
3.19156666666667	26540
3.19490000000000	33824
3.19823333333333	22192
3.20156666666667	37712
3.20491666666667	28228
3.20825000000000	24364
3.21158333333333	40784
3.21491666666667	23696
3.21825000000000	26036
3.22160000000000	24324
3.22493333333333	22616
3.22826666666667	34448
3.23160000000000	41584
3.23493333333333	34816
3.23828333333333	26392
3.24161666666667	39152
3.24495000000000	31256
3.24828333333333	33296
3.25161666666667	35344
3.25496666666667	31988
3.25830000000000	28632
3.26163333333333	40976
3.26496666666667	42400
3.26830000000000	31552
3.27165000000000	20752
3.27498333333333	43248
3.27831666666667	11572
3.28165000000000	35248
3.28498333333333	21048
3.28833333333333	44368
3.29166666666667	42544
3.29500000000000	35616
3.29833333333333	38672
3.30166666666667	39296
3.30501666666667	28700
3.30835000000000	10708
3.31168333333333	20100
3.31501666666667	41584
3.31835000000000	36048
3.32170000000000	29948
3.32503333333333	16372
3.32836666666667	39168
3.33170000000000	26848
3.33503333333333	32316
3.33838333333333	37776
3.34171666666667	45184
3.34505000000000	37504
3.34838333333333	29812
3.35171666666667	35152
3.35506666666667	23644
3.35840000000000	35488
3.36173333333333	42816
3.36506666666667	35312
3.36840000000000	36288
3.37175000000000	37264
3.37508333333333	34784
3.37841666666667	32316
3.38175000000000	50512
3.38508333333333	46896
3.38843333333333	38864
3.39176666666667	46800
3.39510000000000	48880
3.39843333333333	28392
3.40176666666667	42992
3.40511666666667	30848
3.40845000000000	38224
3.41178333333333	32652
3.41511666666667	27076
3.41845000000000	35184
3.42180000000000	32572
3.42513333333333	29960
3.42846666666667	34624
3.43180000000000	18756
3.43513333333333	30908
3.43848333333333	30908
3.44181666666667	30904
3.44515000000000	29068
3.44848333333333	34928
3.45181666666667	33504
3.45516666666667	34576
3.45850000000000	31464
3.46183333333333	37040
3.46516666666667	36608
3.46850000000000	41408
3.47185000000000	40448
3.47518333333333	28520
3.47851666666667	41216
3.48185000000000	47984
3.48518333333333	42224
3.48853333333333	39760
3.49186666666667	40816
3.49520000000000	20948
3.49853333333333	41120
3.50186666666667	34752
3.50520000000000	42064
3.50855000000000	41984
3.51188333333333	31208
3.51521666666667	23980
3.51855000000000	41056
3.52188333333333	26868
3.52523333333333	33952
3.52856666666667	29464
3.53190000000000	30348
3.53523333333333	30764
3.53856666666667	31180
3.54191666666667	48976
3.54525000000000	47952
3.54858333333333	29108
3.55191666666667	32196
3.55525000000000	32604
3.55860000000000	30836
3.56193333333333	34256
3.56526666666667	38096
3.56860000000000	36000
3.57193333333333	25064
3.57528333333333	27552
3.57861666666667	41248
3.58195000000000	32816
3.58528333333333	36224
3.58861666666667	29592
3.59196666666667	27208
3.59530000000000	34336
3.59863333333333	29620
3.60196666666667	24908
3.60530000000000	40688
3.60865000000000	38000
3.61198333333333	31936
3.61531666666667	26636
3.61865000000000	35872
3.62198333333333	33376
3.62533333333333	24164
3.62866666666667	33856
3.63200000000000	21912
3.63533333333333	32224
3.63866666666667	25200
3.64201666666667	44400
3.64535000000000	48816
3.64868333333333	42880
3.65201666666667	39776
3.65535000000000	58064
3.65870000000000	27808
3.66203333333333	32568
3.66536666666667	40784
3.66870000000000	23368
3.67203333333333	29020
3.67536666666667	26292
3.67870000000000	29348
3.68203333333333	27524
3.68536666666667	25700
3.68870000000000	33376
3.69205000000000	44336
3.69538333333333	45168
3.69871666666667	41360
3.70205000000000	25352
3.70538333333333	32944
3.70873333333333	36256
3.71206666666667	39904
3.71540000000000	25220
3.71873333333333	28844
3.72206666666667	28932
3.72541666666667	29316
3.72875000000000	29700
3.73208333333333	25664
3.73541666666667	27612
3.73875000000000	29564
3.74210000000000	44576
3.74543333333333	45776
3.74876666666667	43296
3.75210000000000	27260
3.75543333333333	40048
3.75878333333333	33872
3.76211666666667	36656
3.76545000000000	33024
3.76878333333333	34784
3.77211666666667	22764
3.77546666666667	23540
3.77880000000000	36496
3.78213333333333	34032
3.78546666666667	18296
3.78880000000000	36272
3.79215000000000	27828
3.79548333333333	18152
3.79881666666667	33088
3.80215000000000	37360
3.80548333333333	25600
3.80883333333333	37248
3.81216666666667	33360
3.81550000000000	26036
3.81883333333333	30532
3.82216666666667	34464
3.82551666666667	25784
3.82885000000000	29288
3.83218333333333	39984
3.83551666666667	36320
3.83885000000000	23696
3.84218333333333	41184
3.84553333333333	33904
3.84886666666667	47680
3.85220000000000	39968
3.85553333333333	32256
3.85886666666667	27564
3.86221666666667	40224
3.86555000000000	27904
3.86888333333333	44304
3.87221666666667	29784
3.87555000000000	38608
3.87890000000000	30096
3.88223333333333	27328
3.88556666666667	18768
3.88890000000000	24944
3.89223333333333	31120
3.89558333333333	30924
3.89891666666667	23336
3.90225000000000	20760
3.90558333333333	23280
3.90891666666667	25800
3.91226666666667	35248
3.91560000000000	29348
3.91893333333333	23448
3.92226666666667	33504
3.92560000000000	38960
3.92895000000000	34832
3.93228333333333	30692
3.93561666666667	37488
3.93895000000000	23352
3.94228333333333	36704
3.94563333333333	53136
3.94896666666667	43424
3.95230000000000	43088
3.95563333333333	38048
3.95896666666667	25032
3.96231666666667	36352
3.96565000000000	36784
3.96898333333333	37216
3.97231666666667	31420
3.97565000000000	34016
3.97900000000000	36608
3.98233333333333	34288
3.98566666666667	24648
3.98900000000000	32644
3.99233333333333	30492
3.99568333333333	28344
3.99901666666667	31928
4.00235000000000	28768
4.00568333333333	31720
4.00901666666667	34720
4.01236666666667	40672
4.01570000000000	14600
4.01903333333333	17120
4.02236666666667	32388
4.02570000000000	29584
4.02905000000000	29884
4.03238333333333	33680
4.03571666666667	32108
4.03905000000000	30536
4.04238333333333	24872
4.04573333333333	19208
4.04906666666667	27392
4.05240000000000	31976
4.05573333333333	36560
4.05906666666667	26184
4.06241666666667	35216
4.06575000000000	21804
4.06908333333333	36848
4.07241666666667	30344
4.07575000000000	21408
4.07910000000000	31424
4.08243333333333	34544
4.08576666666667	30600
4.08910000000000	26652
4.09243333333333	21208
4.09578333333333	29628
4.09911666666667	26092
4.10245000000000	22552
4.10578333333333	19448
4.10911666666667	29920
4.11246666666667	32864
4.11580000000000	20492
4.11913333333333	30264
4.12246666666667	28532
4.12580000000000	26800
4.12915000000000	17092
4.13248333333333	21868
4.13581666666667	41392
4.13915000000000	39824
4.14248333333333	42288
4.14583333333333	45264
4.14916666666667	25992
4.15250000000000	33760
4.15583333333333	26872
4.15916666666667	26016
4.16251666666667	26204
4.16585000000000	33424
4.16918333333333	36144
4.17251666666667	40880
4.17585000000000	26736
4.17918333333333	38688
4.18253333333333	38016
4.18586666666667	25256
4.18920000000000	29428
4.19253333333333	23016
4.19586666666667	32256
4.19921666666667	29040
4.20255000000000	25824
4.20588333333333	32376
4.20921666666667	29096
4.21255000000000	33232
4.21590000000000	32256
4.21923333333333	31284
4.22256666666667	33056
4.22590000000000	34832
4.22923333333333	26028
4.23258333333333	34000
4.23591666666667	33264
4.23925000000000	32532
4.24258333333333	35168
4.24591666666667	34304
4.24926666666667	23016
4.25260000000000	39680
4.25593333333333	20556
4.25926666666667	35456
4.26260000000000	36272
4.26595000000000	29944
4.26928333333333	28048
4.27261666666667	26152
4.27595000000000	27876
4.27928333333333	29596
4.28263333333333	30636
4.28596666666667	31676
4.28930000000000	26452
4.29263333333333	40496
4.29596666666667	14948
4.29931666666667	26992
4.30265000000000	38576
4.30598333333333	42640
4.30931666666667	29036
4.31265000000000	28844
4.31600000000000	47696
4.31933333333333	34640
4.32266666666667	41360
4.32600000000000	17804
4.32933333333333	30376
4.33268333333333	26844
4.33601666666667	33344
4.33935000000000	33600
4.34268333333333	31032
4.34601666666667	31256
4.34936666666667	31480
4.35270000000000	30552
4.35603333333333	29628
4.35936666666667	21632
4.36270000000000	27036
4.36605000000000	32440
4.36938333333333	14312
4.37271666666667	21620
4.37605000000000	42448
4.37938333333333	37792
4.38273333333333	50064
4.38606666666667	45136
4.38940000000000	34688
4.39273333333333	32132
4.39606666666667	36512
4.39941666666667	32768
4.40275000000000	29028
4.40608333333333	32312
4.40941666666667	35600
4.41275000000000	24364
4.41610000000000	24988
4.41943333333333	25616
4.42276666666667	33120
4.42610000000000	45648
4.42943333333333	51904
4.43278333333333	32880
4.43611666666667	37152
4.43945000000000	26556
4.44278333333333	32152
4.44611666666667	19044
4.44946666666667	34928
4.45280000000000	39280
4.45613333333333	37136
4.45946666666667	39024
4.46280000000000	45552
4.46615000000000	20648
4.46948333333333	24684
4.47281666666667	16400
4.47615000000000	26880
4.47948333333333	41200
4.48283333333333	36320
4.48616666666667	46928
4.48950000000000	27852
4.49283333333333	34192
4.49616666666667	25104
