1.50330000000000	0
1.50663333333333	0
1.50996666666667	0
1.51330000000000	0
1.51663333333333	0
1.51998333333333	0
1.52331666666667	0
1.52665000000000	0
1.52998333333333	0
1.53331666666667	0
1.53666666666667	0
1.54000000000000	0
1.54333333333333	0
1.54666666666667	0
1.55000000000000	0
1.55335000000000	0
1.55668333333333	0
1.56001666666667	0
1.56335000000000	0
1.56668333333333	0
1.57003333333333	0
1.57336666666667	0
1.57670000000000	172
1.58003333333333	86
1.58336666666667	0
1.58671666666667	0
1.59005000000000	0
1.59338333333333	0
1.59671666666667	0
1.60005000000000	0
1.60340000000000	0
1.60673333333333	0
1.61006666666667	0
1.61340000000000	0
1.61673333333333	0
1.62008333333333	0
1.62341666666667	0
1.62675000000000	0
1.63008333333333	0
1.63341666666667	0
1.63676666666667	0
1.64010000000000	0
1.64343333333333	0
1.64676666666667	0
1.65010000000000	0
1.65345000000000	0
1.65678333333333	0
1.66011666666667	0
1.66345000000000	0
1.66678333333333	0
1.67013333333333	0
1.67346666666667	0
1.67680000000000	0
1.68013333333333	0
1.68346666666667	0
1.68681666666667	0
1.69015000000000	0
1.69348333333333	0
1.69681666666667	0
1.70015000000000	0
1.70350000000000	0
1.70683333333333	1122
1.71016666666667	856
1.71350000000000	0
1.71683333333333	0
1.72018333333333	0
1.72351666666667	0
1.72685000000000	0
1.73018333333333	0
1.73351666666667	0
1.73686666666667	0
1.74020000000000	0
1.74353333333333	0
1.74686666666667	0
1.75020000000000	0
1.75355000000000	0
1.75688333333333	0
1.76021666666667	0
1.76355000000000	0
1.76688333333333	0
1.77023333333333	0
1.77356666666667	0
1.77690000000000	0
1.78023333333333	0
1.78356666666667	0
1.78691666666667	0
1.79025000000000	0
1.79358333333333	0
1.79691666666667	0
1.80025000000000	0
1.80360000000000	0
1.80693333333333	0
1.81026666666667	0
1.81360000000000	0
1.81693333333333	0
1.82026666666667	1440
1.82361666666667	1505
1.82695000000000	1716
1.83028333333333	0
1.83361666666667	0
1.83695000000000	0
1.84030000000000	0
1.84363333333333	0
1.84696666666667	0
1.85030000000000	0
1.85363333333333	0
1.85698333333333	0
1.86031666666667	0
1.86365000000000	0
1.86698333333333	0
1.87031666666667	0
1.87366666666667	0
1.87700000000000	0
1.88033333333333	0
1.88366666666667	0
1.88700000000000	0
1.89035000000000	0
1.89368333333333	0
1.89701666666667	0
1.90035000000000	0
1.90368333333333	0
1.90703333333333	0
1.91036666666667	0
1.91370000000000	0
1.91703333333333	0
1.92036666666667	0
1.92371666666667	0
1.92705000000000	0
1.93038333333333	0
1.93371666666667	0
1.93705000000000	0
1.94040000000000	0
1.94373333333333	0
1.94706666666667	0
1.95040000000000	0
1.95373333333333	0
1.95708333333333	853
1.96041666666667	426
1.96375000000000	0
1.96708333333333	0
1.97041666666667	0
1.97376666666667	0
1.97710000000000	0
1.98043333333333	0
1.98376666666667	0
1.98710000000000	0
1.99045000000000	0
1.99378333333333	0
1.99711666666667	0
2.00045000000000	0
2.00378333333333	0
2.00713333333333	0
2.01046666666667	0
2.01380000000000	0
2.01713333333333	0
2.02046666666667	0
2.02381666666667	0
2.02715000000000	0
2.03048333333333	0
2.03381666666667	0
2.03715000000000	0
2.04050000000000	0
2.04383333333333	0
2.04716666666667	0
2.05050000000000	0
2.05383333333333	0
2.05718333333333	0
2.06051666666667	0
2.06385000000000	0
2.06718333333333	0
2.07051666666667	0
2.07386666666667	0
2.07720000000000	0
2.08053333333333	0
2.08386666666667	0
2.08720000000000	0
2.09055000000000	0
2.09388333333333	0
2.09721666666667	0
2.10055000000000	0
2.10388333333333	0
2.10723333333333	0
2.11056666666667	0
2.11390000000000	0
2.11723333333333	0
2.12056666666667	0
2.12391666666667	0
2.12725000000000	0
2.13058333333333	0
2.13391666666667	0
2.13725000000000	0
2.14060000000000	0
2.14393333333333	164
2.14726666666667	82
2.15060000000000	0
2.15393333333333	0
2.15726666666667	0
2.16061666666667	0
2.16395000000000	0
2.16728333333333	0
2.17061666666667	0
2.17395000000000	0
2.17730000000000	0
2.18063333333333	0
2.18396666666667	0
2.18730000000000	0
2.19063333333333	0
2.19398333333333	0
2.19731666666667	0
2.20065000000000	0
2.20398333333333	0
2.20731666666667	0
2.21066666666667	0
2.21400000000000	0
2.21733333333333	0
2.22066666666667	0
2.22400000000000	0
2.22735000000000	0
2.23068333333333	0
2.23401666666667	0
2.23735000000000	0
2.24068333333333	0
2.24403333333333	0
2.24736666666667	0
2.25070000000000	0
2.25403333333333	0
2.25736666666667	902
2.26071666666667	1107
2.26405000000000	0
2.26738333333333	0
2.27071666666667	0
2.27405000000000	0
2.27740000000000	0
2.28073333333333	688
2.28406666666667	1377
2.28740000000000	688
2.29073333333333	0
2.29408333333333	1512
2.29741666666667	1760
2.30075000000000	880
2.30408333333333	0
2.30741666666667	1383
2.31076666666667	497
2.31410000000000	560
2.31743333333333	622
2.32076666666667	901
2.32410000000000	1179
2.32745000000000	3005
2.33078333333333	4896
2.33411666666667	5398
2.33745000000000	5496
2.34078333333333	2966
2.34413333333333	3551
2.34746666666667	2165
2.35080000000000	4232
2.35413333333333	3957
2.35746666666667	3681
2.36081666666667	5270
2.36415000000000	5149
2.36748333333333	5723
2.37081666666667	6298
2.37415000000000	6024
2.37750000000000	5750
2.38083333333333	7519
2.38416666666667	11388
2.38750000000000	15556
2.39083333333333	16552
2.39418333333333	9184
2.39751666666667	12192
2.40085000000000	12448
2.40418333333333	15344
2.40751666666667	11664
2.41086666666667	7986
2.41420000000000	12808
2.41753333333333	7298
2.42086666666667	10796
2.42420000000000	3058
2.42755000000000	14896
2.43088333333333	11792
2.43421666666667	11552
2.43755000000000	10688
2.44088333333333	9828
2.44423333333333	13924
2.44756666666667	13448
2.45090000000000	12972
2.45423333333333	17608
2.45756666666667	17708
2.46091666666667	15436
2.46425000000000	18904
2.46758333333333	19808
2.47091666666667	25572
2.47425000000000	26008
2.47760000000000	13608
2.48093333333333	19352
2.48426666666667	17632
2.48760000000000	15120
2.49093333333333	19588
2.49426666666667	24060
2.49761666666667	20352
2.50095000000000	16640
2.50428333333333	21008
2.50761666666667	14840
2.51095000000000	23000
2.51430000000000	16704
2.51763333333333	18080
2.52096666666667	19456
2.52430000000000	20120
2.52763333333333	12840
2.53098333333333	16988
2.53431666666667	21132
2.53765000000000	22728
2.54098333333333	30144
2.54431666666667	30380
2.54766666666667	33696
2.55100000000000	22920
2.55433333333333	25628
2.55766666666667	28332
2.56100000000000	18672
2.56435000000000	21360
2.56768333333333	24048
2.57101666666667	25968
2.57435000000000	22260
2.57768333333333	21312
2.58103333333333	30116
2.58436666666667	39008
2.58770000000000	43552
2.59103333333333	32000
2.59436666666667	19724
2.59771666666667	26840
2.60105000000000	36176
2.60438333333333	24188
2.60771666666667	22824
2.61105000000000	20500
2.61440000000000	20296
2.61773333333333	20092
2.62106666666667	33520
2.62440000000000	41088
2.62773333333333	37264
2.63108333333333	45728
2.63441666666667	41536
2.63775000000000	41072
2.64108333333333	30596
2.64441666666667	28212
2.64776666666667	29012
2.65110000000000	24148
2.65443333333333	25128
2.65776666666667	26132
2.66110000000000	27136
2.66445000000000	28248
2.66778333333333	29364
2.67111666666667	40016
2.67445000000000	41904
2.67778333333333	26912
2.68113333333333	28676
2.68446666666667	19172
2.68780000000000	29044
2.69113333333333	40944
2.69446666666667	34432
2.69781666666667	34320
2.70115000000000	27312
2.70448333333333	39936
2.70781666666667	46560
2.71115000000000	42448
2.71450000000000	30004
2.71783333333333	23452
2.72116666666667	30564
2.72450000000000	36080
2.72783333333333	37232
2.73116666666667	31992
2.73450000000000	26744
2.73783333333333	27864
2.74116666666667	28988
2.74450000000000	28448
2.74785000000000	27912
2.75118333333333	29556
2.75451666666667	26264
2.75785000000000	30268
2.76118333333333	38976
2.76453333333333	42864
2.76786666666667	29860
2.77120000000000	26416
2.77453333333333	46400
2.77786666666667	31428
2.78121666666667	41104
2.78455000000000	37984
2.78788333333333	38544
2.79121666666667	7683
2.79455000000000	20000
2.79790000000000	22264
2.80123333333333	30260
2.80456666666667	25784
2.80790000000000	21308
2.81123333333333	30620
2.81458333333333	30248
2.81791666666667	29876
2.82125000000000	40960
2.82458333333333	28332
2.82791666666667	15712
2.83125000000000	30276
2.83460000000000	18076
2.83793333333333	26348
2.84126666666667	30400
2.84460000000000	50336
2.84793333333333	42704
2.85128333333333	39296
2.85461666666667	35616
2.85795000000000	43216
2.86128333333333	36848
2.86461666666667	39712
2.86796666666667	28672
2.87130000000000	29648
2.87463333333333	30624
2.87796666666667	33888
2.88130000000000	34736
2.88465000000000	36032
2.88798333333333	37328
2.89131666666667	37888
2.89465000000000	16708
2.89798333333333	27740
2.90133333333333	35488
2.90466666666667	15776
2.90800000000000	29040
2.91133333333333	17644
2.91466666666667	40288
2.91801666666667	40720
2.92135000000000	32420
2.92468333333333	28276
2.92801666666667	27216
2.93135000000000	27136
2.93470000000000	27056
2.93803333333333	23932
2.94136666666667	20808
2.94470000000000	21796
2.94803333333333	22784
2.95138333333333	19736
2.95471666666667	16684
2.95805000000000	26988
2.96138333333333	28540
2.96471666666667	30088
2.96806666666667	28112
2.97140000000000	26140
2.97473333333333	29980
2.97806666666667	33824
2.98140000000000	31988
2.98475000000000	30156
2.98808333333333	23708
2.99141666666667	36432
2.99475000000000	38864
2.99808333333333	22192
3.00143333333333	18264
3.00476666666667	33376
3.00810000000000	43696
3.01143333333333	54032
3.01476666666667	30872
3.01811666666667	30644
3.02145000000000	21980
3.02478333333333	29640
3.02811666666667	29296
3.03145000000000	28956
3.03480000000000	23316
3.03813333333333	27392
3.04146666666667	31468
3.04480000000000	43184
3.04813333333333	44960
3.05148333333333	23152
3.05481666666667	42624
3.05815000000000	18316
3.06148333333333	28832
3.06481666666667	36368
3.06816666666667	27468
3.07150000000000	21056
3.07483333333333	37408
3.07816666666667	19972
3.08150000000000	27280
3.08485000000000	34560
3.08818333333333	33424
3.09151666666667	38032
3.09485000000000	38304
3.09818333333333	29768
3.10153333333333	29328
3.10486666666667	14980
3.10820000000000	31520
3.11153333333333	38336
3.11486666666667	27792
3.11821666666667	43872
3.12155000000000	41168
3.12488333333333	19004
3.12821666666667	18656
3.13155000000000	42240
3.13490000000000	45280
3.13823333333333	35584
3.14156666666667	27948
3.14490000000000	39648
3.14823333333333	46736
3.15158333333333	20692
3.15491666666667	35536
3.15825000000000	36496
3.16158333333333	30428
3.16491666666667	24356
3.16825000000000	36560
3.17160000000000	33088
3.17493333333333	32124
3.17826666666667	34512
3.18160000000000	36896
3.18493333333333	27240
3.18828333333333	21688
3.19161666666667	26772
3.19495000000000	24820
3.19828333333333	22872
3.20161666666667	25508
3.20496666666667	17964
3.20830000000000	19688
3.21163333333333	26916
3.21496666666667	32736
3.21830000000000	28064
3.22165000000000	32528
3.22498333333333	32152
3.22831666666667	31724
3.23165000000000	32684
3.23498333333333	33648
3.23833333333333	42288
3.24166666666667	46336
3.24500000000000	42512
3.24833333333333	24704
3.25166666666667	44016
3.25501666666667	36096
3.25835000000000	29876
3.26168333333333	26360
3.26501666666667	38080
3.26835000000000	26744
3.27170000000000	37056
3.27503333333333	29508
3.27836666666667	34160
3.28170000000000	28880
3.28503333333333	29684
3.28838333333333	40624
3.29171666666667	39808
3.29505000000000	17292
3.29838333333333	40784
3.30171666666667	49152
3.30506666666667	35856
3.30840000000000	14460
3.31173333333333	31004
3.31506666666667	39072
3.31840000000000	42304
3.32175000000000	16916
3.32508333333333	40688
3.32841666666667	30408
3.33175000000000	17504
3.33508333333333	34784
3.33843333333333	36016
3.34176666666667	31984
3.34510000000000	36576
3.34843333333333	24132
3.35176666666667	37936
3.35511666666667	44448
3.35845000000000	37200
3.36178333333333	36528
3.36511666666667	24672
3.36845000000000	23448
3.37180000000000	29432
3.37513333333333	31276
3.37846666666667	33120
3.38180000000000	29076
3.38513333333333	25032
3.38848333333333	30824
3.39181666666667	34080
3.39515000000000	35312
3.39848333333333	37456
3.40181666666667	30060
3.40516666666667	35376
3.40850000000000	13512
3.41183333333333	14972
3.41516666666667	20656
3.41850000000000	25908
3.42185000000000	31160
3.42518333333333	27800
3.42851666666667	24444
3.43185000000000	31012
3.43518333333333	37584
3.43853333333333	35328
3.44186666666667	35104
3.44520000000000	33376
3.44853333333333	29096
3.45186666666667	27236
3.45521666666667	25376
3.45855000000000	31528
3.46188333333333	37680
3.46521666666667	34224
3.46855000000000	38816
3.47190000000000	38928
3.47523333333333	40576
3.47856666666667	39984
3.48190000000000	39888
3.48523333333333	43616
3.48858333333333	23824
3.49191666666667	41952
3.49525000000000	31408
3.49858333333333	24628
3.50191666666667	29600
3.50525000000000	20868
3.50860000000000	29352
3.51193333333333	37840
3.51526666666667	33392
3.51860000000000	39280
3.52193333333333	37968
3.52528333333333	32228
3.52861666666667	14984
3.53195000000000	24692
3.53528333333333	34400
3.53861666666667	29500
3.54196666666667	40416
3.54530000000000	17856
3.54863333333333	40496
3.55196666666667	36640
3.55530000000000	35408
3.55865000000000	37040
3.56198333333333	35616
3.56531666666667	42416
3.56865000000000	19468
3.57198333333333	21152
3.57533333333333	34528
3.57866666666667	38096
3.58200000000000	24912
3.58533333333333	29352
3.58866666666667	32832
3.59200000000000	34912
3.59533333333333	36992
3.59866666666667	33088
3.60200000000000	21860
3.60533333333333	42032
3.60868333333333	39200
3.61201666666667	32748
3.61535000000000	50336
3.61868333333333	26268
3.62201666666667	34944
3.62536666666667	31940
3.62870000000000	47616
3.63203333333333	44880
3.63536666666667	14904
3.63870000000000	36544
3.64205000000000	39152
3.64538333333333	46400
3.64871666666667	38352
3.65205000000000	32444
3.65538333333333	33296
3.65873333333333	47104
3.66206666666667	19556
3.66540000000000	18348
3.66873333333333	22484
3.67206666666667	22356
3.67541666666667	22224
3.67875000000000	33040
3.68208333333333	38896
3.68541666666667	33792
3.68875000000000	28180
3.69210000000000	37888
3.69543333333333	33184
3.69876666666667	28456
3.70210000000000	28496
3.70543333333333	22432
3.70878333333333	26152
3.71211666666667	29872
3.71545000000000	23944
3.71878333333333	28316
3.72211666666667	30476
3.72545000000000	32636
3.72878333333333	43312
3.73211666666667	42128
3.73545000000000	31224
3.73878333333333	26640
3.74213333333333	24736
3.74546666666667	35904
3.74880000000000	32436
3.75213333333333	27320
3.75546666666667	38256
3.75881666666667	26636
3.76215000000000	36064
3.76548333333333	35888
3.76881666666667	42768
3.77215000000000	40656
3.77550000000000	38544
3.77883333333333	26752
3.78216666666667	37728
3.78550000000000	38240
3.78883333333333	27368
3.79218333333333	41008
3.79551666666667	30568
3.79885000000000	30300
3.80218333333333	29248
3.80551666666667	28640
3.80886666666667	30932
3.81220000000000	30608
3.81553333333333	41920
3.81886666666667	41504
3.82220000000000	41072
3.82555000000000	41280
3.82888333333333	21224
3.83221666666667	26940
3.83555000000000	51952
3.83888333333333	41264
3.84221666666667	29672
3.84556666666667	35776
3.84890000000000	26124
3.85223333333333	18100
3.85556666666667	41600
3.85890000000000	46528
3.86225000000000	21152
3.86558333333333	20400
3.86891666666667	35104
3.87225000000000	38032
3.87558333333333	38480
3.87893333333333	30720
3.88226666666667	28144
3.88560000000000	29700
3.88893333333333	31256
3.89226666666667	29864
3.89561666666667	36624
3.89895000000000	41168
3.90228333333333	47888
3.90561666666667	45280
3.90895000000000	20844
3.91230000000000	29972
3.91563333333333	27300
3.91896666666667	31232
3.92230000000000	23572
3.92563333333333	25224
3.92898333333333	27044
3.93231666666667	30528
3.93565000000000	34016
3.93898333333333	38624
3.94231666666667	43232
3.94566666666667	24380
3.94900000000000	20692
3.95233333333333	27848
3.95566666666667	29448
3.95900000000000	38736
3.96235000000000	40880
3.96568333333333	35264
3.96901666666667	37824
3.97235000000000	17212
3.97568333333333	31128
3.97903333333333	19140
3.98236666666667	33504
3.98570000000000	31636
3.98903333333333	37152
3.99236666666667	25680
3.99571666666667	28736
3.99905000000000	31792
4.00238333333333	41280
4.00571666666667	42048
4.00905000000000	35200
4.01240000000000	42496
4.01573333333333	33584
4.01906666666667	33824
4.02240000000000	34048
4.02573333333333	41632
4.02908333333333	43872
4.03241666666667	30688
4.03575000000000	35248
4.03908333333333	50560
4.04241666666667	49424
4.04576666666667	21860
4.04910000000000	22044
4.05243333333333	50304
4.05576666666667	23772
4.05910000000000	30192
4.06245000000000	26400
4.06578333333333	39984
4.06911666666667	37408
4.07245000000000	34848
4.07578333333333	24512
4.07913333333333	24496
4.08246666666667	30768
4.08580000000000	26692
4.08913333333333	22620
4.09246666666667	27956
4.09581666666667	33296
4.09915000000000	31052
4.10248333333333	18860
4.10581666666667	27248
4.10915000000000	21136
4.11250000000000	47024
4.11583333333333	43520
4.11916666666667	51152
4.12250000000000	28416
4.12583333333333	22584
4.12918333333333	37200
4.13251666666667	40624
4.13585000000000	26796
4.13918333333333	39584
4.14251666666667	22060
4.14586666666667	43120
4.14920000000000	45712
4.15253333333333	27068
4.15586666666667	22940
4.15920000000000	34144
4.16255000000000	42000
4.16588333333333	34672
4.16921666666667	36912
4.17255000000000	26888
4.17588333333333	29388
4.17921666666667	39840
4.18256666666667	28260
4.18590000000000	16360
4.18923333333333	43776
4.19256666666667	37216
4.19590000000000	49984
4.19925000000000	34848
4.20258333333333	53184
4.20591666666667	46224
4.20925000000000	22072
4.21258333333333	22260
4.21593333333333	22560
4.21926666666667	26096
4.22260000000000	29560
4.22593333333333	33024
4.22926666666667	28880
4.23261666666667	42432
4.23595000000000	38784
4.23928333333333	45776
4.24261666666667	41104
4.24595000000000	39696
4.24930000000000	42848
4.25263333333333	30632
4.25596666666667	38240
4.25930000000000	29768
4.26263333333333	35648
4.26598333333333	33488
4.26931666666667	36544
4.27265000000000	39616
4.27598333333333	41664
4.27931666666667	33904
4.28266666666667	36352
4.28600000000000	24840
4.28933333333333	29236
4.29266666666667	33632
4.29600000000000	36464
4.29935000000000	22316
4.30268333333333	40080
4.30601666666667	46320
4.30935000000000	29884
4.31268333333333	35280
4.31603333333333	29848
4.31936666666667	32784
4.32270000000000	26732
4.32603333333333	25936
4.32936666666667	25136
4.33271666666667	29200
4.33605000000000	28900
4.33938333333333	28600
4.34271666666667	34688
4.34605000000000	34896
4.34940000000000	41520
4.35273333333333	39152
4.35606666666667	39408
4.35940000000000	39664
4.36273333333333	18732
4.36608333333333	34640
4.36941666666667	24976
4.37275000000000	34688
4.37608333333333	35536
4.37941666666667	37600
4.38276666666667	21580
4.38610000000000	22012
4.38943333333333	24808
4.39276666666667	17604
4.39610000000000	21800
4.39945000000000	25992
4.40278333333333	29944
4.40611666666667	33888
4.40945000000000	32832
4.41278333333333	31764
4.41613333333333	36096
4.41946666666667	35472
4.42280000000000	34848
4.42613333333333	26240
4.42946666666667	33376
4.43281666666667	40512
4.43615000000000	36096
4.43948333333333	32960
4.44281666666667	29812
4.44615000000000	33920
4.44950000000000	35648
4.45283333333333	26048
4.45616666666667	31348
4.45950000000000	36656
4.46283333333333	38832
4.46618333333333	39840
4.46951666666667	26088
4.47285000000000	38352
4.47618333333333	33856
4.47951666666667	30656
4.48286666666667	27456
4.48620000000000	33056
4.48953333333333	24384
4.49286666666667	25984
4.49620000000000	27588
