1.50330000000000	0
1.50663333333333	0
1.50996666666667	0
1.51330000000000	0
1.51663333333333	0
1.51998333333333	0
1.52331666666667	0
1.52665000000000	0
1.52998333333333	0
1.53331666666667	0
1.53666666666667	0
1.54000000000000	0
1.54333333333333	0
1.54666666666667	0
1.55000000000000	0
1.55335000000000	0
1.55668333333333	0
1.56001666666667	0
1.56335000000000	0
1.56668333333333	0
1.57003333333333	0
1.57336666666667	0
1.57670000000000	0
1.58003333333333	0
1.58336666666667	0
1.58671666666667	0
1.59005000000000	0
1.59338333333333	0
1.59671666666667	0
1.60005000000000	0
1.60340000000000	0
1.60673333333333	0
1.61006666666667	0
1.61340000000000	0
1.61673333333333	0
1.62008333333333	0
1.62341666666667	0
1.62675000000000	0
1.63008333333333	0
1.63341666666667	0
1.63676666666667	0
1.64010000000000	0
1.64343333333333	0
1.64676666666667	0
1.65010000000000	0
1.65345000000000	0
1.65678333333333	0
1.66011666666667	1518
1.66345000000000	2032
1.66678333333333	0
1.67013333333333	0
1.67346666666667	310
1.67680000000000	0
1.68013333333333	0
1.68346666666667	0
1.68681666666667	0
1.69015000000000	0
1.69348333333333	0
1.69681666666667	0
1.70015000000000	0
1.70350000000000	0
1.70683333333333	0
1.71016666666667	0
1.71350000000000	0
1.71683333333333	0
1.72018333333333	0
1.72351666666667	0
1.72685000000000	0
1.73018333333333	0
1.73351666666667	0
1.73686666666667	0
1.74020000000000	0
1.74353333333333	0
1.74686666666667	0
1.75020000000000	0
1.75353333333333	0
1.75686666666667	0
1.76020000000000	0
1.76353333333333	0
1.76686666666667	0
1.77021666666667	0
1.77355000000000	0
1.77688333333333	0
1.78021666666667	0
1.78355000000000	0
1.78690000000000	0
1.79023333333333	0
1.79356666666667	0
1.79690000000000	0
1.80023333333333	0
1.80358333333333	0
1.80691666666667	0
1.81025000000000	0
1.81358333333333	0
1.81691666666667	0
1.82025000000000	0
1.82360000000000	0
1.82693333333333	0
1.83026666666667	0
1.83360000000000	0
1.83693333333333	0
1.84028333333333	0
1.84361666666667	0
1.84695000000000	0
1.85028333333333	0
1.85361666666667	0
1.85696666666667	0
1.86030000000000	1675
1.86363333333333	2251
1.86696666666667	0
1.87030000000000	0
1.87365000000000	1834
1.87698333333333	0
1.88031666666667	21
1.88365000000000	43
1.88698333333333	21
1.89033333333333	0
1.89366666666667	0
1.89700000000000	0
1.90033333333333	0
1.90366666666667	0
1.90701666666667	0
1.91035000000000	0
1.91368333333333	0
1.91701666666667	0
1.92035000000000	0
1.92370000000000	0
1.92703333333333	0
1.93036666666667	0
1.93370000000000	0
1.93703333333333	0
1.94038333333333	0
1.94371666666667	0
1.94705000000000	0
1.95038333333333	108
1.95371666666667	54
1.95706666666667	0
1.96040000000000	0
1.96373333333333	0
1.96706666666667	0
1.97040000000000	0
1.97375000000000	0
1.97708333333333	0
1.98041666666667	0
1.98375000000000	0
1.98708333333333	0
1.99043333333333	0
1.99376666666667	0
1.99710000000000	0
2.00043333333333	0
2.00376666666667	0
2.00711666666667	0
2.01045000000000	0
2.01378333333333	0
2.01711666666667	0
2.02045000000000	0
2.02380000000000	0
2.02713333333333	0
2.03046666666667	0
2.03380000000000	0
2.03713333333333	133
2.04048333333333	66
2.04381666666667	0
2.04715000000000	0
2.05048333333333	0
2.05381666666667	0
2.05716666666667	0
2.06050000000000	0
2.06383333333333	0
2.06716666666667	0
2.07050000000000	0
2.07385000000000	0
2.07718333333333	0
2.08051666666667	0
2.08385000000000	0
2.08718333333333	0
2.09051666666667	0
2.09385000000000	0
2.09718333333333	0
2.10051666666667	0
2.10385000000000	0
2.10720000000000	1512
2.11053333333333	1510
2.11386666666667	0
2.11720000000000	0
2.12053333333333	0
2.12388333333333	0
2.12721666666667	0
2.13055000000000	0
2.13388333333333	0
2.13721666666667	0
2.14056666666667	0
2.14390000000000	0
2.14723333333333	0
2.15056666666667	0
2.15390000000000	0
2.15723333333333	0
2.16058333333333	0
2.16391666666667	0
2.16725000000000	0
2.17058333333333	0
2.17391666666667	0
2.17726666666667	0
2.18060000000000	0
2.18393333333333	0
2.18726666666667	0
2.19060000000000	0
2.19395000000000	0
2.19728333333333	0
2.20061666666667	0
2.20395000000000	0
2.20728333333333	0
2.21063333333333	0
2.21396666666667	0
2.21730000000000	0
2.22063333333333	0
2.22396666666667	0
2.22731666666667	0
2.23065000000000	0
2.23398333333333	0
2.23731666666667	0
2.24065000000000	0
2.24400000000000	0
2.24733333333333	0
2.25066666666667	0
2.25400000000000	0
2.25733333333333	0
2.26068333333333	782
2.26401666666667	391
2.26735000000000	0
2.27068333333333	0
2.27401666666667	0
2.27736666666667	630
2.28070000000000	315
2.28403333333333	0
2.28736666666667	2275
2.29070000000000	2134
2.29405000000000	3805
2.29738333333333	3588
2.30071666666667	0
2.30405000000000	4848
2.30738333333333	4047
2.31073333333333	2934
2.31406666666667	4336
2.31740000000000	4867
2.32073333333333	6128
2.32406666666667	482
2.32741666666667	1814
2.33075000000000	4415
2.33408333333333	0
2.33741666666667	2157
2.34075000000000	0
2.34410000000000	4050
2.34743333333333	5274
2.35076666666667	1262
2.35410000000000	4396
2.35743333333333	3245
2.36078333333333	2094
2.36411666666667	6633
2.36745000000000	6771
2.37078333333333	6910
2.37411666666667	7698
2.37746666666667	6986
2.38080000000000	6274
2.38413333333333	11380
2.38746666666667	11708
2.39080000000000	10688
2.39415000000000	5767
2.39748333333333	11648
2.40081666666667	7037
2.40415000000000	9440
2.40748333333333	8336
2.41083333333333	7230
2.41416666666667	14860
2.41750000000000	13460
2.42083333333333	2893
2.42416666666667	15852
2.42751666666667	16148
2.43085000000000	13496
2.43418333333333	16512
2.43751666666667	15444
2.44085000000000	14376
2.44420000000000	13224
2.44753333333333	18332
2.45086666666667	15072
2.45420000000000	11816
2.45753333333333	19800
2.46088333333333	17452
2.46421666666667	15896
2.46755000000000	11764
2.47088333333333	14804
2.47421666666667	17844
2.47756666666667	18264
2.48090000000000	12528
2.48423333333333	14112
2.48756666666667	15696
2.49090000000000	20440
2.49423333333333	25184
2.49758333333333	32604
2.50091666666667	26416
2.50425000000000	35216
2.50758333333333	33792
2.51091666666667	32816
2.51426666666667	19984
2.51760000000000	37856
2.52093333333333	20492
2.52426666666667	14152
2.52760000000000	21948
2.53095000000000	24348
2.53428333333333	26748
2.53761666666667	27476
2.54095000000000	20820
2.54428333333333	18668
2.54763333333333	24884
2.55096666666667	31096
2.55430000000000	32068
2.55763333333333	36576
2.56096666666667	20152
2.56431666666667	37744
2.56765000000000	31480
2.57098333333333	38400
2.57431666666667	39296
2.57765000000000	37856
2.58100000000000	31888
2.58433333333333	37136
2.58766666666667	27300
2.59100000000000	21456
2.59433333333333	21468
2.59768333333333	22156
2.60101666666667	20112
2.60435000000000	18072
2.60768333333333	22132
2.61101666666667	20580
2.61436666666667	19028
2.61770000000000	24336
2.62103333333333	29644
2.62436666666667	22976
2.62770000000000	16312
2.63105000000000	23972
2.63438333333333	23952
2.63771666666667	26068
2.64105000000000	24392
2.64438333333333	22720
2.64773333333333	32880
2.65106666666667	35424
2.65440000000000	37968
2.65773333333333	39712
2.66106666666667	37600
2.66441666666667	35472
2.66775000000000	23608
2.67108333333333	29268
2.67441666666667	30740
2.67775000000000	40544
2.68110000000000	45776
2.68443333333333	37200
2.68776666666667	38592
2.69110000000000	34112
2.69443333333333	33568
2.69778333333333	42288
2.70111666666667	23824
2.70445000000000	29428
2.70778333333333	27364
2.71111666666667	13224
2.71446666666667	40640
2.71780000000000	29836
2.72113333333333	20152
2.72446666666667	34224
2.72780000000000	27860
2.73115000000000	35312
2.73448333333333	19592
2.73781666666667	37120
2.74115000000000	31068
2.74448333333333	22908
2.74783333333333	37216
2.75116666666667	27496
2.75450000000000	29552
2.75783333333333	28220
2.76116666666667	26888
2.76451666666667	30340
2.76785000000000	28620
2.77118333333333	26900
2.77451666666667	21940
2.77785000000000	16980
2.78118333333333	35808
2.78451666666667	48160
2.78785000000000	39536
2.79118333333333	26184
2.79451666666667	33440
2.79786666666667	30552
2.80120000000000	25684
2.80453333333333	29840
2.80786666666667	34768
2.81120000000000	32512
2.81455000000000	30260
2.81788333333333	24572
2.82121666666667	28908
2.82455000000000	17984
2.82788333333333	21936
2.83121666666667	27272
2.83456666666667	27208
2.83790000000000	40480
2.84123333333333	40448
2.84456666666667	33952
2.84790000000000	20540
2.85125000000000	35632
2.85458333333333	23320
2.85791666666667	30872
2.86125000000000	33120
2.86458333333333	26284
2.86793333333333	35760
2.87126666666667	33024
2.87460000000000	34448
2.87793333333333	32072
2.88126666666667	29700
2.88461666666667	36224
2.88795000000000	29600
2.89128333333333	22972
2.89461666666667	43840
2.89795000000000	35920
2.90130000000000	38032
2.90463333333333	37408
2.90796666666667	40080
2.91130000000000	38464
2.91463333333333	36864
2.91798333333333	32348
2.92131666666667	38848
2.92465000000000	12696
2.92798333333333	39584
2.93131666666667	34752
2.93466666666667	27924
2.93800000000000	15680
2.94133333333333	41056
2.94466666666667	44384
2.94800000000000	22576
2.95135000000000	32220
2.95468333333333	32176
2.95801666666667	38608
2.96135000000000	31320
2.96468333333333	10856
2.96803333333333	43712
2.97136666666667	35296
2.97470000000000	28340
2.97803333333333	41472
2.98136666666667	34816
2.98471666666667	28164
2.98805000000000	38192
2.99138333333333	38176
2.99471666666667	29052
2.99805000000000	30968
3.00140000000000	24564
3.00473333333333	28040
3.00806666666667	26592
3.01140000000000	46192
3.01473333333333	38496
3.01808333333333	30792
3.02141666666667	23884
3.02475000000000	23036
3.02808333333333	37136
3.03141666666667	38592
3.03476666666667	41264
3.03810000000000	29132
3.04143333333333	31248
3.04476666666667	32316
3.04810000000000	39424
3.05145000000000	41376
3.05478333333333	36656
3.05811666666667	39232
3.06145000000000	18024
3.06478333333333	25500
3.06813333333333	34448
3.07146666666667	38848
3.07480000000000	32744
3.07813333333333	36336
3.08146666666667	43904
3.08481666666667	25616
3.08815000000000	23784
3.09148333333333	26076
3.09481666666667	28288
3.09815000000000	30496
3.10150000000000	37216
3.10483333333333	40688
3.10816666666667	31304
3.11150000000000	21920
3.11483333333333	37520
3.11818333333333	41168
3.12151666666667	41424
3.12485000000000	41360
3.12818333333333	40192
3.13151666666667	36480
3.13486666666667	38224
3.13820000000000	38544
3.14153333333333	38864
3.14486666666667	26356
3.14820000000000	26172
3.15155000000000	20580
3.15488333333333	21420
3.15821666666667	22256
3.16155000000000	33376
3.16488333333333	52992
3.16821666666667	52016
3.17156666666667	38880
3.17490000000000	23188
3.17823333333333	35248
3.18156666666667	35168
3.18490000000000	17380
3.18825000000000	33136
3.19158333333333	20560
3.19491666666667	23384
3.19825000000000	26208
3.20158333333333	26932
3.20493333333333	38768
3.20826666666667	35728
3.21160000000000	24580
3.21493333333333	26956
3.21826666666667	26524
3.22161666666667	26296
3.22495000000000	26064
3.22828333333333	27164
3.23161666666667	28260
3.23495000000000	31316
3.23830000000000	38304
3.24163333333333	36720
3.24496666666667	26116
3.24830000000000	44192
3.25163333333333	40144
3.25498333333333	40016
3.25831666666667	33712
3.26165000000000	38704
3.26498333333333	26780
3.26831666666667	31208
3.27166666666667	28200
3.27500000000000	34880
3.27833333333333	40272
3.28166666666667	41504
3.28500000000000	31336
3.28835000000000	31096
3.29168333333333	40048
3.29501666666667	24988
3.29835000000000	26752
3.30168333333333	35472
3.30503333333333	36896
3.30836666666667	30396
3.31170000000000	31088
3.31503333333333	37584
3.31836666666667	38000
3.32171666666667	38416
3.32505000000000	37696
3.32838333333333	36960
3.33171666666667	15276
3.33505000000000	28988
3.33840000000000	37872
3.34173333333333	36208
3.34506666666667	34960
3.34840000000000	24916
3.35173333333333	32176
3.35508333333333	35408
3.35841666666667	36240
3.36175000000000	36144
3.36508333333333	36032
3.36841666666667	36256
3.37176666666667	38112
3.37510000000000	38400
3.37843333333333	29404
3.38176666666667	23180
3.38510000000000	30744
3.38845000000000	38320
3.39178333333333	38432
3.39511666666667	27244
3.39845000000000	30904
3.40178333333333	47136
3.40513333333333	43696
3.40846666666667	25484
3.41180000000000	32492
3.41513333333333	45312
3.41846666666667	33520
3.42181666666667	16916
3.42515000000000	40096
3.42848333333333	34912
3.43181666666667	38896
3.43515000000000	24072
3.43850000000000	16544
3.44183333333333	38176
3.44516666666667	42416
3.44850000000000	41616
3.45183333333333	39296
3.45518333333333	39920
3.45851666666667	42240
3.46185000000000	33632
3.46518333333333	45168
3.46851666666667	47200
3.47186666666667	27060
3.47520000000000	28796
3.47853333333333	44992
3.48186666666667	46016
3.48520000000000	25960
3.48855000000000	45344
3.49188333333333	24992
3.49521666666667	35648
3.49855000000000	27264
3.50188333333333	35712
3.50521666666667	33408
3.50856666666667	33168
3.51190000000000	36496
3.51523333333333	36464
3.51856666666667	36432
3.52190000000000	32784
3.52525000000000	31452
3.52858333333333	24652
3.53191666666667	29056
3.53525000000000	33456
3.53858333333333	35232
3.54193333333333	33824
3.54526666666667	32416
3.54860000000000	31532
3.55193333333333	30652
3.55526666666667	28856
3.55861666666667	35728
3.56195000000000	18968
3.56528333333333	26596
3.56861666666667	30332
3.57195000000000	33568
3.57530000000000	36736
3.57863333333333	34432
3.58196666666667	32116
3.58530000000000	24456
3.58863333333333	39072
3.59198333333333	49536
3.59531666666667	43408
3.59865000000000	34368
3.60198333333333	45984
3.60531666666667	34384
3.60866666666667	37840
3.61200000000000	34160
3.61533333333333	22576
3.61866666666667	34000
3.62200000000000	40320
3.62533333333333	19752
3.62866666666667	32228
3.63200000000000	36048
3.63533333333333	32536
3.63866666666667	29028
3.64201666666667	28196
3.64535000000000	22056
3.64868333333333	29700
3.65201666666667	24196
3.65535000000000	18692
3.65870000000000	39472
3.66203333333333	38064
3.66536666666667	46000
3.66870000000000	23444
3.67203333333333	44816
3.67538333333333	30268
3.67871666666667	25284
3.68205000000000	37776
3.68538333333333	35584
3.68871666666667	36288
3.69206666666667	36464
3.69540000000000	41584
3.69873333333333	28904
3.70206666666667	44272
3.70540000000000	39760
3.70875000000000	35056
3.71208333333333	22628
3.71541666666667	16364
3.71875000000000	24640
3.72208333333333	26576
3.72543333333333	28512
3.72876666666667	20560
3.73210000000000	25736
3.73543333333333	43360
3.73876666666667	42544
3.74211666666667	44720
3.74545000000000	40496
3.74878333333333	34192
3.75211666666667	46928
3.75545000000000	54064
3.75880000000000	28468
3.76213333333333	21584
3.76546666666667	36320
3.76880000000000	38128
3.77213333333333	45808
3.77548333333333	47616
3.77881666666667	41168
3.78215000000000	40672
3.78548333333333	28904
3.78881666666667	29736
3.79216666666667	30212
3.79550000000000	29864
3.79883333333333	30996
3.80216666666667	28028
3.80550000000000	29492
3.80885000000000	32268
3.81218333333333	35040
3.81551666666667	30368
3.81885000000000	25688
3.82218333333333	34064
3.82553333333333	41008
3.82886666666667	40768
3.83220000000000	37840
3.83553333333333	38288
3.83886666666667	34368
3.84220000000000	18000
3.84555000000000	22728
3.84888333333333	39120
3.85221666666667	36960
3.85555000000000	41824
3.85888333333333	29308
3.86223333333333	47168
3.86556666666667	43840
3.86890000000000	51632
3.87223333333333	22876
3.87556666666667	37936
3.87891666666667	38832
3.88225000000000	22896
3.88558333333333	35120
3.88891666666667	42720
3.89225000000000	41392
3.89560000000000	30924
3.89893333333333	26076
3.90226666666667	37968
3.90560000000000	40384
3.90893333333333	42800
3.91228333333333	33152
3.91561666666667	38064
3.91895000000000	39168
3.92228333333333	38208
3.92561666666667	37232
3.92896666666667	42896
3.93230000000000	41472
3.93563333333333	40064
3.93896666666667	38656
3.94230000000000	36944
3.94565000000000	46192
3.94898333333333	23772
3.95231666666667	37744
3.95565000000000	35472
3.95898333333333	31508
3.96233333333333	44128
3.96566666666667	24284
3.96900000000000	24976
3.97233333333333	29516
3.97566666666667	32304
3.97901666666667	35840
3.98235000000000	39392
3.98568333333333	37248
3.98901666666667	28700
3.99235000000000	36096
3.99570000000000	17856
3.99903333333333	42464
4.00236666666667	40224
4.00570000000000	35344
4.00903333333333	20264
4.01238333333333	37280
4.01571666666667	42128
4.01905000000000	44928
4.02238333333333	42432
4.02571666666667	22256
4.02906666666667	31044
4.03240000000000	28528
4.03573333333333	31524
4.03906666666667	39344
4.04240000000000	37792
4.04575000000000	36224
4.04908333333333	24676
4.05241666666667	20616
4.05575000000000	26092
4.05908333333333	27552
4.06243333333333	29012
4.06576666666667	45168
4.06910000000000	48576
4.07243333333333	34864
4.07576666666667	41120
4.07911666666667	32652
4.08245000000000	40336
4.08578333333333	27176
4.08911666666667	30232
4.09245000000000	34528
4.09580000000000	22336
4.09913333333333	33072
4.10246666666667	41024
4.10580000000000	32332
4.10913333333333	38688
4.11248333333333	24780
4.11581666666667	27192
4.11915000000000	29608
4.12248333333333	25364
4.12581666666667	21120
4.12916666666667	27884
4.13250000000000	25416
4.13583333333333	22952
4.13916666666667	16832
4.14250000000000	24316
4.14585000000000	31804
4.14918333333333	27808
4.15251666666667	23812
4.15585000000000	34224
4.15918333333333	46736
4.16253333333333	40032
4.16586666666667	35072
4.16920000000000	27988
4.17253333333333	28420
4.17586666666667	34304
4.17920000000000	32628
4.18255000000000	19856
4.18588333333333	30264
4.18921666666667	32188
4.19255000000000	18692
4.19588333333333	34000
4.19923333333333	41280
4.20256666666667	27488
4.20590000000000	41744
4.20923333333333	34992
4.21256666666667	33120
4.21591666666667	17692
4.21925000000000	35056
4.22258333333333	44736
4.22591666666667	44336
4.22925000000000	39712
4.23260000000000	37424
4.23593333333333	21992
4.23926666666667	40320
4.24260000000000	35872
4.24593333333333	31432
4.24928333333333	36288
4.25261666666667	36672
4.25595000000000	37056
4.25928333333333	28284
4.26261666666667	34864
4.26596666666667	32620
4.26930000000000	30384
4.27263333333333	34176
4.27596666666667	37968
4.27930000000000	38080
4.28265000000000	39120
4.28598333333333	31644
4.28931666666667	46016
4.29265000000000	17656
4.29598333333333	40512
4.29933333333333	34096
4.30266666666667	35568
4.30600000000000	35312
4.30933333333333	26796
4.31266666666667	30652
4.31601666666667	35584
4.31935000000000	33856
4.32268333333333	32124
4.32601666666667	28172
4.32935000000000	23152
4.33270000000000	27464
4.33603333333333	31780
4.33936666666667	19788
4.34270000000000	32120
4.34603333333333	34624
4.34938333333333	31800
4.35271666666667	31780
4.35605000000000	31756
4.35938333333333	39328
4.36271666666667	38320
4.36606666666667	38864
4.36940000000000	29540
4.37273333333333	29404
4.37606666666667	37360
4.37940000000000	26180
4.38275000000000	51104
4.38608333333333	45008
4.38941666666667	33728
4.39275000000000	17876
4.39608333333333	18488
4.39943333333333	33104
4.40276666666667	31868
4.40610000000000	30636
4.40943333333333	30488
4.41276666666667	30340
4.41611666666667	41504
4.41945000000000	35984
4.42278333333333	30472
4.42611666666667	33328
4.42945000000000	23612
4.43280000000000	32816
4.43613333333333	37312
4.43946666666667	32488
4.44280000000000	27660
4.44613333333333	28436
4.44946666666667	27612
4.45280000000000	46880
4.45613333333333	43680
4.45946666666667	43648
4.46280000000000	31468
4.46615000000000	40944
4.46948333333333	35744
4.47281666666667	38192
4.47615000000000	36016
4.47948333333333	48432
4.48283333333333	20248
4.48616666666667	18196
4.48950000000000	29428
4.49283333333333	36480
4.49616666666667	30564
