1.50330000000000	0
1.50663333333333	2426
1.50996666666667	0
1.51330000000000	0
1.51663333333333	0
1.51998333333333	0
1.52331666666667	0
1.52665000000000	0
1.52998333333333	0
1.53331666666667	0
1.53666666666667	0
1.54000000000000	0
1.54333333333333	0
1.54666666666667	0
1.55000000000000	0
1.55335000000000	0
1.55668333333333	0
1.56001666666667	0
1.56335000000000	0
1.56668333333333	0
1.57003333333333	0
1.57336666666667	0
1.57670000000000	0
1.58003333333333	0
1.58336666666667	0
1.58671666666667	0
1.59005000000000	0
1.59338333333333	0
1.59671666666667	0
1.60005000000000	0
1.60340000000000	0
1.60673333333333	0
1.61006666666667	0
1.61340000000000	0
1.61673333333333	0
1.62008333333333	0
1.62341666666667	0
1.62675000000000	0
1.63008333333333	0
1.63341666666667	0
1.63676666666667	0
1.64010000000000	0
1.64343333333333	0
1.64676666666667	0
1.65010000000000	0
1.65345000000000	0
1.65678333333333	0
1.66011666666667	0
1.66345000000000	0
1.66678333333333	0
1.67013333333333	0
1.67346666666667	0
1.67680000000000	0
1.68013333333333	0
1.68346666666667	0
1.68681666666667	942
1.69015000000000	1232
1.69348333333333	616
1.69681666666667	0
1.70015000000000	0
1.70350000000000	0
1.70683333333333	0
1.71016666666667	0
1.71350000000000	0
1.71683333333333	0
1.72018333333333	0
1.72351666666667	0
1.72685000000000	0
1.73018333333333	0
1.73351666666667	0
1.73686666666667	0
1.74020000000000	0
1.74353333333333	0
1.74686666666667	0
1.75020000000000	0
1.75355000000000	0
1.75688333333333	0
1.76021666666667	0
1.76355000000000	0
1.76688333333333	0
1.77023333333333	0
1.77356666666667	0
1.77690000000000	0
1.78023333333333	0
1.78356666666667	0
1.78691666666667	0
1.79025000000000	0
1.79358333333333	0
1.79691666666667	0
1.80025000000000	0
1.80360000000000	0
1.80693333333333	0
1.81026666666667	0
1.81360000000000	0
1.81693333333333	0
1.82026666666667	0
1.82361666666667	0
1.82695000000000	0
1.83028333333333	0
1.83361666666667	0
1.83695000000000	0
1.84030000000000	0
1.84363333333333	0
1.84696666666667	0
1.85030000000000	0
1.85363333333333	0
1.85698333333333	0
1.86031666666667	0
1.86365000000000	0
1.86698333333333	0
1.87031666666667	0
1.87366666666667	0
1.87700000000000	0
1.88033333333333	0
1.88366666666667	42
1.88700000000000	21
1.89035000000000	0
1.89368333333333	0
1.89701666666667	0
1.90035000000000	0
1.90368333333333	0
1.90703333333333	0
1.91036666666667	0
1.91370000000000	0
1.91703333333333	0
1.92036666666667	0
1.92371666666667	0
1.92705000000000	0
1.93038333333333	0
1.93371666666667	0
1.93705000000000	0
1.94040000000000	0
1.94373333333333	0
1.94706666666667	0
1.95040000000000	0
1.95373333333333	0
1.95708333333333	0
1.96041666666667	0
1.96375000000000	0
1.96708333333333	0
1.97041666666667	0
1.97376666666667	0
1.97710000000000	0
1.98043333333333	0
1.98376666666667	0
1.98710000000000	0
1.99045000000000	0
1.99378333333333	0
1.99711666666667	0
2.00045000000000	0
2.00378333333333	0
2.00713333333333	0
2.01046666666667	0
2.01380000000000	0
2.01713333333333	0
2.02046666666667	0
2.02381666666667	0
2.02715000000000	0
2.03048333333333	0
2.03381666666667	0
2.03715000000000	0
2.04050000000000	0
2.04383333333333	0
2.04716666666667	0
2.05050000000000	0
2.05383333333333	0
2.05718333333333	0
2.06051666666667	0
2.06385000000000	0
2.06718333333333	0
2.07051666666667	0
2.07386666666667	0
2.07720000000000	0
2.08053333333333	0
2.08386666666667	0
2.08720000000000	0
2.09055000000000	0
2.09388333333333	0
2.09721666666667	0
2.10055000000000	0
2.10388333333333	0
2.10723333333333	0
2.11056666666667	0
2.11390000000000	0
2.11723333333333	0
2.12056666666667	0
2.12391666666667	0
2.12725000000000	0
2.13058333333333	0
2.13391666666667	0
2.13725000000000	0
2.14060000000000	0
2.14393333333333	0
2.14726666666667	0
2.15060000000000	0
2.15393333333333	0
2.15726666666667	0
2.16061666666667	0
2.16395000000000	0
2.16728333333333	0
2.17061666666667	0
2.17395000000000	0
2.17730000000000	0
2.18063333333333	0
2.18396666666667	0
2.18730000000000	0
2.19063333333333	0
2.19398333333333	0
2.19731666666667	0
2.20065000000000	0
2.20398333333333	0
2.20731666666667	0
2.21066666666667	0
2.21400000000000	0
2.21733333333333	0
2.22066666666667	0
2.22400000000000	0
2.22735000000000	0
2.23068333333333	0
2.23401666666667	0
2.23735000000000	0
2.24068333333333	1139
2.24403333333333	569
2.24736666666667	0
2.25070000000000	985
2.25403333333333	493
2.25736666666667	0
2.26071666666667	0
2.26405000000000	1275
2.26738333333333	1885
2.27071666666667	1562
2.27403333333333	2527
2.27738333333333	2230
2.28071666666667	1934
2.28405000000000	635
2.28738333333333	3857
2.29071666666667	5389
2.29406666666667	4251
2.29740000000000	1925
2.30073333333333	5984
2.30406666666667	6803
2.30740000000000	6414
2.31075000000000	3813
2.31408333333333	6472
2.31741666666667	3488
2.32075000000000	7543
2.32408333333333	1925
2.32743333333333	8864
2.33076666666667	10976
2.33410000000000	13340
2.33743333333333	8057
2.34076666666667	4554
2.34411666666667	6790
2.34745000000000	11540
2.35078333333333	9344
2.35411666666667	7144
2.35745000000000	14876
2.36080000000000	12812
2.36413333333333	19196
2.36746666666667	21604
2.37080000000000	20688
2.37413333333333	20216
2.37748333333333	20732
2.38081666666667	21244
2.38415000000000	18940
2.38748333333333	16636
2.39081666666667	30080
2.39416666666667	25212
2.39750000000000	20340
2.40083333333333	15428
2.40416666666667	20008
2.40750000000000	17432
2.41085000000000	14856
2.41418333333333	41264
2.41751666666667	36576
2.42085000000000	21112
2.42418333333333	46352
2.42753333333333	27592
2.43086666666667	44448
2.43420000000000	45728
2.43753333333333	34688
2.44086666666667	43632
2.44421666666667	32504
2.44755000000000	27612
2.45088333333333	26940
2.45421666666667	26920
2.45755000000000	26900
2.46090000000000	31516
2.46423333333333	29228
2.46756666666667	26936
2.47090000000000	30904
2.47423333333333	34864
2.47758333333333	32032
2.48091666666667	29196
2.48425000000000	33536
2.48758333333333	37888
2.49091666666667	30720
2.49425000000000	23548
2.49760000000000	36880
2.50093333333333	24952
2.50426666666667	30368
2.50760000000000	35776
2.51093333333333	34608
2.51428333333333	41440
2.51761666666667	39760
2.52095000000000	38064
2.52428333333333	33072
2.52761666666667	38624
2.53096666666667	36560
2.53430000000000	34496
2.53763333333333	25540
2.54096666666667	36224
2.54430000000000	48064
2.54765000000000	51920
2.55098333333333	29752
2.55431666666667	40960
2.55765000000000	43792
2.56098333333333	33616
2.56433333333333	29012
2.56766666666667	49856
2.57100000000000	42096
2.57433333333333	43632
2.57766666666667	42304
2.58101666666667	43184
2.58435000000000	44400
2.58768333333333	31656
2.59101666666667	48736
2.59435000000000	33760
2.59770000000000	51600
2.60103333333333	39056
2.60436666666667	39952
2.60770000000000	52224
2.61103333333333	38144
2.61438333333333	43648
2.61771666666667	48304
2.62105000000000	36848
2.62438333333333	32992
2.62771666666667	30608
2.63106666666667	34704
2.63440000000000	38800
2.63773333333333	42720
2.64106666666667	37920
2.64440000000000	33136
2.64775000000000	40336
2.65108333333333	47536
2.65441666666667	53920
2.65775000000000	48784
2.66108333333333	45440
2.66443333333333	38496
2.66776666666667	51360
2.67110000000000	52752
2.67443333333333	36928
2.67776666666667	46368
2.68111666666667	36016
2.68445000000000	49504
2.68778333333333	36336
2.69111666666667	57664
2.69445000000000	58160
2.69780000000000	38288
2.70113333333333	53344
2.70446666666667	46080
2.70780000000000	48256
2.71113333333333	32204
2.71448333333333	38480
2.71781666666667	44768
2.72115000000000	48896
2.72448333333333	43440
2.72781666666667	51808
2.73116666666667	40432
2.73450000000000	46224
2.73783333333333	52016
2.74116666666667	33168
2.74450000000000	44368
2.74785000000000	39632
2.75118333333333	36160
2.75451666666667	28624
2.75785000000000	28404
2.76118333333333	44592
2.76453333333333	40288
2.76786666666667	46848
2.77120000000000	33968
2.77453333333333	44592
2.77786666666667	38800
2.78121666666667	37792
2.78455000000000	36784
2.78788333333333	39888
2.79121666666667	39568
2.79455000000000	39232
2.79790000000000	41008
2.80123333333333	42784
2.80456666666667	35984
2.80790000000000	40864
2.81123333333333	45760
2.81458333333333	49008
2.81791666666667	42224
2.82125000000000	56832
2.82458333333333	53024
2.82791666666667	31632
2.83125000000000	52768
2.83460000000000	52672
2.83793333333333	58752
2.84126666666667	54720
2.84460000000000	38208
2.84793333333333	64784
2.85128333333333	61712
2.85461666666667	40704
2.85795000000000	58784
2.86128333333333	36976
2.86461666666667	46304
2.86796666666667	43040
2.87130000000000	51904
2.87463333333333	42080
2.87796666666667	32252
2.88130000000000	54848
2.88465000000000	50128
2.88798333333333	65440
2.89131666666667	27980
2.89465000000000	35008
2.89798333333333	57600
2.90133333333333	52208
2.90466666666667	40416
2.90800000000000	57104
2.91133333333333	55424
2.91466666666667	51616
2.91801666666667	47792
2.92135000000000	50416
2.92468333333333	53024
2.92801666666667	34736
2.93135000000000	29652
2.93470000000000	60864
2.93803333333333	60384
2.94136666666667	42544
2.94470000000000	50368
2.94803333333333	60560
2.95138333333333	58448
2.95471666666667	41792
2.95805000000000	63280
2.96138333333333	59808
2.96471666666667	60480
2.96806666666667	49264
2.97140000000000	56448
2.97473333333333	67776
2.97806666666667	17124
2.98140000000000	49760
2.98475000000000	48704
2.98808333333333	51424
2.99141666666667	48832
2.99475000000000	46224
2.99808333333333	56992
3.00143333333333	46880
3.00476666666667	36768
3.00810000000000	43600
3.01143333333333	34416
3.01476666666667	38416
3.01811666666667	42400
3.02145000000000	26460
3.02478333333333	33168
3.02811666666667	40464
3.03145000000000	37120
3.03480000000000	33760
3.03813333333333	42352
3.04146666666667	50928
3.04480000000000	56464
3.04813333333333	57872
3.05148333333333	40448
3.05481666666667	68048
3.05815000000000	57712
3.06148333333333	49104
3.06481666666667	40896
3.06816666666667	62688
3.07150000000000	63920
3.07483333333333	62208
3.07816666666667	42272
3.08150000000000	46384
3.08485000000000	41344
3.08818333333333	37568
3.09151666666667	46992
3.09485000000000	43248
3.09818333333333	41840
3.10153333333333	40448
3.10486666666667	31240
3.10820000000000	43824
3.11153333333333	54848
3.11486666666667	64016
3.11821666666667	45616
3.12155000000000	44720
3.12488333333333	40064
3.12821666666667	38704
3.13155000000000	39520
3.13490000000000	40336
3.13823333333333	42416
3.14156666666667	44512
3.14490000000000	49376
3.14823333333333	54256
3.15158333333333	23320
3.15491666666667	71024
3.15825000000000	33472
3.16158333333333	48800
3.16491666666667	54256
3.16825000000000	52896
3.17160000000000	53536
3.17493333333333	51104
3.17826666666667	54416
3.18160000000000	38768
3.18493333333333	36400
3.18828333333333	43648
3.19161666666667	45120
3.19495000000000	46576
3.19828333333333	38464
3.20161666666667	42912
3.20496666666667	39952
3.20830000000000	55552
3.21163333333333	46912
3.21496666666667	38272
3.21830000000000	41744
3.22165000000000	40688
3.22498333333333	36128
3.22831666666667	31572
3.23165000000000	29588
3.23498333333333	27608
3.23833333333333	32928
3.24166666666667	38240
3.24500000000000	52784
3.24833333333333	48528
3.25166666666667	56368
3.25501666666667	57152
3.25835000000000	37856
3.26168333333333	38880
3.26501666666667	51936
3.26835000000000	34128
3.27170000000000	56624
3.27503333333333	35200
3.27836666666667	44800
3.28170000000000	58720
3.28503333333333	64624
3.28838333333333	26772
3.29171666666667	31452
3.29505000000000	56864
3.29838333333333	44304
3.30171666666667	52720
3.30506666666667	41584
3.30840000000000	49840
3.31173333333333	33552
3.31506666666667	48704
3.31840000000000	57632
3.32175000000000	67824
3.32508333333333	45456
3.32841666666667	45648
3.33175000000000	75088
3.33508333333333	51776
3.33843333333333	63232
3.34176666666667	61312
3.34510000000000	35792
3.34843333333333	36544
3.35176666666667	67072
3.35511666666667	52176
3.35845000000000	54800
3.36178333333333	38400
3.36511666666667	41904
3.36845000000000	66736
3.37180000000000	57536
3.37513333333333	25864
3.37846666666667	32668
3.38180000000000	53472
3.38513333333333	43616
3.38848333333333	33760
3.39181666666667	43600
3.39515000000000	45424
3.39848333333333	47232
3.40181666666667	40080
3.40516666666667	59024
3.40850000000000	56560
3.41183333333333	61360
3.41516666666667	47744
3.41850000000000	44576
3.42185000000000	57504
3.42518333333333	62000
3.42851666666667	30968
3.43185000000000	46624
3.43518333333333	55024
3.43853333333333	55024
3.44186666666667	59888
3.44520000000000	34656
3.44853333333333	60224
3.45186666666667	43968
3.45521666666667	50912
3.45855000000000	47328
3.46188333333333	39232
3.46521666666667	44800
3.46855000000000	46208
3.47190000000000	51248
3.47523333333333	51056
3.47856666666667	50864
3.48190000000000	51664
3.48523333333333	53984
3.48858333333333	52080
3.49191666666667	50176
3.49525000000000	43712
3.49858333333333	31276
3.50191666666667	42144
3.50525000000000	32348
3.50860000000000	39088
3.51193333333333	45824
3.51526666666667	47152
3.51860000000000	48464
3.52193333333333	56448
3.52528333333333	29776
3.52861666666667	50848
3.53195000000000	18516
3.53528333333333	36160
3.53861666666667	17040
3.54196666666667	39360
3.54530000000000	41168
3.54863333333333	41888
3.55196666666667	42608
3.55530000000000	45392
3.55865000000000	44144
3.56198333333333	42880
3.56531666666667	63904
3.56865000000000	73712
3.57198333333333	61296
3.57533333333333	48352
3.57866666666667	49408
3.58200000000000	54656
3.58533333333333	42928
3.58866666666667	34128
3.59201666666667	44160
3.59535000000000	40336
3.59868333333333	48336
3.60201666666667	46176
3.60535000000000	49024
3.60870000000000	34912
3.61203333333333	56480
3.61536666666667	48688
3.61870000000000	34848
3.62203333333333	34016
3.62538333333333	41712
3.62871666666667	44976
3.63205000000000	48224
3.63538333333333	45600
3.63871666666667	44496
3.64206666666667	45872
3.64540000000000	47264
3.64873333333333	52432
3.65206666666667	53312
3.65540000000000	54192
3.65875000000000	51488
3.66208333333333	48768
3.66541666666667	37808
3.66875000000000	40800
3.67208333333333	42032
3.67543333333333	40752
3.67876666666667	34816
3.68210000000000	46560
3.68543333333333	44176
3.68876666666667	18128
3.69211666666667	40992
3.69545000000000	51184
3.69878333333333	39744
3.70211666666667	46608
3.70545000000000	52096
3.70880000000000	45296
3.71213333333333	38496
3.71546666666667	48880
3.71880000000000	47760
3.72213333333333	26860
3.72548333333333	34592
3.72881666666667	59280
3.73215000000000	60832
3.73548333333333	57808
3.73881666666667	38832
3.74216666666667	53920
3.74550000000000	38112
3.74883333333333	37840
3.75216666666667	42496
3.75550000000000	47152
3.75885000000000	46864
3.76218333333333	46592
3.76551666666667	46432
3.76885000000000	46256
3.77218333333333	40736
3.77553333333333	42320
3.77886666666667	43888
3.78220000000000	52112
3.78553333333333	52912
3.78886666666667	57504
3.79221666666667	37104
3.79555000000000	52848
3.79888333333333	46512
3.80221666666667	55824
3.80555000000000	55472
3.80890000000000	55104
3.81223333333333	54592
3.81556666666667	56400
3.81890000000000	46416
3.82223333333333	44928
3.82558333333333	55584
3.82891666666667	55072
3.83225000000000	46576
3.83558333333333	44384
3.83891666666667	53440
3.84225000000000	47824
3.84560000000000	27696
3.84893333333333	57872
3.85226666666667	61456
3.85560000000000	42976
3.85893333333333	52336
3.86228333333333	49856
3.86561666666667	51280
3.86895000000000	47568
3.87228333333333	43872
3.87561666666667	43536
3.87896666666667	52848
3.88230000000000	50576
3.88563333333333	40752
3.88896666666667	46912
3.89230000000000	53072
3.89565000000000	26664
3.89898333333333	44928
3.90231666666667	49616
3.90565000000000	53920
3.90898333333333	42624
3.91233333333333	52944
3.91566666666667	45216
3.91900000000000	25548
3.92233333333333	33488
3.92566666666667	44512
3.92901666666667	51456
3.93235000000000	36304
3.93568333333333	42672
3.93901666666667	55536
3.94235000000000	44432
3.94568333333333	54848
3.94901666666667	64112
3.95235000000000	59792
3.95568333333333	59424
3.95901666666667	41888
3.96236666666667	64992
3.96570000000000	35568
3.96903333333333	45728
3.97236666666667	57536
3.97570000000000	40848
3.97905000000000	45024
3.98238333333333	51840
3.98571666666667	47760
3.98905000000000	39056
3.99238333333333	55344
3.99573333333333	41504
3.99906666666667	43376
4.00240000000000	47552
4.00573333333333	50016
4.00906666666667	47120
4.01241666666667	44240
4.01575000000000	43264
4.01908333333333	39376
4.02241666666667	52720
4.02575000000000	42176
4.02910000000000	31632
4.03243333333333	34400
4.03576666666667	39760
4.03910000000000	45120
4.04243333333333	43328
4.04578333333333	44992
4.04911666666667	46656
4.05245000000000	29776
4.05578333333333	35072
4.05911666666667	40368
4.06246666666667	39408
4.06580000000000	38448
4.06913333333333	42096
4.07246666666667	44480
4.07580000000000	46848
4.07915000000000	46144
4.08248333333333	32816
4.08581666666667	44288
4.08915000000000	44112
4.09248333333333	51840
4.09581666666667	46864
4.09915000000000	41888
4.10248333333333	43424
4.10581666666667	44960
4.10915000000000	55232
4.11250000000000	57008
4.11583333333333	40224
4.11916666666667	53760
4.12250000000000	49600
4.12583333333333	49408
4.12918333333333	27620
4.13251666666667	46640
4.13585000000000	35216
4.13918333333333	49776
4.14251666666667	42016
4.14586666666667	51248
4.14920000000000	33696
4.15253333333333	54064
4.15586666666667	52464
4.15920000000000	63712
4.16255000000000	39472
4.16588333333333	58048
4.16921666666667	42416
4.17255000000000	36928
4.17588333333333	46096
4.17921666666667	40496
4.18256666666667	48480
4.18590000000000	25472
4.18923333333333	47760
4.19256666666667	43328
4.19590000000000	41968
4.19925000000000	46368
4.20258333333333	43456
4.20591666666667	40560
4.20925000000000	47696
4.21258333333333	45296
4.21593333333333	43280
4.21926666666667	41264
4.22260000000000	44928
4.22593333333333	42048
4.22926666666667	39168
4.23261666666667	54400
4.23595000000000	51168
4.23928333333333	43792
4.24261666666667	40528
4.24595000000000	47072
4.24930000000000	40224
4.25263333333333	52912
4.25596666666667	53792
4.25930000000000	54688
4.26263333333333	52480
4.26598333333333	40624
4.26931666666667	40096
4.27265000000000	51520
4.27598333333333	37344
4.27931666666667	49008
4.28266666666667	41264
4.28600000000000	30208
4.28933333333333	49984
4.29266666666667	53024
4.29600000000000	54560
4.29935000000000	27652
4.30268333333333	32304
4.30601666666667	40288
4.30935000000000	36352
4.31268333333333	30912
4.31603333333333	32236
4.31936666666667	33568
4.32270000000000	49776
4.32603333333333	61184
4.32936666666667	55424
4.33271666666667	29672
4.33605000000000	63168
4.33938333333333	37520
4.34271666666667	34672
4.34605000000000	31808
4.34940000000000	30996
4.35273333333333	38624
4.35606666666667	46256
4.35940000000000	51264
4.36273333333333	47200
4.36608333333333	51088
4.36941666666667	52784
4.37275000000000	54480
4.37608333333333	47920
4.37941666666667	41360
4.38276666666667	45520
4.38610000000000	49664
4.38943333333333	31040
4.39276666666667	32064
4.39610000000000	49136
4.39945000000000	57248
4.40278333333333	51808
4.40611666666667	39280
4.40945000000000	51920
4.41278333333333	43072
4.41613333333333	41664
4.41946666666667	48880
4.42280000000000	39920
4.42613333333333	37008
4.42946666666667	35024
4.43281666666667	56016
4.43615000000000	52128
4.43948333333333	38560
4.44281666666667	43824
4.44615000000000	34544
4.44950000000000	43984
4.45283333333333	53424
4.45616666666667	26332
4.45950000000000	43264
4.46283333333333	35888
4.46618333333333	36352
4.46951666666667	36800
4.47285000000000	39088
4.47618333333333	38544
4.47951666666667	38000
4.48286666666667	40448
4.48620000000000	39056
4.48953333333333	37664
4.49286666666667	40656
4.49620000000000	39168
