1.50330000000000	0
1.50663333333333	0
1.50996666666667	0
1.51330000000000	0
1.51663333333333	0
1.51998333333333	0
1.52331666666667	0
1.52665000000000	0
1.52998333333333	0
1.53331666666667	0
1.53666666666667	0
1.54000000000000	0
1.54333333333333	0
1.54666666666667	0
1.55000000000000	0
1.55335000000000	0
1.55668333333333	0
1.56001666666667	0
1.56335000000000	0
1.56668333333333	0
1.57003333333333	0
1.57336666666667	0
1.57670000000000	0
1.58003333333333	0
1.58336666666667	0
1.58671666666667	0
1.59005000000000	0
1.59338333333333	0
1.59671666666667	0
1.60005000000000	0
1.60340000000000	0
1.60673333333333	0
1.61006666666667	0
1.61340000000000	0
1.61673333333333	0
1.62008333333333	0
1.62341666666667	0
1.62675000000000	0
1.63008333333333	0
1.63341666666667	0
1.63676666666667	0
1.64010000000000	0
1.64343333333333	0
1.64676666666667	0
1.65010000000000	0
1.65345000000000	0
1.65678333333333	0
1.66011666666667	0
1.66345000000000	0
1.66678333333333	0
1.67013333333333	0
1.67346666666667	0
1.67680000000000	0
1.68013333333333	0
1.68346666666667	0
1.68681666666667	0
1.69015000000000	0
1.69348333333333	0
1.69681666666667	0
1.70015000000000	0
1.70350000000000	0
1.70683333333333	0
1.71016666666667	0
1.71350000000000	0
1.71683333333333	0
1.72018333333333	0
1.72351666666667	0
1.72685000000000	0
1.73018333333333	0
1.73351666666667	0
1.73686666666667	0
1.74020000000000	0
1.74353333333333	0
1.74686666666667	0
1.75020000000000	0
1.75355000000000	0
1.75688333333333	0
1.76021666666667	0
1.76355000000000	0
1.76688333333333	0
1.77023333333333	0
1.77356666666667	0
1.77690000000000	0
1.78023333333333	0
1.78356666666667	0
1.78691666666667	0
1.79025000000000	0
1.79358333333333	0
1.79691666666667	0
1.80025000000000	0
1.80360000000000	0
1.80693333333333	0
1.81026666666667	0
1.81360000000000	0
1.81693333333333	0
1.82026666666667	0
1.82361666666667	0
1.82695000000000	0
1.83028333333333	0
1.83361666666667	0
1.83695000000000	0
1.84030000000000	0
1.84363333333333	0
1.84696666666667	0
1.85030000000000	0
1.85363333333333	0
1.85698333333333	0
1.86031666666667	0
1.86365000000000	0
1.86698333333333	0
1.87031666666667	0
1.87366666666667	0
1.87700000000000	0
1.88033333333333	0
1.88366666666667	0
1.88700000000000	0
1.89035000000000	0
1.89368333333333	0
1.89701666666667	0
1.90035000000000	0
1.90368333333333	0
1.90703333333333	0
1.91036666666667	0
1.91370000000000	0
1.91703333333333	0
1.92036666666667	0
1.92371666666667	0
1.92705000000000	0
1.93038333333333	0
1.93371666666667	0
1.93705000000000	0
1.94040000000000	0
1.94373333333333	0
1.94706666666667	0
1.95040000000000	0
1.95373333333333	0
1.95708333333333	0
1.96041666666667	0
1.96375000000000	0
1.96708333333333	0
1.97041666666667	0
1.97376666666667	0
1.97710000000000	0
1.98043333333333	0
1.98376666666667	0
1.98710000000000	0
1.99045000000000	0
1.99378333333333	0
1.99711666666667	0
2.00045000000000	0
2.00378333333333	0
2.00713333333333	0
2.01046666666667	0
2.01380000000000	0
2.01713333333333	0
2.02046666666667	0
2.02381666666667	0
2.02715000000000	0
2.03048333333333	0
2.03381666666667	0
2.03715000000000	0
2.04050000000000	0
2.04383333333333	0
2.04716666666667	0
2.05050000000000	0
2.05383333333333	0
2.05718333333333	0
2.06051666666667	0
2.06385000000000	0
2.06718333333333	0
2.07051666666667	0
2.07386666666667	0
2.07720000000000	0
2.08053333333333	0
2.08386666666667	0
2.08720000000000	0
2.09055000000000	0
2.09388333333333	0
2.09721666666667	0
2.10055000000000	0
2.10388333333333	0
2.10723333333333	0
2.11056666666667	0
2.11390000000000	0
2.11723333333333	0
2.12056666666667	0
2.12391666666667	0
2.12725000000000	0
2.13058333333333	0
2.13391666666667	0
2.13725000000000	0
2.14060000000000	0
2.14393333333333	0
2.14726666666667	0
2.15060000000000	0
2.15393333333333	0
2.15726666666667	0
2.16061666666667	0
2.16395000000000	0
2.16728333333333	0
2.17061666666667	0
2.17395000000000	0
2.17730000000000	0
2.18063333333333	0
2.18396666666667	0
2.18730000000000	0
2.19063333333333	0
2.19398333333333	0
2.19731666666667	0
2.20065000000000	0
2.20398333333333	0
2.20731666666667	0
2.21066666666667	0
2.21400000000000	0
2.21733333333333	0
2.22066666666667	0
2.22400000000000	0
2.22735000000000	0
2.23068333333333	0
2.23401666666667	0
2.23735000000000	0
2.24068333333333	0
2.24403333333333	0
2.24736666666667	0
2.25070000000000	0
2.25403333333333	0
2.25736666666667	0
2.26071666666667	0
2.26405000000000	0
2.26738333333333	0
2.27071666666667	691
2.27405000000000	1382
2.27740000000000	1449
2.28073333333333	0
2.28406666666667	1635
2.28740000000000	936
2.29073333333333	1539
2.29408333333333	3280
2.29741666666667	2264
2.30075000000000	1248
2.30408333333333	2210
2.30741666666667	3395
2.31076666666667	4580
2.31410000000000	4465
2.31743333333333	5008
2.32076666666667	5552
2.32410000000000	4646
2.32745000000000	3739
2.33078333333333	4072
2.33411666666667	5542
2.33745000000000	7012
2.34078333333333	6637
2.34413333333333	6909
2.34746666666667	7182
2.35080000000000	6687
2.35413333333333	6193
2.35746666666667	3544
2.36081666666667	7680
2.36415000000000	9560
2.36748333333333	11436
2.37081666666667	7552
2.37415000000000	14212
2.37750000000000	12080
2.38083333333333	14656
2.38416666666667	17176
2.38750000000000	16744
2.39083333333333	8640
2.39418333333333	15200
2.39751666666667	16008
2.40085000000000	16816
2.40418333333333	13528
2.40751666666667	13536
2.41086666666667	25564
2.41420000000000	24248
2.41753333333333	11908
2.42086666666667	14588
2.42420000000000	21516
2.42755000000000	24000
2.43088333333333	17184
2.43421666666667	21812
2.43755000000000	21316
2.44088333333333	15428
2.44423333333333	31604
2.44756666666667	30592
2.45090000000000	39168
2.45423333333333	22452
2.45756666666667	24484
2.46091666666667	29996
2.46425000000000	26624
2.46758333333333	29880
2.47091666666667	29792
2.47425000000000	29708
2.47760000000000	30460
2.48093333333333	29856
2.48426666666667	29256
2.48760000000000	15484
2.49093333333333	29732
2.49426666666667	16444
2.49761666666667	26808
2.50095000000000	12632
2.50428333333333	18192
2.50761666666667	24136
2.51095000000000	30076
2.51430000000000	22036
2.51763333333333	22876
2.52096666666667	34304
2.52430000000000	44544
2.52763333333333	42416
2.53098333333333	41344
2.53431666666667	37232
2.53765000000000	33344
2.54098333333333	19704
2.54431666666667	46928
2.54766666666667	40352
2.55100000000000	33792
2.55433333333333	33008
2.55766666666667	41920
2.56100000000000	38736
2.56435000000000	35552
2.56768333333333	44176
2.57101666666667	45984
2.57435000000000	23936
2.57768333333333	31528
2.58103333333333	40848
2.58436666666667	42048
2.58770000000000	35904
2.59103333333333	38992
2.59436666666667	36560
2.59771666666667	37376
2.60105000000000	38192
2.60438333333333	44496
2.60771666666667	38976
2.61105000000000	33456
2.61440000000000	29696
2.61773333333333	44224
2.62106666666667	42240
2.62440000000000	49792
2.62773333333333	45136
2.63108333333333	40496
2.63441666666667	48528
2.63775000000000	49520
2.64108333333333	44080
2.64441666666667	38384
2.64776666666667	28892
2.65110000000000	38912
2.65443333333333	48944
2.65776666666667	48048
2.66110000000000	49600
2.66445000000000	51136
2.66778333333333	45776
2.67111666666667	49520
2.67445000000000	37136
2.67778333333333	51824
2.68113333333333	37312
2.68446666666667	53104
2.68780000000000	58576
2.69113333333333	46912
2.69446666666667	49360
2.69781666666667	47424
2.70115000000000	47712
2.70448333333333	32896
2.70781666666667	56960
2.71115000000000	54576
2.71450000000000	40064
2.71783333333333	26356
2.72116666666667	43024
2.72450000000000	42864
2.72783333333333	42688
2.73116666666667	44704
2.73450000000000	46720
2.73783333333333	47856
2.74116666666667	36064
2.74450000000000	36992
2.74785000000000	37600
2.75118333333333	38208
2.75451666666667	38832
2.75785000000000	39440
2.76118333333333	32284
2.76453333333333	25128
2.76786666666667	44704
2.77120000000000	35200
2.77453333333333	25696
2.77786666666667	40400
2.78121666666667	50128
2.78455000000000	41184
2.78788333333333	53472
2.79121666666667	44496
2.79455000000000	43232
2.79790000000000	37856
2.80123333333333	43392
2.80456666666667	48928
2.80790000000000	41808
2.81123333333333	34672
2.81458333333333	51824
2.81791666666667	52000
2.82125000000000	36480
2.82458333333333	48640
2.82791666666667	54656
2.83125000000000	44080
2.83460000000000	43808
2.83793333333333	49984
2.84126666666667	43376
2.84460000000000	43840
2.84793333333333	44288
2.85128333333333	27252
2.85461666666667	47856
2.85795000000000	51344
2.86128333333333	44816
2.86461666666667	38992
2.86796666666667	32200
2.87130000000000	43456
2.87463333333333	37216
2.87796666666667	48528
2.88130000000000	52784
2.88465000000000	44032
2.88798333333333	31960
2.89131666666667	38096
2.89465000000000	31604
2.89798333333333	33888
2.90133333333333	38176
2.90466666666667	36912
2.90800000000000	35664
2.91133333333333	41520
2.91466666666667	47392
2.91801666666667	43632
2.92135000000000	42016
2.92468333333333	40384
2.92801666666667	47184
2.93135000000000	46192
2.93470000000000	44400
2.93803333333333	33760
2.94136666666667	27880
2.94470000000000	45936
2.94803333333333	46640
2.95138333333333	29196
2.95471666666667	48848
2.95805000000000	49952
2.96138333333333	50320
2.96471666666667	48112
2.96806666666667	53248
2.97140000000000	25136
2.97473333333333	28532
2.97806666666667	54080
2.98140000000000	48032
2.98475000000000	62944
2.98808333333333	52064
2.99141666666667	51696
2.99475000000000	40064
2.99808333333333	22024
3.00143333333333	43456
3.00476666666667	47696
3.00810000000000	65648
3.01143333333333	67888
3.01476666666667	47424
3.01811666666667	68368
3.02145000000000	66736
3.02478333333333	39808
3.02811666666667	51024
3.03145000000000	46928
3.03480000000000	48624
3.03813333333333	47632
3.04146666666667	46640
3.04480000000000	45168
3.04813333333333	33440
3.05148333333333	47504
3.05481666666667	40096
3.05815000000000	48208
3.06148333333333	47904
3.06481666666667	47600
3.06816666666667	49632
3.07150000000000	50816
3.07483333333333	43616
3.07816666666667	38640
3.08150000000000	48256
3.08485000000000	57440
3.08818333333333	51360
3.09151666666667	52928
3.09485000000000	49120
3.09818333333333	47360
3.10153333333333	45504
3.10486666666667	46672
3.10820000000000	47824
3.11153333333333	41152
3.11486666666667	54592
3.11821666666667	34912
3.12155000000000	38592
3.12488333333333	42288
3.12821666666667	59520
3.13155000000000	56176
3.13490000000000	29536
3.13823333333333	42256
3.14156666666667	53600
3.14490000000000	63520
3.14823333333333	50240
3.15158333333333	46112
3.15491666666667	47216
3.15825000000000	47488
3.16158333333333	47760
3.16491666666667	47872
3.16825000000000	47984
3.17160000000000	48464
3.17493333333333	34912
3.17826666666667	39872
3.18160000000000	50560
3.18493333333333	44720
3.18828333333333	55824
3.19161666666667	34016
3.19495000000000	36400
3.19828333333333	44720
3.20161666666667	56864
3.20496666666667	57744
3.20830000000000	38192
3.21163333333333	44592
3.21496666666667	64112
3.21830000000000	34576
3.22165000000000	58992
3.22498333333333	53712
3.22831666666667	35680
3.23165000000000	55696
3.23498333333333	42704
3.23833333333333	44192
3.24166666666667	25772
3.24500000000000	28800
3.24833333333333	31824
3.25166666666667	35520
3.25501666666667	34384
3.25835000000000	33248
3.26168333333333	55568
3.26501666666667	52928
3.26835000000000	59168
3.27170000000000	20616
3.27503333333333	45712
3.27836666666667	27380
3.28170000000000	46240
3.28503333333333	38752
3.28838333333333	48768
3.29171666666667	51152
3.29505000000000	46944
3.29838333333333	37616
3.30171666666667	44096
3.30506666666667	50592
3.30840000000000	52464
3.31173333333333	47872
3.31506666666667	46176
3.31840000000000	44480
3.32175000000000	56352
3.32508333333333	31948
3.32841666666667	52688
3.33175000000000	36032
3.33508333333333	46928
3.33843333333333	47584
3.34176666666667	54032
3.34510000000000	41344
3.34843333333333	50656
3.35176666666667	46224
3.35511666666667	41792
3.35845000000000	45296
3.36178333333333	48800
3.36511666666667	46320
3.36845000000000	43824
3.37180000000000	45680
3.37513333333333	44912
3.37846666666667	44144
3.38180000000000	43040
3.38513333333333	44912
3.38848333333333	43120
3.39181666666667	41312
3.39515000000000	40496
3.39848333333333	37744
3.40181666666667	40912
3.40516666666667	42048
3.40850000000000	43200
3.41183333333333	43248
3.41516666666667	43296
3.41850000000000	24520
3.42185000000000	51312
3.42518333333333	41440
3.42851666666667	51840
3.43185000000000	52288
3.43518333333333	52752
3.43853333333333	46032
3.44186666666667	54928
3.44520000000000	40720
3.44853333333333	38848
3.45186666666667	55488
3.45521666666667	54528
3.45855000000000	58800
3.46188333333333	54272
3.46521666666667	53376
3.46855000000000	53984
3.47190000000000	45088
3.47523333333333	47600
3.47856666666667	48256
3.48190000000000	45664
3.48523333333333	43072
3.48858333333333	45584
3.49191666666667	56464
3.49525000000000	23760
3.49858333333333	49648
3.50191666666667	46960
3.50525000000000	38512
3.50860000000000	49872
3.51193333333333	30456
3.51526666666667	52400
3.51860000000000	66480
3.52193333333333	49968
3.52528333333333	60608
3.52861666666667	39312
3.53195000000000	44752
3.53528333333333	66800
3.53861666666667	34784
3.54196666666667	35952
3.54530000000000	41104
3.54863333333333	59744
3.55196666666667	57904
3.55530000000000	49936
3.55865000000000	42704
3.56198333333333	63360
3.56531666666667	35440
3.56865000000000	49120
3.57198333333333	70816
3.57533333333333	71312
3.57866666666667	48272
3.58200000000000	59312
3.58533333333333	44896
3.58866666666667	57424
3.59200000000000	55360
3.59533333333333	51280
3.59866666666667	47200
3.60200000000000	54464
3.60533333333333	49104
3.60868333333333	43744
3.61201666666667	41168
3.61535000000000	50032
3.61868333333333	35104
3.62201666666667	37120
3.62536666666667	48064
3.62870000000000	48224
3.63203333333333	53440
3.63536666666667	58080
3.63870000000000	54528
3.64205000000000	49184
3.64538333333333	45616
3.64871666666667	60832
3.65205000000000	59168
3.65538333333333	29996
3.65873333333333	59840
3.66206666666667	26052
3.66540000000000	46448
3.66873333333333	58336
3.67206666666667	60880
3.67541666666667	29992
3.67875000000000	43600
3.68208333333333	43760
3.68541666666667	49568
3.68875000000000	57904
3.69210000000000	31656
3.69543333333333	57552
3.69876666666667	36304
3.70210000000000	43248
3.70543333333333	45472
3.70878333333333	52672
3.71211666666667	58912
3.71545000000000	60288
3.71878333333333	56000
3.72211666666667	39968
3.72545000000000	71424
3.72878333333333	69264
3.73211666666667	32176
3.73545000000000	44496
3.73878333333333	56352
3.74213333333333	48544
3.74546666666667	45360
3.74880000000000	59296
3.75213333333333	33904
3.75546666666667	48336
3.75881666666667	41040
3.76215000000000	41920
3.76548333333333	42640
3.76881666666667	46016
3.77215000000000	46240
3.77550000000000	46448
3.77883333333333	38384
3.78216666666667	50816
3.78550000000000	50960
3.78883333333333	50224
3.79218333333333	44400
3.79551666666667	37936
3.79885000000000	41248
3.80218333333333	47664
3.80551666666667	36432
3.80886666666667	49424
3.81220000000000	43424
3.81553333333333	49280
3.81886666666667	34912
3.82220000000000	49984
3.82555000000000	42416
3.82888333333333	28920
3.83221666666667	41872
3.83555000000000	41024
3.83888333333333	36352
3.84221666666667	42016
3.84556666666667	38304
3.84890000000000	40864
3.85223333333333	43408
3.85556666666667	34560
3.85890000000000	58160
3.86225000000000	64208
3.86558333333333	34720
3.86891666666667	50368
3.87225000000000	69440
3.87558333333333	51424
3.87893333333333	70992
3.88226666666667	34992
3.88560000000000	52992
3.88893333333333	44096
3.89226666666667	49936
3.89561666666667	42928
3.89895000000000	29708
3.90228333333333	53600
3.90561666666667	43168
3.90895000000000	61216
3.91230000000000	43424
3.91563333333333	37456
3.91896666666667	57088
3.92230000000000	30988
3.92563333333333	58656
3.92898333333333	37760
3.93231666666667	44560
3.93565000000000	57952
3.93898333333333	48080
3.94231666666667	59536
3.94566666666667	50624
3.94900000000000	51136
3.95233333333333	42736
3.95566666666667	37184
3.95900000000000	33024
3.96235000000000	53312
3.96568333333333	48096
3.96901666666667	46960
3.97235000000000	39472
3.97568333333333	44160
3.97903333333333	30884
3.98236666666667	35312
3.98570000000000	40896
3.98903333333333	42448
3.99236666666667	47168
3.99571666666667	41808
3.99905000000000	41856
4.00238333333333	41920
4.00571666666667	50752
4.00905000000000	48576
4.01240000000000	37552
4.01573333333333	48416
4.01906666666667	52096
4.02240000000000	57408
4.02573333333333	51024
4.02908333333333	44656
4.03241666666667	49104
4.03575000000000	47056
4.03908333333333	51232
4.04241666666667	40064
4.04576666666667	46368
4.04910000000000	51440
4.05243333333333	59152
4.05576666666667	61376
4.05910000000000	45136
4.06245000000000	54320
4.06578333333333	50752
4.06911666666667	42976
4.07245000000000	40976
4.07578333333333	44480
4.07913333333333	38720
4.08246666666667	36416
4.08580000000000	39760
4.08913333333333	63136
4.09246666666667	61616
4.09581666666667	59840
4.09915000000000	44464
4.10248333333333	46736
4.10581666666667	49952
4.10915000000000	15604
4.11250000000000	36112
4.11583333333333	27448
4.11916666666667	43904
4.12250000000000	49536
4.12583333333333	38528
4.12918333333333	37344
4.13251666666667	54880
4.13585000000000	59248
4.13918333333333	62352
4.14251666666667	50960
4.14586666666667	25328
4.14920000000000	32616
4.15253333333333	56096
4.15586666666667	46400
4.15920000000000	62928
4.16255000000000	37568
4.16588333333333	57200
4.16921666666667	50352
4.17255000000000	58064
4.17588333333333	41424
4.17921666666667	46992
4.18256666666667	22264
4.18590000000000	32208
4.18923333333333	29340
4.19256666666667	29280
4.19590000000000	40272
4.19925000000000	34896
4.20258333333333	29528
4.20591666666667	65152
4.20925000000000	61168
4.21258333333333	20068
4.21593333333333	43408
4.21926666666667	51888
4.22260000000000	45168
4.22593333333333	41552
4.22926666666667	37920
4.23261666666667	46944
4.23595000000000	46112
4.23928333333333	45280
4.24261666666667	45584
4.24595000000000	45872
4.24930000000000	35584
4.25263333333333	41920
4.25596666666667	48240
4.25930000000000	34272
4.26263333333333	35472
4.26598333333333	36672
4.26931666666667	34608
4.27265000000000	35040
4.27598333333333	35488
4.27931666666667	38400
4.28266666666667	58352
4.28600000000000	54880
4.28933333333333	35696
4.29266666666667	59312
4.29600000000000	47008
4.29935000000000	29372
4.30268333333333	58624
4.30601666666667	52256
4.30935000000000	50368
4.31268333333333	48448
4.31603333333333	48032
4.31936666666667	44928
4.32270000000000	51040
4.32603333333333	27348
4.32936666666667	41520
4.33271666666667	53968
4.33605000000000	55408
4.33938333333333	55840
4.34271666666667	53504
4.34605000000000	52480
4.34940000000000	33232
4.35273333333333	53232
4.35606666666667	42816
4.35940000000000	32032
4.36273333333333	59856
4.36608333333333	31280
4.36941666666667	56768
4.37275000000000	38528
4.37608333333333	40176
4.37941666666667	45552
4.38276666666667	37744
4.38610000000000	29932
4.38943333333333	41072
4.39276666666667	35984
4.39610000000000	30888
4.39945000000000	43008
4.40278333333333	47152
4.40611666666667	47696
4.40945000000000	32372
4.41278333333333	66160
4.41613333333333	54784
4.41946666666667	52448
4.42280000000000	49504
4.42613333333333	38176
4.42946666666667	52016
4.43281666666667	69824
4.43615000000000	70240
4.43948333333333	45216
4.44281666666667	41216
4.44615000000000	51744
4.44950000000000	56544
4.45283333333333	61696
4.45616666666667	39360
4.45950000000000	19332
4.46283333333333	44976
4.46618333333333	41488
4.46951666666667	67088
4.47285000000000	48624
4.47618333333333	49520
4.47951666666667	34272
4.48286666666667	53552
4.48620000000000	35952
4.48953333333333	42160
4.49286666666667	41552
4.49620000000000	23320
