1.50331666666667	550
1.50665000000000	33
1.50998333333333	0
1.51331666666667	0
1.51663333333333	0
1.51998333333333	0
1.52331666666667	327
1.52665000000000	391
1.52998333333333	200
1.53331666666667	100
1.53666666666667	0
1.54000000000000	669
1.54333333333333	421
1.54666666666667	172
1.55000000000000	262
1.55335000000000	439
1.55668333333333	297
1.56001666666667	155
1.56335000000000	78
1.56668333333333	0
1.57003333333333	0
1.57336666666667	0
1.57670000000000	0
1.58003333333333	0
1.58336666666667	0
1.58670000000000	0
1.59003333333333	159
1.59336666666667	80
1.59670000000000	0
1.60003333333333	0
1.60338333333333	0
1.60671666666667	0
1.61005000000000	0
1.61338333333333	0
1.61671666666667	0
1.62005000000000	151
1.62340000000000	302
1.62673333333333	290
1.63006666666667	278
1.63340000000000	0
1.63673333333333	0
1.64008333333333	134
1.64341666666667	269
1.64675000000000	206
1.65008333333333	155
1.65341666666667	156
1.65675000000000	0
1.66008333333333	6
1.66341666666667	12
1.66675000000000	340
1.67008333333333	475
1.67343333333333	214
1.67676666666667	471
1.68010000000000	682
1.68343333333333	0
1.68676666666667	379
1.69011666666667	203
1.69345000000000	0
1.69678333333333	0
1.70011666666667	222
1.70345000000000	111
1.70680000000000	0
1.71013333333333	0
1.71346666666667	0
1.71680000000000	0
1.72013333333333	0
1.72348333333333	0
1.72681666666667	0
1.73015000000000	0
1.73348333333333	0
1.73680000000000	0
1.74015000000000	0
1.74348333333333	0
1.74681666666667	0
1.75015000000000	0
1.75348333333333	0
1.75681666666667	0
1.76016666666667	19
1.76350000000000	9
1.76683333333333	0
1.77016666666667	0
1.77350000000000	0
1.77685000000000	0
1.78018333333333	0
1.78351666666667	166
1.78685000000000	237
1.79018333333333	307
1.79353333333333	330
1.79686666666667	353
1.80020000000000	432
1.80353333333333	0
1.80686666666667	399
1.81021666666667	200
1.81355000000000	0
1.81688333333333	0
1.82021666666667	0
1.82355000000000	0
1.82690000000000	0
1.83023333333333	0
1.83356666666667	0
1.83690000000000	0
1.84023333333333	457
1.84358333333333	438
1.84691666666667	0
1.85025000000000	0
1.85358333333333	0
1.85691666666667	0
1.86026666666667	0
1.86360000000000	0
1.86693333333333	0
1.87026666666667	0
1.87360000000000	0
1.87695000000000	0
1.88028333333333	0
1.88361666666667	0
1.88695000000000	0
1.89026666666667	0
1.89360000000000	0
1.89695000000000	0
1.90028333333333	0
1.90361666666667	0
1.90695000000000	164
1.91028333333333	328
1.91363333333333	551
1.91696666666667	276
1.92030000000000	0
1.92363333333333	587
1.92696666666667	300
1.93031666666667	440
1.93365000000000	0
1.93698333333333	0
1.94031666666667	0
1.94365000000000	0
1.94700000000000	0
1.95033333333333	0
1.95366666666667	0
1.95700000000000	0
1.96033333333333	0
1.96368333333333	0
1.96701666666667	26
1.97035000000000	13
1.97368333333333	0
1.97701666666667	0
1.98036666666667	0
1.98370000000000	0
1.98703333333333	12
1.99036666666667	20
1.99370000000000	29
1.99705000000000	14
2.00038333333333	0
2.00371666666667	0
2.00705000000000	0
2.01038333333333	45
2.01373333333333	91
2.01706666666667	45
2.02040000000000	0
2.02373333333333	0
2.02706666666667	89
2.03040000000000	44
2.03375000000000	0
2.03708333333333	0
2.04041666666667	0
2.04375000000000	0
2.04708333333333	0
2.05043333333333	0
2.05376666666667	0
2.05710000000000	0
2.06043333333333	0
2.06376666666667	0
2.06711666666667	0
2.07045000000000	0
2.07378333333333	0
2.07711666666667	0
2.08045000000000	0
2.08380000000000	0
2.08713333333333	0
2.09046666666667	12
2.09380000000000	273
2.09711666666667	137
2.10048333333333	0
2.10380000000000	0
2.10713333333333	0
2.11046666666667	367
2.11380000000000	348
2.11715000000000	174
2.12048333333333	0
2.12381666666667	0
2.12715000000000	0
2.13048333333333	0
2.13383333333333	0
2.13716666666667	0
2.14050000000000	388
2.14383333333333	194
2.14716666666667	0
2.15051666666667	0
2.15385000000000	0
2.15718333333333	0
2.16051666666667	0
2.16385000000000	0
2.16718333333333	0
2.17053333333333	0
2.17386666666667	0
2.17720000000000	119
2.18053333333333	239
2.18386666666667	119
2.18721666666667	0
2.19055000000000	0
2.19388333333333	0
2.19721666666667	188
2.20055000000000	376
2.20390000000000	507
2.20723333333333	684
2.21056666666667	0
2.21390000000000	815
2.21723333333333	0
2.22058333333333	440
2.22391666666667	213
2.22725000000000	53
2.23056666666667	0
2.23390000000000	0
2.23725000000000	13
2.24058333333333	219
2.24391666666667	768
2.24725000000000	729
2.25058333333333	269
2.25393333333333	675
2.25726666666667	338
2.26060000000000	0
2.26393333333333	401
2.26726666666667	579
2.27061666666667	545
2.27395000000000	511
2.27728333333333	624
2.28061666666667	312
2.28395000000000	0
2.28730000000000	735
2.29063333333333	1471
2.29396666666667	2195
2.29730000000000	2268
2.30063333333333	2391
2.30396666666667	2514
2.30731666666667	2502
2.31065000000000	2581
2.31398333333333	2787
2.31731666666667	3488
2.32065000000000	3326
2.32400000000000	3164
2.32733333333333	3872
2.33066666666667	4580
2.33400000000000	3967
2.33733333333333	3355
2.34068333333333	4883
2.34401666666667	6027
2.34735000000000	5827
2.35068333333333	5626
2.35401666666667	5023
2.35736666666667	4420
2.36070000000000	6780
2.36403333333333	8080
2.36736666666667	9380
2.37068333333333	9676
2.37403333333333	11668
2.37736666666667	11540
2.38070000000000	11408
2.38403333333333	13276
2.38736666666667	18548
2.39071666666667	17788
2.39405000000000	15640
2.39738333333333	13084
2.40071666666667	14684
2.40405000000000	16284
2.40740000000000	12980
2.41073333333333	13796
2.41406666666667	14612
2.41740000000000	15232
2.42073333333333	15856
2.42408333333333	24944
2.42741666666667	29072
2.43075000000000	29460
2.43408333333333	25640
2.43741666666667	23016
2.44075000000000	32024
2.44410000000000	31196
2.44743333333333	29408
2.45076666666667	21812
2.45410000000000	25920
2.45743333333333	31324
2.46078333333333	29068
2.46411666666667	32172
2.46745000000000	29924
2.47078333333333	27676
2.47411666666667	36736
2.47746666666667	35968
2.48080000000000	38768
2.48413333333333	26860
2.48746666666667	40928
2.49080000000000	40352
2.49413333333333	29932
2.49746666666667	28204
2.50080000000000	28108
2.50413333333333	28012
2.50746666666667	39568
2.51081666666667	39056
2.51415000000000	42768
2.51748333333333	41200
2.52081666666667	36960
2.52415000000000	30812
2.52750000000000	31148
2.53083333333333	42032
2.53416666666667	42000
2.53750000000000	41968
2.54083333333333	42064
2.54418333333333	42160
2.54751666666667	40848
2.55085000000000	51920
2.55418333333333	50464
2.55751666666667	48992
2.56086666666667	49568
2.56420000000000	43952
2.56753333333333	50080
2.57086666666667	50464
2.57420000000000	48160
2.57753333333333	45856
2.58088333333333	52928
2.58421666666667	51232
2.58755000000000	39184
2.59088333333333	59968
2.59421666666667	50656
2.59756666666667	54464
2.60090000000000	49152
2.60423333333333	55680
2.60756666666667	62560
2.61090000000000	41824
2.61423333333333	34480
2.61756666666667	38816
2.62090000000000	42880
2.62423333333333	54960
2.62756666666667	51616
2.63091666666667	59472
2.63425000000000	45104
2.63758333333333	50480
2.64091666666667	55872
2.64425000000000	64368
2.64760000000000	65344
2.65093333333333	60672
2.65426666666667	59648
2.65760000000000	55040
2.66093333333333	43056
2.66428333333333	55072
2.66761666666667	55312
2.67095000000000	49008
2.67428333333333	60768
2.67761666666667	56368
2.68096666666667	51200
2.68430000000000	60736
2.68763333333333	53648
2.69096666666667	54672
2.69430000000000	55440
2.69765000000000	56224
2.70098333333333	59984
2.70431666666667	60448
2.70765000000000	63248
2.71098333333333	38064
2.71431666666667	70960
2.71766666666667	62768
2.72100000000000	49952
2.72433333333333	51440
2.72766666666667	49104
2.73098333333333	57072
2.73433333333333	55280
2.73766666666667	53488
2.74100000000000	57472
2.74433333333333	54864
2.74766666666667	53376
2.75101666666667	56880
2.75435000000000	63008
2.75768333333333	62208
2.76101666666667	50672
2.76435000000000	62624
2.76770000000000	54928
2.77103333333333	61616
2.77436666666667	61648
2.77770000000000	62608
2.78103333333333	63568
2.78438333333333	66240
2.78771666666667	64976
2.79105000000000	63696
2.79438333333333	66064
2.79771666666667	66416
2.80106666666667	66768
2.80440000000000	66640
2.80773333333333	61168
2.81106666666667	57040
2.81440000000000	59584
2.81775000000000	60064
2.82108333333333	59504
2.82441666666667	58928
2.82775000000000	40816
2.83108333333333	57264
2.83441666666667	59456
2.83775000000000	57056
2.84108333333333	56864
2.84441666666667	56656
2.84775000000000	62368
2.85108333333333	64480
2.85443333333333	68768
2.85776666666667	56704
2.86110000000000	61168
2.86443333333333	56752
2.86776666666667	63808
2.87111666666667	41424
2.87445000000000	32716
2.87778333333333	53824
2.88111666666667	55024
2.88445000000000	64496
2.88780000000000	65328
2.89113333333333	66560
2.89446666666667	57440
2.89780000000000	69760
2.90113333333333	55280
2.90448333333333	60368
2.90781666666667	58368
2.91115000000000	62512
2.91448333333333	61552
2.91781666666667	60592
2.92115000000000	59856
2.92448333333333	60112
2.92781666666667	60592
2.93115000000000	61072
2.93448333333333	53216
2.93783333333333	59232
2.94116666666667	58144
2.94450000000000	57056
2.94783333333333	56080
2.95116666666667	55088
2.95451666666667	60000
2.95785000000000	58912
2.96118333333333	57840
2.96451666666667	59936
2.96785000000000	62032
2.97120000000000	59424
2.97453333333333	56800
2.97786666666667	61728
2.98120000000000	57760
2.98453333333333	55680
2.98786666666667	51600
2.99121666666667	56448
2.99455000000000	61312
2.99788333333333	68048
3.00121666666667	39776
3.00453333333333	73104
3.00788333333333	60464
3.01121666666667	72416
3.01455000000000	65232
3.01788333333333	59552
3.02121666666667	69888
3.02456666666667	64832
3.02790000000000	73056
3.03123333333333	61312
3.03456666666667	51264
3.03790000000000	69936
3.04125000000000	49408
3.04458333333333	64528
3.04791666666667	59136
3.05125000000000	63040
3.05458333333333	56800
3.05793333333333	53008
3.06126666666667	57984
3.06460000000000	63040
3.06793333333333	69056
3.07126666666667	62688
3.07461666666667	65424
3.07795000000000	58176
3.08128333333333	39504
3.08461666666667	74000
3.08795000000000	63856
3.09128333333333	56208
3.09461666666667	66816
3.09795000000000	70464
3.10128333333333	53568
3.10461666666667	62608
3.10796666666667	68400
3.11130000000000	67872
3.11463333333333	60976
3.11796666666667	45376
3.12130000000000	55648
3.12463333333333	59824
3.12798333333333	55216
3.13131666666667	57184
3.13465000000000	59168
3.13798333333333	56688
3.14131666666667	45616
3.14466666666667	58768
3.14800000000000	65184
3.15133333333333	56416
3.15466666666667	47632
3.15800000000000	63632
3.16135000000000	62784
3.16468333333333	54752
3.16801666666667	61936
3.17135000000000	66368
3.17468333333333	52784
3.17803333333333	57200
3.18136666666667	43792
3.18470000000000	44064
3.18803333333333	44336
3.19135000000000	48848
3.19470000000000	53360
3.19803333333333	49136
3.20136666666667	44928
3.20470000000000	63744
3.20803333333333	68656
3.21138333333333	71408
3.21471666666667	60336
3.21805000000000	65584
3.22138333333333	61680
3.22471666666667	41488
3.22806666666667	60432
3.23140000000000	45248
3.23473333333333	63136
3.23806666666667	70768
3.24140000000000	67472
3.24475000000000	56064
3.24808333333333	65760
3.25141666666667	52144
3.25475000000000	47200
3.25808333333333	58832
3.26141666666667	53712
3.26476666666667	65632
3.26810000000000	68048
3.27143333333333	55104
3.27476666666667	46528
3.27810000000000	56624
3.28145000000000	45408
3.28478333333333	62048
3.28811666666667	70336
3.29145000000000	59840
3.29478333333333	71536
3.29813333333333	61952
3.30146666666667	58864
3.30480000000000	60976
3.30813333333333	62400
3.31146666666667	55616
3.31481666666667	67392
3.31815000000000	75184
3.32148333333333	49440
3.32481666666667	70144
3.32815000000000	53120
3.33150000000000	61104
3.33483333333333	41040
3.33816666666667	46192
3.34150000000000	51344
3.34483333333333	48192
3.34816666666667	45040
3.35150000000000	64336
3.35483333333333	59888
3.35816666666667	67552
3.36150000000000	68656
3.36485000000000	67696
3.36818333333333	49744
3.37151666666667	62128
3.37485000000000	57280
3.37818333333333	52416
3.38153333333333	67904
3.38486666666667	67504
3.38820000000000	72528
3.39153333333333	57024
3.39486666666667	50320
3.39820000000000	55504
3.40155000000000	71840
3.40488333333333	68464
3.40821666666667	62800
3.41155000000000	61376
3.41488333333333	40368
3.41823333333333	67696
3.42156666666667	51888
3.42490000000000	64976
3.42823333333333	69232
3.43156666666667	60208
3.43490000000000	50848
3.43823333333333	49728
3.44156666666667	71312
3.44490000000000	35200
3.44823333333333	70016
3.45158333333333	61872
3.45491666666667	56992
3.45825000000000	61216
3.46158333333333	58000
3.46491666666667	60208
3.46826666666667	60256
3.47160000000000	60320
3.47493333333333	47024
3.47826666666667	49696
3.48160000000000	52368
3.48495000000000	54720
3.48828333333333	57056
3.49161666666667	55456
3.49495000000000	53872
3.49828333333333	57760
3.50163333333333	65072
3.50496666666667	39984
3.50830000000000	50496
3.51163333333333	52448
3.51496666666667	61264
3.51831666666667	59568
3.52165000000000	57872
3.52498333333333	62624
3.52831666666667	44576
3.53165000000000	65232
3.53496666666667	50128
3.53831666666667	67040
3.54165000000000	62192
3.54498333333333	61136
3.54831666666667	58304
3.55165000000000	65712
3.55500000000000	59856
3.55833333333333	53984
3.56166666666667	60608
3.56500000000000	61424
3.56833333333333	58496
3.57168333333333	55568
3.57501666666667	61680
3.57835000000000	52576
3.58168333333333	59168
3.58501666666667	59248
3.58836666666667	59264
3.59170000000000	59280
3.59503333333333	58432
3.59836666666667	57584
3.60170000000000	62016
3.60505000000000	49472
3.60838333333333	66176
3.61171666666667	52560
3.61505000000000	59600
3.61838333333333	51184
3.62173333333333	68704
3.62506666666667	70112
3.62840000000000	56320
3.63173333333333	61440
3.63506666666667	53360
3.63841666666667	60928
3.64175000000000	51792
3.64508333333333	67744
3.64841666666667	62224
3.65175000000000	53248
3.65510000000000	63168
3.65843333333333	65552
3.66176666666667	54064
3.66510000000000	64432
3.66843333333333	40784
3.67176666666667	63216
3.67511666666667	52640
3.67845000000000	63680
3.68178333333333	58624
3.68511666666667	59824
3.68843333333333	61024
3.69178333333333	67504
3.69511666666667	71248
3.69845000000000	46656
3.70178333333333	75216
3.70511666666667	52624
3.70846666666667	54240
3.71180000000000	60400
3.71513333333333	59104
3.71846666666667	43120
3.72180000000000	56592
3.72515000000000	67456
3.72848333333333	59856
3.73181666666667	58304
3.73515000000000	64400
3.73848333333333	57536
3.74183333333333	59184
3.74516666666667	54032
3.74850000000000	57968
3.75183333333333	56992
3.75516666666667	56080
3.75851666666667	56944
3.76185000000000	57824
3.76518333333333	54576
3.76851666666667	63504
3.77185000000000	61680
3.77518333333333	61104
3.77851666666667	60528
3.78185000000000	54928
3.78518333333333	60720
3.78851666666667	46592
3.79186666666667	49552
3.79520000000000	52496
3.79853333333333	54352
3.80186666666667	62832
3.80520000000000	61200
3.80853333333333	42896
3.81188333333333	67808
3.81521666666667	62256
3.81855000000000	58384
3.82188333333333	64240
3.82521666666667	61856
3.82856666666667	66064
3.83190000000000	40864
3.83523333333333	61552
3.83856666666667	63056
3.84190000000000	54736
3.84525000000000	53584
3.84858333333333	61424
3.85191666666667	63424
3.85525000000000	64960
3.85856666666667	63936
3.86191666666667	64352
3.86525000000000	64768
3.86858333333333	45344
3.87191666666667	51856
3.87525000000000	68560
3.87860000000000	53232
3.88193333333333	67632
3.88526666666667	60576
3.88860000000000	51632
3.89193333333333	59440
3.89528333333333	57312
3.89861666666667	64464
3.90195000000000	59296
3.90528333333333	42912
3.90861666666667	39536
3.91196666666667	59584
3.91530000000000	44640
3.91863333333333	55888
3.92196666666667	59904
3.92530000000000	64512
3.92865000000000	43200
3.93198333333333	56480
3.93531666666667	56352
3.93865000000000	53104
3.94198333333333	52240
3.94530000000000	51376
3.94865000000000	57456
3.95198333333333	58304
3.95531666666667	59136
3.95865000000000	60688
3.96198333333333	64928
3.96533333333333	62432
3.96866666666667	59920
3.97200000000000	66192
3.97533333333333	53968
3.97866666666667	66112
3.98201666666667	45584
3.98535000000000	47984
3.98868333333333	50400
3.99201666666667	57424
3.99535000000000	58368
3.99870000000000	61968
4.00203333333333	63056
4.00536666666667	62176
4.00870000000000	61280
4.01203333333333	53936
4.01538333333333	61728
4.01871666666667	61824
4.02205000000000	64640
4.02538333333333	48512
4.02871666666667	57808
4.03205000000000	61168
4.03538333333333	60144
4.03871666666667	39248
4.04205000000000	64576
4.04538333333333	55968
4.04873333333333	63520
4.05206666666667	55392
4.05540000000000	34496
4.05873333333333	68992
4.06206666666667	67600
4.06541666666667	63888
4.06875000000000	65600
4.07208333333333	67312
4.07541666666667	55504
4.07875000000000	64480
4.08208333333333	65168
4.08543333333333	61808
4.08876666666667	58480
4.09210000000000	70352
4.09543333333333	42272
4.09876666666667	46448
4.10211666666667	63056
4.10545000000000	64528
4.10878333333333	69296
4.11211666666667	54592
4.11543333333333	57696
4.11878333333333	64848
4.12211666666667	57600
4.12545000000000	57216
4.12878333333333	66656
4.13211666666667	60576
4.13546666666667	59584
4.13880000000000	58896
4.14213333333333	59184
4.14546666666667	71392
4.14880000000000	69168
4.15215000000000	57728
4.15548333333333	47408
4.15881666666667	74912
4.16215000000000	56928
4.16548333333333	63440
4.16883333333333	57488
4.17216666666667	53024
4.17550000000000	58112
4.17883333333333	61808
4.18216666666667	49952
4.18551666666667	64496
4.18885000000000	58544
4.19218333333333	57376
4.19551666666667	56208
4.19885000000000	58128
4.20218333333333	60048
4.20551666666667	63408
4.20885000000000	63744
4.21218333333333	64080
4.21551666666667	62096
4.21885000000000	47600
4.22220000000000	52800
4.22553333333333	53824
4.22886666666667	52416
4.23220000000000	59792
4.23553333333333	66080
4.23888333333333	67200
4.24221666666667	39280
4.24555000000000	67200
4.24888333333333	67872
4.25221666666667	54976
4.25556666666667	65520
4.25890000000000	72592
4.26223333333333	49136
4.26556666666667	50752
4.26890000000000	70736
4.27225000000000	66304
4.27558333333333	69584
4.27891666666667	56080
4.28225000000000	61648
4.28558333333333	59296
4.28893333333333	68784
4.29226666666667	73152
4.29560000000000	69312
4.29893333333333	63712
4.30226666666667	63792
4.30560000000000	62320
4.30893333333333	60848
4.31226666666667	49696
4.31560000000000	57136
4.31893333333333	60720
4.32228333333333	64288
4.32561666666667	65808
4.32895000000000	56336
4.33228333333333	55744
4.33561666666667	58608
4.33896666666667	57536
4.34230000000000	56448
4.34563333333333	59024
4.34896666666667	62240
4.35230000000000	64752
4.35563333333333	60752
4.35898333333333	56736
4.36231666666667	55248
4.36565000000000	61776
4.36898333333333	71008
4.37231666666667	71952
4.37566666666667	60544
4.37900000000000	56016
4.38233333333333	67936
4.38566666666667	66560
4.38900000000000	47616
4.39235000000000	57280
4.39568333333333	57392
4.39901666666667	63040
4.40235000000000	64128
4.40566666666667	59136
4.40901666666667	58352
4.41235000000000	62672
4.41568333333333	66992
4.41901666666667	70944
4.42235000000000	69680
4.42570000000000	68608
4.42903333333333	73680
4.43236666666667	65152
4.43570000000000	69008
4.43903333333333	71056
4.44238333333333	57648
4.44571666666667	74544
4.44905000000000	45440
4.45238333333333	67888
4.45571666666667	67728
4.45906666666667	45904
4.46240000000000	57504
4.46573333333333	61808
4.46906666666667	51328
4.47240000000000	40864
4.47575000000000	46608
4.47908333333333	52720
4.48241666666667	58848
4.48575000000000	57344
4.48908333333333	55824
4.49241666666667	55696
4.49576666666667	55568
