1.50081666666667	822
1.50165000000000	345
1.50248333333333	0
1.50331666666667	530
1.50415000000000	0
1.50498333333333	232
1.50581666666667	461
1.50665000000000	317
1.50748333333333	173
1.50831666666667	116
1.50915000000000	0
1.50998333333333	355
1.51081666666667	177
1.51165000000000	0
1.51248333333333	0
1.51331666666667	0
1.51415000000000	0
1.51498333333333	0
1.51581666666667	628
1.51665000000000	473
1.51748333333333	0
1.51833333333333	295
1.51916666666667	284
1.52000000000000	153
1.52083333333333	0
1.52166666666667	420
1.52250000000000	210
1.52333333333333	0
1.52416666666667	0
1.52500000000000	0
1.52583333333333	0
1.52666666666667	0
1.52750000000000	0
1.52833333333333	116
1.52916666666667	58
1.53000000000000	0
1.53083333333333	0
1.53166666666667	0
1.53250000000000	0
1.53333333333333	208
1.53415000000000	104
1.53500000000000	0
1.53583333333333	0
1.53666666666667	0
1.53750000000000	207
1.53833333333333	103
1.53916666666667	0
1.54000000000000	0
1.54083333333333	0
1.54166666666667	0
1.54250000000000	0
1.54333333333333	0
1.54416666666667	0
1.54500000000000	0
1.54583333333333	0
1.54666666666667	327
1.54750000000000	163
1.54833333333333	0
1.54916666666667	181
1.55000000000000	0
1.55083333333333	0
1.55166666666667	0
1.55251666666667	59
1.55335000000000	118
1.55418333333333	378
1.55501666666667	425
1.55585000000000	0
1.55668333333333	0
1.55751666666667	311
1.55835000000000	0
1.55918333333333	0
1.56001666666667	0
1.56085000000000	0
1.56168333333333	473
1.56251666666667	583
1.56335000000000	652
1.56418333333333	0
1.56501666666667	600
1.56585000000000	179
1.56668333333333	595
1.56751666666667	0
1.56835000000000	0
1.56920000000000	541
1.57003333333333	438
1.57086666666667	0
1.57170000000000	330
1.57253333333333	308
1.57336666666667	0
1.57420000000000	0
1.57503333333333	210
1.57586666666667	105
1.57670000000000	0
1.57753333333333	382
1.57836666666667	743
1.57920000000000	803
1.58003333333333	844
1.58086666666667	0
1.58170000000000	916
1.58253333333333	0
1.58336666666667	0
1.58420000000000	0
1.58503333333333	94
1.58586666666667	188
1.58671666666667	94
1.58755000000000	0
1.58838333333333	0
1.58921666666667	0
1.59005000000000	0
1.59088333333333	248
1.59171666666667	245
1.59255000000000	243
1.59338333333333	333
1.59421666666667	423
1.59505000000000	730
1.59588333333333	365
1.59671666666667	0
1.59755000000000	249
1.59838333333333	0
1.59921666666667	0
1.60005000000000	0
1.60088333333333	0
1.60171666666667	0
1.60255000000000	0
1.60340000000000	0
1.60423333333333	0
1.60506666666667	0
1.60590000000000	0
1.60673333333333	0
1.60756666666667	0
1.60840000000000	0
1.60923333333333	0
1.61006666666667	0
1.61090000000000	0
1.61173333333333	0
1.61256666666667	375
1.61340000000000	390
1.61423333333333	405
1.61506666666667	543
1.61590000000000	87
1.61673333333333	0
1.61756666666667	0
1.61840000000000	0
1.61923333333333	371
1.62006666666667	185
1.62091666666667	0
1.62175000000000	0
1.62258333333333	0
1.62341666666667	73
1.62425000000000	37
1.62508333333333	0
1.62591666666667	0
1.62675000000000	569
1.62758333333333	639
1.62841666666667	542
1.62925000000000	617
1.63008333333333	692
1.63091666666667	586
1.63175000000000	481
1.63258333333333	0
1.63341666666667	21
1.63425000000000	538
1.63508333333333	139
1.63591666666667	200
1.63675000000000	0
1.63760000000000	0
1.63843333333333	0
1.63926666666667	0
1.64010000000000	0
1.64093333333333	0
1.64176666666667	0
1.64260000000000	0
1.64343333333333	674
1.64426666666667	449
1.64510000000000	224
1.64593333333333	0
1.64676666666667	0
1.64760000000000	0
1.64843333333333	0
1.64926666666667	0
1.65010000000000	0
1.65093333333333	0
1.65176666666667	80
1.65260000000000	527
1.65343333333333	264
1.65425000000000	0
1.65510000000000	160
1.65593333333333	80
1.65676666666667	0
1.65760000000000	480
1.65843333333333	240
1.65926666666667	0
1.66010000000000	400
1.66093333333333	0
1.66176666666667	0
1.66260000000000	0
1.66343333333333	0
1.66426666666667	144
1.66510000000000	143
1.66593333333333	142
1.66676666666667	244
1.66760000000000	0
1.66843333333333	430
1.66926666666667	491
1.67010000000000	623
1.67093333333333	755
1.67178333333333	763
1.67261666666667	410
1.67345000000000	0
1.67428333333333	0
1.67511666666667	0
1.67595000000000	0
1.67678333333333	0
1.67761666666667	0
1.67845000000000	693
1.67928333333333	711
1.68011666666667	0
1.68095000000000	0
1.68178333333333	456
1.68261666666667	249
1.68345000000000	0
1.68428333333333	0
1.68511666666667	0
1.68595000000000	0
1.68678333333333	0
1.68761666666667	0
1.68845000000000	0
1.68930000000000	0
1.69013333333333	0
1.69096666666667	0
1.69180000000000	0
1.69263333333333	113
1.69346666666667	56
1.69430000000000	0
1.69513333333333	0
1.69596666666667	59
1.69680000000000	0
1.69763333333333	0
1.69846666666667	13
1.69930000000000	533
1.70013333333333	453
1.70096666666667	0
1.70180000000000	0
1.70263333333333	235
1.70346666666667	0
1.70430000000000	0
1.70513333333333	307
1.70598333333333	0
1.70681666666667	0
1.70765000000000	0
1.70848333333333	130
1.70931666666667	71
1.71015000000000	13
1.71098333333333	0
1.71181666666667	0
1.71265000000000	6
1.71348333333333	13
1.71431666666667	6
1.71515000000000	0
1.71598333333333	0
1.71681666666667	0
1.71765000000000	19
1.71848333333333	198
1.71931666666667	99
1.72015000000000	0
1.72098333333333	0
1.72181666666667	0
1.72265000000000	0
1.72350000000000	0
1.72433333333333	0
1.72516666666667	0
1.72600000000000	0
1.72683333333333	91
1.72766666666667	183
1.72850000000000	91
1.72933333333333	0
1.73016666666667	0
1.73100000000000	0
1.73183333333333	0
1.73266666666667	0
1.73350000000000	0
1.73433333333333	0
1.73516666666667	170
1.73600000000000	85
1.73683333333333	0
1.73766666666667	0
1.73850000000000	0
1.73933333333333	0
1.74018333333333	13
1.74101666666667	6
1.74185000000000	0
1.74268333333333	551
1.74351666666667	667
1.74435000000000	0
1.74518333333333	0
1.74601666666667	0
1.74685000000000	0
1.74768333333333	0
1.74851666666667	0
1.74935000000000	0
1.75018333333333	0
1.75101666666667	0
1.75185000000000	0
1.75268333333333	0
1.75351666666667	0
1.75435000000000	0
1.75518333333333	0
1.75601666666667	448
1.75685000000000	224
1.75770000000000	0
1.75853333333333	141
1.75936666666667	152
1.76020000000000	163
1.76103333333333	0
1.76186666666667	0
1.76270000000000	0
1.76353333333333	0
1.76436666666667	576
1.76520000000000	538
1.76603333333333	202
1.76686666666667	0
1.76770000000000	320
1.76853333333333	0
1.76936666666667	444
1.77020000000000	222
1.77103333333333	0
1.77186666666667	173
1.77270000000000	340
1.77353333333333	221
1.77438333333333	103
1.77521666666667	429
1.77605000000000	0
1.77688333333333	170
1.77771666666667	341
1.77855000000000	0
1.77938333333333	384
1.78021666666667	0
1.78105000000000	0
1.78188333333333	106
1.78271666666667	53
1.78355000000000	0
1.78438333333333	140
1.78521666666667	70
1.78605000000000	0
1.78688333333333	0
1.78771666666667	0
1.78855000000000	0
1.78938333333333	0
1.79021666666667	83
1.79105000000000	94
1.79190000000000	47
1.79273333333333	0
1.79356666666667	105
1.79440000000000	52
1.79523333333333	0
1.79606666666667	0
1.79690000000000	13
1.79773333333333	446
1.79856666666667	338
1.79940000000000	385
1.80023333333333	0
1.80106666666667	0
1.80190000000000	7
1.80273333333333	3
1.80356666666667	0
1.80440000000000	0
1.80523333333333	0
1.80606666666667	59
1.80690000000000	118
1.80773333333333	59
1.80858333333333	0
1.80941666666667	0
1.81025000000000	0
1.81108333333333	725
1.81191666666667	576
1.81275000000000	0
1.81358333333333	186
1.81441666666667	0
1.81525000000000	387
1.81608333333333	334
1.81691666666667	280
1.81775000000000	181
1.81858333333333	0
1.81941666666667	166
1.82025000000000	83
1.82108333333333	0
1.82191666666667	0
1.82275000000000	0
1.82358333333333	0
1.82441666666667	173
1.82525000000000	87
1.82610000000000	0
1.82693333333333	0
1.82776666666667	0
1.82860000000000	0
1.82943333333333	483
1.83026666666667	564
1.83110000000000	78
1.83193333333333	0
1.83276666666667	0
1.83360000000000	0
1.83443333333333	0
1.83526666666667	0
1.83610000000000	0
1.83693333333333	0
1.83776666666667	0
1.83860000000000	0
1.83943333333333	0
1.84026666666667	440
1.84110000000000	569
1.84193333333333	480
1.84278333333333	738
1.84361666666667	0
1.84445000000000	0
1.84528333333333	0
1.84611666666667	0
1.84695000000000	0
1.84778333333333	0
1.84861666666667	40
1.84945000000000	80
1.85028333333333	106
1.85111666666667	131
1.85195000000000	280
1.85278333333333	140
1.85361666666667	0
1.85445000000000	180
1.85528333333333	90
1.85611666666667	0
1.85695000000000	0
1.85778333333333	424
1.85861666666667	349
1.85945000000000	0
1.86030000000000	0
1.86113333333333	653
1.86196666666667	398
1.86280000000000	0
1.86363333333333	1006
1.86446666666667	748
1.86530000000000	0
1.86613333333333	202
1.86696666666667	63
1.86780000000000	0
1.86863333333333	0
1.86946666666667	0
1.87030000000000	0
1.87113333333333	0
1.87196666666667	0
1.87280000000000	0
1.87363333333333	0
1.87446666666667	0
1.87530000000000	260
1.87613333333333	130
1.87698333333333	0
1.87781666666667	428
1.87865000000000	214
1.87948333333333	0
1.88031666666667	0
1.88115000000000	0
1.88198333333333	0
1.88281666666667	0
1.88365000000000	72
1.88448333333333	145
1.88531666666667	79
1.88615000000000	13
1.88698333333333	0
1.88781666666667	0
1.88865000000000	52
1.88948333333333	105
1.89031666666667	265
1.89115000000000	327
1.89198333333333	365
1.89281666666667	0
1.89365000000000	0
1.89450000000000	0
1.89533333333333	0
1.89616666666667	0
1.89700000000000	15
1.89783333333333	29
1.89866666666667	529
1.89950000000000	438
1.90033333333333	0
1.90116666666667	0
1.90200000000000	0
1.90283333333333	0
1.90366666666667	0
1.90450000000000	0
1.90533333333333	0
1.90616666666667	0
1.90700000000000	0
1.90783333333333	0
1.90866666666667	0
1.90950000000000	0
1.91033333333333	0
1.91120000000000	503
1.91203333333333	534
1.91285000000000	0
1.91368333333333	0
1.91451666666667	0
1.91535000000000	186
1.91618333333333	372
1.91701666666667	361
1.91785000000000	279
1.91868333333333	198
1.91951666666667	0
1.92035000000000	0
1.92118333333333	0
1.92201666666667	0
1.92285000000000	0
1.92368333333333	0
1.92451666666667	79
1.92535000000000	40
1.92618333333333	0
1.92701666666667	0
1.92785000000000	0
1.92870000000000	0
1.92953333333333	0
1.93036666666667	127
1.93120000000000	64
1.93203333333333	0
1.93286666666667	0
1.93370000000000	0
1.93453333333333	0
1.93536666666667	0
1.93620000000000	0
1.93703333333333	0
1.93786666666667	0
1.93870000000000	0
1.93953333333333	0
1.94036666666667	0
1.94120000000000	0
1.94203333333333	0
1.94286666666667	0
1.94370000000000	0
1.94453333333333	0
1.94538333333333	313
1.94621666666667	363
1.94705000000000	271
1.94788333333333	0
1.94871666666667	0
1.94955000000000	310
1.95038333333333	601
1.95121666666667	715
1.95205000000000	756
1.95288333333333	212
1.95371666666667	324
1.95455000000000	0
1.95538333333333	0
1.95621666666667	251
1.95705000000000	473
1.95788333333333	316
1.95871666666667	299
1.95955000000000	149
1.96038333333333	0
1.96121666666667	73
1.96205000000000	146
1.96290000000000	0
1.96373333333333	251
1.96456666666667	223
1.96540000000000	0
1.96623333333333	0
1.96706666666667	0
1.96790000000000	0
1.96873333333333	0
1.96956666666667	0
1.97040000000000	56
1.97123333333333	28
1.97206666666667	0
1.97290000000000	0
1.97373333333333	0
1.97456666666667	0
1.97540000000000	0
1.97623333333333	0
1.97706666666667	0
1.97790000000000	0
1.97873333333333	0
1.97958333333333	0
1.98041666666667	0
1.98125000000000	0
1.98208333333333	0
1.98291666666667	0
1.98375000000000	0
1.98458333333333	0
1.98541666666667	0
1.98625000000000	228
1.98708333333333	114
1.98791666666667	0
1.98875000000000	0
1.98958333333333	0
1.99041666666667	0
1.99125000000000	0
1.99208333333333	0
1.99291666666667	0
1.99375000000000	0
1.99458333333333	0
1.99541666666667	0
1.99625000000000	0
1.99710000000000	0
1.99793333333333	0
1.99876666666667	0
1.99960000000000	486
2.00043333333333	243
2.00126666666667	0
2.00210000000000	0
2.00293333333333	0
2.00376666666667	0
2.00460000000000	0
2.00543333333333	0
2.00626666666667	0
2.00710000000000	0
2.00793333333333	0
2.00876666666667	0
2.00960000000000	0
2.01043333333333	0
2.01126666666667	346
2.01210000000000	467
2.01293333333333	353
2.01378333333333	127
2.01461666666667	224
2.01545000000000	200
2.01628333333333	0
2.01711666666667	0
2.01795000000000	0
2.01878333333333	0
2.01961666666667	0
2.02045000000000	0
2.02128333333333	733
2.02211666666667	710
2.02295000000000	481
2.02378333333333	0
2.02461666666667	290
2.02545000000000	91
2.02628333333333	45
2.02711666666667	0
2.02795000000000	0
2.02878333333333	0
2.02961666666667	0
2.03045000000000	0
2.03130000000000	0
2.03213333333333	0
2.03296666666667	0
2.03380000000000	0
2.03463333333333	0
2.03546666666667	0
2.03630000000000	0
2.03713333333333	0
2.03796666666667	0
2.03880000000000	0
2.03963333333333	0
2.04046666666667	0
2.04130000000000	0
2.04213333333333	0
2.04296666666667	0
2.04380000000000	0
2.04463333333333	0
2.04546666666667	131
2.04630000000000	66
2.04713333333333	0
2.04798333333333	14
2.04881666666667	7
2.04965000000000	0
2.05048333333333	0
2.05131666666667	0
2.05215000000000	0
2.05298333333333	0
2.05381666666667	0
2.05465000000000	0
2.05548333333333	192
2.05631666666667	96
2.05715000000000	0
2.05798333333333	0
2.05881666666667	0
2.05965000000000	430
2.06048333333333	215
2.06131666666667	0
2.06215000000000	309
2.06298333333333	0
2.06381666666667	68
2.06465000000000	312
2.06550000000000	328
2.06633333333333	0
2.06716666666667	0
2.06800000000000	404
2.06883333333333	0
2.06966666666667	0
2.07050000000000	0
2.07133333333333	264
2.07216666666667	287
2.07300000000000	310
2.07383333333333	603
2.07466666666667	301
2.07550000000000	0
2.07633333333333	0
2.07716666666667	0
2.07800000000000	0
2.07883333333333	0
2.07966666666667	0
2.08050000000000	0
2.08131666666667	0
2.08216666666667	0
2.08300000000000	0
2.08383333333333	0
2.08466666666667	0
2.08550000000000	0
2.08633333333333	0
2.08716666666667	0
2.08800000000000	276
2.08883333333333	138
2.08966666666667	0
2.09050000000000	0
2.09133333333333	0
2.09216666666667	0
2.09300000000000	154
2.09383333333333	141
2.09466666666667	129
2.09550000000000	104
2.09633333333333	52
2.09716666666667	0
2.09800000000000	0
2.09883333333333	139
2.09968333333333	70
2.10051666666667	0
2.10135000000000	0
2.10218333333333	0
2.10301666666667	0
2.10385000000000	7
2.10468333333333	14
2.10551666666667	7
2.10635000000000	0
2.10718333333333	174
2.10801666666667	87
2.10885000000000	0
2.10968333333333	0
2.11051666666667	0
2.11135000000000	0
2.11218333333333	55
2.11301666666667	65
2.11385000000000	75
2.11468333333333	38
2.11551666666667	0
2.11636666666667	0
2.11720000000000	0
2.11803333333333	0
2.11886666666667	913
2.11970000000000	721
2.12053333333333	0
2.12136666666667	0
2.12220000000000	0
2.12303333333333	0
2.12386666666667	0
2.12470000000000	0
2.12553333333333	0
2.12636666666667	0
2.12720000000000	0
2.12803333333333	123
2.12886666666667	247
2.12970000000000	123
2.13053333333333	0
2.13136666666667	454
2.13220000000000	487
2.13303333333333	0
2.13388333333333	0
2.13471666666667	329
2.13555000000000	294
2.13638333333333	0
2.13721666666667	0
2.13805000000000	125
2.13888333333333	0
2.13971666666667	0
2.14055000000000	0
2.14138333333333	0
2.14221666666667	0
2.14305000000000	0
2.14388333333333	0
2.14471666666667	0
2.14555000000000	107
2.14638333333333	54
2.14721666666667	0
2.14805000000000	0
2.14888333333333	0
2.14971666666667	0
2.15056666666667	0
2.15140000000000	0
2.15223333333333	0
2.15306666666667	0
2.15390000000000	269
2.15473333333333	135
2.15556666666667	0
2.15640000000000	523
2.15723333333333	457
2.15806666666667	322
2.15890000000000	0
2.15973333333333	0
2.16056666666667	0
2.16140000000000	0
2.16223333333333	0
2.16306666666667	0
2.16390000000000	7
2.16473333333333	14
2.16556666666667	228
2.16640000000000	120
2.16723333333333	13
2.16808333333333	0
2.16891666666667	397
2.16975000000000	415
2.17058333333333	432
2.17141666666667	380
2.17225000000000	414
2.17308333333333	447
2.17391666666667	0
2.17475000000000	0
2.17558333333333	14
2.17641666666667	7
2.17725000000000	0
2.17808333333333	0
2.17891666666667	0
2.17975000000000	0
2.18058333333333	0
2.18141666666667	0
2.18225000000000	0
2.18308333333333	0
2.18391666666667	0
2.18476666666667	0
2.18560000000000	0
2.18643333333333	81
2.18726666666667	40
2.18810000000000	0
2.18893333333333	124
2.18976666666667	249
2.19060000000000	342
2.19143333333333	171
2.19226666666667	0
2.19310000000000	7
2.19393333333333	14
2.19476666666667	421
2.19560000000000	650
2.19643333333333	412
2.19726666666667	544
2.19810000000000	404
2.19893333333333	319
2.19976666666667	0
2.20060000000000	295
2.20143333333333	18
2.20228333333333	0
2.20311666666667	403
2.20395000000000	382
2.20478333333333	361
2.20561666666667	180
2.20645000000000	0
2.20728333333333	270
2.20811666666667	539
2.20895000000000	270
2.20978333333333	0
2.21061666666667	181
2.21145000000000	0
2.21228333333333	0
2.21311666666667	0
2.21395000000000	0
2.21478333333333	0
2.21561666666667	0
2.21645000000000	0
2.21728333333333	91
2.21811666666667	183
2.21896666666667	318
2.21980000000000	200
2.22063333333333	0
2.22146666666667	589
2.22230000000000	609
2.22313333333333	15
2.22396666666667	0
2.22480000000000	0
2.22563333333333	0
2.22646666666667	413
2.22730000000000	206
2.22813333333333	0
2.22896666666667	0
2.22980000000000	0
2.23063333333333	0
2.23146666666667	0
2.23230000000000	226
2.23313333333333	113
2.23396666666667	0
2.23480000000000	0
2.23563333333333	59
2.23648333333333	118
2.23731666666667	224
2.23815000000000	330
2.23898333333333	390
2.23981666666667	449
2.24065000000000	0
2.24148333333333	186
2.24231666666667	0
2.24315000000000	16
2.24398333333333	8
2.24481666666667	0
2.24565000000000	0
2.24648333333333	0
2.24731666666667	0
2.24815000000000	0
2.24898333333333	0
2.24981666666667	679
2.25065000000000	620
2.25148333333333	561
2.25231666666667	118
2.25316666666667	0
2.25400000000000	711
2.25483333333333	0
2.25566666666667	364
2.25650000000000	186
2.25733333333333	506
2.25816666666667	419
2.25900000000000	568
2.25983333333333	218
2.26066666666667	207
2.26150000000000	417
2.26233333333333	299
2.26316666666667	0
2.26400000000000	0
2.26483333333333	605
2.26566666666667	1210
2.26650000000000	777
2.26733333333333	0
2.26816666666667	323
2.26900000000000	161
2.26981666666667	0
2.27066666666667	1653
2.27150000000000	1556
2.27233333333333	501
2.27316666666667	1080
2.27400000000000	1231
2.27483333333333	1588
2.27566666666667	1168
2.27650000000000	748
2.27733333333333	750
2.27816666666667	763
2.27900000000000	1568
2.27983333333333	820
2.28066666666667	72
2.28150000000000	1193
2.28233333333333	107
2.28316666666667	582
2.28400000000000	1946
2.28483333333333	1530
2.28566666666667	888
2.28650000000000	975
2.28735000000000	1302
2.28818333333333	1629
2.28901666666667	1836
2.28985000000000	1576
2.29068333333333	1317
2.29151666666667	2095
2.29235000000000	1201
2.29318333333333	1399
2.29401666666667	1597
2.29485000000000	1180
2.29568333333333	762
2.29651666666667	694
2.29735000000000	626
2.29818333333333	2261
2.29901666666667	1602
2.29985000000000	943
2.30068333333333	1776
2.30151666666667	2609
2.30235000000000	2768
2.30318333333333	1151
2.30401666666667	1510
2.30486666666667	1870
2.30570000000000	3395
2.30653333333333	4080
2.30736666666667	3389
2.30820000000000	3447
2.30903333333333	2145
2.30986666666667	2341
2.31070000000000	2537
2.31153333333333	4736
2.31236666666667	4400
2.31320000000000	3162
2.31403333333333	2456
2.31486666666667	4160
2.31570000000000	2576
2.31653333333333	2870
2.31736666666667	3462
2.31820000000000	2099
2.31903333333333	1527
2.31986666666667	4314
2.32070000000000	3649
2.32155000000000	5255
2.32238333333333	4549
2.32321666666667	3843
2.32405000000000	6225
2.32488333333333	5677
2.32571666666667	6873
2.32655000000000	3301
2.32738333333333	6323
2.32821666666667	7969
2.32905000000000	7754
2.32988333333333	2598
2.33071666666667	5837
2.33155000000000	5013
2.33238333333333	5204
2.33321666666667	5659
2.33405000000000	5487
2.33488333333333	5314
2.33571666666667	3805
2.33655000000000	4704
2.33738333333333	6130
2.33821666666667	6135
2.33906666666667	6140
2.33990000000000	5923
2.34073333333333	7415
2.34156666666667	6562
2.34240000000000	5708
2.34323333333333	4990
2.34406666666667	5829
2.34490000000000	5212
2.34573333333333	6714
2.34656666666667	7145
2.34740000000000	7577
2.34823333333333	7768
2.34906666666667	7960
2.34990000000000	4486
2.35073333333333	6038
2.35156666666667	7590
2.35240000000000	7303
2.35323333333333	7016
2.35406666666667	8268
2.35490000000000	5651
2.35575000000000	7533
2.35658333333333	9388
2.35741666666667	7553
2.35825000000000	9148
2.35908333333333	9068
2.35991666666667	8992
2.36075000000000	8576
2.36158333333333	8159
2.36241666666667	5850
2.36325000000000	8018
2.36408333333333	10188
2.36491666666667	10400
2.36575000000000	10616
2.36658333333333	8472
2.36741666666667	9688
2.36825000000000	10904
2.36908333333333	9276
2.36991666666667	9600
2.37075000000000	9920
2.37158333333333	11576
2.37241666666667	13236
2.37326666666667	13100
2.37410000000000	9684
2.37493333333333	11660
2.37576666666667	13648
2.37660000000000	13740
2.37743333333333	11744
2.37826666666667	10596
2.37910000000000	12408
2.37993333333333	12412
2.38076666666667	14156
2.38160000000000	12116
2.38243333333333	10072
2.38326666666667	15112
2.38410000000000	15872
2.38493333333333	13808
2.38576666666667	15184
2.38660000000000	13984
2.38743333333333	13824
2.38826666666667	14408
2.38908333333333	13372
2.38993333333333	15624
2.39076666666667	15436
2.39160000000000	15244
2.39243333333333	16432
2.39326666666667	15752
2.39410000000000	15068
2.39493333333333	14064
2.39576666666667	18980
2.39660000000000	10128
2.39743333333333	16328
2.39826666666667	11580
2.39910000000000	16176
2.39993333333333	14732
2.40076666666667	14872
2.40160000000000	17132
2.40243333333333	16688
2.40326666666667	16248
2.40410000000000	14344
2.40493333333333	19448
2.40576666666667	19432
2.40660000000000	21964
2.40745000000000	16056
2.40828333333333	15568
2.40911666666667	15080
2.40995000000000	17512
2.41078333333333	19948
2.41161666666667	19192
2.41245000000000	16668
2.41328333333333	24028
2.41411666666667	23216
2.41495000000000	21736
2.41578333333333	23536
2.41661666666667	22244
2.41745000000000	20948
2.41828333333333	11164
2.41911666666667	22352
2.41995000000000	21960
2.42078333333333	23520
2.42161666666667	19028
2.42245000000000	20308
2.42328333333333	21592
2.42413333333333	23528
2.42496666666667	25468
2.42580000000000	24648
2.42663333333333	21156
2.42746666666667	25624
2.42830000000000	24180
2.42913333333333	22736
2.42996666666667	23028
2.43080000000000	23100
2.43163333333333	23172
2.43246666666667	24480
2.43330000000000	25788
2.43413333333333	15420
2.43496666666667	30040
2.43580000000000	32192
2.43663333333333	29460
2.43746666666667	27952
2.43830000000000	28076
2.43913333333333	28200
2.43996666666667	29596
2.44080000000000	26464
2.44165000000000	23332
2.44248333333333	21776
2.44331666666667	25460
2.44415000000000	22444
2.44498333333333	19432
2.44581666666667	21060
2.44665000000000	22684
2.44748333333333	25780
2.44831666666667	25388
2.44915000000000	32744
2.44998333333333	32020
2.45081666666667	31976
2.45165000000000	31936
2.45248333333333	34064
2.45331666666667	27656
2.45415000000000	30204
2.45498333333333	35792
2.45581666666667	32000
2.45665000000000	28208
2.45748333333333	36800
2.45833333333333	33104
2.45916666666667	27012
2.46000000000000	30964
2.46083333333333	37968
2.46166666666667	38896
2.46250000000000	33648
2.46333333333333	38688
2.46416666666667	35760
2.46500000000000	37984
2.46583333333333	34512
2.46666666666667	31280
2.46750000000000	27092
2.46833333333333	29880
2.46916666666667	32664
2.47000000000000	30364
2.47083333333333	29264
2.47166666666667	28160
2.47250000000000	17340
2.47333333333333	34000
2.47416666666667	24748
2.47500000000000	23996
2.47585000000000	34736
2.47668333333333	29816
2.47751666666667	37424
2.47835000000000	29348
2.47918333333333	35856
2.48001666666667	36576
2.48085000000000	32160
2.48168333333333	36624
2.48251666666667	36032
2.48335000000000	35440
2.48418333333333	35472
2.48501666666667	35520
2.48585000000000	40336
2.48668333333333	41312
2.48751666666667	38416
2.48835000000000	29628
2.48918333333333	43104
2.49001666666667	36784
2.49085000000000	38736
2.49168333333333	36976
2.49253333333333	35392
2.49336666666667	33792
2.49420000000000	35456
2.49503333333333	28812
2.49586666666667	30672
2.49670000000000	28676
2.49753333333333	26684
2.49836666666667	43536
2.49920000000000	44592
2.50003333333333	39456
2.50086666666667	37280
2.50170000000000	33216
2.50253333333333	44304
2.50336666666667	43728
2.50420000000000	48976
2.50503333333333	39760
2.50586666666667	38720
2.50670000000000	28972
2.50753333333333	41872
2.50836666666667	37808
2.50920000000000	33728
2.51005000000000	38368
2.51088333333333	38416
2.51171666666667	34880
2.51255000000000	38736
2.51338333333333	38688
2.51421666666667	38640
2.51505000000000	42880
2.51588333333333	43056
2.51671666666667	43232
2.51755000000000	41024
2.51838333333333	38816
2.51921666666667	40896
2.52005000000000	42992
2.52088333333333	41616
2.52171666666667	43600
2.52255000000000	44784
2.52338333333333	36512
2.52421666666667	39520
2.52505000000000	40880
2.52588333333333	42032
2.52673333333333	43408
2.52756666666667	44784
2.52840000000000	53872
2.52923333333333	52016
2.53006666666667	48992
2.53090000000000	43904
2.53173333333333	31820
2.53256666666667	47296
2.53340000000000	54640
2.53423333333333	33296
2.53506666666667	52256
2.53590000000000	30096
2.53673333333333	38368
2.53756666666667	32308
2.53840000000000	40784
2.53923333333333	43760
2.54006666666667	51712
2.54090000000000	46976
2.54173333333333	51104
2.54256666666667	52208
2.54340000000000	48976
2.54425000000000	35856
2.54508333333333	50864
2.54591666666667	47488
2.54675000000000	37168
2.54758333333333	40352
2.54841666666667	46608
2.54925000000000	38800
2.55008333333333	48976
2.55091666666667	58304
2.55175000000000	30132
2.55258333333333	40864
2.55341666666667	41808
2.55425000000000	50144
2.55508333333333	27048
2.55591666666667	52096
2.55675000000000	46368
2.55758333333333	56944
2.55841666666667	46432
2.55925000000000	57664
2.56008333333333	49664
2.56093333333333	50336
2.56176666666667	52992
2.56260000000000	51168
2.56343333333333	53104
2.56426666666667	51408
2.56510000000000	54544
2.56593333333333	57088
2.56676666666667	41024
2.56760000000000	37472
2.56843333333333	50496
2.56926666666667	41792
2.57010000000000	33552
2.57093333333333	51088
2.57176666666667	45472
2.57260000000000	51680
2.57343333333333	41072
2.57426666666667	29744
2.57510000000000	36928
2.57593333333333	50960
2.57675000000000	56864
2.57758333333333	58096
2.57843333333333	54768
2.57926666666667	48016
2.58010000000000	51104
2.58093333333333	46176
2.58176666666667	42752
2.58260000000000	39312
2.58343333333333	42816
2.58426666666667	46320
2.58510000000000	54752
2.58593333333333	51024
2.58676666666667	47408
2.58760000000000	53088
2.58843333333333	43728
2.58926666666667	50768
2.59010000000000	53104
2.59093333333333	58768
2.59176666666667	55968
2.59260000000000	61808
2.59343333333333	39936
2.59426666666667	47536
2.59511666666667	60272
2.59595000000000	51248
2.59678333333333	57440
2.59761666666667	58992
2.59845000000000	56848
2.59928333333333	51488
2.60011666666667	52064
2.60095000000000	44384
2.60178333333333	51920
2.60261666666667	42416
2.60345000000000	51104
2.60428333333333	60960
2.60511666666667	55296
2.60595000000000	50768
2.60678333333333	54000
2.60761666666667	55152
2.60845000000000	53760
2.60928333333333	52368
2.61011666666667	54320
2.61095000000000	56272
2.61178333333333	41280
2.61263333333333	57456
2.61346666666667	58448
2.61430000000000	57136
2.61513333333333	65680
2.61596666666667	47968
2.61680000000000	53760
2.61763333333333	36640
2.61846666666667	46608
2.61930000000000	54624
2.62013333333333	38896
2.62096666666667	48864
2.62180000000000	60384
2.62263333333333	59584
2.62346666666667	38240
2.62430000000000	67200
2.62513333333333	57216
2.62596666666667	58816
2.62680000000000	46336
2.62763333333333	61280
2.62846666666667	49280
2.62931666666667	40128
2.63015000000000	49328
2.63098333333333	52816
2.63181666666667	48816
2.63265000000000	54480
2.63348333333333	58528
2.63431666666667	55008
2.63515000000000	47808
2.63598333333333	67312
2.63681666666667	61312
2.63765000000000	50288
2.63848333333333	49616
2.63931666666667	72000
2.64015000000000	69696
2.64098333333333	52912
2.64181666666667	61456
2.64265000000000	62240
2.64348333333333	64416
2.64431666666667	65088
2.64515000000000	59360
2.64598333333333	63824
2.64683333333333	59936
2.64766666666667	46304
2.64850000000000	51360
2.64933333333333	69120
2.65016666666667	60368
2.65100000000000	67264
2.65183333333333	58288
2.65266666666667	47888
2.65350000000000	59120
2.65433333333333	57280
2.65516666666667	57312
2.65600000000000	57344
2.65683333333333	50592
2.65766666666667	60272
2.65850000000000	59024
2.65933333333333	57776
2.66016666666667	50000
2.66100000000000	59728
2.66183333333333	45472
2.66266666666667	48992
2.66351666666667	52496
2.66435000000000	53152
2.66518333333333	45328
2.66601666666667	65296
2.66685000000000	74352
2.66768333333333	62496
2.66851666666667	62896
2.66935000000000	70448
2.67018333333333	59312
2.67101666666667	72352
2.67185000000000	63056
2.67268333333333	50304
2.67351666666667	62144
2.67435000000000	50240
2.67518333333333	58416
2.67601666666667	65648
2.67685000000000	56496
2.67768333333333	61728
2.67851666666667	55376
2.67935000000000	58896
2.68018333333333	58512
2.68103333333333	58128
2.68186666666667	57536
2.68270000000000	56944
2.68353333333333	47584
2.68436666666667	44992
2.68520000000000	66656
2.68603333333333	77536
2.68686666666667	64128
2.68770000000000	65808
2.68853333333333	63344
2.68936666666667	43920
2.69020000000000	58848
2.69103333333333	48240
2.69186666666667	49584
2.69270000000000	56736
2.69353333333333	58496
2.69436666666667	63728
2.69520000000000	46624
2.69603333333333	72720
2.69686666666667	70736
2.69771666666667	58320
2.69855000000000	76096
2.69938333333333	62272
2.70021666666667	62272
2.70105000000000	69312
2.70188333333333	55152
2.70271666666667	59552
2.70355000000000	65152
2.70438333333333	67232
2.70521666666667	63952
2.70605000000000	60688
2.70688333333333	41248
2.70771666666667	52560
2.70855000000000	66816
2.70938333333333	66672
2.71021666666667	65440
2.71105000000000	50256
2.71186666666667	47392
2.71270000000000	71440
2.71353333333333	58992
2.71436666666667	65568
2.71521666666667	50128
2.71605000000000	57632
2.71688333333333	53664
2.71771666666667	54000
2.71855000000000	51536
2.71938333333333	56288
2.72021666666667	56064
2.72105000000000	65600
2.72188333333333	68144
2.72271666666667	61088
2.72355000000000	65744
2.72438333333333	61680
2.72521666666667	63472
2.72605000000000	70752
2.72688333333333	73040
2.72771666666667	65104
2.72855000000000	51680
2.72938333333333	52416
2.73021666666667	51504
2.73105000000000	46304
2.73190000000000	58240
2.73273333333333	51904
2.73356666666667	45568
2.73440000000000	53632
2.73523333333333	61680
2.73606666666667	63408
2.73690000000000	62272
2.73773333333333	53888
2.73856666666667	57520
2.73940000000000	57216
2.74023333333333	44896
2.74106666666667	65408
2.74190000000000	56704
2.74273333333333	66320
2.74356666666667	61408
2.74440000000000	50400
2.74523333333333	58832
2.74606666666667	65664
2.74690000000000	55840
2.74773333333333	57024
2.74856666666667	58208
2.74941666666667	57680
2.75025000000000	57136
2.75108333333333	60896
2.75191666666667	53024
2.75275000000000	65488
2.75358333333333	36096
2.75441666666667	51824
2.75525000000000	53520
2.75608333333333	52400
2.75691666666667	56416
2.75775000000000	60416
2.75858333333333	62624
2.75941666666667	55840
2.76025000000000	62896
2.76108333333333	63600
2.76191666666667	64304
2.76275000000000	56688
2.76358333333333	58032
2.76441666666667	62576
2.76525000000000	65776
2.76610000000000	66128
2.76693333333333	45040
2.76776666666667	61344
2.76860000000000	55904
2.76943333333333	58848
2.77026666666667	32292
2.77110000000000	47696
2.77193333333333	69632
2.77276666666667	56544
2.77360000000000	54928
2.77443333333333	63216
2.77526666666667	63056
2.77610000000000	62880
2.77693333333333	59024
2.77776666666667	58096
2.77860000000000	57168
2.77943333333333	44816
2.78026666666667	61424
2.78110000000000	54448
2.78193333333333	61968
2.78276666666667	59472
2.78361666666667	56976
2.78445000000000	69040
2.78528333333333	69776
2.78611666666667	65056
2.78695000000000	62496
2.78778333333333	69984
2.78861666666667	43120
2.78945000000000	67744
2.79028333333333	62448
2.79111666666667	61920
2.79195000000000	65712
2.79278333333333	65408
2.79361666666667	65104
2.79445000000000	50240
2.79528333333333	64896
2.79611666666667	47856
2.79695000000000	58368
2.79778333333333	56400
2.79861666666667	54432
2.79945000000000	59904
2.80030000000000	57888
2.80113333333333	55872
2.80196666666667	56016
2.80280000000000	54336
2.80363333333333	52640
2.80446666666667	55104
2.80530000000000	63984
2.80613333333333	61344
2.80696666666667	69776
2.80780000000000	51920
2.80863333333333	65776
2.80946666666667	61632
2.81030000000000	69440
2.81113333333333	60032
2.81196666666667	68704
2.81280000000000	65616
2.81363333333333	65360
2.81446666666667	60720
2.81530000000000	56064
2.81611666666667	59616
2.81695000000000	60640
2.81780000000000	63952
2.81863333333333	38848
2.81946666666667	62672
2.82030000000000	52656
2.82113333333333	68928
2.82196666666667	60688
2.82280000000000	59168
2.82363333333333	59056
2.82446666666667	58304
2.82530000000000	60864
2.82613333333333	63424
2.82696666666667	65088
2.82780000000000	55904
2.82863333333333	60848
2.82946666666667	65792
2.83030000000000	66064
2.83113333333333	66336
2.83196666666667	65808
2.83280000000000	61808
2.83363333333333	54272
2.83448333333333	60880
2.83531666666667	64656
2.83615000000000	54896
2.83698333333333	53632
2.83781666666667	52384
2.83865000000000	52144
2.83948333333333	61344
2.84031666666667	61552
2.84115000000000	61744
2.84198333333333	62448
2.84281666666667	63152
2.84365000000000	57280
2.84448333333333	66128
2.84531666666667	64496
2.84615000000000	66736
2.84698333333333	65088
2.84781666666667	53728
2.84865000000000	67488
2.84948333333333	71456
2.85031666666667	64800
2.85115000000000	58448
2.85200000000000	58416
2.85283333333333	44128
2.85366666666667	55152
2.85450000000000	47200
2.85533333333333	52320
2.85616666666667	61840
2.85700000000000	57392
2.85783333333333	68928
2.85866666666667	31132
2.85950000000000	67968
2.86033333333333	68704
2.86116666666667	65248
2.86200000000000	70416
2.86283333333333	64112
2.86366666666667	62016
2.86450000000000	62544
2.86533333333333	57360
2.86616666666667	53648
2.86700000000000	64688
2.86783333333333	60672
2.86868333333333	61072
2.86951666666667	52688
2.87035000000000	65328
2.87118333333333	56144
2.87201666666667	52512
2.87285000000000	69744
2.87368333333333	73168
2.87451666666667	61040
2.87535000000000	61808
2.87618333333333	71136
2.87701666666667	59872
2.87785000000000	64864
2.87868333333333	63392
2.87951666666667	59072
2.88035000000000	50672
2.88118333333333	64240
2.88201666666667	66976
2.88285000000000	52752
2.88368333333333	54144
2.88451666666667	57008
2.88535000000000	59888
2.88620000000000	63072
2.88703333333333	45120
2.88786666666667	60304
2.88870000000000	68080
2.88953333333333	64416
2.89036666666667	61680
2.89120000000000	69552
2.89203333333333	57776
2.89286666666667	63184
2.89370000000000	68304
2.89453333333333	70736
2.89536666666667	49984
2.89620000000000	53184
2.89703333333333	65440
2.89786666666667	55328
2.89870000000000	49600
2.89953333333333	68624
2.90036666666667	54304
2.90120000000000	65920
2.90203333333333	60912
2.90288333333333	63248
2.90371666666667	64496
2.90455000000000	47984
2.90538333333333	55168
2.90621666666667	65008
2.90705000000000	45296
2.90788333333333	63776
2.90871666666667	61424
2.90955000000000	61360
2.91038333333333	55712
2.91121666666667	69328
2.91205000000000	71392
2.91288333333333	61632
2.91371666666667	59584
2.91455000000000	63744
2.91538333333333	61472
2.91621666666667	68976
2.91705000000000	71472
2.91788333333333	57488
2.91871666666667	73136
2.91955000000000	71616
2.92040000000000	44448
2.92123333333333	66800
2.92206666666667	41792
2.92290000000000	63136
2.92373333333333	60432
2.92456666666667	67104
2.92540000000000	56224
2.92623333333333	62352
2.92706666666667	55888
2.92790000000000	67248
2.92873333333333	64080
2.92956666666667	60912
2.93040000000000	52112
2.93123333333333	43184
2.93206666666667	65296
2.93290000000000	51536
2.93373333333333	55056
2.93456666666667	62464
2.93540000000000	63296
2.93623333333333	52288
2.93708333333333	66224
2.93791666666667	57376
2.93875000000000	57632
2.93958333333333	58224
2.94041666666667	58832
2.94125000000000	50544
2.94208333333333	49552
2.94291666666667	48560
2.94375000000000	56288
2.94458333333333	64016
2.94541666666667	61104
2.94625000000000	58784
2.94708333333333	56464
2.94791666666667	60688
2.94875000000000	71520
2.94958333333333	76016
2.95041666666667	38816
2.95125000000000	41296
2.95208333333333	51504
2.95291666666667	54160
2.95375000000000	56816
2.95460000000000	54880
2.95543333333333	52944
2.95626666666667	50224
2.95710000000000	52800
2.95793333333333	55376
2.95876666666667	56224
2.95960000000000	56224
2.96043333333333	56400
2.96126666666667	56576
2.96210000000000	55536
2.96293333333333	54592
2.96376666666667	64000
2.96460000000000	64224
2.96543333333333	66640
2.96626666666667	63856
2.96710000000000	63968
2.96793333333333	71408
2.96876666666667	54720
2.96960000000000	39408
2.97041666666667	57904
2.97126666666667	57024
2.97210000000000	56144
2.97293333333333	58400
2.97376666666667	60656
2.97460000000000	64032
2.97543333333333	63120
2.97626666666667	62224
2.97710000000000	59552
2.97793333333333	63552
2.97876666666667	61568
2.97960000000000	62848
2.98043333333333	49984
2.98126666666667	55856
2.98210000000000	60752
2.98293333333333	50704
2.98376666666667	70288
2.98460000000000	65840
2.98543333333333	56272
2.98626666666667	63472
2.98710000000000	56336
2.98793333333333	59824
2.98878333333333	65792
2.98961666666667	56256
2.99045000000000	60704
2.99128333333333	65856
2.99211666666667	63456
2.99295000000000	70528
2.99378333333333	44480
2.99461666666667	61872
2.99545000000000	53504
2.99628333333333	57680
2.99711666666667	58096
2.99795000000000	58512
2.99878333333333	61152
2.99961666666667	47872
3.00045000000000	62880
3.00128333333333	69312
3.00211666666667	72272
3.00295000000000	60592
3.00378333333333	66304
3.00461666666667	49488
3.00546666666667	67232
3.00630000000000	59664
3.00713333333333	64752
3.00796666666667	66544
3.00880000000000	59744
3.00963333333333	67216
3.01046666666667	63664
3.01130000000000	57728
3.01213333333333	68960
3.01296666666667	77776
3.01380000000000	74048
3.01463333333333	62416
3.01546666666667	71296
3.01630000000000	72848
3.01713333333333	57408
3.01796666666667	53248
3.01880000000000	52688
3.01963333333333	53728
3.02046666666667	45776
3.02130000000000	57824
3.02213333333333	56384
3.02298333333333	52032
3.02381666666667	54880
3.02465000000000	58288
3.02548333333333	61696
3.02631666666667	55024
3.02715000000000	48352
3.02798333333333	68416
3.02881666666667	67088
3.02965000000000	49584
3.03048333333333	70272
3.03131666666667	54528
3.03215000000000	77776
3.03298333333333	63072
3.03381666666667	66928
3.03465000000000	56928
3.03548333333333	65040
3.03631666666667	71968
3.03715000000000	47856
3.03798333333333	64352
3.03881666666667	62560
3.03966666666667	62592
3.04050000000000	62608
3.04133333333333	51216
3.04216666666667	45856
3.04300000000000	64624
3.04383333333333	69872
3.04466666666667	48640
3.04550000000000	59920
3.04633333333333	57376
3.04716666666667	65056
3.04800000000000	66336
3.04883333333333	65408
3.04966666666667	62272
3.05050000000000	61824
3.05133333333333	61376
3.05216666666667	55120
3.05300000000000	59632
3.05383333333333	52240
3.05466666666667	61488
3.05550000000000	60192
3.05633333333333	57744
3.05718333333333	55296
3.05801666666667	51760
3.05885000000000	59120
3.05968333333333	59824
3.06051666666667	56800
3.06135000000000	61536
3.06218333333333	62608
3.06301666666667	63696
3.06385000000000	36512
3.06468333333333	57952
3.06551666666667	67440
3.06635000000000	60864
3.06718333333333	64512
3.06801666666667	68720
3.06885000000000	67760
3.06968333333333	62144
3.07051666666667	56528
3.07135000000000	57584
3.07218333333333	54272
3.07301666666667	55072
3.07386666666667	55872
3.07470000000000	57680
3.07553333333333	57616
3.07636666666667	59488
3.07720000000000	57632
3.07803333333333	55760
3.07886666666667	47280
3.07970000000000	46496
3.08053333333333	45696
3.08136666666667	51952
3.08220000000000	58208
3.08303333333333	57824
3.08386666666667	55648
3.08470000000000	53488
3.08553333333333	52752
3.08636666666667	55472
3.08718333333333	55248
3.08801666666667	55008
3.08885000000000	51792
3.08968333333333	48576
3.09051666666667	38464
3.09136666666667	57184
3.09220000000000	51344
3.09303333333333	63168
3.09386666666667	67408
3.09470000000000	54512
3.09553333333333	62352
3.09636666666667	53808
3.09720000000000	64160
3.09803333333333	66944
3.09886666666667	58832
3.09970000000000	64352
3.10053333333333	62864
3.10136666666667	61424
3.10220000000000	59728
3.10303333333333	60304
3.10386666666667	60144
3.10470000000000	62688
3.10553333333333	49024
3.10636666666667	49040
3.10720000000000	65216
3.10805000000000	55856
3.10888333333333	55440
3.10971666666667	68016
3.11055000000000	55568
3.11138333333333	64304
3.11221666666667	58720
3.11305000000000	52944
3.11388333333333	64896
3.11471666666667	50320
3.11555000000000	54352
3.11638333333333	46512
3.11721666666667	60160
3.11805000000000	60768
3.11888333333333	67920
3.11971666666667	68672
3.12055000000000	57376
3.12138333333333	61408
3.12221666666667	64032
3.12305000000000	53824
3.12388333333333	53088
3.12471666666667	46640
3.12556666666667	40208
3.12640000000000	62096
3.12723333333333	54080
3.12806666666667	59248
3.12890000000000	60544
3.12973333333333	61840
3.13056666666667	53600
3.13140000000000	51872
3.13223333333333	50144
3.13306666666667	37616
3.13390000000000	52496
3.13473333333333	60656
3.13556666666667	55680
3.13640000000000	62784
3.13723333333333	61376
3.13806666666667	62816
3.13890000000000	59696
3.13973333333333	69200
3.14056666666667	70112
3.14140000000000	69360
3.14225000000000	68752
3.14308333333333	59616
3.14391666666667	51984
3.14475000000000	70128
3.14558333333333	65392
3.14641666666667	53776
3.14725000000000	55392
3.14808333333333	72016
3.14891666666667	71648
3.14975000000000	68640
3.15058333333333	73792
3.15141666666667	55232
3.15225000000000	41632
3.15308333333333	59248
3.15391666666667	70608
3.15475000000000	69968
3.15558333333333	52400
3.15641666666667	70016
3.15725000000000	75728
3.15808333333333	67744
3.15891666666667	42960
3.15976666666667	64160
3.16060000000000	54096
3.16143333333333	72656
3.16226666666667	53680
3.16310000000000	50768
3.16393333333333	56096
3.16476666666667	52048
3.16560000000000	47984
3.16643333333333	55248
3.16726666666667	59616
3.16810000000000	58784
3.16893333333333	54960
3.16976666666667	50752
3.17060000000000	55168
3.17143333333333	56784
3.17226666666667	64896
3.17310000000000	67808
3.17393333333333	68704
3.17476666666667	58928
3.17560000000000	51536
3.17645000000000	64544
3.17728333333333	56944
3.17811666666667	62176
3.17895000000000	66992
3.17978333333333	49216
3.18061666666667	71344
3.18145000000000	49968
3.18228333333333	49744
3.18311666666667	52736
3.18395000000000	64544
3.18478333333333	64896
3.18561666666667	49744
3.18645000000000	74864
3.18728333333333	60272
3.18811666666667	69936
3.18895000000000	52160
3.18978333333333	38096
3.19061666666667	71200
3.19145000000000	68064
3.19228333333333	67808
3.19311666666667	59872
3.19396666666667	64720
3.19480000000000	63216
3.19563333333333	62416
3.19646666666667	63168
3.19730000000000	63920
3.19813333333333	62800
3.19896666666667	61680
3.19980000000000	60896
3.20063333333333	66000
3.20146666666667	69024
3.20230000000000	65808
3.20313333333333	65600
3.20396666666667	65392
3.20480000000000	56688
3.20563333333333	66448
3.20646666666667	63952
3.20730000000000	61472
3.20813333333333	58160
3.20896666666667	62688
3.20980000000000	64960
3.21065000000000	63152
3.21148333333333	63248
3.21231666666667	63344
3.21315000000000	52832
3.21398333333333	56352
3.21481666666667	59872
3.21565000000000	57808
3.21648333333333	66384
3.21731666666667	41472
3.21815000000000	64464
3.21898333333333	57904
3.21981666666667	61968
3.22065000000000	63904
3.22148333333333	59152
3.22231666666667	54416
3.22315000000000	50400
3.22398333333333	65280
3.22481666666667	74304
3.22565000000000	65216
3.22648333333333	61808
3.22730000000000	62640
3.22815000000000	61264
3.22898333333333	59440
3.22981666666667	55120
3.23065000000000	47952
3.23148333333333	56016
3.23231666666667	66272
3.23315000000000	64560
3.23398333333333	62688
3.23481666666667	62864
3.23565000000000	36688
3.23648333333333	54544
3.23731666666667	75360
3.23815000000000	70256
3.23898333333333	54704
3.23981666666667	65952
3.24065000000000	47456
3.24148333333333	63440
3.24231666666667	70640
3.24315000000000	34752
3.24398333333333	45856
3.24483333333333	61184
3.24566666666667	63904
3.24650000000000	56864
3.24733333333333	60064
3.24816666666667	54336
3.24900000000000	40064
3.24983333333333	66048
3.25066666666667	62736
3.25150000000000	66784
3.25233333333333	58720
3.25316666666667	59296
3.25400000000000	59424
3.25483333333333	57696
3.25566666666667	55952
3.25650000000000	57104
3.25733333333333	61888
3.25816666666667	64320
3.25900000000000	54064
3.25983333333333	52224
3.26066666666667	63040
3.26150000000000	63472
3.26235000000000	66928
3.26318333333333	42560
3.26401666666667	63856
3.26485000000000	71904
3.26568333333333	66416
3.26651666666667	59776
3.26735000000000	45008
3.26818333333333	40960
3.26901666666667	42352
3.26985000000000	44176
3.27068333333333	46000
3.27151666666667	50928
3.27235000000000	55856
3.27318333333333	62304
3.27401666666667	61648
3.27485000000000	60992
3.27568333333333	65472
3.27651666666667	65424
3.27735000000000	61264
3.27818333333333	62624
3.27903333333333	63968
3.27986666666667	62368
3.28070000000000	59728
3.28153333333333	39664
3.28236666666667	64144
3.28320000000000	58928
3.28403333333333	59472
3.28486666666667	42704
3.28570000000000	68896
3.28653333333333	61552
3.28736666666667	46240
3.28820000000000	53568
3.28903333333333	46096
3.28986666666667	60288
3.29070000000000	57552
3.29153333333333	66032
3.29236666666667	54240
3.29320000000000	55328
3.29403333333333	50464
3.29486666666667	55472
3.29570000000000	57520
3.29655000000000	56864
3.29738333333333	58528
3.29821666666667	69968
3.29905000000000	67584
3.29988333333333	65920
3.30071666666667	62672
3.30155000000000	65328
3.30238333333333	64384
3.30321666666667	63184
3.30405000000000	44496
3.30488333333333	66048
3.30571666666667	66752
3.30655000000000	45312
3.30738333333333	66768
3.30821666666667	59408
3.30905000000000	68160
3.30988333333333	68480
3.31071666666667	64240
3.31155000000000	54720
3.31238333333333	55792
3.31321666666667	65520
3.31405000000000	64592
3.31488333333333	63664
3.31571666666667	65456
3.31655000000000	62176
3.31738333333333	65264
3.31821666666667	45856
3.31905000000000	42688
3.31988333333333	38720
3.32071666666667	65456
3.32155000000000	66464
3.32238333333333	71968
3.32321666666667	58704
3.32405000000000	59760
3.32488333333333	64192
3.32571666666667	53344
3.32655000000000	57472
3.32738333333333	52112
3.32821666666667	56352
3.32905000000000	63776
3.32988333333333	66592
3.33073333333333	69504
3.33156666666667	73792
3.33240000000000	54192
3.33323333333333	72224
3.33406666666667	73888
3.33490000000000	64096
3.33573333333333	61328
3.33656666666667	68704
3.33740000000000	63296
3.33823333333333	59952
3.33906666666667	61392
3.33990000000000	58848
3.34073333333333	56288
3.34156666666667	44512
3.34240000000000	59888
3.34323333333333	56128
3.34406666666667	37232
3.34490000000000	63568
3.34573333333333	61088
3.34656666666667	43440
3.34741666666667	62304
3.34825000000000	60272
3.34908333333333	52960
3.34991666666667	54384
3.35075000000000	66752
3.35158333333333	66464
3.35241666666667	76960
3.35325000000000	79136
3.35408333333333	71888
3.35491666666667	70432
3.35575000000000	56112
3.35658333333333	50160
3.35741666666667	68128
3.35825000000000	53984
3.35908333333333	55424
3.35991666666667	72176
3.36075000000000	64816
3.36158333333333	58832
3.36241666666667	75312
3.36325000000000	71824
3.36408333333333	57584
3.36493333333333	61024
3.36576666666667	52816
3.36660000000000	61504
3.36743333333333	62624
3.36826666666667	60864
3.36910000000000	48976
3.36993333333333	56768
3.37076666666667	64080
3.37160000000000	68736
3.37243333333333	61120
3.37326666666667	63136
3.37410000000000	65840
3.37493333333333	65104
3.37576666666667	64352
3.37660000000000	66880
3.37743333333333	55648
3.37826666666667	49040
3.37910000000000	48608
3.37993333333333	66512
3.38076666666667	73344
3.38161666666667	59776
3.38245000000000	72240
3.38328333333333	43152
3.38411666666667	62192
3.38495000000000	59808
3.38578333333333	62256
3.38661666666667	59344
3.38745000000000	62704
3.38828333333333	61520
3.38911666666667	60336
3.38995000000000	56832
3.39078333333333	53328
3.39161666666667	59952
3.39245000000000	65376
3.39328333333333	64048
3.39411666666667	64400
3.39495000000000	63232
3.39578333333333	61408
3.39661666666667	59568
3.39745000000000	61504
3.39828333333333	65168
3.39913333333333	65616
3.39996666666667	66064
3.40080000000000	52864
3.40163333333333	58304
3.40246666666667	65968
3.40330000000000	56432
3.40413333333333	66656
3.40496666666667	60272
3.40580000000000	53872
3.40663333333333	72672
3.40746666666667	73184
3.40830000000000	58064
3.40913333333333	71328
3.40996666666667	67984
3.41080000000000	58704
3.41163333333333	56864
3.41246666666667	62336
3.41330000000000	69312
3.41413333333333	74144
3.41496666666667	75312
3.41581666666667	54080
3.41665000000000	71920
3.41748333333333	55056
3.41831666666667	58048
3.41915000000000	63472
3.41998333333333	42544
3.42081666666667	57744
3.42165000000000	59744
3.42248333333333	60384
3.42331666666667	60464
3.42415000000000	51952
3.42498333333333	62704
3.42581666666667	59456
3.42665000000000	64656
3.42748333333333	63216
3.42831666666667	41760
3.42915000000000	74064
3.42998333333333	69424
3.43081666666667	58896
3.43165000000000	67344
3.43246666666667	64592
3.43331666666667	66528
3.43415000000000	68464
3.43498333333333	61632
3.43581666666667	67968
3.43665000000000	58912
3.43748333333333	35488
3.43831666666667	70960
3.43915000000000	65680
3.43998333333333	61696
3.44081666666667	74256
3.44165000000000	49552
3.44248333333333	54048
3.44331666666667	62368
3.44415000000000	57504
3.44498333333333	63200
3.44581666666667	66128
3.44665000000000	63760
3.44748333333333	60720
3.44831666666667	62944
3.44915000000000	65168
3.45000000000000	56784
3.45083333333333	53392
3.45166666666667	65232
3.45250000000000	63424
3.45333333333333	61616
3.45416666666667	57664
3.45500000000000	65392
3.45583333333333	68704
3.45666666666667	67600
3.45750000000000	65600
3.45833333333333	45488
3.45916666666667	72944
3.46000000000000	63920
3.46083333333333	54384
3.46166666666667	60816
3.46250000000000	67120
3.46333333333333	58672
3.46416666666667	47552
3.46500000000000	70048
3.46583333333333	63376
3.46666666666667	66160
3.46751666666667	68112
3.46835000000000	62624
3.46918333333333	66976
3.47001666666667	67232
3.47085000000000	45600
3.47168333333333	62240
3.47251666666667	66352
3.47335000000000	58992
3.47418333333333	62256
3.47501666666667	66624
3.47585000000000	67968
3.47668333333333	71616
3.47751666666667	59616
3.47835000000000	66496
3.47918333333333	54080
3.48001666666667	63520
3.48085000000000	65408
3.48168333333333	68624
3.48251666666667	70000
3.48335000000000	57344
3.48420000000000	58304
3.48503333333333	64944
3.48586666666667	69328
3.48670000000000	66096
3.48753333333333	70624
3.48836666666667	63312
3.48920000000000	62096
3.49003333333333	58704
3.49086666666667	58976
3.49170000000000	62880
3.49253333333333	66544
3.49336666666667	70192
3.49420000000000	48592
3.49503333333333	63120
3.49586666666667	59632
3.49670000000000	68480
3.49753333333333	60784
3.49836666666667	58688
3.49920000000000	63600
3.50003333333333	61840
3.50086666666667	68544
3.50171666666667	71648
3.50255000000000	73360
3.50338333333333	74288
3.50421666666667	61984
3.50505000000000	57040
3.50588333333333	48624
3.50671666666667	58080
3.50755000000000	65168
3.50838333333333	61520
3.50921666666667	62544
3.51005000000000	63552
3.51088333333333	47504
3.51171666666667	73360
3.51255000000000	47760
3.51338333333333	55360
3.51421666666667	48064
3.51505000000000	63344
3.51588333333333	62816
3.51671666666667	56448
3.51755000000000	53072
3.51840000000000	56096
3.51923333333333	51984
3.52006666666667	47872
3.52090000000000	61664
3.52173333333333	64704
3.52256666666667	66352
3.52340000000000	66544
3.52423333333333	66800
3.52506666666667	62608
3.52590000000000	69184
3.52673333333333	48608
3.52756666666667	49008
3.52840000000000	59248
3.52923333333333	60224
3.53006666666667	62352
3.53090000000000	52048
3.53173333333333	55712
3.53256666666667	36192
3.53340000000000	59536
3.53423333333333	68480
3.53506666666667	51456
3.53591666666667	54928
3.53675000000000	46192
3.53758333333333	56928
3.53841666666667	50736
3.53925000000000	64224
3.54008333333333	67072
3.54091666666667	59200
3.54175000000000	61520
3.54258333333333	56176
3.54341666666667	62352
3.54425000000000	62480
3.54508333333333	62624
3.54591666666667	66656
3.54675000000000	62224
3.54758333333333	57808
3.54841666666667	63760
3.54925000000000	67264
3.55008333333333	63120
3.55091666666667	58976
3.55175000000000	65840
3.55260000000000	50224
3.55343333333333	61232
3.55426666666667	71200
3.55510000000000	50832
3.55593333333333	63616
3.55676666666667	64848
3.55760000000000	69360
3.55843333333333	68672
3.55926666666667	62048
3.56010000000000	61328
3.56093333333333	57904
3.56176666666667	61136
3.56260000000000	56736
3.56343333333333	55504
3.56426666666667	54288
3.56510000000000	59792
3.56593333333333	69712
3.56675000000000	66672
3.56758333333333	62112
3.56841666666667	56016
3.56925000000000	60768
3.57010000000000	62640
3.57093333333333	64528
3.57176666666667	60320
3.57260000000000	61792
3.57343333333333	63600
3.57426666666667	61744
3.57510000000000	59888
3.57593333333333	55408
3.57676666666667	44048
3.57760000000000	60096
3.57843333333333	65136
3.57926666666667	65904
3.58010000000000	54624
3.58093333333333	56928
3.58176666666667	64048
3.58260000000000	59088
3.58343333333333	55824
3.58426666666667	52976
3.58510000000000	53232
3.58593333333333	53664
3.58678333333333	54080
3.58761666666667	54480
3.58845000000000	44432
3.58928333333333	54304
3.59011666666667	62624
3.59095000000000	57728
3.59178333333333	56032
3.59261666666667	59728
3.59345000000000	62784
3.59428333333333	66576
3.59511666666667	51504
3.59595000000000	49792
3.59678333333333	58192
3.59761666666667	56512
3.59845000000000	53568
3.59928333333333	62736
3.60011666666667	40448
3.60095000000000	75072
3.60178333333333	60768
3.60261666666667	36864
3.60345000000000	63744
3.60430000000000	69328
3.60513333333333	51488
3.60596666666667	55488
3.60680000000000	72576
3.60763333333333	66784
3.60846666666667	64304
3.60930000000000	63600
3.61013333333333	53344
3.61096666666667	54368
3.61180000000000	59888
3.61263333333333	65408
3.61346666666667	64208
3.61430000000000	66848
3.61513333333333	66176
3.61596666666667	59104
3.61680000000000	68480
3.61763333333333	65072
3.61846666666667	61648
3.61930000000000	70000
3.62013333333333	66464
3.62098333333333	65344
3.62181666666667	64208
3.62265000000000	66880
3.62348333333333	69600
3.62431666666667	60272
3.62515000000000	61504
3.62598333333333	48416
3.62681666666667	54944
3.62765000000000	43232
3.62848333333333	58800
3.62931666666667	52784
3.63015000000000	54528
3.63098333333333	55024
3.63181666666667	55536
3.63265000000000	65248
3.63348333333333	61792
3.63431666666667	58336
3.63515000000000	49168
3.63598333333333	66992
3.63681666666667	62432
3.63765000000000	65680
3.63850000000000	58512
3.63933333333333	64064
3.64016666666667	66160
3.64100000000000	68064
3.64183333333333	59344
3.64266666666667	48928
3.64350000000000	52464
3.64433333333333	79632
3.64516666666667	76704
3.64600000000000	60864
3.64683333333333	69760
3.64766666666667	70192
3.64850000000000	70256
3.64933333333333	62272
3.65016666666667	56112
3.65100000000000	63696
3.65183333333333	61840
3.65266666666667	64160
3.65350000000000	67440
3.65433333333333	70720
3.65518333333333	79680
3.65601666666667	51424
3.65685000000000	47840
3.65768333333333	55168
3.65851666666667	75104
3.65935000000000	75856
3.66018333333333	68704
3.66101666666667	70480
3.66185000000000	62480
3.66268333333333	72080
3.66351666666667	48528
3.66435000000000	49424
3.66518333333333	54960
3.66601666666667	64240
3.66685000000000	64128
3.66768333333333	52688
3.66851666666667	72960
3.66935000000000	65360
3.67018333333333	73792
3.67101666666667	71376
3.67185000000000	57760
3.67270000000000	68032
3.67353333333333	65776
3.67436666666667	63136
3.67520000000000	54816
3.67603333333333	55120
3.67686666666667	44432
3.67770000000000	64960
3.67853333333333	63744
3.67936666666667	63008
3.68020000000000	64128
3.68103333333333	63280
3.68186666666667	62416
3.68270000000000	53328
3.68353333333333	51152
3.68436666666667	63440
3.68520000000000	55568
3.68603333333333	74032
3.68686666666667	66048
3.68770000000000	67600
3.68853333333333	70496
3.68938333333333	61664
3.69021666666667	53632
3.69105000000000	59184
3.69188333333333	52416
3.69271666666667	73376
3.69355000000000	68144
3.69438333333333	58848
3.69521666666667	66224
3.69605000000000	37120
3.69688333333333	66208
3.69771666666667	56448
3.69855000000000	65504
3.69938333333333	62912
3.70021666666667	66064
3.70105000000000	67504
3.70188333333333	61888
3.70271666666667	66096
3.70355000000000	66128
3.70438333333333	66608
3.70521666666667	67776
3.70605000000000	65616
3.70690000000000	63456
3.70773333333333	65920
3.70856666666667	68384
3.70940000000000	65856
3.71023333333333	63328
3.71106666666667	65680
3.71190000000000	68032
3.71273333333333	69184
3.71356666666667	64960
3.71440000000000	56816
3.71523333333333	66880
3.71606666666667	58688
3.71690000000000	46864
3.71773333333333	58496
3.71856666666667	57200
3.71940000000000	57760
3.72023333333333	67728
3.72106666666667	65152
3.72190000000000	73152
3.72273333333333	74704
3.72358333333333	51504
3.72441666666667	54656
3.72525000000000	54192
3.72608333333333	55088
3.72691666666667	60320
3.72775000000000	65568
3.72858333333333	62512
3.72941666666667	57280
3.73025000000000	72384
3.73108333333333	73344
3.73191666666667	63184
3.73275000000000	68048
3.73358333333333	58592
3.73441666666667	69568
3.73525000000000	68640
3.73608333333333	62400
3.73690000000000	65680
3.73773333333333	71376
3.73856666666667	71936
3.73940000000000	62352
3.74023333333333	66240
3.74108333333333	64016
3.74191666666667	65296
3.74275000000000	48912
3.74358333333333	69920
3.74441666666667	59552
3.74525000000000	48336
3.74608333333333	43200
3.74691666666667	45376
3.74775000000000	57456
3.74858333333333	57168
3.74941666666667	49392
3.75025000000000	41600
3.75108333333333	62800
3.75191666666667	69376
3.75275000000000	56512
3.75358333333333	63648
3.75441666666667	62592
3.75525000000000	45760
3.75608333333333	54320
3.75691666666667	28396
3.75776666666667	64496
3.75860000000000	63072
3.75943333333333	60944
3.76026666666667	47040
3.76110000000000	48272
3.76193333333333	49504
3.76276666666667	34576
3.76360000000000	43280
3.76443333333333	51984
3.76526666666667	49184
3.76610000000000	67232
3.76693333333333	67616
3.76776666666667	63088
3.76860000000000	66880
3.76943333333333	53328
3.77026666666667	53040
3.77110000000000	62992
3.77193333333333	60208
3.77276666666667	57424
3.77360000000000	62448
3.77443333333333	46000
3.77528333333333	55168
3.77611666666667	63952
3.77695000000000	53056
3.77778333333333	55520
3.77861666666667	36000
3.77945000000000	70656
3.78028333333333	57728
3.78111666666667	59808
3.78195000000000	51776
3.78278333333333	56128
3.78361666666667	60464
3.78445000000000	50464
3.78528333333333	64096
3.78611666666667	52256
3.78695000000000	55312
3.78778333333333	55376
3.78861666666667	55456
3.78945000000000	50400
3.79028333333333	56192
3.79111666666667	50304
3.79196666666667	51392
3.79280000000000	52496
3.79363333333333	56608
3.79446666666667	55488
3.79530000000000	54352
3.79613333333333	43536
3.79696666666667	64592
3.79780000000000	57536
3.79863333333333	64704
3.79946666666667	58240
3.80030000000000	63840
3.80113333333333	58304
3.80196666666667	64432
3.80280000000000	61728
3.80363333333333	59008
3.80446666666667	56192
3.80530000000000	53184
3.80613333333333	55472
3.80696666666667	56176
3.80780000000000	56880
3.80863333333333	65008
3.80948333333333	68928
3.81031666666667	73008
3.81115000000000	66272
3.81198333333333	61664
3.81281666666667	71984
3.81365000000000	74256
3.81448333333333	71376
3.81531666666667	63296
3.81615000000000	73728
3.81698333333333	54032
3.81781666666667	55488
3.81865000000000	71280
3.81948333333333	65520
3.82031666666667	57776
3.82115000000000	67280
3.82198333333333	69376
3.82281666666667	65632
3.82365000000000	64320
3.82448333333333	54864
3.82531666666667	66672
3.82616666666667	46576
3.82700000000000	40944
3.82783333333333	53456
3.82866666666667	50400
3.82950000000000	51936
3.83033333333333	53456
3.83116666666667	56176
3.83200000000000	58912
3.83283333333333	57968
3.83366666666667	57040
3.83450000000000	53728
3.83533333333333	55760
3.83616666666667	57776
3.83700000000000	48160
3.83783333333333	70464
3.83866666666667	69680
3.83950000000000	69008
3.84033333333333	53952
3.84116666666667	58432
3.84200000000000	62912
3.84283333333333	62912
3.84368333333333	46368
3.84451666666667	55568
3.84535000000000	71904
3.84618333333333	69696
3.84701666666667	59184
3.84785000000000	63632
3.84868333333333	63520
3.84951666666667	48992
3.85035000000000	49344
3.85118333333333	69776
3.85201666666667	68496
3.85285000000000	68896
3.85368333333333	64592
3.85451666666667	54976
3.85535000000000	65024
3.85618333333333	63632
3.85701666666667	64416
3.85785000000000	65696
3.85868333333333	62096
3.85951666666667	67632
3.86036666666667	51664
3.86120000000000	71984
3.86203333333333	65200
3.86286666666667	65856
3.86370000000000	61136
3.86453333333333	62992
3.86536666666667	67920
3.86620000000000	55760
3.86703333333333	54384
3.86786666666667	53008
3.86870000000000	60000
3.86953333333333	62688
3.87036666666667	65376
3.87120000000000	67248
3.87203333333333	64464
3.87286666666667	61696
3.87370000000000	38848
3.87453333333333	50912
3.87536666666667	61104
3.87620000000000	66256
3.87703333333333	62960
3.87788333333333	67232
3.87871666666667	65584
3.87955000000000	58880
3.88038333333333	53712
3.88121666666667	64384
3.88205000000000	60416
3.88288333333333	56432
3.88371666666667	54128
3.88455000000000	51808
3.88538333333333	57120
3.88621666666667	52288
3.88705000000000	52688
3.88788333333333	52512
3.88871666666667	73600
3.88955000000000	68896
3.89038333333333	65184
3.89121666666667	59744
3.89205000000000	66784
3.89288333333333	71552
3.89371666666667	56688
3.89456666666667	62336
3.89540000000000	58224
3.89623333333333	63952
3.89706666666667	72704
3.89790000000000	69728
3.89873333333333	66768
3.89956666666667	58112
3.90040000000000	44912
3.90123333333333	58224
3.90206666666667	56016
3.90290000000000	65360
3.90373333333333	61248
3.90456666666667	65360
3.90540000000000	54784
3.90623333333333	64624
3.90706666666667	61952
3.90790000000000	60288
3.90873333333333	60336
3.90956666666667	60384
3.91040000000000	60240
3.91123333333333	60080
3.91208333333333	58976
3.91291666666667	57856
3.91375000000000	67392
3.91458333333333	46176
3.91541666666667	57616
3.91625000000000	54304
3.91708333333333	58944
3.91791666666667	50896
3.91875000000000	60944
3.91958333333333	46752
3.92041666666667	60480
3.92125000000000	46448
3.92208333333333	61824
3.92291666666667	62224
3.92375000000000	61792
3.92458333333333	57520
3.92541666666667	54416
3.92625000000000	58320
3.92708333333333	56816
3.92791666666667	55296
3.92876666666667	55824
3.92960000000000	54272
3.93043333333333	52736
3.93126666666667	65696
3.93210000000000	65760
3.93293333333333	64960
3.93376666666667	63856
3.93460000000000	62752
3.93543333333333	65792
3.93626666666667	64496
3.93710000000000	63200
3.93793333333333	44992
3.93876666666667	47504
3.93960000000000	46992
3.94043333333333	46352
3.94126666666667	49408
3.94210000000000	54352
3.94293333333333	59296
3.94376666666667	56832
3.94460000000000	54352
3.94543333333333	54864
3.94628333333333	55216
3.94711666666667	67872
3.94795000000000	64720
3.94878333333333	58992
3.94961666666667	62128
3.95045000000000	63440
3.95128333333333	58000
3.95211666666667	52560
3.95295000000000	45440
3.95378333333333	44416
3.95461666666667	67664
3.95545000000000	66720
3.95628333333333	59296
3.95711666666667	62880
3.95795000000000	62720
3.95878333333333	52304
3.95960000000000	62480
3.96043333333333	64976
3.96126666666667	36864
3.96210000000000	62160
3.96295000000000	60976
3.96378333333333	62608
3.96461666666667	65920
3.96545000000000	75136
3.96628333333333	41136
3.96711666666667	45568
3.96795000000000	66368
3.96878333333333	70944
3.96961666666667	59456
3.97045000000000	59968
3.97128333333333	76880
3.97211666666667	76880
3.97295000000000	71392
3.97378333333333	66112
3.97461666666667	69216
3.97545000000000	39808
3.97628333333333	67088
3.97711666666667	47248
3.97795000000000	58512
3.97878333333333	54336
3.97961666666667	39472
3.98046666666667	62256
3.98130000000000	56192
3.98213333333333	60784
3.98296666666667	57696
3.98380000000000	57888
3.98463333333333	58080
3.98546666666667	56832
3.98630000000000	55104
3.98713333333333	53376
3.98796666666667	62608
3.98880000000000	60384
3.98963333333333	58160
3.99046666666667	75376
3.99130000000000	74160
3.99213333333333	58512
3.99296666666667	69680
3.99380000000000	54912
3.99463333333333	54064
3.99546666666667	61408
3.99630000000000	59936
3.99715000000000	51456
3.99798333333333	54960
3.99881666666667	58448
3.99965000000000	63824
4.00048333333333	71728
4.00131666666667	73488
4.00215000000000	67184
4.00298333333333	59776
4.00381666666667	60304
4.00465000000000	56032
4.00548333333333	45712
4.00631666666667	68064
4.00715000000000	68576
4.00798333333333	74272
4.00881666666667	57536
4.00965000000000	47552
4.01048333333333	68192
4.01131666666667	56640
4.01215000000000	49664
4.01298333333333	66512
4.01381666666667	66480
4.01466666666667	50848
4.01550000000000	68848
4.01633333333333	60192
4.01716666666667	53056
4.01800000000000	53664
4.01883333333333	63072
4.01966666666667	48272
4.02050000000000	62848
4.02133333333333	58240
4.02216666666667	66128
4.02300000000000	68704
4.02383333333333	59440
4.02466666666667	71568
4.02550000000000	58400
4.02633333333333	69392
4.02716666666667	75680
4.02800000000000	58944
4.02883333333333	54144
4.02966666666667	50624
4.03050000000000	52736
4.03135000000000	54832
4.03218333333333	55840
4.03301666666667	56832
4.03385000000000	70544
4.03468333333333	67968
4.03551666666667	58656
4.03635000000000	62016
4.03718333333333	71104
4.03801666666667	69472
4.03885000000000	78048
4.03968333333333	74368
4.04051666666667	70528
4.04135000000000	60784
4.04218333333333	53920
4.04301666666667	60208
4.04385000000000	67088
4.04468333333333	71936
4.04551666666667	70240
4.04635000000000	46032
4.04718333333333	59120
4.04801666666667	63360
4.04886666666667	55152
4.04970000000000	62864
4.05053333333333	64528
4.05136666666667	60608
4.05220000000000	69984
4.05303333333333	70496
4.05386666666667	71008
4.05470000000000	52176
4.05553333333333	62032
4.05636666666667	59888
4.05720000000000	61120
4.05803333333333	62336
4.05886666666667	64208
4.05970000000000	64384
4.06053333333333	53216
4.06136666666667	66496
4.06220000000000	49888
4.06303333333333	62032
4.06386666666667	55120
4.06470000000000	54016
4.06555000000000	58432
4.06638333333333	58576
4.06721666666667	58720
4.06805000000000	45264
4.06888333333333	41344
4.06971666666667	37440
4.07055000000000	43952
4.07138333333333	50464
4.07221666666667	45712
4.07305000000000	40976
4.07388333333333	66048
4.07471666666667	59680
4.07555000000000	57232
4.07638333333333	50000
4.07721666666667	50048
4.07805000000000	52672
4.07888333333333	55296
4.07971666666667	63776
4.08055000000000	64256
4.08136666666667	64736
4.08220000000000	63872
4.08305000000000	63024
4.08388333333333	59968
4.08471666666667	56928
4.08555000000000	61488
4.08638333333333	61184
4.08721666666667	60896
4.08805000000000	46000
4.08888333333333	65504
4.08971666666667	46128
4.09055000000000	73056
4.09138333333333	55968
4.09221666666667	70176
4.09305000000000	69664
4.09388333333333	73904
4.09471666666667	52576
4.09555000000000	51440
4.09638333333333	55344
4.09721666666667	58800
4.09805000000000	62272
4.09888333333333	58656
4.09973333333333	61232
4.10056666666667	69024
4.10140000000000	68448
4.10223333333333	62432
4.10306666666667	42880
4.10390000000000	55264
4.10473333333333	72304
4.10556666666667	59984
4.10640000000000	55264
4.10723333333333	64672
4.10806666666667	50656
4.10890000000000	65552
4.10973333333333	54208
4.11056666666667	65312
4.11140000000000	69344
4.11223333333333	57472
4.11306666666667	56976
4.11390000000000	57552
4.11473333333333	53728
4.11556666666667	47456
4.11640000000000	54880
4.11725000000000	55904
4.11808333333333	56912
4.11891666666667	55104
4.11975000000000	67120
4.12058333333333	62384
4.12141666666667	57648
4.12225000000000	64688
4.12308333333333	58608
4.12391666666667	64992
4.12475000000000	64080
4.12558333333333	63152
4.12641666666667	62848
4.12725000000000	46992
4.12808333333333	51856
4.12891666666667	54432
4.12975000000000	65408
4.13058333333333	63680
4.13141666666667	46976
4.13225000000000	69056
4.13308333333333	56048
4.13393333333333	55888
4.13476666666667	69552
4.13560000000000	65040
4.13643333333333	68544
4.13726666666667	48464
4.13810000000000	47552
4.13893333333333	64432
4.13976666666667	54416
4.14060000000000	43840
4.14143333333333	39744
4.14226666666667	47552
4.14310000000000	60160
4.14393333333333	65296
4.14476666666667	59856
4.14560000000000	66800
4.14643333333333	67536
4.14726666666667	58736
4.14810000000000	58912
4.14893333333333	65104
4.14976666666667	63184
4.15060000000000	64432
4.15145000000000	49392
4.15228333333333	58768
4.15311666666667	70320
4.15395000000000	65664
4.15478333333333	51584
4.15561666666667	63856
4.15645000000000	64672
4.15728333333333	65504
4.15811666666667	58496
4.15895000000000	69440
4.15978333333333	64400
4.16061666666667	58192
4.16145000000000	72816
4.16228333333333	53712
4.16311666666667	54656
4.16395000000000	56032
4.16478333333333	54672
4.16561666666667	56480
4.16645000000000	63088
4.16728333333333	61536
4.16813333333333	59968
4.16896666666667	61344
4.16980000000000	62736
4.17063333333333	58720
4.17146666666667	54704
4.17230000000000	48288
4.17313333333333	48640
4.17396666666667	53152
4.17480000000000	50496
4.17563333333333	47824
4.17646666666667	53376
4.17730000000000	58928
4.17813333333333	63344
4.17896666666667	59488
4.17980000000000	58256
4.18063333333333	58112
4.18146666666667	57968
4.18230000000000	55520
4.18313333333333	53056
4.18396666666667	60256
4.18480000000000	59296
4.18565000000000	65248
4.18648333333333	50640
4.18731666666667	55296
4.18815000000000	55600
4.18898333333333	63808
4.18981666666667	41760
4.19065000000000	42928
4.19148333333333	44080
4.19231666666667	44224
4.19315000000000	44368
4.19398333333333	54096
4.19481666666667	63824
4.19565000000000	58096
4.19648333333333	58352
4.19731666666667	71360
4.19815000000000	74912
4.19898333333333	65904
4.19981666666667	69088
4.20065000000000	49536
4.20148333333333	55376
4.20233333333333	72784
4.20316666666667	69616
4.20400000000000	66944
4.20483333333333	63280
4.20566666666667	49824
4.20650000000000	74208
4.20733333333333	62720
4.20816666666667	61088
4.20900000000000	70080
4.20983333333333	66928
4.21066666666667	64240
4.21150000000000	63760
4.21233333333333	66928
4.21316666666667	64256
4.21400000000000	60784
4.21483333333333	67424
4.21566666666667	66624
4.21650000000000	65104
4.21733333333333	63568
4.21816666666667	55952
4.21900000000000	62832
4.21985000000000	61360
4.22068333333333	58192
4.22151666666667	55008
4.22235000000000	64384
4.22318333333333	51552
4.22401666666667	49552
4.22485000000000	44240
4.22568333333333	62448
4.22651666666667	63440
4.22735000000000	64416
4.22818333333333	58384
4.22901666666667	67280
4.22985000000000	52288
4.23068333333333	49152
4.23151666666667	62672
4.23235000000000	57040
4.23318333333333	58576
4.23401666666667	60096
4.23485000000000	54224
4.23566666666667	62016
4.23651666666667	62144
4.23735000000000	58912
4.23818333333333	63584
4.23901666666667	57520
4.23985000000000	63488
4.24068333333333	73088
4.24151666666667	73856
4.24235000000000	73408
4.24318333333333	66928
4.24401666666667	31972
4.24485000000000	40400
4.24568333333333	53136
4.24651666666667	62976
4.24735000000000	59072
4.24818333333333	49616
4.24901666666667	71472
4.24985000000000	65456
4.25068333333333	54608
4.25151666666667	59104
4.25235000000000	55344
4.25318333333333	51584
4.25403333333333	43344
4.25486666666667	61120
4.25570000000000	71008
4.25653333333333	74752
4.25736666666667	69616
4.25820000000000	83936
4.25903333333333	56704
4.25986666666667	65504
4.26070000000000	55456
4.26153333333333	66256
4.26236666666667	71568
4.26320000000000	61760
4.26403333333333	61232
4.26486666666667	59392
4.26570000000000	58848
4.26653333333333	58304
4.26736666666667	64592
4.26820000000000	64784
4.26903333333333	64976
4.26986666666667	59392
4.27071666666667	64272
4.27155000000000	65888
4.27238333333333	56800
4.27321666666667	61904
4.27405000000000	73744
4.27488333333333	70928
4.27571666666667	57360
4.27655000000000	62752
4.27738333333333	69792
4.27821666666667	65168
4.27905000000000	49872
4.27988333333333	63376
4.28071666666667	64016
4.28155000000000	70592
4.28238333333333	58816
4.28321666666667	75200
4.28405000000000	72896
4.28488333333333	65616
4.28571666666667	56592
4.28655000000000	64752
4.28738333333333	49776
4.28823333333333	62144
4.28906666666667	65328
4.28990000000000	63568
4.29073333333333	41312
4.29156666666667	52752
4.29240000000000	57376
4.29323333333333	64288
4.29406666666667	68336
4.29490000000000	60864
4.29573333333333	65088
4.29656666666667	61824
4.29740000000000	58576
4.29823333333333	65792
4.29906666666667	56672
4.29990000000000	47536
4.30073333333333	65984
4.30156666666667	71056
4.30240000000000	62400
4.30323333333333	59152
4.30406666666667	63776
4.30491666666667	62480
4.30575000000000	61200
4.30658333333333	66416
4.30741666666667	71632
4.30825000000000	45856
4.30908333333333	65216
4.30991666666667	59984
4.31075000000000	66032
4.31158333333333	54560
4.31241666666667	45152
4.31325000000000	58288
4.31408333333333	48432
4.31491666666667	38576
4.31575000000000	57664
4.31658333333333	58784
4.31741666666667	59888
4.31825000000000	67776
4.31908333333333	66896
4.31991666666667	47920
4.32075000000000	68912
4.32158333333333	69376
4.32243333333333	52144
4.32326666666667	66224
4.32410000000000	62192
4.32493333333333	64240
4.32576666666667	62560
4.32660000000000	60880
4.32743333333333	57616
4.32826666666667	57360
4.32910000000000	42096
4.32993333333333	56960
4.33076666666667	56400
4.33160000000000	63744
4.33243333333333	61984
4.33326666666667	60224
4.33410000000000	64064
4.33493333333333	65424
4.33576666666667	65024
4.33658333333333	64608
4.33741666666667	62912
4.33825000000000	62064
4.33910000000000	61200
4.33993333333333	67680
4.34076666666667	55456
4.34160000000000	52144
4.34243333333333	74800
4.34326666666667	68912
4.34410000000000	39888
4.34493333333333	50672
4.34576666666667	62128
4.34660000000000	64608
4.34743333333333	65824
4.34826666666667	60240
4.34910000000000	68448
4.34993333333333	50016
4.35076666666667	53600
4.35160000000000	65584
4.35243333333333	59696
4.35326666666667	56576
4.35410000000000	61552
4.35493333333333	62336
4.35576666666667	70352
4.35661666666667	73536
4.35745000000000	57440
4.35828333333333	59216
4.35911666666667	59696
4.35995000000000	65136
4.36078333333333	60448
4.36161666666667	55744
4.36245000000000	76304
4.36328333333333	73440
4.36411666666667	63024
4.36495000000000	59264
4.36578333333333	64208
4.36661666666667	67808
4.36745000000000	65392
4.36828333333333	50640
4.36911666666667	61120
4.36995000000000	62080
4.37078333333333	60528
4.37161666666667	58976
4.37245000000000	46544
4.37330000000000	67120
4.37413333333333	63632
4.37496666666667	67008
4.37580000000000	70464
4.37663333333333	76256
4.37746666666667	57808
4.37830000000000	54400
4.37913333333333	66928
4.37996666666667	52304
4.38080000000000	61056
4.38163333333333	65712
4.38246666666667	50080
4.38330000000000	53152
4.38413333333333	70928
4.38496666666667	63968
4.38580000000000	67392
4.38663333333333	65040
4.38746666666667	54400
4.38830000000000	61040
4.38913333333333	62560
4.38996666666667	48320
4.39081666666667	56336
4.39165000000000	62544
4.39248333333333	52096
4.39331666666667	66608
4.39415000000000	65504
4.39498333333333	72912
4.39581666666667	64064
4.39665000000000	60880
4.39748333333333	45296
4.39831666666667	64032
4.39915000000000	70896
4.39998333333333	68592
4.40081666666667	67232
4.40165000000000	55312
4.40248333333333	70560
4.40331666666667	69536
4.40415000000000	56800
4.40498333333333	66144
4.40581666666667	65680
4.40665000000000	65904
4.40750000000000	64880
4.40833333333333	63840
4.40916666666667	60576
4.41000000000000	57200
4.41083333333333	59664
4.41166666666667	62144
4.41250000000000	46736
4.41333333333333	53840
4.41416666666667	60928
4.41500000000000	66112
4.41583333333333	59552
4.41666666666667	66272
4.41750000000000	63504
4.41833333333333	65904
4.41916666666667	65184
4.42000000000000	64464
4.42083333333333	60912
4.42166666666667	53920
4.42250000000000	65648
4.42333333333333	52832
4.42416666666667	60528
4.42501666666667	54208
4.42585000000000	57008
4.42668333333333	59824
4.42751666666667	58752
4.42835000000000	57680
4.42918333333333	55872
4.43001666666667	56320
4.43085000000000	43168
4.43168333333333	62640
4.43251666666667	58464
4.43335000000000	54288
4.43418333333333	64256
4.43501666666667	56000
4.43585000000000	60352
4.43668333333333	65008
4.43751666666667	69680
4.43835000000000	72960
4.43918333333333	65872
4.44001666666667	69744
4.44085000000000	62656
4.44170000000000	68976
4.44253333333333	64928
4.44336666666667	54864
4.44420000000000	57488
4.44503333333333	63840
4.44586666666667	63136
4.44670000000000	54064
4.44753333333333	62848
4.44836666666667	56800
4.44920000000000	58816
4.45003333333333	50368
4.45086666666667	73968
4.45170000000000	70608
4.45253333333333	74672
4.45336666666667	71120
4.45420000000000	61216
4.45503333333333	50096
4.45586666666667	43216
4.45670000000000	82144
4.45753333333333	71152
4.45836666666667	57984
4.45921666666667	61984
4.46005000000000	64496
4.46088333333333	61504
4.46171666666667	60272
4.46255000000000	63984
4.46338333333333	39648
4.46421666666667	46320
4.46505000000000	57872
4.46588333333333	48160
4.46671666666667	49808
4.46755000000000	64400
4.46838333333333	61376
4.46921666666667	61696
4.47005000000000	50944
4.47088333333333	53472
4.47171666666667	55456
4.47255000000000	57456
4.47338333333333	58608
4.47421666666667	52448
4.47505000000000	44048
4.47590000000000	44864
4.47673333333333	64096
4.47756666666667	60880
4.47840000000000	61632
4.47923333333333	45312
4.48006666666667	67536
4.48090000000000	63264
4.48173333333333	71024
4.48256666666667	70160
4.48340000000000	69280
4.48423333333333	64224
4.48506666666667	63680
4.48590000000000	73984
4.48673333333333	71824
4.48756666666667	67232
4.48840000000000	38592
4.48921666666667	57776
4.49005000000000	54256
4.49088333333333	56864
4.49171666666667	58688
4.49255000000000	62752
4.49340000000000	61680
4.49423333333333	60624
4.49506666666667	59696
4.49590000000000	51136
4.49673333333333	45968
4.49756666666667	65456
4.49840000000000	65104
4.49923333333333	75904
