1.50331666666667	0
1.50665000000000	0
1.50998333333333	621
1.51331666666667	229
1.51665000000000	0
1.51998333333333	12
1.52331666666667	223
1.52665000000000	434
1.52998333333333	422
1.53331666666667	0
1.53666666666667	13
1.54000000000000	0
1.54333333333333	0
1.54666666666667	0
1.55000000000000	0
1.55335000000000	0
1.55668333333333	655
1.56001666666667	643
1.56335000000000	571
1.56668333333333	624
1.57003333333333	34
1.57336666666667	0
1.57670000000000	0
1.58003333333333	0
1.58336666666667	0
1.58671666666667	0
1.59005000000000	14
1.59338333333333	7
1.59671666666667	0
1.60003333333333	0
1.60338333333333	0
1.60671666666667	0
1.61005000000000	0
1.61338333333333	100
1.61671666666667	134
1.62005000000000	168
1.62340000000000	0
1.62673333333333	0
1.63006666666667	0
1.63340000000000	21
1.63673333333333	313
1.64008333333333	368
1.64341666666667	276
1.64675000000000	0
1.65008333333333	0
1.65341666666667	0
1.65676666666667	448
1.66010000000000	397
1.66343333333333	0
1.66675000000000	0
1.67008333333333	0
1.67343333333333	244
1.67676666666667	199
1.68010000000000	0
1.68343333333333	46
1.68676666666667	23
1.69011666666667	0
1.69345000000000	73
1.69678333333333	36
1.70011666666667	0
1.70345000000000	0
1.70680000000000	0
1.71013333333333	902
1.71346666666667	804
1.71680000000000	595
1.72013333333333	22
1.72348333333333	298
1.72681666666667	313
1.73015000000000	327
1.73348333333333	0
1.73681666666667	0
1.74016666666667	0
1.74350000000000	0
1.74683333333333	0
1.75016666666667	0
1.75350000000000	0
1.75683333333333	0
1.76018333333333	0
1.76351666666667	0
1.76685000000000	0
1.77018333333333	0
1.77351666666667	0
1.77686666666667	0
1.78020000000000	0
1.78353333333333	0
1.78686666666667	0
1.79020000000000	0
1.79355000000000	0
1.79688333333333	0
1.80021666666667	0
1.80355000000000	0
1.80688333333333	0
1.81023333333333	0
1.81356666666667	0
1.81690000000000	671
1.82023333333333	707
1.82356666666667	353
1.82690000000000	0
1.83023333333333	0
1.83356666666667	259
1.83690000000000	0
1.84023333333333	402
1.84358333333333	392
1.84691666666667	0
1.85025000000000	436
1.85358333333333	0
1.85691666666667	0
1.86026666666667	0
1.86360000000000	0
1.86693333333333	0
1.87026666666667	0
1.87360000000000	0
1.87695000000000	0
1.88028333333333	0
1.88361666666667	0
1.88695000000000	764
1.89028333333333	382
1.89361666666667	0
1.89696666666667	0
1.90030000000000	0
1.90363333333333	0
1.90696666666667	0
1.91030000000000	0
1.91365000000000	0
1.91698333333333	0
1.92031666666667	97
1.92365000000000	49
1.92698333333333	0
1.93033333333333	0
1.93366666666667	0
1.93700000000000	0
1.94033333333333	656
1.94366666666667	328
1.94701666666667	0
1.95035000000000	213
1.95368333333333	481
1.95701666666667	256
1.96035000000000	0
1.96370000000000	0
1.96703333333333	0
1.97036666666667	0
1.97370000000000	514
1.97703333333333	488
1.98038333333333	335
1.98371666666667	13
1.98705000000000	0
1.99038333333333	12
1.99371666666667	0
1.99706666666667	0
2.00040000000000	154
2.00373333333333	77
2.00706666666667	0
2.01040000000000	0
2.01375000000000	0
2.01708333333333	0
2.02041666666667	0
2.02375000000000	0
2.02708333333333	0
2.03040000000000	6
2.03375000000000	3
2.03708333333333	0
2.04041666666667	0
2.04375000000000	0
2.04708333333333	0
2.05043333333333	0
2.05376666666667	0
2.05710000000000	0
2.06043333333333	0
2.06376666666667	0
2.06711666666667	0
2.07045000000000	0
2.07378333333333	0
2.07711666666667	0
2.08045000000000	0
2.08380000000000	0
2.08713333333333	0
2.09046666666667	0
2.09380000000000	0
2.09713333333333	0
2.10048333333333	0
2.10381666666667	0
2.10715000000000	0
2.11048333333333	0
2.11381666666667	0
2.11716666666667	0
2.12050000000000	0
2.12383333333333	0
2.12716666666667	0
2.13050000000000	0
2.13385000000000	0
2.13718333333333	0
2.14051666666667	0
2.14385000000000	0
2.14718333333333	0
2.15053333333333	413
2.15386666666667	469
2.15720000000000	525
2.16053333333333	236
2.16386666666667	0
2.16720000000000	0
2.17055000000000	290
2.17388333333333	0
2.17721666666667	0
2.18055000000000	0
2.18386666666667	0
2.18721666666667	0
2.19055000000000	0
2.19388333333333	0
2.19721666666667	0
2.20055000000000	0
2.20390000000000	0
2.20723333333333	0
2.21056666666667	0
2.21390000000000	0
2.21723333333333	0
2.22058333333333	0
2.22391666666667	0
2.22725000000000	0
2.23058333333333	361
2.23391666666667	445
2.23726666666667	593
2.24060000000000	0
2.24393333333333	0
2.24726666666667	0
2.25060000000000	0
2.25395000000000	0
2.25728333333333	357
2.26061666666667	548
2.26395000000000	482
2.26728333333333	417
2.27063333333333	586
2.27396666666667	755
2.27730000000000	993
2.28063333333333	638
2.28395000000000	282
2.28730000000000	731
2.29063333333333	1179
2.29396666666667	2316
2.29730000000000	3105
2.30063333333333	3455
2.30396666666667	3075
2.30731666666667	2695
2.31065000000000	2827
2.31398333333333	2960
2.31731666666667	3410
2.32065000000000	1408
2.32400000000000	3834
2.32733333333333	5043
2.33066666666667	6060
2.33400000000000	4335
2.33733333333333	3878
2.34068333333333	6731
2.34401666666667	2813
2.34735000000000	10908
2.35068333333333	10124
2.35401666666667	9264
2.35736666666667	6699
2.36070000000000	11264
2.36403333333333	9468
2.36736666666667	7284
2.37070000000000	14096
2.37405000000000	13932
2.37738333333333	11944
2.38071666666667	9956
2.38405000000000	13752
2.38736666666667	11128
2.39071666666667	16028
2.39405000000000	16616
2.39738333333333	17204
2.40071666666667	15888
2.40405000000000	13656
2.40740000000000	18168
2.41073333333333	20184
2.41406666666667	25172
2.41740000000000	27436
2.42073333333333	22724
2.42408333333333	28696
2.42741666666667	29056
2.43075000000000	24024
2.43408333333333	23608
2.43741666666667	26728
2.44075000000000	13544
2.44410000000000	29740
2.44743333333333	23120
2.45076666666667	24432
2.45410000000000	32880
2.45743333333333	33472
2.46078333333333	30224
2.46411666666667	26984
2.46745000000000	35168
2.47078333333333	34640
2.47410000000000	33952
2.47745000000000	32404
2.48078333333333	33120
2.48411666666667	29000
2.48745000000000	33328
2.49078333333333	32404
2.49413333333333	31476
2.49746666666667	35344
2.50080000000000	35824
2.50413333333333	36320
2.50746666666667	42128
2.51081666666667	43920
2.51415000000000	36400
2.51748333333333	36912
2.52081666666667	28704
2.52415000000000	42544
2.52750000000000	39872
2.53083333333333	41296
2.53416666666667	42672
2.53750000000000	44048
2.54083333333333	45296
2.54418333333333	46528
2.54751666666667	53600
2.55085000000000	51488
2.55418333333333	53728
2.55751666666667	49920
2.56086666666667	47632
2.56420000000000	56000
2.56753333333333	55056
2.57086666666667	57600
2.57420000000000	56880
2.57753333333333	46624
2.58088333333333	52736
2.58421666666667	55328
2.58755000000000	32976
2.59086666666667	52448
2.59420000000000	54192
2.59755000000000	48240
2.60088333333333	42320
2.60421666666667	59536
2.60755000000000	59408
2.61088333333333	50928
2.61423333333333	51072
2.61756666666667	51728
2.62090000000000	46960
2.62423333333333	54368
2.62756666666667	58912
2.63091666666667	56016
2.63425000000000	44192
2.63758333333333	55168
2.64091666666667	53808
2.64425000000000	52432
2.64760000000000	51200
2.65093333333333	47984
2.65426666666667	47232
2.65760000000000	59264
2.66093333333333	59312
2.66428333333333	57824
2.66761666666667	55088
2.67095000000000	49968
2.67428333333333	54944
2.67761666666667	56896
2.68096666666667	53520
2.68430000000000	48544
2.68763333333333	55440
2.69096666666667	52432
2.69430000000000	38656
2.69763333333333	63840
2.70096666666667	60464
2.70430000000000	62128
2.70763333333333	62784
2.71096666666667	55472
2.71430000000000	64272
2.71765000000000	53040
2.72098333333333	52976
2.72431666666667	57648
2.72765000000000	57664
2.73098333333333	58192
2.73433333333333	58736
2.73766666666667	55616
2.74100000000000	57136
2.74433333333333	58672
2.74766666666667	59792
2.75101666666667	60912
2.75435000000000	31400
2.75768333333333	71600
2.76101666666667	55792
2.76435000000000	64768
2.76770000000000	61632
2.77103333333333	45328
2.77436666666667	73200
2.77770000000000	52512
2.78103333333333	59664
2.78438333333333	56096
2.78771666666667	59552
2.79105000000000	62992
2.79438333333333	45824
2.79770000000000	52128
2.80105000000000	49232
2.80438333333333	61856
2.80771666666667	62528
2.81105000000000	58288
2.81438333333333	61200
2.81773333333333	62816
2.82106666666667	64416
2.82440000000000	56448
2.82773333333333	55680
2.83106666666667	42624
2.83441666666667	49920
2.83775000000000	57216
2.84108333333333	55440
2.84441666666667	53472
2.84775000000000	69504
2.85108333333333	75216
2.85443333333333	69680
2.85776666666667	66480
2.86110000000000	61680
2.86443333333333	56672
2.86776666666667	53392
2.87111666666667	54032
2.87445000000000	54880
2.87778333333333	55712
2.88111666666667	54512
2.88445000000000	53312
2.88778333333333	54160
2.89111666666667	55024
2.89445000000000	36512
2.89778333333333	67536
2.90111666666667	59424
2.90446666666667	40560
2.90780000000000	67152
2.91113333333333	59104
2.91446666666667	65616
2.91780000000000	63280
2.92115000000000	65024
2.92448333333333	60560
2.92781666666667	50032
2.93115000000000	61456
2.93448333333333	59088
2.93783333333333	55568
2.94116666666667	47776
2.94450000000000	59376
2.94783333333333	56576
2.95116666666667	53776
2.95451666666667	66992
2.95785000000000	67984
2.96118333333333	51488
2.96451666666667	50240
2.96785000000000	68624
2.97120000000000	62160
2.97453333333333	53568
2.97786666666667	68448
2.98120000000000	52912
2.98453333333333	41184
2.98786666666667	60624
2.99121666666667	60064
2.99455000000000	60704
2.99788333333333	55568
3.00121666666667	63520
3.00455000000000	59376
3.00790000000000	56016
3.01123333333333	63088
3.01456666666667	62032
3.01788333333333	52448
3.02121666666667	64832
3.02456666666667	59616
3.02790000000000	57504
3.03123333333333	56320
3.03456666666667	55152
3.03790000000000	61648
3.04125000000000	62464
3.04458333333333	63232
3.04791666666667	69776
3.05125000000000	48512
3.05458333333333	61984
3.05793333333333	67984
3.06126666666667	46864
3.06460000000000	64736
3.06793333333333	52112
3.07126666666667	65808
3.07461666666667	57392
3.07795000000000	48720
3.08128333333333	58736
3.08461666666667	62208
3.08795000000000	66240
3.09130000000000	62480
3.09463333333333	62080
3.09796666666667	55856
3.10130000000000	48080
3.10463333333333	58528
3.10798333333333	54896
3.11131666666667	51248
3.11465000000000	59344
3.11798333333333	47216
3.12131666666667	55888
3.12463333333333	35440
3.12798333333333	59872
3.13131666666667	44688
3.13465000000000	47968
3.13798333333333	51248
3.14131666666667	56096
3.14466666666667	53072
3.14800000000000	59248
3.15133333333333	57184
3.15466666666667	55120
3.15800000000000	47168
3.16135000000000	55904
3.16468333333333	52400
3.16801666666667	60736
3.17135000000000	59216
3.17468333333333	47456
3.17803333333333	47504
3.18136666666667	67872
3.18470000000000	60608
3.18803333333333	53344
3.19136666666667	59920
3.19471666666667	58448
3.19805000000000	53136
3.20138333333333	62960
3.20471666666667	65472
3.20805000000000	59920
3.21140000000000	62384
3.21473333333333	49440
3.21806666666667	58288
3.22140000000000	52528
3.22473333333333	54624
3.22808333333333	54512
3.23141666666667	50032
3.23475000000000	53168
3.23808333333333	56320
3.24140000000000	56160
3.24475000000000	53536
3.24808333333333	55200
3.25141666666667	56880
3.25475000000000	67088
3.25808333333333	68048
3.26141666666667	57936
3.26476666666667	64320
3.26810000000000	65968
3.27143333333333	59008
3.27476666666667	62704
3.27810000000000	59184
3.28145000000000	63232
3.28478333333333	52224
3.28811666666667	65920
3.29145000000000	59088
3.29478333333333	52256
3.29813333333333	58832
3.30146666666667	66192
3.30480000000000	70608
3.30813333333333	65664
3.31146666666667	61088
3.31481666666667	60368
3.31815000000000	62928
3.32148333333333	68592
3.32481666666667	44416
3.32813333333333	60336
3.33148333333333	56160
3.33481666666667	59216
3.33815000000000	44224
3.34148333333333	66288
3.34481666666667	58272
3.34816666666667	60400
3.35150000000000	64672
3.35483333333333	58528
3.35816666666667	62288
3.36150000000000	63072
3.36485000000000	62768
3.36818333333333	44864
3.37151666666667	51376
3.37485000000000	62432
3.37818333333333	71568
3.38153333333333	67552
3.38486666666667	72112
3.38820000000000	60864
3.39153333333333	67232
3.39486666666667	55264
3.39820000000000	65168
3.40155000000000	63824
3.40488333333333	60240
3.40821666666667	49184
3.41155000000000	56608
3.41486666666667	59088
3.41821666666667	52656
3.42155000000000	46224
3.42488333333333	70784
3.42821666666667	75968
3.43155000000000	56880
3.43490000000000	63568
3.43823333333333	68384
3.44156666666667	61952
3.44490000000000	39760
3.44823333333333	61408
3.45158333333333	62368
3.45491666666667	58448
3.45825000000000	65200
3.46158333333333	56336
3.46491666666667	60816
3.46826666666667	64736
3.47160000000000	55712
3.47493333333333	55152
3.47826666666667	61056
3.48160000000000	54416
3.48495000000000	58384
3.48828333333333	62496
3.49161666666667	52048
3.49495000000000	58256
3.49828333333333	54816
3.50163333333333	61808
3.50496666666667	59280
3.50830000000000	56768
3.51163333333333	58832
3.51496666666667	58192
3.51830000000000	57552
3.52163333333333	50848
3.52496666666667	56272
3.52830000000000	61712
3.53163333333333	65344
3.53496666666667	60608
3.53831666666667	57296
3.54165000000000	54944
3.54498333333333	51792
3.54831666666667	48640
3.55165000000000	51568
3.55500000000000	54480
3.55833333333333	46432
3.56166666666667	63344
3.56500000000000	63280
3.56833333333333	59168
3.57168333333333	63760
3.57501666666667	59168
3.57835000000000	64528
3.58168333333333	64368
3.58501666666667	53488
3.58836666666667	54512
3.59170000000000	57056
3.59503333333333	55552
3.59836666666667	62048
3.60168333333333	56240
3.60503333333333	50432
3.60836666666667	52704
3.61170000000000	52928
3.61503333333333	53168
3.61836666666667	53072
3.62171666666667	53808
3.62505000000000	43408
3.62838333333333	65648
3.63171666666667	58704
3.63505000000000	64672
3.63840000000000	72704
3.64173333333333	68992
3.64506666666667	58064
3.64840000000000	70064
3.65173333333333	49264
3.65508333333333	57888
3.65841666666667	72096
3.66175000000000	58944
3.66508333333333	63040
3.66841666666667	54480
3.67175000000000	70160
3.67510000000000	65824
3.67843333333333	64272
3.68176666666667	48080
3.68510000000000	62896
3.68843333333333	55952
3.69178333333333	57328
3.69511666666667	59312
3.69845000000000	60048
3.70178333333333	67760
3.70511666666667	48528
3.70846666666667	52688
3.71180000000000	66384
3.71513333333333	67456
3.71846666666667	56448
3.72180000000000	58752
3.72515000000000	67168
3.72848333333333	52512
3.73181666666667	69840
3.73515000000000	54624
3.73848333333333	50656
3.74181666666667	46288
3.74515000000000	66064
3.74848333333333	71264
3.75181666666667	56160
3.75515000000000	63056
3.75850000000000	61280
3.76183333333333	63984
3.76516666666667	59696
3.76850000000000	59328
3.77183333333333	58960
3.77518333333333	46000
3.77851666666667	62880
3.78185000000000	57584
3.78518333333333	71152
3.78851666666667	60640
3.79186666666667	64304
3.79520000000000	51152
3.79853333333333	40096
3.80186666666667	57552
3.80520000000000	45856
3.80853333333333	59952
3.81188333333333	63712
3.81521666666667	46640
3.81855000000000	50400
3.82188333333333	54160
3.82521666666667	52048
3.82856666666667	49936
3.83190000000000	53312
3.83523333333333	56672
3.83856666666667	56672
3.84188333333333	56656
3.84523333333333	60192
3.84856666666667	51712
3.85190000000000	53088
3.85523333333333	55264
3.85856666666667	57424
3.86191666666667	63280
3.86525000000000	43312
3.86858333333333	52768
3.87191666666667	50736
3.87525000000000	49248
3.87860000000000	47744
3.88193333333333	58816
3.88526666666667	57200
3.88860000000000	55568
3.89193333333333	55584
3.89528333333333	55616
3.89861666666667	55280
3.90195000000000	51808
3.90528333333333	46992
3.90861666666667	42192
3.91196666666667	66544
3.91530000000000	64096
3.91863333333333	51392
3.92196666666667	55120
3.92530000000000	58832
3.92865000000000	54768
3.93198333333333	50896
3.93531666666667	47024
3.93865000000000	61856
3.94196666666667	64560
3.94530000000000	54768
3.94865000000000	47712
3.95198333333333	63472
3.95531666666667	60624
3.95865000000000	54880
3.96198333333333	66816
3.96533333333333	58384
3.96866666666667	64048
3.97200000000000	53008
3.97533333333333	67552
3.97866666666667	57456
3.98201666666667	68080
3.98535000000000	51552
3.98868333333333	41264
3.99201666666667	46688
3.99535000000000	51680
3.99870000000000	51264
4.00203333333333	50832
4.00536666666667	49408
4.00870000000000	47984
4.01203333333333	70160
4.01538333333333	64704
4.01871666666667	57216
4.02205000000000	51024
4.02538333333333	58320
4.02870000000000	44448
4.03205000000000	52768
4.03538333333333	56432
4.03871666666667	67040
4.04205000000000	64944
4.04538333333333	65472
4.04873333333333	55344
4.05206666666667	64304
4.05540000000000	53392
4.05873333333333	64880
4.06206666666667	54576
4.06541666666667	65712
4.06875000000000	45568
4.07208333333333	53968
4.07541666666667	55760
4.07875000000000	59280
4.08208333333333	62240
4.08543333333333	40592
4.08876666666667	48880
4.09210000000000	50288
4.09543333333333	58224
4.09876666666667	60864
4.10211666666667	65152
4.10545000000000	64544
4.10878333333333	49536
4.11211666666667	36704
4.11545000000000	63744
4.11880000000000	64144
4.12213333333333	46128
4.12546666666667	72160
4.12880000000000	51968
4.13211666666667	64528
4.13546666666667	65568
4.13880000000000	58272
4.14213333333333	56352
4.14546666666667	54432
4.14880000000000	58608
4.15215000000000	62768
4.15548333333333	61008
4.15881666666667	59248
4.16215000000000	60768
4.16548333333333	62288
4.16883333333333	63984
4.17216666666667	56880
4.17550000000000	49776
4.17883333333333	59456
4.18216666666667	61072
4.18551666666667	58576
4.18885000000000	61056
4.19218333333333	59088
4.19551666666667	64880
4.19885000000000	53088
4.20220000000000	60720
4.20553333333333	47424
4.20886666666667	54000
4.21220000000000	52416
4.21553333333333	56688
4.21886666666667	60960
4.22221666666667	60336
4.22555000000000	50048
4.22888333333333	49280
4.23221666666667	51536
4.23553333333333	49760
4.23888333333333	47968
4.24221666666667	42720
4.24555000000000	46256
4.24888333333333	49808
4.25221666666667	43136
4.25556666666667	46864
4.25890000000000	50592
4.26223333333333	57904
4.26556666666667	63552
4.26890000000000	66560
4.27225000000000	62704
4.27558333333333	69808
4.27891666666667	42624
4.28225000000000	48816
4.28558333333333	56480
4.28893333333333	73744
4.29226666666667	66192
4.29560000000000	59344
4.29893333333333	60224
4.30226666666667	64256
4.30561666666667	42016
4.30895000000000	74608
4.31228333333333	61920
4.31561666666667	63360
4.31893333333333	70368
4.32228333333333	60352
4.32561666666667	39120
4.32895000000000	66528
4.33228333333333	53056
4.33561666666667	59280
4.33896666666667	62544
4.34230000000000	60800
4.34563333333333	67232
4.34896666666667	53840
4.35230000000000	56992
4.35563333333333	64176
4.35898333333333	68928
4.36231666666667	67136
4.36565000000000	60512
4.36898333333333	65568
4.37231666666667	44800
4.37566666666667	60688
4.37900000000000	61296
4.38233333333333	62800
4.38566666666667	56432
4.38900000000000	57104
4.39235000000000	54368
4.39568333333333	53072
4.39901666666667	51760
4.40235000000000	59296
4.40568333333333	66816
4.40901666666667	63648
4.41235000000000	63152
4.41568333333333	58304
4.41901666666667	58032
4.42235000000000	59824
4.42570000000000	46880
4.42903333333333	54288
4.43236666666667	61696
4.43570000000000	55328
4.43903333333333	59200
4.44238333333333	63088
4.44571666666667	57424
4.44905000000000	58896
4.45238333333333	53104
4.45571666666667	61568
4.45906666666667	57744
4.46240000000000	51680
4.46573333333333	54096
4.46906666666667	53344
4.47240000000000	59648
4.47575000000000	72688
4.47908333333333	77152
4.48241666666667	71904
4.48575000000000	70352
4.48908333333333	72848
4.49240000000000	58976
4.49575000000000	52608
