1.50330000000000	0
1.50663333333333	256
1.50996666666667	1077
1.51330000000000	477
1.51663333333333	1056
1.51998333333333	153
1.52331666666667	614
1.52665000000000	782
1.52998333333333	1193
1.53331666666667	0
1.53666666666667	726
1.54000000000000	1018
1.54333333333333	1106
1.54666666666667	906
1.55000000000000	896
1.55335000000000	885
1.55668333333333	743
1.56001666666667	602
1.56335000000000	898
1.56668333333333	467
1.57003333333333	954
1.57336666666667	717
1.57670000000000	480
1.58003333333333	489
1.58336666666667	227
1.58671666666667	12
1.59005000000000	0
1.59338333333333	218
1.59671666666667	436
1.60005000000000	586
1.60340000000000	736
1.60673333333333	440
1.61006666666667	273
1.61340000000000	354
1.61671666666667	499
1.62005000000000	395
1.62340000000000	291
1.62673333333333	14
1.63006666666667	60
1.63340000000000	106
1.63673333333333	333
1.64008333333333	279
1.64341666666667	614
1.64675000000000	513
1.65008333333333	412
1.65341666666667	546
1.65676666666667	492
1.66010000000000	598
1.66343333333333	320
1.66676666666667	297
1.67010000000000	0
1.67345000000000	259
1.67678333333333	130
1.68011666666667	0
1.68345000000000	839
1.68678333333333	1151
1.69013333333333	1000
1.69346666666667	0
1.69680000000000	1114
1.70013333333333	432
1.70346666666667	215
1.70681666666667	143
1.71015000000000	0
1.71348333333333	291
1.71681666666667	62
1.72013333333333	298
1.72348333333333	534
1.72681666666667	521
1.73015000000000	509
1.73348333333333	1238
1.73681666666667	1246
1.74016666666667	1139
1.74350000000000	501
1.74683333333333	0
1.75016666666667	1205
1.75350000000000	0
1.75683333333333	433
1.76018333333333	539
1.76351666666667	469
1.76685000000000	486
1.77018333333333	360
1.77351666666667	1208
1.77686666666667	1152
1.78020000000000	596
1.78353333333333	322
1.78686666666667	0
1.79020000000000	6
1.79355000000000	12
1.79688333333333	6
1.80021666666667	0
1.80353333333333	424
1.80686666666667	371
1.81021666666667	318
1.81355000000000	400
1.81688333333333	483
1.82021666666667	729
1.82355000000000	365
1.82690000000000	0
1.83023333333333	860
1.83356666666667	403
1.83690000000000	0
1.84023333333333	301
1.84358333333333	299
1.84691666666667	0
1.85025000000000	805
1.85358333333333	925
1.85691666666667	916
1.86026666666667	835
1.86360000000000	0
1.86693333333333	1129
1.87026666666667	144
1.87358333333333	260
1.87693333333333	948
1.88026666666667	136
1.88360000000000	0
1.88693333333333	617
1.89026666666667	0
1.89360000000000	378
1.89695000000000	689
1.90028333333333	739
1.90361666666667	95
1.90695000000000	438
1.91028333333333	491
1.91363333333333	27
1.91696666666667	200
1.92030000000000	374
1.92363333333333	0
1.92696666666667	425
1.93031666666667	729
1.93365000000000	448
1.93698333333333	647
1.94031666666667	1555
1.94365000000000	1333
1.94700000000000	239
1.95033333333333	815
1.95366666666667	449
1.95700000000000	157
1.96033333333333	274
1.96368333333333	531
1.96701666666667	395
1.97035000000000	259
1.97368333333333	683
1.97701666666667	432
1.98036666666667	181
1.98370000000000	665
1.98703333333333	373
1.99036666666667	237
1.99370000000000	0
1.99703333333333	467
2.00036666666667	725
2.00370000000000	792
2.00703333333333	0
2.01036666666667	93
2.01371666666667	186
2.01705000000000	280
2.02038333333333	373
2.02371666666667	187
2.02705000000000	0
2.03038333333333	395
2.03373333333333	1480
2.03706666666667	1489
2.04040000000000	780
2.04373333333333	147
2.04706666666667	112
2.05041666666667	53
2.05375000000000	436
2.05708333333333	418
2.06041666666667	235
2.06375000000000	340
2.06710000000000	216
2.07043333333333	0
2.07376666666667	600
2.07708333333333	560
2.08041666666667	467
2.08376666666667	373
2.08710000000000	274
2.09043333333333	399
2.09376666666667	375
2.09710000000000	351
2.10045000000000	398
2.10378333333333	444
2.10711666666667	222
2.11045000000000	0
2.11378333333333	0
2.11713333333333	38
2.12046666666667	0
2.12380000000000	0
2.12713333333333	0
2.13046666666667	0
2.13381666666667	244
2.13715000000000	488
2.14048333333333	244
2.14381666666667	0
2.14715000000000	112
2.15050000000000	225
2.15383333333333	112
2.15716666666667	0
2.16050000000000	0
2.16383333333333	171
2.16716666666667	342
2.17051666666667	424
2.17385000000000	506
2.17718333333333	0
2.18050000000000	0
2.18383333333333	0
2.18718333333333	651
2.19051666666667	649
2.19385000000000	647
2.19718333333333	0
2.20051666666667	351
2.20386666666667	579
2.20720000000000	438
2.21053333333333	631
2.21386666666667	522
2.21720000000000	413
2.22055000000000	0
2.22388333333333	955
2.22721666666667	1437
2.23055000000000	946
2.23388333333333	651
2.23723333333333	0
2.24056666666667	465
2.24390000000000	587
2.24723333333333	898
2.25056666666667	2652
2.25390000000000	2141
2.25723333333333	1635
2.26056666666667	1131
2.26390000000000	3912
2.26723333333333	6654
2.27058333333333	4832
2.27391666666667	3630
2.27725000000000	7124
2.28058333333333	6897
2.28391666666667	7031
2.28726666666667	10204
2.29060000000000	11428
2.29393333333333	14420
2.29726666666667	13392
2.30060000000000	12364
2.30393333333333	7340
2.30728333333333	14512
2.31061666666667	16584
2.31395000000000	19388
2.31728333333333	20372
2.32061666666667	14988
2.32396666666667	18316
2.32730000000000	24720
2.33063333333333	27376
2.33395000000000	27800
2.33728333333333	33600
2.34063333333333	32976
2.34396666666667	34912
2.34730000000000	36864
2.35063333333333	23752
2.35396666666667	32568
2.35731666666667	33664
2.36065000000000	31768
2.36398333333333	48256
2.36731666666667	52224
2.37065000000000	53648
2.37400000000000	54272
2.37733333333333	53536
2.38066666666667	52784
2.38400000000000	68960
2.38733333333333	69680
2.39068333333333	70800
2.39401666666667	68528
2.39735000000000	70832
2.40068333333333	68144
2.40401666666667	63888
2.40736666666667	74832
2.41070000000000	91632
2.41403333333333	102960
2.41736666666667	89952
2.42070000000000	88576
2.42405000000000	94144
2.42738333333333	86272
2.43071666666667	99376
2.43405000000000	95952
2.43736666666667	92544
2.44070000000000	103904
2.44405000000000	100272
2.44738333333333	103360
2.45071666666667	100352
2.45405000000000	89216
2.45738333333333	114736
2.46073333333333	108416
2.46406666666667	104592
2.46740000000000	94128
2.47073333333333	105168
2.47406666666667	84656
2.47741666666667	129792
2.48075000000000	129280
2.48408333333333	129616
2.48741666666667	129792
2.49075000000000	111056
2.49410000000000	119856
2.49743333333333	116656
2.50076666666667	113376
2.50410000000000	127184
2.50743333333333	141632
2.51076666666667	143360
2.51410000000000	154752
2.51743333333333	110240
2.52076666666667	155264
2.52410000000000	142720
2.52745000000000	150016
2.53078333333333	123568
2.53411666666667	141568
2.53745000000000	138176
2.54078333333333	144576
2.54413333333333	121120
2.54746666666667	133312
2.55080000000000	159360
2.55413333333333	160960
2.55746666666667	127904
2.56081666666667	139456
2.56415000000000	157568
2.56748333333333	155712
2.57081666666667	151744
2.57413333333333	163904
2.57746666666667	165568
2.58081666666667	163456
2.58415000000000	146432
2.58748333333333	141888
2.59081666666667	159744
2.59415000000000	159040
2.59750000000000	158400
2.60083333333333	172736
2.60416666666667	120816
2.60750000000000	122176
2.61083333333333	110032
2.61418333333333	161728
2.61751666666667	173696
2.62085000000000	173376
2.62418333333333	159296
2.62751666666667	141376
2.63086666666667	173568
2.63420000000000	170240
2.63753333333333	150976
2.64086666666667	149312
2.64420000000000	169792
2.64755000000000	156416
2.65088333333333	173056
2.65421666666667	180992
2.65755000000000	174528
2.66088333333333	133056
2.66423333333333	192448
2.66756666666667	184576
2.67090000000000	177088
2.67423333333333	155904
2.67756666666667	128400
2.68091666666667	185728
2.68425000000000	204288
2.68758333333333	162048
2.69091666666667	155200
2.69423333333333	173120
2.69758333333333	154880
2.70091666666667	175744
2.70425000000000	153984
2.70758333333333	165312
2.71091666666667	183744
2.71425000000000	160192
2.71760000000000	155904
2.72093333333333	187328
2.72426666666667	179776
2.72760000000000	144320
2.73093333333333	145920
2.73428333333333	162176
2.73761666666667	153152
2.74095000000000	147648
2.74428333333333	164928
2.74761666666667	182272
2.75096666666667	176000
2.75430000000000	186560
2.75763333333333	173440
2.76096666666667	164224
2.76430000000000	171520
2.76765000000000	163136
2.77098333333333	154752
2.77431666666667	150272
2.77765000000000	181632
2.78098333333333	182592
2.78433333333333	166400
2.78766666666667	158976
2.79100000000000	158272
2.79433333333333	182016
2.79766666666667	173888
2.80100000000000	165760
2.80433333333333	174912
2.80766666666667	184064
2.81100000000000	175232
2.81433333333333	166400
2.81768333333333	147968
2.82101666666667	156928
2.82435000000000	165888
2.82768333333333	175424
2.83101666666667	164992
2.83436666666667	191872
2.83770000000000	135232
2.84103333333333	136192
2.84436666666667	203712
2.84770000000000	185408
2.85103333333333	172416
2.85438333333333	198272
2.85771666666667	197632
2.86105000000000	199936
2.86438333333333	164352
2.86771666666667	180672
2.87106666666667	209728
2.87440000000000	175744
2.87773333333333	144768
2.88106666666667	176064
2.88440000000000	159808
2.88775000000000	161472
2.89108333333333	156992
2.89441666666667	185280
2.89775000000000	118368
2.90108333333333	157632
2.90443333333333	189184
2.90776666666667	132928
2.91110000000000	197312
2.91443333333333	175808
2.91776666666667	169024
2.92111666666667	202624
2.92445000000000	189952
2.92778333333333	177216
2.93111666666667	168576
2.93443333333333	134528
2.93778333333333	188544
2.94111666666667	184704
2.94445000000000	179328
2.94778333333333	177472
2.95111666666667	175168
2.95446666666667	150016
2.95780000000000	159296
2.96113333333333	168576
2.96446666666667	166016
2.96780000000000	153856
2.97115000000000	141632
2.97448333333333	189120
2.97781666666667	186816
2.98115000000000	184512
2.98448333333333	184000
2.98781666666667	183488
2.99116666666667	169664
2.99450000000000	176896
2.99783333333333	184128
3.00116666666667	139328
3.00450000000000	141632
3.00785000000000	183552
3.01118333333333	138624
3.01451666666667	146240
3.01785000000000	156544
3.02118333333333	176256
3.02453333333333	161088
3.02786666666667	145856
3.03120000000000	194880
3.03453333333333	202048
3.03786666666667	153984
3.04121666666667	164608
3.04455000000000	184192
3.04788333333333	174720
3.05121666666667	176512
3.05455000000000	100704
3.05790000000000	160832
3.06123333333333	168832
3.06456666666667	172032
3.06790000000000	173952
3.07123333333333	163392
3.07458333333333	174976
3.07791666666667	172416
3.08125000000000	169856
3.08458333333333	175872
3.08791666666667	181824
3.09125000000000	180608
3.09458333333333	179328
3.09791666666667	152896
3.10125000000000	159872
3.10458333333333	193728
3.10793333333333	182208
3.11126666666667	155776
3.11460000000000	181568
3.11793333333333	153472
3.12126666666667	166272
3.12460000000000	197888
3.12795000000000	190464
3.13128333333333	160832
3.13461666666667	194176
3.13795000000000	178752
3.14128333333333	181312
3.14463333333333	183936
3.14796666666667	191808
3.15130000000000	112608
3.15463333333333	184000
3.15796666666667	183232
3.16131666666667	185472
3.16465000000000	128080
3.16798333333333	192768
3.17131666666667	188352
3.17465000000000	180160
3.17800000000000	174464
3.18133333333333	168768
3.18466666666667	138496
3.18800000000000	174912
3.19133333333333	188032
3.19466666666667	191424
3.19800000000000	178496
3.20133333333333	141696
3.20466666666667	172864
3.20800000000000	184384
3.21135000000000	196224
3.21468333333333	131840
3.21801666666667	182464
3.22135000000000	166912
3.22468333333333	184384
3.22803333333333	152192
3.23136666666667	189312
3.23470000000000	189056
3.23803333333333	177152
3.24136666666667	164928
3.24471666666667	136192
3.24805000000000	184128
3.25138333333333	168320
3.25471666666667	189696
3.25805000000000	189376
3.26138333333333	126336
3.26473333333333	185280
3.26806666666667	191488
3.27140000000000	156992
3.27471666666667	143104
3.27805000000000	187200
3.28140000000000	197120
3.28473333333333	158976
3.28806666666667	197952
3.29140000000000	179968
3.29473333333333	186624
3.29808333333333	167936
3.30141666666667	148992
3.30475000000000	194176
3.30808333333333	195456
3.31141666666667	177408
3.31476666666667	175552
3.31810000000000	176192
3.32143333333333	179264
3.32476666666667	182336
3.32810000000000	130464
3.33145000000000	141824
3.33478333333333	191680
3.33811666666667	193856
3.34145000000000	178560
3.34478333333333	181824
3.34813333333333	185088
3.35146666666667	137088
3.35480000000000	197376
3.35813333333333	168512
3.36146666666667	188032
3.36481666666667	132608
3.36815000000000	185472
3.37148333333333	195328
3.37481666666667	184576
3.37815000000000	186944
3.38150000000000	155008
3.38483333333333	158080
3.38816666666667	208512
3.39150000000000	197760
3.39483333333333	197120
3.39816666666667	207232
3.40151666666667	159872
3.40485000000000	168832
3.40818333333333	221376
3.41151666666667	175104
3.41483333333333	205760
3.41818333333333	182912
3.42151666666667	198400
3.42485000000000	182016
3.42818333333333	198720
3.43151666666667	187008
3.43486666666667	188928
3.43820000000000	188480
3.44153333333333	188096
3.44486666666667	155328
3.44820000000000	192384
3.45155000000000	195200
3.45488333333333	186496
3.45821666666667	155200
3.46155000000000	158272
3.46488333333333	147904
3.46823333333333	179584
3.47156666666667	177152
3.47490000000000	113312
3.47823333333333	192704
3.48156666666667	172608
3.48490000000000	195712
3.48823333333333	180160
3.49156666666667	178432
3.49490000000000	190016
3.49823333333333	189056
3.50158333333333	186368
3.50491666666667	183744
3.50825000000000	179456
3.51158333333333	175168
3.51491666666667	170688
3.51826666666667	152320
3.52160000000000	192960
3.52493333333333	183680
3.52826666666667	164288
3.53160000000000	146688
3.53493333333333	196672
3.53828333333333	177536
3.54161666666667	144512
3.54495000000000	192768
3.54828333333333	185600
3.55161666666667	176448
3.55496666666667	186624
3.55830000000000	146624
3.56163333333333	180480
3.56496666666667	113904
3.56830000000000	146304
3.57165000000000	166272
3.57498333333333	190912
3.57831666666667	196736
3.58165000000000	198080
3.58498333333333	206272
3.58833333333333	166784
3.59166666666667	163968
3.59500000000000	203584
3.59833333333333	161920
3.60166666666667	183232
3.60501666666667	162112
3.60835000000000	194432
3.61168333333333	141312
3.61501666666667	171776
3.61835000000000	198912
3.62170000000000	182336
3.62503333333333	184960
3.62836666666667	201472
3.63170000000000	150912
3.63501666666667	179072
3.63836666666667	200448
3.64170000000000	192768
3.64503333333333	179904
3.64836666666667	201344
3.65170000000000	175296
3.65505000000000	113728
3.65838333333333	180544
3.66171666666667	164992
3.66505000000000	182272
3.66838333333333	148032
3.67171666666667	181056
3.67506666666667	170176
3.67840000000000	171328
3.68173333333333	167424
3.68506666666667	162816
3.68840000000000	158208
3.69175000000000	168640
3.69508333333333	179136
3.69841666666667	179456
3.70175000000000	160448
3.70506666666667	140672
3.70841666666667	171264
3.71175000000000	198528
3.71508333333333	185216
3.71841666666667	113264
3.72175000000000	204672
3.72510000000000	182592
3.72843333333333	165632
3.73176666666667	183168
3.73510000000000	182208
3.73843333333333	181248
3.74178333333333	160320
3.74511666666667	180800
3.74845000000000	177792
3.75178333333333	187200
3.75511666666667	168640
3.75846666666667	168512
3.76180000000000	166656
3.76513333333333	166720
3.76846666666667	166720
3.77180000000000	126704
3.77513333333333	123488
3.77846666666667	197568
3.78180000000000	188672
3.78513333333333	203968
3.78846666666667	175424
3.79181666666667	184576
3.79515000000000	165632
3.79848333333333	168256
3.80181666666667	177408
3.80515000000000	186560
3.80848333333333	171520
3.81183333333333	156416
3.81516666666667	192704
3.81850000000000	168384
3.82183333333333	164928
3.82516666666667	134848
3.82851666666667	137664
3.83185000000000	198848
3.83518333333333	192832
3.83851666666667	183104
3.84185000000000	159872
3.84520000000000	164480
3.84853333333333	171904
3.85186666666667	166016
3.85520000000000	160192
3.85853333333333	184192
3.86188333333333	182144
3.86521666666667	166976
3.86855000000000	151744
3.87188333333333	162176
3.87521666666667	167744
3.87856666666667	177280
3.88190000000000	185408
3.88523333333333	171520
3.88856666666667	157632
3.89188333333333	179136
3.89523333333333	142528
3.89856666666667	178048
3.90190000000000	165184
3.90523333333333	135872
3.90856666666667	180160
3.91191666666667	184640
3.91525000000000	187840
3.91858333333333	175168
3.92191666666667	181568
3.92525000000000	188608
3.92860000000000	156288
3.93193333333333	150912
3.93526666666667	134208
3.93860000000000	149056
3.94193333333333	163840
3.94526666666667	201152
3.94861666666667	202176
3.95195000000000	121600
3.95528333333333	186176
3.95861666666667	164160
3.96195000000000	122048
3.96530000000000	171712
3.96863333333333	142144
3.97196666666667	189248
3.97530000000000	186752
3.97861666666667	190080
3.98196666666667	148224
3.98530000000000	170624
3.98863333333333	179200
3.99196666666667	196288
3.99530000000000	187072
3.99865000000000	187200
4.00198333333333	170880
4.00531666666667	171584
4.00865000000000	172288
4.01198333333333	167232
4.01533333333333	162176
4.01866666666667	154752
4.02200000000000	160768
4.02533333333333	166848
4.02866666666667	172800
4.03201666666667	171392
4.03535000000000	169984
4.03868333333333	176064
4.04201666666667	176448
4.04533333333333	176832
4.04868333333333	190336
4.05201666666667	194048
4.05535000000000	188992
4.05868333333333	192256
4.06201666666667	159040
4.06536666666667	186368
4.06870000000000	149376
4.07203333333333	161536
4.07536666666667	180672
4.07870000000000	173056
4.08203333333333	164736
4.08538333333333	204928
4.08871666666667	132480
4.09205000000000	174848
4.09538333333333	145920
4.09871666666667	172032
4.10206666666667	178560
4.10540000000000	111440
4.10873333333333	140288
4.11206666666667	137920
4.11540000000000	163072
4.11875000000000	151296
4.12208333333333	160640
4.12541666666667	194816
4.12875000000000	188800
4.13208333333333	161664
4.13543333333333	182016
4.13876666666667	148800
4.14210000000000	165888
4.14543333333333	164288
4.14876666666667	135168
4.15211666666667	167104
4.15545000000000	167104
4.15878333333333	167680
4.16211666666667	150784
4.16545000000000	179200
4.16880000000000	202176
4.17213333333333	187840
4.17546666666667	137280
4.17880000000000	153856
4.18211666666667	203072
4.18546666666667	186816
4.18880000000000	187648
4.19213333333333	174848
4.19546666666667	158656
4.19880000000000	193088
4.20215000000000	168256
4.20548333333333	132992
4.20881666666667	186752
4.21215000000000	180096
4.21548333333333	205184
4.21881666666667	172288
4.22216666666667	144832
4.22550000000000	113200
4.22883333333333	188160
4.23216666666667	150464
4.23550000000000	134656
4.23885000000000	168896
4.24218333333333	191360
4.24551666666667	176832
4.24885000000000	193600
4.25218333333333	180224
4.25553333333333	154496
4.25886666666667	191744
4.26220000000000	181120
4.26553333333333	188160
4.26886666666667	182080
4.27221666666667	175872
4.27555000000000	192576
4.27888333333333	180224
4.28221666666667	172928
4.28555000000000	165568
4.28890000000000	158976
4.29223333333333	195456
4.29556666666667	192448
4.29890000000000	202176
4.30223333333333	186496
4.30558333333333	176640
4.30891666666667	203392
4.31225000000000	190080
4.31558333333333	129200
4.31891666666667	198080
4.32226666666667	184640
4.32560000000000	171200
4.32893333333333	131328
4.33225000000000	194496
4.33558333333333	166080
4.33893333333333	190080
4.34226666666667	185984
4.34560000000000	152384
4.34893333333333	156288
4.35226666666667	167168
4.35560000000000	177280
4.35895000000000	167680
4.36228333333333	146880
4.36561666666667	179136
4.36895000000000	164096
4.37228333333333	160448
4.37563333333333	156800
4.37896666666667	152256
4.38230000000000	176832
4.38563333333333	211520
4.38896666666667	195904
4.39231666666667	176832
4.39565000000000	182208
4.39898333333333	160576
4.40231666666667	183488
4.40565000000000	166464
4.40900000000000	136448
4.41233333333333	147584
4.41566666666667	171072
4.41900000000000	124656
4.42233333333333	128064
4.42568333333333	193600
4.42901666666667	188480
4.43235000000000	179776
4.43568333333333	177216
4.43901666666667	171904
4.44236666666667	166528
4.44570000000000	175680
4.44903333333333	173824
4.45236666666667	180288
4.45570000000000	171264
4.45905000000000	158720
4.46238333333333	180544
4.46571666666667	165824
4.46905000000000	175296
4.47238333333333	166848
4.47571666666667	161600
4.47905000000000	131776
4.48238333333333	180416
4.48571666666667	174912
4.48905000000000	141504
4.49238333333333	163776
4.49573333333333	155264
