1.50330000000000	0
1.50663333333333	0
1.50996666666667	0
1.51330000000000	0
1.51663333333333	0
1.51998333333333	0
1.52331666666667	0
1.52665000000000	0
1.52998333333333	0
1.53331666666667	0
1.53666666666667	0
1.54000000000000	0
1.54333333333333	0
1.54666666666667	0
1.55000000000000	0
1.55335000000000	0
1.55668333333333	0
1.56001666666667	0
1.56335000000000	0
1.56668333333333	0
1.57003333333333	0
1.57336666666667	2577
1.57670000000000	1999
1.58003333333333	0
1.58336666666667	0
1.58671666666667	0
1.59005000000000	0
1.59338333333333	0
1.59671666666667	0
1.60005000000000	0
1.60340000000000	0
1.60673333333333	0
1.61006666666667	0
1.61340000000000	0
1.61673333333333	0
1.62008333333333	0
1.62341666666667	0
1.62675000000000	0
1.63008333333333	0
1.63341666666667	0
1.63676666666667	0
1.64010000000000	0
1.64343333333333	0
1.64676666666667	0
1.65010000000000	0
1.65345000000000	0
1.65678333333333	0
1.66011666666667	0
1.66345000000000	0
1.66678333333333	0
1.67013333333333	0
1.67346666666667	0
1.67680000000000	0
1.68013333333333	0
1.68346666666667	0
1.68681666666667	0
1.69015000000000	0
1.69348333333333	0
1.69681666666667	0
1.70015000000000	0
1.70350000000000	0
1.70683333333333	0
1.71016666666667	0
1.71350000000000	0
1.71683333333333	0
1.72018333333333	0
1.72351666666667	0
1.72685000000000	0
1.73018333333333	0
1.73351666666667	0
1.73686666666667	0
1.74020000000000	0
1.74353333333333	0
1.74686666666667	0
1.75020000000000	0
1.75355000000000	0
1.75688333333333	0
1.76021666666667	0
1.76355000000000	0
1.76688333333333	0
1.77023333333333	0
1.77356666666667	0
1.77690000000000	0
1.78023333333333	0
1.78356666666667	0
1.78691666666667	0
1.79025000000000	0
1.79358333333333	0
1.79691666666667	0
1.80025000000000	0
1.80360000000000	0
1.80693333333333	0
1.81026666666667	0
1.81360000000000	0
1.81693333333333	0
1.82026666666667	0
1.82361666666667	0
1.82695000000000	0
1.83028333333333	0
1.83361666666667	0
1.83695000000000	0
1.84030000000000	0
1.84363333333333	0
1.84696666666667	0
1.85030000000000	0
1.85363333333333	0
1.85698333333333	0
1.86031666666667	0
1.86365000000000	0
1.86698333333333	0
1.87031666666667	0
1.87366666666667	0
1.87700000000000	0
1.88033333333333	0
1.88366666666667	0
1.88700000000000	0
1.89035000000000	0
1.89368333333333	0
1.89701666666667	0
1.90035000000000	0
1.90368333333333	0
1.90703333333333	0
1.91036666666667	0
1.91370000000000	0
1.91703333333333	0
1.92036666666667	0
1.92371666666667	0
1.92705000000000	0
1.93038333333333	0
1.93371666666667	0
1.93705000000000	0
1.94040000000000	0
1.94373333333333	0
1.94706666666667	0
1.95040000000000	0
1.95373333333333	0
1.95708333333333	0
1.96041666666667	0
1.96375000000000	0
1.96708333333333	0
1.97041666666667	0
1.97376666666667	0
1.97710000000000	0
1.98043333333333	0
1.98376666666667	0
1.98710000000000	0
1.99045000000000	0
1.99378333333333	0
1.99711666666667	0
2.00045000000000	0
2.00378333333333	0
2.00713333333333	0
2.01046666666667	0
2.01380000000000	0
2.01713333333333	0
2.02046666666667	0
2.02381666666667	0
2.02715000000000	0
2.03048333333333	0
2.03381666666667	0
2.03715000000000	0
2.04050000000000	0
2.04383333333333	0
2.04716666666667	0
2.05050000000000	0
2.05383333333333	0
2.05718333333333	0
2.06051666666667	0
2.06385000000000	0
2.06718333333333	0
2.07051666666667	0
2.07386666666667	0
2.07720000000000	0
2.08053333333333	0
2.08386666666667	0
2.08720000000000	0
2.09055000000000	0
2.09388333333333	0
2.09721666666667	0
2.10055000000000	0
2.10388333333333	0
2.10723333333333	0
2.11056666666667	0
2.11390000000000	0
2.11723333333333	0
2.12056666666667	0
2.12391666666667	0
2.12725000000000	0
2.13058333333333	0
2.13391666666667	0
2.13725000000000	0
2.14060000000000	0
2.14393333333333	0
2.14726666666667	0
2.15060000000000	0
2.15393333333333	0
2.15726666666667	0
2.16061666666667	298
2.16395000000000	149
2.16728333333333	0
2.17061666666667	0
2.17395000000000	0
2.17730000000000	0
2.18063333333333	0
2.18396666666667	0
2.18730000000000	0
2.19063333333333	0
2.19398333333333	0
2.19731666666667	0
2.20065000000000	0
2.20398333333333	0
2.20731666666667	0
2.21066666666667	0
2.21400000000000	0
2.21733333333333	0
2.22066666666667	0
2.22400000000000	0
2.22735000000000	0
2.23068333333333	0
2.23401666666667	0
2.23735000000000	0
2.24068333333333	0
2.24403333333333	0
2.24736666666667	0
2.25070000000000	0
2.25403333333333	1247
2.25736666666667	623
2.26071666666667	0
2.26405000000000	593
2.26738333333333	1186
2.27071666666667	593
2.27405000000000	0
2.27740000000000	0
2.28073333333333	2417
2.28406666666667	1925
2.28740000000000	0
2.29073333333333	0
2.29408333333333	3360
2.29741666666667	2897
2.30075000000000	1750
2.30408333333333	3613
2.30741666666667	2664
2.31076666666667	1715
2.31410000000000	3300
2.31743333333333	4886
2.32076666666667	4875
2.32410000000000	4860
2.32745000000000	6154
2.33078333333333	6132
2.33411666666667	7081
2.33745000000000	7586
2.34078333333333	4854
2.34413333333333	3912
2.34746666666667	2969
2.35080000000000	3452
2.35413333333333	2881
2.35746666666667	3615
2.36081666666667	4349
2.36415000000000	5525
2.36748333333333	6701
2.37081666666667	15628
2.37415000000000	13272
2.37750000000000	9728
2.38083333333333	20108
2.38416666666667	18216
2.38750000000000	9856
2.39083333333333	15936
2.39418333333333	22032
2.39751666666667	16724
2.40085000000000	9172
2.40418333333333	23616
2.40751666666667	15312
2.41086666666667	26256
2.41420000000000	17436
2.41753333333333	17788
2.42086666666667	18176
2.42420000000000	28080
2.42755000000000	26704
2.43088333333333	23488
2.43421666666667	31128
2.43755000000000	14224
2.44088333333333	21388
2.44423333333333	23916
2.44756666666667	32204
2.45090000000000	33168
2.45423333333333	30612
2.45756666666667	15724
2.46091666666667	22432
2.46425000000000	30260
2.46758333333333	11064
2.47091666666667	17028
2.47425000000000	22992
2.47760000000000	28088
2.48093333333333	26084
2.48426666666667	24084
2.48760000000000	23376
2.49093333333333	24532
2.49426666666667	25692
2.49761666666667	20736
2.50095000000000	10156
2.50428333333333	32536
2.50761666666667	35712
2.51095000000000	32292
2.51430000000000	31980
2.51763333333333	39408
2.52096666666667	36752
2.52430000000000	37184
2.52763333333333	37712
2.53098333333333	36752
2.53431666666667	35792
2.53765000000000	21128
2.54098333333333	45312
2.54431666666667	30960
2.54766666666667	31476
2.55100000000000	21540
2.55433333333333	25188
2.55766666666667	28832
2.56100000000000	42192
2.56435000000000	47072
2.56768333333333	32400
2.57101666666667	28456
2.57435000000000	36144
2.57768333333333	18500
2.58103333333333	25620
2.58436666666667	32740
2.58770000000000	36912
2.59103333333333	41072
2.59436666666667	30524
2.59771666666667	40832
2.60105000000000	51136
2.60438333333333	51264
2.60771666666667	46368
2.61105000000000	39584
2.61440000000000	36496
2.61773333333333	37008
2.62106666666667	39296
2.62440000000000	41568
2.62773333333333	37280
2.63108333333333	33008
2.63441666666667	33152
2.63775000000000	52416
2.64108333333333	50144
2.64441666666667	57488
2.64776666666667	51136
2.65110000000000	44784
2.65443333333333	45504
2.65776666666667	41104
2.66110000000000	41552
2.66445000000000	29768
2.66778333333333	29716
2.67111666666667	41696
2.67445000000000	46688
2.67778333333333	49936
2.68113333333333	48416
2.68446666666667	48960
2.68780000000000	46480
2.69113333333333	44000
2.69446666666667	34336
2.69781666666667	37488
2.70115000000000	50416
2.70448333333333	47664
2.70781666666667	50400
2.71115000000000	37056
2.71450000000000	46960
2.71783333333333	44624
2.72116666666667	42288
2.72450000000000	49104
2.72783333333333	49728
2.73116666666667	50336
2.73450000000000	30176
2.73783333333333	43600
2.74116666666667	39808
2.74450000000000	38896
2.74785000000000	43376
2.75118333333333	39344
2.75451666666667	35328
2.75785000000000	37088
2.76118333333333	42656
2.76453333333333	40096
2.76786666666667	37520
2.77120000000000	35264
2.77453333333333	32992
2.77786666666667	52384
2.78121666666667	52848
2.78455000000000	56048
2.78788333333333	39968
2.79121666666667	30048
2.79455000000000	30736
2.79790000000000	36176
2.80123333333333	48560
2.80456666666667	62864
2.80790000000000	70464
2.81123333333333	42592
2.81458333333333	47696
2.81791666666667	44208
2.82125000000000	40800
2.82458333333333	37392
2.82791666666667	37840
2.83125000000000	38288
2.83460000000000	38432
2.83793333333333	36192
2.84126666666667	42416
2.84460000000000	41152
2.84793333333333	39888
2.85128333333333	43104
2.85461666666667	43184
2.85795000000000	43280
2.86128333333333	34480
2.86461666666667	49360
2.86796666666667	43424
2.87130000000000	49872
2.87463333333333	53664
2.87796666666667	53040
2.88130000000000	45648
2.88465000000000	51824
2.88798333333333	49264
2.89131666666667	43328
2.89465000000000	37584
2.89798333333333	45168
2.90133333333333	52736
2.90466666666667	53552
2.90800000000000	56432
2.91133333333333	49696
2.91466666666667	35376
2.91801666666667	49424
2.92135000000000	41584
2.92468333333333	31864
2.92801666666667	47424
2.93135000000000	25640
2.93470000000000	53392
2.93803333333333	33600
2.94136666666667	40832
2.94470000000000	45184
2.94803333333333	58176
2.95138333333333	52192
2.95471666666667	47376
2.95805000000000	49344
2.96138333333333	52512
2.96471666666667	50160
2.96806666666667	47808
2.97140000000000	20060
2.97473333333333	64400
2.97806666666667	33376
2.98140000000000	53040
2.98475000000000	41856
2.98808333333333	38320
2.99141666666667	40192
2.99475000000000	53600
2.99808333333333	54048
3.00143333333333	52800
3.00476666666667	51552
3.00810000000000	55168
3.01143333333333	51488
3.01476666666667	47808
3.01811666666667	38976
3.02145000000000	45984
3.02478333333333	30308
3.02811666666667	49632
3.03145000000000	50608
3.03480000000000	44448
3.03813333333333	49360
3.04146666666667	27768
3.04480000000000	65392
3.04813333333333	83152
3.05148333333333	65872
3.05481666666667	44608
3.05815000000000	46480
3.06148333333333	64224
3.06481666666667	40384
3.06816666666667	45904
3.07150000000000	36176
3.07483333333333	32768
3.07816666666667	61920
3.08150000000000	59152
3.08485000000000	42400
3.08818333333333	30052
3.09151666666667	37648
3.09485000000000	42960
3.09818333333333	58336
3.10153333333333	51344
3.10486666666667	52256
3.10820000000000	46928
3.11153333333333	40096
3.11486666666667	33584
3.11821666666667	51808
3.12155000000000	35344
3.12488333333333	44736
3.12821666666667	40896
3.13155000000000	41264
3.13490000000000	41632
3.13823333333333	44432
3.14156666666667	52336
3.14490000000000	49456
3.14823333333333	50880
3.15158333333333	38704
3.15491666666667	40624
3.15825000000000	42544
3.16158333333333	34848
3.16491666666667	26912
3.16825000000000	18976
3.17160000000000	42592
3.17493333333333	36848
3.17826666666667	31112
3.18160000000000	37584
3.18493333333333	37744
3.18828333333333	35728
3.19161666666667	33696
3.19495000000000	32644
3.19828333333333	44400
3.20161666666667	49648
3.20496666666667	44768
3.20830000000000	33152
3.21163333333333	43104
3.21496666666667	54160
3.21830000000000	26988
3.22165000000000	48400
3.22498333333333	56624
3.22831666666667	29484
3.23165000000000	49264
3.23498333333333	59648
3.23833333333333	42752
3.24166666666667	36704
3.24500000000000	41088
3.24833333333333	37456
3.25166666666667	33840
3.25501666666667	38400
3.25835000000000	44960
3.26168333333333	47424
3.26501666666667	49120
3.26835000000000	45680
3.27170000000000	42240
3.27503333333333	40432
3.27836666666667	38624
3.28170000000000	36864
3.28503333333333	32784
3.28838333333333	30296
3.29171666666667	40464
3.29505000000000	30784
3.29838333333333	21108
3.30171666666667	37632
3.30506666666667	31236
3.30840000000000	24840
3.31173333333333	54832
3.31506666666667	53008
3.31840000000000	51168
3.32175000000000	52352
3.32508333333333	47664
3.32841666666667	50496
3.33175000000000	50432
3.33508333333333	50368
3.33843333333333	51680
3.34176666666667	52976
3.34510000000000	52320
3.34843333333333	44528
3.35176666666667	46992
3.35511666666667	49472
3.35845000000000	41200
3.36178333333333	51728
3.36511666666667	35408
3.36845000000000	49504
3.37180000000000	65568
3.37513333333333	20492
3.37846666666667	37008
3.38180000000000	38160
3.38513333333333	47504
3.38848333333333	53088
3.39181666666667	46144
3.39515000000000	52944
3.39848333333333	35296
3.40181666666667	59056
3.40516666666667	27484
3.40850000000000	47328
3.41183333333333	40464
3.41516666666667	27076
3.41850000000000	45008
3.42185000000000	48384
3.42518333333333	42144
3.42851666666667	41232
3.43185000000000	39648
3.43518333333333	44288
3.43853333333333	48928
3.44186666666667	59024
3.44520000000000	28400
3.44853333333333	50320
3.45186666666667	57088
3.45521666666667	57792
3.45855000000000	43664
3.46188333333333	33872
3.46521666666667	34112
3.46855000000000	34752
3.47190000000000	33744
3.47523333333333	32736
3.47856666666667	50064
3.48190000000000	51632
3.48523333333333	56368
3.48858333333333	44768
3.49191666666667	32800
3.49525000000000	42480
3.49858333333333	59264
3.50191666666667	57488
3.50525000000000	27260
3.50860000000000	40112
3.51193333333333	38032
3.51526666666667	62096
3.51860000000000	57904
3.52193333333333	51232
3.52528333333333	55872
3.52861666666667	58640
3.53195000000000	48624
3.53528333333333	62176
3.53861666666667	50592
3.54196666666667	46608
3.54530000000000	58016
3.54863333333333	46480
3.55196666666667	46016
3.55530000000000	41824
3.55865000000000	57216
3.56198333333333	57120
3.56531666666667	34176
3.56865000000000	43328
3.57198333333333	32456
3.57533333333333	35760
3.57866666666667	44032
3.58200000000000	43616
3.58533333333333	43184
3.58866666666667	38352
3.59200000000000	33520
3.59533333333333	50624
3.59866666666667	54288
3.60200000000000	48448
3.60533333333333	49952
3.60868333333333	51456
3.61201666666667	56160
3.61535000000000	31076
3.61868333333333	17616
3.62201666666667	30660
3.62536666666667	34064
3.62870000000000	37488
3.63203333333333	30956
3.63536666666667	35712
3.63870000000000	40480
3.64205000000000	48544
3.64538333333333	44640
3.64871666666667	40736
3.65205000000000	46160
3.65538333333333	37760
3.65873333333333	42864
3.66206666666667	39360
3.66540000000000	70256
3.66873333333333	63104
3.67206666666667	42208
3.67541666666667	62736
3.67875000000000	42656
3.68208333333333	53728
3.68541666666667	35408
3.68875000000000	53136
3.69210000000000	51664
3.69543333333333	47584
3.69876666666667	50336
3.70210000000000	61392
3.70543333333333	29776
3.70878333333333	41184
3.71211666666667	69936
3.71545000000000	58064
3.71878333333333	42768
3.72211666666667	49376
3.72545000000000	49472
3.72878333333333	49552
3.73211666666667	34000
3.73545000000000	43216
3.73878333333333	41232
3.74213333333333	42720
3.74546666666667	44064
3.74880000000000	36368
3.75213333333333	28656
3.75546666666667	23952
3.75881666666667	18056
3.76215000000000	55072
3.76548333333333	47984
3.76881666666667	47888
3.77215000000000	42944
3.77550000000000	37600
3.77883333333333	54416
3.78216666666667	51680
3.78550000000000	47568
3.78883333333333	48864
3.79218333333333	37648
3.79551666666667	48848
3.79885000000000	24468
3.80218333333333	37264
3.80551666666667	41072
3.80886666666667	28916
3.81220000000000	58112
3.81553333333333	49824
3.81886666666667	25876
3.82220000000000	27220
3.82555000000000	54736
3.82888333333333	72496
3.83221666666667	53296
3.83555000000000	60208
3.83888333333333	32352
3.84221666666667	63152
3.84556666666667	47952
3.84890000000000	44720
3.85223333333333	46816
3.85556666666667	49760
3.85890000000000	52688
3.86225000000000	59376
3.86558333333333	38160
3.86891666666667	49456
3.87225000000000	45296
3.87558333333333	52576
3.87893333333333	45888
3.88226666666667	42288
3.88560000000000	33456
3.88893333333333	24096
3.89226666666667	43680
3.89561666666667	37216
3.89895000000000	30752
3.90228333333333	34960
3.90561666666667	39152
3.90895000000000	45184
3.91230000000000	51216
3.91563333333333	50720
3.91896666666667	38688
3.92230000000000	40176
3.92563333333333	47360
3.92898333333333	44512
3.93231666666667	41648
3.93565000000000	40528
3.93898333333333	37120
3.94231666666667	33712
3.94566666666667	33792
3.94900000000000	36096
3.95233333333333	38400
3.95566666666667	42080
3.95900000000000	47120
3.96235000000000	47120
3.96568333333333	47120
3.96901666666667	40704
3.97235000000000	44368
3.97568333333333	48016
3.97903333333333	65472
3.98236666666667	60048
3.98570000000000	46032
3.98903333333333	32756
3.99236666666667	54688
3.99571666666667	50272
3.99905000000000	51120
4.00238333333333	57680
4.00571666666667	57904
4.00905000000000	36976
4.01240000000000	35664
4.01573333333333	55904
4.01906666666667	60512
4.02240000000000	69984
4.02573333333333	76496
4.02908333333333	30416
4.03241666666667	59904
4.03575000000000	37328
4.03908333333333	51136
4.04241666666667	23912
4.04576666666667	55088
4.04910000000000	30932
4.05243333333333	45568
4.05576666666667	58128
4.05910000000000	52768
4.06245000000000	46608
4.06578333333333	56064
4.06911666666667	57648
4.07245000000000	32412
4.07578333333333	50576
4.07913333333333	45712
4.08246666666667	40096
4.08580000000000	45792
4.08913333333333	44928
4.09246666666667	34624
4.09581666666667	31328
4.09915000000000	65856
4.10248333333333	60752
4.10581666666667	20320
4.10915000000000	39440
4.11250000000000	47024
4.11583333333333	38512
4.11916666666667	48192
4.12250000000000	52288
4.12583333333333	50960
4.12918333333333	49632
4.13251666666667	53168
4.13585000000000	56704
4.13918333333333	42608
4.14251666666667	58192
4.14586666666667	22356
4.14920000000000	29156
4.15253333333333	36560
4.15586666666667	45552
4.15920000000000	52640
4.16255000000000	26220
4.16588333333333	48544
4.16921666666667	40368
4.17255000000000	32716
4.17588333333333	45168
4.17921666666667	36496
4.18256666666667	41328
4.18590000000000	41136
4.18923333333333	40960
4.19256666666667	24932
4.19590000000000	38704
4.19925000000000	40416
4.20258333333333	42112
4.20591666666667	57616
4.20925000000000	62272
4.21258333333333	50352
4.21593333333333	56224
4.21926666666667	48992
4.22260000000000	29876
4.22593333333333	26448
4.22926666666667	29832
4.23261666666667	33216
4.23595000000000	46640
4.23928333333333	35952
4.24261666666667	25264
4.24595000000000	51024
4.24930000000000	47024
4.25263333333333	57584
4.25596666666667	42640
4.25930000000000	37104
4.26263333333333	61328
4.26598333333333	48992
4.26931666666667	40704
4.27265000000000	43712
4.27598333333333	42656
4.27931666666667	69840
4.28266666666667	65248
4.28600000000000	55904
4.28933333333333	46736
4.29266666666667	42560
4.29600000000000	52880
4.29935000000000	50240
4.30268333333333	41680
4.30601666666667	39056
4.30935000000000	41216
4.31268333333333	43360
4.31603333333333	41728
4.31936666666667	49760
4.32270000000000	50480
4.32603333333333	50704
4.32936666666667	54496
4.33271666666667	54960
4.33605000000000	46848
4.33938333333333	45488
4.34271666666667	53248
4.34605000000000	51088
4.34940000000000	56512
4.35273333333333	26044
4.35606666666667	60816
4.35940000000000	49264
4.36273333333333	50912
4.36608333333333	52000
4.36941666666667	49824
4.37275000000000	45680
4.37608333333333	44976
4.37941666666667	44272
4.38276666666667	29924
4.38610000000000	49472
4.38943333333333	55760
4.39276666666667	53840
4.39610000000000	28180
4.39945000000000	45168
4.40278333333333	65872
4.40611666666667	48336
4.40945000000000	21244
4.41278333333333	35856
4.41613333333333	62256
4.41946666666667	43280
4.42280000000000	47152
4.42613333333333	51024
4.42946666666667	52576
4.43281666666667	64128
4.43615000000000	60160
4.43948333333333	46832
4.44281666666667	38768
4.44615000000000	47104
4.44950000000000	42336
4.45283333333333	43456
4.45616666666667	43216
4.45950000000000	46880
4.46283333333333	51904
4.46618333333333	29212
4.46951666666667	42064
4.47285000000000	46992
4.47618333333333	48800
4.47951666666667	43504
4.48286666666667	38208
4.48620000000000	22868
4.48953333333333	52656
4.49286666666667	47680
4.49620000000000	38528
