1.50081666666667	0
1.50165000000000	365
1.50248333333333	743
1.50331666666667	0
1.50415000000000	0
1.50498333333333	0
1.50581666666667	0
1.50665000000000	0
1.50748333333333	0
1.50831666666667	0
1.50915000000000	0
1.50998333333333	0
1.51081666666667	0
1.51165000000000	0
1.51248333333333	445
1.51331666666667	223
1.51415000000000	0
1.51496666666667	0
1.51580000000000	19
1.51663333333333	9
1.51746666666667	0
1.51831666666667	0
1.51915000000000	0
1.51998333333333	7
1.52081666666667	13
1.52165000000000	7
1.52248333333333	0
1.52331666666667	182
1.52415000000000	91
1.52498333333333	0
1.52581666666667	35
1.52665000000000	71
1.52748333333333	439
1.52831666666667	474
1.52915000000000	0
1.52998333333333	0
1.53081666666667	0
1.53165000000000	0
1.53248333333333	0
1.53331666666667	0
1.53415000000000	0
1.53500000000000	0
1.53583333333333	0
1.53666666666667	0
1.53750000000000	0
1.53833333333333	0
1.53916666666667	143
1.54000000000000	71
1.54083333333333	0
1.54166666666667	0
1.54250000000000	0
1.54333333333333	0
1.54416666666667	0
1.54500000000000	0
1.54583333333333	0
1.54666666666667	830
1.54750000000000	1296
1.54833333333333	930
1.54916666666667	630
1.55000000000000	0
1.55083333333333	119
1.55166666666667	0
1.55251666666667	0
1.55335000000000	0
1.55418333333333	0
1.55501666666667	353
1.55585000000000	361
1.55668333333333	243
1.55751666666667	0
1.55835000000000	0
1.55918333333333	0
1.56001666666667	0
1.56085000000000	0
1.56168333333333	0
1.56251666666667	267
1.56335000000000	367
1.56418333333333	581
1.56501666666667	430
1.56585000000000	279
1.56668333333333	588
1.56751666666667	187
1.56835000000000	0
1.56920000000000	0
1.57003333333333	0
1.57086666666667	0
1.57170000000000	0
1.57253333333333	182
1.57336666666667	158
1.57420000000000	133
1.57503333333333	0
1.57586666666667	0
1.57670000000000	0
1.57753333333333	0
1.57836666666667	348
1.57920000000000	329
1.58003333333333	667
1.58086666666667	545
1.58170000000000	394
1.58253333333333	365
1.58336666666667	367
1.58420000000000	320
1.58503333333333	738
1.58586666666667	845
1.58671666666667	0
1.58755000000000	1051
1.58838333333333	371
1.58921666666667	420
1.59005000000000	499
1.59088333333333	0
1.59171666666667	1243
1.59255000000000	1087
1.59338333333333	201
1.59421666666667	40
1.59505000000000	0
1.59588333333333	0
1.59671666666667	0
1.59755000000000	218
1.59838333333333	190
1.59921666666667	162
1.60005000000000	0
1.60088333333333	30
1.60171666666667	13
1.60253333333333	0
1.60338333333333	0
1.60421666666667	0
1.60505000000000	328
1.60588333333333	296
1.60671666666667	264
1.60755000000000	270
1.60838333333333	135
1.60921666666667	0
1.61005000000000	0
1.61088333333333	266
1.61171666666667	342
1.61255000000000	0
1.61338333333333	0
1.61421666666667	205
1.61505000000000	469
1.61588333333333	235
1.61671666666667	0
1.61755000000000	829
1.61838333333333	636
1.61921666666667	0
1.62005000000000	0
1.62090000000000	0
1.62173333333333	621
1.62256666666667	311
1.62340000000000	0
1.62423333333333	152
1.62506666666667	230
1.62590000000000	115
1.62673333333333	0
1.62756666666667	155
1.62840000000000	310
1.62923333333333	249
1.63006666666667	125
1.63090000000000	0
1.63173333333333	0
1.63256666666667	0
1.63340000000000	0
1.63423333333333	0
1.63506666666667	0
1.63590000000000	0
1.63673333333333	0
1.63758333333333	227
1.63841666666667	114
1.63925000000000	0
1.64008333333333	0
1.64091666666667	0
1.64175000000000	0
1.64258333333333	0
1.64341666666667	0
1.64425000000000	0
1.64508333333333	0
1.64591666666667	0
1.64675000000000	101
1.64758333333333	51
1.64841666666667	0
1.64925000000000	0
1.65008333333333	0
1.65091666666667	0
1.65175000000000	0
1.65258333333333	236
1.65341666666667	118
1.65425000000000	0
1.65510000000000	408
1.65593333333333	349
1.65676666666667	0
1.65760000000000	0
1.65843333333333	0
1.65926666666667	0
1.66010000000000	0
1.66093333333333	0
1.66176666666667	60
1.66260000000000	30
1.66343333333333	0
1.66426666666667	242
1.66510000000000	642
1.66593333333333	321
1.66676666666667	0
1.66758333333333	459
1.66841666666667	0
1.66925000000000	244
1.67008333333333	1041
1.67091666666667	528
1.67176666666667	14
1.67260000000000	291
1.67343333333333	0
1.67426666666667	345
1.67510000000000	290
1.67593333333333	0
1.67676666666667	0
1.67760000000000	0
1.67843333333333	13
1.67926666666667	219
1.68010000000000	110
1.68093333333333	0
1.68176666666667	13
1.68260000000000	7
1.68343333333333	0
1.68426666666667	0
1.68510000000000	0
1.68593333333333	0
1.68676666666667	0
1.68760000000000	0
1.68843333333333	0
1.68928333333333	0
1.69011666666667	0
1.69095000000000	0
1.69178333333333	147
1.69261666666667	74
1.69345000000000	0
1.69428333333333	345
1.69511666666667	478
1.69595000000000	277
1.69678333333333	570
1.69761666666667	532
1.69845000000000	494
1.69928333333333	0
1.70011666666667	456
1.70095000000000	0
1.70178333333333	30
1.70261666666667	174
1.70345000000000	87
1.70428333333333	0
1.70511666666667	0
1.70596666666667	0
1.70680000000000	0
1.70763333333333	0
1.70846666666667	0
1.70930000000000	0
1.71013333333333	0
1.71096666666667	0
1.71180000000000	0
1.71263333333333	0
1.71346666666667	0
1.71430000000000	52
1.71513333333333	26
1.71596666666667	0
1.71680000000000	0
1.71763333333333	0
1.71846666666667	0
1.71930000000000	157
1.72013333333333	314
1.72096666666667	157
1.72180000000000	0
1.72263333333333	0
1.72348333333333	0
1.72431666666667	0
1.72515000000000	0
1.72598333333333	0
1.72681666666667	14
1.72765000000000	175
1.72848333333333	267
1.72931666666667	359
1.73015000000000	0
1.73098333333333	0
1.73181666666667	0
1.73265000000000	371
1.73346666666667	369
1.73430000000000	0
1.73513333333333	175
1.73596666666667	350
1.73680000000000	0
1.73763333333333	0
1.73846666666667	391
1.73930000000000	0
1.74015000000000	0
1.74098333333333	408
1.74181666666667	142
1.74265000000000	0
1.74348333333333	646
1.74431666666667	401
1.74515000000000	0
1.74598333333333	0
1.74681666666667	0
1.74765000000000	309
1.74848333333333	347
1.74931666666667	385
1.75015000000000	36
1.75098333333333	0
1.75181666666667	469
1.75265000000000	0
1.75348333333333	282
1.75431666666667	0
1.75515000000000	153
1.75598333333333	306
1.75681666666667	0
1.75766666666667	0
1.75850000000000	0
1.75933333333333	0
1.76016666666667	0
1.76100000000000	0
1.76183333333333	0
1.76266666666667	18
1.76350000000000	9
1.76433333333333	0
1.76516666666667	0
1.76600000000000	0
1.76683333333333	0
1.76766666666667	0
1.76850000000000	0
1.76933333333333	0
1.77016666666667	643
1.77100000000000	827
1.77183333333333	326
1.77266666666667	336
1.77350000000000	0
1.77435000000000	257
1.77518333333333	514
1.77601666666667	646
1.77685000000000	520
1.77768333333333	148
1.77851666666667	14
1.77935000000000	0
1.78018333333333	0
1.78101666666667	0
1.78185000000000	0
1.78268333333333	0
1.78351666666667	0
1.78435000000000	0
1.78518333333333	38
1.78601666666667	76
1.78685000000000	741
1.78768333333333	650
1.78851666666667	867
1.78935000000000	0
1.79018333333333	96
1.79101666666667	278
1.79186666666667	0
1.79270000000000	260
1.79353333333333	521
1.79436666666667	260
1.79520000000000	0
1.79603333333333	0
1.79686666666667	0
1.79770000000000	0
1.79853333333333	0
1.79936666666667	57
1.80020000000000	28
1.80103333333333	0
1.80186666666667	137
1.80270000000000	274
1.80353333333333	137
1.80436666666667	0
1.80520000000000	114
1.80603333333333	227
1.80686666666667	114
1.80770000000000	0
1.80855000000000	0
1.80938333333333	0
1.81021666666667	0
1.81105000000000	0
1.81188333333333	0
1.81271666666667	0
1.81355000000000	0
1.81438333333333	0
1.81521666666667	159
1.81605000000000	252
1.81688333333333	296
1.81771666666667	148
1.81855000000000	0
1.81938333333333	157
1.82021666666667	78
1.82105000000000	0
1.82188333333333	39
1.82271666666667	79
1.82355000000000	0
1.82438333333333	26
1.82521666666667	0
1.82606666666667	985
1.82690000000000	902
1.82773333333333	0
1.82856666666667	93
1.82940000000000	432
1.83023333333333	0
1.83106666666667	265
1.83190000000000	0
1.83273333333333	220
1.83356666666667	0
1.83440000000000	0
1.83523333333333	0
1.83606666666667	0
1.83690000000000	0
1.83773333333333	7
1.83856666666667	13
1.83940000000000	347
1.84023333333333	173
1.84106666666667	0
1.84190000000000	0
1.84275000000000	0
1.84358333333333	0
1.84441666666667	0
1.84525000000000	0
1.84608333333333	0
1.84691666666667	0
1.84775000000000	0
1.84858333333333	0
1.84941666666667	0
1.85025000000000	0
1.85108333333333	0
1.85191666666667	0
1.85275000000000	0
1.85358333333333	337
1.85440000000000	385
1.85523333333333	0
1.85606666666667	294
1.85690000000000	169
1.85773333333333	14
1.85856666666667	0
1.85940000000000	0
1.86025000000000	0
1.86108333333333	0
1.86191666666667	0
1.86275000000000	0
1.86358333333333	0
1.86441666666667	0
1.86525000000000	0
1.86608333333333	0
1.86691666666667	0
1.86775000000000	0
1.86858333333333	7
1.86941666666667	13
1.87025000000000	7
1.87108333333333	0
1.87191666666667	0
1.87275000000000	0
1.87358333333333	0
1.87441666666667	0
1.87525000000000	0
1.87608333333333	0
1.87693333333333	0
1.87776666666667	0
1.87860000000000	250
1.87943333333333	362
1.88026666666667	458
1.88110000000000	276
1.88193333333333	0
1.88276666666667	412
1.88360000000000	0
1.88443333333333	204
1.88526666666667	0
1.88610000000000	258
1.88693333333333	129
1.88776666666667	0
1.88860000000000	0
1.88943333333333	0
1.89026666666667	0
1.89110000000000	0
1.89193333333333	13
1.89276666666667	280
1.89360000000000	679
1.89445000000000	734
1.89528333333333	477
1.89611666666667	314
1.89695000000000	0
1.89778333333333	380
1.89861666666667	0
1.89945000000000	535
1.90028333333333	485
1.90111666666667	242
1.90195000000000	0
1.90278333333333	0
1.90361666666667	13
1.90445000000000	0
1.90528333333333	0
1.90611666666667	0
1.90695000000000	349
1.90778333333333	372
1.90861666666667	0
1.90945000000000	624
1.91028333333333	371
1.91115000000000	524
1.91198333333333	0
1.91280000000000	0
1.91363333333333	287
1.91446666666667	0
1.91530000000000	0
1.91613333333333	0
1.91696666666667	0
1.91780000000000	0
1.91863333333333	128
1.91946666666667	64
1.92030000000000	0
1.92113333333333	0
1.92196666666667	0
1.92280000000000	0
1.92363333333333	0
1.92446666666667	0
1.92530000000000	0
1.92613333333333	210
1.92696666666667	105
1.92780000000000	0
1.92865000000000	175
1.92948333333333	0
1.93031666666667	0
1.93115000000000	0
1.93198333333333	0
1.93281666666667	0
1.93365000000000	106
1.93448333333333	211
1.93531666666667	426
1.93615000000000	663
1.93698333333333	767
1.93781666666667	181
1.93865000000000	0
1.93948333333333	0
1.94031666666667	130
1.94115000000000	65
1.94198333333333	0
1.94281666666667	0
1.94365000000000	0
1.94448333333333	0
1.94533333333333	0
1.94616666666667	0
1.94700000000000	98
1.94783333333333	49
1.94866666666667	0
1.94950000000000	0
1.95033333333333	0
1.95116666666667	0
1.95200000000000	0
1.95283333333333	0
1.95366666666667	0
1.95450000000000	0
1.95533333333333	0
1.95616666666667	0
1.95700000000000	0
1.95783333333333	0
1.95866666666667	12
1.95950000000000	25
1.96033333333333	12
1.96116666666667	0
1.96200000000000	0
1.96285000000000	0
1.96368333333333	0
1.96451666666667	786
1.96535000000000	640
1.96618333333333	0
1.96701666666667	617
1.96785000000000	0
1.96868333333333	0
1.96951666666667	0
1.97035000000000	409
1.97118333333333	538
1.97201666666667	0
1.97285000000000	148
1.97368333333333	137
1.97451666666667	177
1.97535000000000	276
1.97618333333333	374
1.97701666666667	0
1.97785000000000	0
1.97868333333333	306
1.97953333333333	612
1.98036666666667	610
1.98120000000000	0
1.98203333333333	0
1.98286666666667	0
1.98370000000000	0
1.98453333333333	231
1.98536666666667	463
1.98620000000000	410
1.98703333333333	287
1.98786666666667	665
1.98870000000000	717
1.98953333333333	0
1.99036666666667	668
1.99120000000000	0
1.99203333333333	0
1.99286666666667	0
1.99370000000000	158
1.99453333333333	169
1.99536666666667	0
1.99620000000000	0
1.99705000000000	196
1.99788333333333	0
1.99871666666667	0
1.99955000000000	0
2.00038333333333	0
2.00121666666667	0
2.00205000000000	0
2.00288333333333	0
2.00371666666667	0
2.00455000000000	0
2.00538333333333	0
2.00621666666667	238
2.00705000000000	119
2.00788333333333	0
2.00871666666667	505
2.00955000000000	429
2.01038333333333	512
2.01121666666667	13
2.01205000000000	202
2.01288333333333	250
2.01373333333333	330
2.01456666666667	390
2.01540000000000	402
2.01623333333333	0
2.01706666666667	0
2.01790000000000	0
2.01873333333333	0
2.01956666666667	0
2.02040000000000	0
2.02123333333333	0
2.02206666666667	0
2.02290000000000	0
2.02373333333333	0
2.02456666666667	0
2.02540000000000	228
2.02623333333333	377
2.02706666666667	513
2.02790000000000	0
2.02873333333333	15
2.02956666666667	0
2.03040000000000	8
2.03125000000000	15
2.03208333333333	8
2.03291666666667	0
2.03375000000000	200
2.03458333333333	140
2.03541666666667	81
2.03625000000000	0
2.03708333333333	0
2.03791666666667	0
2.03875000000000	0
2.03958333333333	0
2.04041666666667	0
2.04125000000000	0
2.04208333333333	0
2.04291666666667	0
2.04375000000000	0
2.04458333333333	0
2.04541666666667	0
2.04625000000000	0
2.04708333333333	0
2.04793333333333	0
2.04876666666667	9
2.04960000000000	17
2.05043333333333	9
2.05126666666667	0
2.05210000000000	0
2.05293333333333	215
2.05376666666667	281
2.05460000000000	0
2.05543333333333	391
2.05626666666667	0
2.05710000000000	504
2.05793333333333	0
2.05876666666667	672
2.05960000000000	742
2.06043333333333	0
2.06126666666667	352
2.06210000000000	0
2.06293333333333	471
2.06376666666667	0
2.06460000000000	0
2.06545000000000	196
2.06628333333333	349
2.06711666666667	432
2.06795000000000	216
2.06878333333333	0
2.06961666666667	0
2.07045000000000	0
2.07128333333333	0
2.07211666666667	0
2.07295000000000	0
2.07378333333333	0
2.07461666666667	0
2.07545000000000	0
2.07628333333333	0
2.07711666666667	0
2.07795000000000	7
2.07878333333333	3
2.07961666666667	0
2.08045000000000	412
2.08128333333333	892
2.08213333333333	611
2.08296666666667	486
2.08380000000000	0
2.08463333333333	0
2.08546666666667	460
2.08630000000000	257
2.08713333333333	0
2.08796666666667	364
2.08880000000000	0
2.08963333333333	260
2.09046666666667	0
2.09130000000000	289
2.09213333333333	404
2.09296666666667	0
2.09380000000000	159
2.09463333333333	0
2.09546666666667	0
2.09630000000000	0
2.09713333333333	0
2.09796666666667	0
2.09880000000000	0
2.09965000000000	351
2.10048333333333	243
2.10131666666667	135
2.10215000000000	0
2.10298333333333	0
2.10381666666667	0
2.10465000000000	0
2.10548333333333	0
2.10631666666667	0
2.10715000000000	0
2.10798333333333	0
2.10881666666667	466
2.10965000000000	446
2.11048333333333	482
2.11131666666667	0
2.11213333333333	0
2.11296666666667	466
2.11380000000000	363
2.11463333333333	0
2.11546666666667	492
2.11633333333333	606
2.11716666666667	147
2.11798333333333	0
2.11881666666667	0
2.11965000000000	0
2.12048333333333	0
2.12131666666667	0
2.12215000000000	0
2.12298333333333	0
2.12381666666667	0
2.12465000000000	0
2.12548333333333	0
2.12631666666667	0
2.12715000000000	0
2.12798333333333	0
2.12881666666667	0
2.12965000000000	77
2.13048333333333	153
2.13131666666667	77
2.13215000000000	0
2.13298333333333	270
2.13383333333333	135
2.13466666666667	0
2.13550000000000	0
2.13633333333333	208
2.13716666666667	467
2.13800000000000	534
2.13883333333333	0
2.13966666666667	550
2.14050000000000	0
2.14133333333333	374
2.14216666666667	403
2.14300000000000	432
2.14383333333333	304
2.14466666666667	0
2.14550000000000	406
2.14633333333333	0
2.14716666666667	286
2.14800000000000	456
2.14883333333333	208
2.14966666666667	195
2.15051666666667	0
2.15135000000000	0
2.15218333333333	0
2.15301666666667	0
2.15385000000000	0
2.15468333333333	0
2.15551666666667	0
2.15635000000000	0
2.15718333333333	0
2.15801666666667	0
2.15885000000000	0
2.15968333333333	0
2.16051666666667	0
2.16135000000000	0
2.16218333333333	0
2.16301666666667	0
2.16385000000000	0
2.16468333333333	0
2.16551666666667	0
2.16635000000000	0
2.16718333333333	0
2.16803333333333	116
2.16886666666667	186
2.16970000000000	257
2.17053333333333	0
2.17136666666667	112
2.17220000000000	59
2.17303333333333	533
2.17386666666667	501
2.17470000000000	0
2.17553333333333	0
2.17636666666667	222
2.17720000000000	144
2.17803333333333	246
2.17886666666667	0
2.17970000000000	64
2.18053333333333	128
2.18136666666667	0
2.18220000000000	0
2.18303333333333	191
2.18386666666667	382
2.18471666666667	191
2.18555000000000	0
2.18638333333333	322
2.18721666666667	466
2.18805000000000	0
2.18888333333333	301
2.18971666666667	0
2.19055000000000	0
2.19138333333333	0
2.19221666666667	0
2.19305000000000	0
2.19388333333333	0
2.19471666666667	0
2.19555000000000	0
2.19638333333333	0
2.19721666666667	73
2.19805000000000	145
2.19888333333333	279
2.19971666666667	412
2.20055000000000	290
2.20138333333333	382
2.20223333333333	196
2.20306666666667	0
2.20390000000000	0
2.20473333333333	143
2.20556666666667	286
2.20640000000000	454
2.20723333333333	510
2.20806666666667	566
2.20890000000000	198
2.20973333333333	768
2.21056666666667	0
2.21140000000000	271
2.21223333333333	0
2.21306666666667	0
2.21390000000000	317
2.21473333333333	0
2.21556666666667	446
2.21640000000000	473
2.21723333333333	0
2.21806666666667	0
2.21891666666667	435
2.21975000000000	0
2.22058333333333	220
2.22141666666667	440
2.22225000000000	0
2.22308333333333	383
2.22391666666667	0
2.22475000000000	204
2.22558333333333	441
2.22641666666667	220
2.22725000000000	0
2.22808333333333	584
2.22891666666667	522
2.22975000000000	318
2.23058333333333	0
2.23141666666667	0
2.23225000000000	0
2.23308333333333	0
2.23391666666667	0
2.23475000000000	0
2.23558333333333	0
2.23643333333333	325
2.23726666666667	163
2.23810000000000	0
2.23893333333333	0
2.23976666666667	0
2.24060000000000	0
2.24143333333333	0
2.24226666666667	277
2.24310000000000	139
2.24393333333333	0
2.24476666666667	0
2.24560000000000	0
2.24643333333333	819
2.24726666666667	985
2.24810000000000	1258
2.24893333333333	427
2.24976666666667	178
2.25060000000000	305
2.25143333333333	13
2.25226666666667	379
2.25311666666667	535
2.25395000000000	482
2.25478333333333	625
2.25561666666667	406
2.25645000000000	187
2.25728333333333	778
2.25811666666667	997
2.25895000000000	0
2.25978333333333	0
2.26061666666667	1047
2.26145000000000	263
2.26228333333333	0
2.26311666666667	0
2.26395000000000	0
2.26478333333333	0
2.26561666666667	0
2.26645000000000	262
2.26728333333333	525
2.26811666666667	1480
2.26895000000000	1116
2.26978333333333	0
2.27063333333333	89
2.27146666666667	178
2.27230000000000	624
2.27313333333333	914
2.27396666666667	760
2.27480000000000	1043
2.27563333333333	1326
2.27646666666667	0
2.27730000000000	806
2.27813333333333	505
2.27896666666667	767
2.27980000000000	436
2.28063333333333	925
2.28146666666667	778
2.28230000000000	1046
2.28313333333333	1314
2.28396666666667	1229
2.28480000000000	1184
2.28563333333333	1211
2.28646666666667	1238
2.28731666666667	355
2.28815000000000	277
2.28898333333333	819
2.28981666666667	1360
2.29065000000000	2248
2.29148333333333	2449
2.29231666666667	2604
2.29315000000000	2073
2.29398333333333	468
2.29481666666667	2493
2.29565000000000	653
2.29648333333333	1391
2.29731666666667	1287
2.29815000000000	1730
2.29898333333333	4048
2.29981666666667	3604
2.30065000000000	791
2.30148333333333	2017
2.30231666666667	1646
2.30315000000000	2143
2.30396666666667	2166
2.30481666666667	2189
2.30565000000000	1417
2.30648333333333	1615
2.30731666666667	1813
2.30815000000000	1915
2.30898333333333	2017
2.30981666666667	3422
2.31065000000000	3636
2.31148333333333	2261
2.31231666666667	1278
2.31315000000000	1654
2.31398333333333	2030
2.31481666666667	3040
2.31565000000000	2792
2.31648333333333	2985
2.31731666666667	2797
2.31815000000000	3286
2.31898333333333	2739
2.31981666666667	2191
2.32065000000000	2572
2.32150000000000	2952
2.32233333333333	3466
2.32316666666667	3478
2.32400000000000	3519
2.32483333333333	3559
2.32566666666667	3051
2.32650000000000	2544
2.32733333333333	3885
2.32816666666667	5504
2.32900000000000	4808
2.32983333333333	4348
2.33066666666667	4554
2.33150000000000	4536
2.33233333333333	3774
2.33316666666667	2990
2.33400000000000	2856
2.33483333333333	2721
2.33566666666667	3686
2.33650000000000	4650
2.33733333333333	4231
2.33816666666667	4261
2.33901666666667	4291
2.33985000000000	4919
2.34068333333333	4458
2.34151666666667	3996
2.34235000000000	6289
2.34318333333333	5482
2.34401666666667	4675
2.34485000000000	6477
2.34568333333333	7186
2.34651666666667	8384
2.34735000000000	3868
2.34818333333333	7551
2.34901666666667	5376
2.34985000000000	5966
2.35068333333333	6555
2.35151666666667	5852
2.35235000000000	6069
2.35318333333333	6228
2.35401666666667	6387
2.35485000000000	7400
2.35570000000000	7157
2.35653333333333	6914
2.35736666666667	6386
2.35820000000000	5858
2.35903333333333	4518
2.35986666666667	10608
2.36070000000000	9080
2.36153333333333	7216
2.36236666666667	7094
2.36320000000000	8098
2.36403333333333	6899
2.36486666666667	8090
2.36570000000000	6812
2.36653333333333	10024
2.36736666666667	11260
2.36820000000000	6413
2.36903333333333	7942
2.36986666666667	5330
2.37070000000000	6129
2.37153333333333	6928
2.37236666666667	6508
2.37321666666667	9048
2.37405000000000	10036
2.37488333333333	9152
2.37571666666667	9092
2.37655000000000	9684
2.37738333333333	10128
2.37821666666667	10576
2.37905000000000	9764
2.37988333333333	8956
2.38071666666667	12532
2.38155000000000	11552
2.38238333333333	10572
2.38321666666667	9752
2.38405000000000	8932
2.38488333333333	10316
2.38571666666667	9812
2.38655000000000	11144
2.38738333333333	12480
2.38821666666667	8292
2.38905000000000	9864
2.38990000000000	11436
2.39073333333333	13996
2.39156666666667	13204
2.39240000000000	14108
2.39323333333333	13880
2.39406666666667	13656
2.39490000000000	14092
2.39573333333333	14528
2.39656666666667	15172
2.39740000000000	14876
2.39823333333333	14576
2.39906666666667	15612
2.39990000000000	16628
2.40073333333333	16252
2.40156666666667	15876
2.40240000000000	11612
2.40323333333333	14632
2.40406666666667	15080
2.40490000000000	15528
2.40573333333333	12236
2.40656666666667	13860
2.40741666666667	13016
2.40825000000000	12172
2.40908333333333	10384
2.40991666666667	8596
2.41075000000000	11880
2.41158333333333	15160
2.41241666666667	15748
2.41325000000000	14136
2.41408333333333	12520
2.41491666666667	12908
2.41575000000000	13292
2.41658333333333	13584
2.41741666666667	13876
2.41825000000000	20992
2.41908333333333	20192
2.41991666666667	11608
2.42075000000000	17668
2.42156666666667	18212
2.42240000000000	17492
2.42323333333333	12596
2.42408333333333	19532
2.42491666666667	20540
2.42575000000000	27912
2.42658333333333	26128
2.42741666666667	22872
2.42825000000000	14028
2.42908333333333	19444
2.42991666666667	13440
2.43075000000000	19260
2.43158333333333	21208
2.43241666666667	14196
2.43325000000000	10168
2.43408333333333	19640
2.43491666666667	17032
2.43575000000000	17000
2.43658333333333	18356
2.43741666666667	19712
2.43825000000000	20728
2.43908333333333	21744
2.43991666666667	22360
2.44075000000000	22976
2.44160000000000	16328
2.44243333333333	20404
2.44326666666667	19284
2.44410000000000	20564
2.44493333333333	21848
2.44576666666667	21752
2.44660000000000	18132
2.44743333333333	19416
2.44826666666667	20696
2.44910000000000	21628
2.44993333333333	20872
2.45076666666667	19056
2.45160000000000	17244
2.45243333333333	20660
2.45326666666667	19328
2.45410000000000	17996
2.45493333333333	17436
2.45576666666667	18448
2.45660000000000	19460
2.45743333333333	14976
2.45828333333333	20132
2.45911666666667	28372
2.45995000000000	31492
2.46078333333333	28372
2.46161666666667	23292
2.46245000000000	12796
2.46328333333333	19632
2.46411666666667	28224
2.46495000000000	31872
2.46578333333333	29516
2.46661666666667	26144
2.46745000000000	27968
2.46828333333333	28844
2.46911666666667	29720
2.46995000000000	28616
2.47078333333333	26252
2.47161666666667	28896
2.47245000000000	22328
2.47328333333333	26856
2.47411666666667	26052
2.47495000000000	25248
2.47580000000000	23956
2.47663333333333	22660
2.47746666666667	27348
2.47830000000000	32992
2.47913333333333	32976
2.47996666666667	20692
2.48080000000000	18948
2.48163333333333	33248
2.48246666666667	35552
2.48330000000000	30212
2.48413333333333	23004
2.48496666666667	34288
2.48580000000000	20880
2.48663333333333	27128
2.48746666666667	32784
2.48830000000000	23584
2.48913333333333	37328
2.48996666666667	34560
2.49080000000000	36048
2.49163333333333	32500
2.49248333333333	33712
2.49331666666667	34944
2.49415000000000	31880
2.49498333333333	28820
2.49581666666667	27772
2.49665000000000	29416
2.49748333333333	28428
2.49831666666667	27444
2.49915000000000	21368
2.49998333333333	31980
2.50081666666667	34256
2.50165000000000	35952
2.50248333333333	36096
2.50331666666667	19540
2.50415000000000	32376
2.50498333333333	36080
2.50581666666667	18184
2.50665000000000	28692
2.50748333333333	28148
2.50831666666667	36496
2.50915000000000	30856
2.51000000000000	34096
2.51083333333333	33488
2.51166666666667	36128
2.51250000000000	38784
2.51333333333333	30160
2.51416666666667	35008
2.51500000000000	36912
2.51583333333333	38032
2.51666666666667	41296
2.51750000000000	28560
2.51833333333333	36688
2.51916666666667	38208
2.52000000000000	38592
2.52083333333333	30064
2.52166666666667	30476
2.52250000000000	41568
2.52333333333333	29272
2.52416666666667	33952
2.52500000000000	28808
2.52583333333333	40768
2.52668333333333	39104
2.52751666666667	40128
2.52835000000000	34016
2.52918333333333	24916
2.53001666666667	42992
2.53085000000000	40672
2.53168333333333	42384
2.53251666666667	39616
2.53335000000000	48240
2.53418333333333	30952
2.53501666666667	34608
2.53585000000000	43536
2.53668333333333	35232
2.53751666666667	41440
2.53835000000000	35792
2.53918333333333	40848
2.54001666666667	42608
2.54085000000000	36784
2.54168333333333	40448
2.54251666666667	40928
2.54335000000000	28012
2.54420000000000	39056
2.54503333333333	31264
2.54586666666667	40416
2.54670000000000	44160
2.54753333333333	40560
2.54836666666667	38688
2.54920000000000	37280
2.55003333333333	39392
2.55086666666667	30380
2.55170000000000	43936
2.55253333333333	39872
2.55336666666667	36864
2.55420000000000	46272
2.55503333333333	37344
2.55586666666667	35456
2.55670000000000	31600
2.55753333333333	29828
2.55836666666667	31608
2.55918333333333	35120
2.56003333333333	40672
2.56086666666667	38672
2.56170000000000	46480
2.56253333333333	46768
2.56336666666667	42304
2.56420000000000	53120
2.56503333333333	55360
2.56586666666667	47664
2.56670000000000	37696
2.56753333333333	48160
2.56836666666667	36624
2.56920000000000	34304
2.57003333333333	36304
2.57086666666667	50656
2.57170000000000	50352
2.57253333333333	47072
2.57336666666667	44976
2.57420000000000	48112
2.57503333333333	42768
2.57586666666667	49904
2.57670000000000	45200
2.57753333333333	29836
2.57838333333333	41072
2.57921666666667	35984
2.58005000000000	41616
2.58088333333333	41184
2.58171666666667	50400
2.58255000000000	49024
2.58338333333333	35152
2.58421666666667	47776
2.58505000000000	52544
2.58588333333333	35248
2.58671666666667	37104
2.58755000000000	47296
2.58838333333333	42400
2.58921666666667	46336
2.59005000000000	46736
2.59088333333333	30636
2.59171666666667	52288
2.59255000000000	45504
2.59338333333333	28920
2.59421666666667	47264
2.59506666666667	35952
2.59590000000000	43568
2.59673333333333	43136
2.59756666666667	42704
2.59840000000000	43776
2.59923333333333	41296
2.60006666666667	40144
2.60090000000000	43760
2.60173333333333	39744
2.60256666666667	35712
2.60340000000000	40688
2.60423333333333	39280
2.60506666666667	35984
2.60590000000000	40352
2.60673333333333	45776
2.60756666666667	45584
2.60840000000000	33184
2.60923333333333	44480
2.61006666666667	49328
2.61090000000000	36880
2.61173333333333	55904
2.61258333333333	48112
2.61341666666667	29992
2.61425000000000	48608
2.61508333333333	37696
2.61591666666667	47712
2.61675000000000	43520
2.61758333333333	39328
2.61841666666667	54448
2.61925000000000	50560
2.62008333333333	51152
2.62091666666667	32616
2.62175000000000	36816
2.62258333333333	58608
2.62341666666667	46352
2.62425000000000	50528
2.62508333333333	31464
2.62591666666667	38560
2.62675000000000	48768
2.62758333333333	39952
2.62841666666667	41840
2.62926666666667	46960
2.63010000000000	41680
2.63093333333333	39488
2.63176666666667	37280
2.63260000000000	48368
2.63343333333333	52064
2.63426666666667	45072
2.63510000000000	44000
2.63593333333333	42928
2.63676666666667	41968
2.63760000000000	42832
2.63843333333333	42448
2.63926666666667	42064
2.64010000000000	46800
2.64093333333333	50912
2.64176666666667	34192
2.64260000000000	57968
2.64343333333333	39264
2.64426666666667	48512
2.64508333333333	48992
2.64591666666667	38880
2.64676666666667	40496
2.64760000000000	44976
2.64843333333333	50704
2.64926666666667	48976
2.65010000000000	50416
2.65093333333333	50432
2.65176666666667	43984
2.65260000000000	41264
2.65343333333333	38880
2.65426666666667	43296
2.65510000000000	47728
2.65593333333333	44288
2.65676666666667	40832
2.65760000000000	31144
2.65843333333333	28096
2.65926666666667	41200
2.66010000000000	49648
2.66093333333333	45296
2.66176666666667	51600
2.66260000000000	54848
2.66345000000000	50992
2.66428333333333	51360
2.66511666666667	41056
2.66595000000000	52368
2.66678333333333	45888
2.66761666666667	43200
2.66845000000000	43088
2.66928333333333	44576
2.67011666666667	46048
2.67095000000000	44656
2.67178333333333	43248
2.67261666666667	53520
2.67345000000000	52832
2.67428333333333	51264
2.67511666666667	50592
2.67595000000000	48160
2.67678333333333	46624
2.67761666666667	55808
2.67845000000000	32800
2.67928333333333	36352
2.68011666666667	34640
2.68096666666667	31196
2.68180000000000	27748
2.68263333333333	30792
2.68346666666667	29816
2.68430000000000	28840
2.68513333333333	37408
2.68596666666667	46048
2.68680000000000	46368
2.68763333333333	50720
2.68846666666667	49856
2.68930000000000	39248
2.69013333333333	41504
2.69096666666667	29204
2.69180000000000	49952
2.69263333333333	44224
2.69346666666667	55808
2.69430000000000	57088
2.69513333333333	52256
2.69596666666667	51152
2.69680000000000	42272
2.69765000000000	45536
2.69848333333333	52544
2.69931666666667	36304
2.70015000000000	31928
2.70098333333333	42240
2.70181666666667	27460
2.70265000000000	44176
2.70348333333333	43472
2.70431666666667	55104
2.70515000000000	48672
2.70598333333333	55120
2.70681666666667	48816
2.70765000000000	47488
2.70848333333333	51952
2.70931666666667	35136
2.71015000000000	54992
2.71098333333333	56816
2.71180000000000	57600
2.71263333333333	42160
2.71346666666667	40944
2.71430000000000	45088
2.71515000000000	46464
2.71598333333333	44640
2.71681666666667	43856
2.71765000000000	46928
2.71848333333333	45216
2.71931666666667	43504
2.72015000000000	43920
2.72098333333333	45056
2.72181666666667	51616
2.72265000000000	50240
2.72348333333333	46384
2.72431666666667	42000
2.72515000000000	39552
2.72598333333333	36784
2.72681666666667	49968
2.72765000000000	52224
2.72848333333333	53488
2.72931666666667	58672
2.73015000000000	37696
2.73098333333333	39808
2.73183333333333	52400
2.73266666666667	42352
2.73350000000000	55744
2.73433333333333	37904
2.73516666666667	52816
2.73600000000000	51760
2.73683333333333	57568
2.73766666666667	40416
2.73850000000000	64416
2.73933333333333	43344
2.74016666666667	49216
2.74100000000000	52272
2.74183333333333	49488
2.74266666666667	31428
2.74350000000000	27988
2.74433333333333	49168
2.74516666666667	52064
2.74600000000000	42336
2.74683333333333	35104
2.74766666666667	50528
2.74850000000000	46384
2.74935000000000	42928
2.75018333333333	43584
2.75101666666667	44224
2.75185000000000	45504
2.75268333333333	39696
2.75351666666667	58656
2.75435000000000	53872
2.75518333333333	48112
2.75601666666667	35616
2.75685000000000	49568
2.75768333333333	52640
2.75851666666667	62096
2.75935000000000	54640
2.76018333333333	41792
2.76101666666667	45872
2.76185000000000	36928
2.76268333333333	49248
2.76351666666667	52160
2.76435000000000	52000
2.76518333333333	51088
2.76603333333333	46544
2.76686666666667	39344
2.76770000000000	53712
2.76853333333333	52784
2.76936666666667	43456
2.77020000000000	52928
2.77103333333333	32468
2.77186666666667	40288
2.77270000000000	57840
2.77353333333333	36016
2.77436666666667	41600
2.77520000000000	42640
2.77603333333333	38592
2.77686666666667	34544
2.77770000000000	38800
2.77853333333333	40624
2.77936666666667	42448
2.78020000000000	40976
2.78103333333333	43280
2.78186666666667	33568
2.78270000000000	53072
2.78355000000000	47360
2.78438333333333	37920
2.78521666666667	47136
2.78605000000000	40528
2.78688333333333	41904
2.78771666666667	42784
2.78855000000000	43664
2.78938333333333	43216
2.79021666666667	42768
2.79105000000000	44672
2.79188333333333	42896
2.79271666666667	41104
2.79355000000000	47280
2.79438333333333	47984
2.79521666666667	42592
2.79605000000000	54336
2.79688333333333	51792
2.79771666666667	33872
2.79855000000000	46624
2.79938333333333	48736
2.80023333333333	47952
2.80106666666667	48592
2.80190000000000	55008
2.80273333333333	55776
2.80356666666667	50608
2.80440000000000	36656
2.80523333333333	51904
2.80606666666667	52736
2.80690000000000	59408
2.80773333333333	53248
2.80856666666667	48112
2.80940000000000	49104
2.81023333333333	44480
2.81106666666667	49376
2.81190000000000	49616
2.81273333333333	49840
2.81356666666667	38624
2.81440000000000	32488
2.81521666666667	53424
2.81605000000000	47280
2.81688333333333	46688
2.81773333333333	47776
2.81856666666667	48864
2.81940000000000	43136
2.82023333333333	44432
2.82106666666667	45728
2.82190000000000	46528
2.82273333333333	47328
2.82356666666667	49712
2.82440000000000	52112
2.82523333333333	53232
2.82606666666667	39088
2.82690000000000	42432
2.82773333333333	45760
2.82856666666667	45120
2.82940000000000	40336
2.83023333333333	48048
2.83106666666667	50064
2.83190000000000	39824
2.83273333333333	44288
2.83356666666667	52368
2.83441666666667	54448
2.83525000000000	56752
2.83608333333333	56416
2.83691666666667	47040
2.83775000000000	49072
2.83858333333333	58512
2.83941666666667	45872
2.84025000000000	61568
2.84108333333333	39536
2.84191666666667	56096
2.84275000000000	44256
2.84358333333333	47600
2.84441666666667	44272
2.84525000000000	46304
2.84608333333333	47888
2.84691666666667	38672
2.84775000000000	39296
2.84858333333333	32628
2.84941666666667	39424
2.85025000000000	51984
2.85108333333333	58608
2.85193333333333	53040
2.85276666666667	55776
2.85360000000000	51184
2.85443333333333	53200
2.85526666666667	44784
2.85610000000000	45184
2.85693333333333	26084
2.85776666666667	49616
2.85860000000000	53392
2.85943333333333	42336
2.86026666666667	44224
2.86110000000000	46112
2.86193333333333	46240
2.86276666666667	46368
2.86360000000000	37072
2.86443333333333	51648
2.86526666666667	43504
2.86610000000000	46256
2.86693333333333	49024
2.86776666666667	49648
2.86861666666667	48560
2.86945000000000	48416
2.87028333333333	48272
2.87111666666667	46096
2.87195000000000	65072
2.87278333333333	61376
2.87361666666667	48224
2.87445000000000	52704
2.87528333333333	35936
2.87611666666667	59424
2.87695000000000	54816
2.87778333333333	50160
2.87861666666667	51360
2.87945000000000	52560
2.88028333333333	55040
2.88111666666667	47504
2.88195000000000	42912
2.88278333333333	42960
2.88361666666667	31544
2.88445000000000	46944
2.88528333333333	34688
2.88613333333333	48112
2.88696666666667	44384
2.88780000000000	42064
2.88863333333333	46016
2.88946666666667	44480
2.89030000000000	42960
2.89113333333333	37184
2.89196666666667	41520
2.89280000000000	41200
2.89363333333333	40880
2.89446666666667	38976
2.89530000000000	37072
2.89613333333333	44848
2.89695000000000	46688
2.89778333333333	55632
2.89861666666667	54528
2.89945000000000	51200
2.90028333333333	43600
2.90111666666667	48784
2.90195000000000	48032
2.90280000000000	47296
2.90363333333333	54272
2.90446666666667	33936
2.90530000000000	49536
2.90613333333333	45184
2.90696666666667	47504
2.90780000000000	59216
2.90863333333333	61840
2.90946666666667	47056
2.91030000000000	45616
2.91113333333333	56336
2.91196666666667	47872
2.91280000000000	58768
2.91363333333333	53680
2.91446666666667	41552
2.91530000000000	52352
2.91613333333333	57152
2.91696666666667	42736
2.91780000000000	48256
2.91863333333333	46320
2.91946666666667	48800
2.92031666666667	51296
2.92115000000000	49744
2.92198333333333	48208
2.92281666666667	49920
2.92365000000000	48192
2.92448333333333	52912
2.92531666666667	32436
2.92615000000000	55088
2.92698333333333	47760
2.92781666666667	39616
2.92865000000000	44880
2.92948333333333	51056
2.93031666666667	50848
2.93115000000000	56240
2.93198333333333	51536
2.93281666666667	51152
2.93365000000000	51984
2.93448333333333	50960
2.93531666666667	50272
2.93615000000000	56080
2.93700000000000	31720
2.93783333333333	46000
2.93866666666667	53632
2.93950000000000	58560
2.94033333333333	57888
2.94116666666667	37248
2.94200000000000	59984
2.94283333333333	49072
2.94366666666667	40240
2.94450000000000	52848
2.94533333333333	44624
2.94616666666667	40560
2.94700000000000	50912
2.94783333333333	45488
2.94866666666667	40064
2.94950000000000	41312
2.95033333333333	42576
2.95116666666667	44288
2.95200000000000	46016
2.95283333333333	44560
2.95366666666667	38880
2.95451666666667	44816
2.95535000000000	33552
2.95618333333333	43104
2.95701666666667	36016
2.95785000000000	34592
2.95868333333333	57840
2.95951666666667	54928
2.96035000000000	57056
2.96118333333333	46336
2.96201666666667	53168
2.96285000000000	53312
2.96368333333333	48400
2.96451666666667	52992
2.96535000000000	46064
2.96618333333333	41696
2.96701666666667	35424
2.96783333333333	58560
2.96866666666667	57440
2.96950000000000	39616
2.97033333333333	57120
2.97118333333333	41840
2.97201666666667	56736
2.97285000000000	58096
2.97368333333333	50112
2.97451666666667	46944
2.97535000000000	58656
2.97618333333333	58992
2.97701666666667	46608
2.97785000000000	49184
2.97868333333333	49424
2.97951666666667	48800
2.98035000000000	43120
2.98118333333333	48496
2.98201666666667	50288
2.98285000000000	52080
2.98368333333333	42944
2.98451666666667	54880
2.98535000000000	46560
2.98618333333333	44896
2.98701666666667	53024
2.98785000000000	47024
2.98870000000000	44272
2.98953333333333	41504
2.99036666666667	42032
2.99120000000000	42560
2.99203333333333	46384
2.99286666666667	50208
2.99370000000000	49136
2.99453333333333	48080
2.99536666666667	54240
2.99620000000000	60208
2.99703333333333	28824
2.99786666666667	50880
2.99870000000000	48624
2.99953333333333	50464
3.00036666666667	53424
3.00120000000000	41584
3.00203333333333	50160
3.00286666666667	50128
3.00370000000000	46064
3.00453333333333	47424
3.00538333333333	48768
3.00621666666667	44160
3.00705000000000	38960
3.00788333333333	47600
3.00871666666667	52448
3.00955000000000	49088
3.01038333333333	45344
3.01121666666667	51856
3.01205000000000	47968
3.01288333333333	37216
3.01371666666667	40384
3.01455000000000	43536
3.01538333333333	44336
3.01621666666667	45136
3.01705000000000	43520
3.01788333333333	37328
3.01871666666667	50400
3.01955000000000	48112
3.02038333333333	47264
3.02121666666667	48656
3.02205000000000	50048
3.02290000000000	45808
3.02373333333333	41568
3.02456666666667	36016
3.02540000000000	52048
3.02623333333333	49536
3.02706666666667	47232
3.02790000000000	50768
3.02873333333333	47952
3.02956666666667	51856
3.03040000000000	48640
3.03123333333333	37472
3.03206666666667	42688
3.03290000000000	48960
3.03373333333333	46976
3.03456666666667	51792
3.03540000000000	46304
3.03623333333333	49488
3.03706666666667	52192
3.03790000000000	50000
3.03873333333333	47824
3.03958333333333	51056
3.04041666666667	44496
3.04125000000000	41664
3.04208333333333	43760
3.04291666666667	45872
3.04375000000000	45872
3.04458333333333	49232
3.04541666666667	52592
3.04625000000000	39264
3.04708333333333	48272
3.04791666666667	56528
3.04875000000000	54400
3.04958333333333	52368
3.05041666666667	50832
3.05125000000000	47568
3.05208333333333	45040
3.05291666666667	57200
3.05375000000000	61472
3.05458333333333	54480
3.05541666666667	44576
3.05625000000000	59280
3.05710000000000	41104
3.05793333333333	50144
3.05876666666667	43312
3.05960000000000	53520
3.06043333333333	51440
3.06126666666667	51584
3.06210000000000	51408
3.06293333333333	51232
3.06376666666667	52864
3.06460000000000	34032
3.06543333333333	58608
3.06626666666667	57968
3.06710000000000	38448
3.06791666666667	31852
3.06875000000000	60128
3.06958333333333	58064
3.07041666666667	56176
3.07125000000000	46480
3.07208333333333	57168
3.07291666666667	49984
3.07376666666667	58288
3.07460000000000	53824
3.07543333333333	54976
3.07626666666667	40128
3.07710000000000	47392
3.07793333333333	44032
3.07876666666667	46288
3.07960000000000	49360
3.08043333333333	52432
3.08126666666667	47824
3.08210000000000	43200
3.08293333333333	45584
3.08376666666667	42752
3.08460000000000	43088
3.08543333333333	45216
3.08626666666667	47344
3.08710000000000	33216
3.08793333333333	44768
3.08876666666667	52416
3.08960000000000	60800
3.09043333333333	53776
3.09128333333333	50976
3.09211666666667	47616
3.09295000000000	50544
3.09378333333333	49232
3.09461666666667	47936
3.09545000000000	46528
3.09628333333333	47856
3.09711666666667	45680
3.09795000000000	37760
3.09878333333333	38048
3.09961666666667	38320
3.10045000000000	51264
3.10128333333333	56336
3.10211666666667	61392
3.10295000000000	41264
3.10378333333333	36752
3.10461666666667	52672
3.10545000000000	53664
3.10628333333333	54704
3.10711666666667	52384
3.10796666666667	41744
3.10880000000000	53296
3.10963333333333	59488
3.11046666666667	54512
3.11130000000000	58880
3.11213333333333	49888
3.11296666666667	45520
3.11380000000000	52480
3.11463333333333	53952
3.11546666666667	52400
3.11630000000000	54112
3.11713333333333	54192
3.11796666666667	51616
3.11880000000000	49856
3.11963333333333	56688
3.12046666666667	49968
3.12130000000000	43264
3.12213333333333	41904
3.12296666666667	45200
3.12380000000000	46944
3.12463333333333	48688
3.12548333333333	29936
3.12631666666667	40384
3.12715000000000	53616
3.12798333333333	53472
3.12881666666667	53632
3.12965000000000	44288
3.13048333333333	45856
3.13131666666667	46288
3.13215000000000	46064
3.13298333333333	45584
3.13381666666667	45120
3.13465000000000	47120
3.13548333333333	49136
3.13631666666667	56720
3.13715000000000	56528
3.13798333333333	54384
3.13881666666667	52240
3.13965000000000	58112
3.14048333333333	49200
3.14131666666667	60624
3.14216666666667	51552
3.14300000000000	60128
3.14383333333333	42256
3.14466666666667	46048
3.14550000000000	42240
3.14633333333333	44448
3.14716666666667	46656
3.14800000000000	39488
3.14883333333333	48192
3.14966666666667	53696
3.15050000000000	54752
3.15133333333333	45376
3.15216666666667	50944
3.15300000000000	35376
3.15383333333333	52144
3.15466666666667	49408
3.15550000000000	48224
3.15633333333333	55504
3.15716666666667	58992
3.15800000000000	44992
3.15883333333333	59824
3.15968333333333	52640
3.16051666666667	54848
3.16135000000000	46336
3.16218333333333	50112
3.16301666666667	45328
3.16385000000000	51920
3.16468333333333	39984
3.16551666666667	43232
3.16635000000000	46496
3.16718333333333	35072
3.16801666666667	56192
3.16885000000000	49632
3.16968333333333	52144
3.17050000000000	55472
3.17133333333333	41248
3.17216666666667	35376
3.17300000000000	40736
3.17383333333333	46416
3.17466666666667	52112
3.17550000000000	44768
3.17635000000000	37440
3.17718333333333	57472
3.17801666666667	43312
3.17885000000000	51184
3.17968333333333	50064
3.18051666666667	47808
3.18135000000000	47104
3.18218333333333	52208
3.18301666666667	59024
3.18385000000000	59216
3.18468333333333	54688
3.18551666666667	52832
3.18635000000000	57936
3.18718333333333	44944
3.18801666666667	43744
3.18885000000000	49696
3.18968333333333	49952
3.19051666666667	50208
3.19135000000000	52736
3.19218333333333	53248
3.19301666666667	46688
3.19386666666667	40144
3.19470000000000	54160
3.19553333333333	52032
3.19636666666667	58416
3.19720000000000	58848
3.19803333333333	50688
3.19886666666667	55376
3.19970000000000	45280
3.20053333333333	53056
3.20136666666667	47744
3.20220000000000	49792
3.20303333333333	48128
3.20386666666667	43472
3.20470000000000	42272
3.20553333333333	53344
3.20636666666667	34800
3.20720000000000	45904
3.20803333333333	57552
3.20886666666667	53968
3.20970000000000	55776
3.21055000000000	47344
3.21138333333333	54000
3.21221666666667	57184
3.21305000000000	53376
3.21388333333333	54992
3.21471666666667	42272
3.21555000000000	51008
3.21638333333333	50288
3.21721666666667	57488
3.21805000000000	52752
3.21888333333333	43296
3.21971666666667	45840
3.22055000000000	43744
3.22138333333333	57568
3.22221666666667	56368
3.22305000000000	44208
3.22388333333333	41120
3.22471666666667	53184
3.22555000000000	37024
3.22638333333333	53728
3.22721666666667	43488
3.22806666666667	47424
3.22890000000000	55584
3.22973333333333	55712
3.23056666666667	46624
3.23140000000000	46208
3.23223333333333	55312
3.23306666666667	58336
3.23390000000000	55616
3.23473333333333	54352
3.23556666666667	41408
3.23640000000000	53296
3.23723333333333	56752
3.23806666666667	42544
3.23890000000000	49888
3.23973333333333	56064
3.24056666666667	48592
3.24140000000000	47888
3.24223333333333	54480
3.24306666666667	56672
3.24390000000000	41536
3.24475000000000	48096
3.24558333333333	45344
3.24641666666667	49936
3.24725000000000	53248
3.24808333333333	50864
3.24891666666667	49008
3.24975000000000	51248
3.25058333333333	45904
3.25141666666667	45680
3.25225000000000	45456
3.25308333333333	45232
3.25391666666667	45008
3.25475000000000	47600
3.25558333333333	47552
3.25641666666667	47520
3.25725000000000	42816
3.25808333333333	38112
3.25891666666667	47824
3.25973333333333	48864
3.26056666666667	40576
3.26140000000000	46784
3.26225000000000	52800
3.26308333333333	49808
3.26391666666667	46832
3.26475000000000	46064
3.26558333333333	50352
3.26641666666667	58240
3.26725000000000	55904
3.26808333333333	54672
3.26891666666667	55648
3.26975000000000	53120
3.27058333333333	50608
3.27141666666667	46256
3.27225000000000	48880
3.27308333333333	49856
3.27391666666667	40032
3.27475000000000	49536
3.27558333333333	49968
3.27641666666667	55952
3.27725000000000	55600
3.27808333333333	50912
3.27893333333333	43808
3.27976666666667	39152
3.28060000000000	28548
3.28143333333333	32832
3.28226666666667	37120
3.28310000000000	50288
3.28393333333333	49904
3.28476666666667	47232
3.28560000000000	44560
3.28643333333333	52528
3.28726666666667	51440
3.28810000000000	50368
3.28893333333333	51760
3.28976666666667	51344
3.29060000000000	50912
3.29143333333333	46944
3.29226666666667	48848
3.29310000000000	43648
3.29393333333333	56640
3.29476666666667	60256
3.29560000000000	49296
3.29645000000000	49648
3.29728333333333	50416
3.29811666666667	51184
3.29895000000000	47568
3.29978333333333	49952
3.30061666666667	45824
3.30145000000000	44960
3.30228333333333	43696
3.30311666666667	47824
3.30395000000000	54432
3.30478333333333	54672
3.30561666666667	36432
3.30645000000000	62208
3.30728333333333	58464
3.30811666666667	52384
3.30895000000000	57328
3.30978333333333	26704
3.31061666666667	55840
3.31145000000000	53920
3.31228333333333	48896
3.31313333333333	51056
3.31396666666667	55936
3.31480000000000	30336
3.31563333333333	49184
3.31646666666667	50096
3.31730000000000	34688
3.31813333333333	51712
3.31896666666667	41120
3.31980000000000	49392
3.32063333333333	48752
3.32146666666667	50256
3.32230000000000	52512
3.32313333333333	54704
3.32396666666667	56896
3.32480000000000	57472
3.32563333333333	33808
3.32646666666667	56272
3.32730000000000	49936
3.32813333333333	36544
3.32896666666667	49600
3.32980000000000	42096
3.33065000000000	53120
3.33148333333333	54688
3.33231666666667	51776
3.33315000000000	58128
3.33398333333333	60928
3.33481666666667	35312
3.33565000000000	54128
3.33648333333333	49696
3.33731666666667	58416
3.33815000000000	56480
3.33898333333333	54528
3.33981666666667	42368
3.34065000000000	49808
3.34148333333333	51888
3.34231666666667	35680
3.34315000000000	56592
3.34398333333333	47728
3.34481666666667	63616
3.34565000000000	53952
3.34648333333333	61232
3.34733333333333	62336
3.34816666666667	48000
3.34900000000000	52512
3.34983333333333	53072
3.35066666666667	55680
3.35150000000000	42080
3.35233333333333	55728
3.35316666666667	51952
3.35400000000000	43600
3.35483333333333	55616
3.35566666666667	52832
3.35650000000000	52272
3.35733333333333	52384
3.35816666666667	52496
3.35900000000000	49328
3.35983333333333	49104
3.36066666666667	48896
3.36150000000000	40160
3.36233333333333	43056
3.36316666666667	47744
3.36400000000000	52448
3.36485000000000	52528
3.36568333333333	52608
3.36651666666667	53936
3.36735000000000	55248
3.36818333333333	53696
3.36901666666667	52144
3.36985000000000	46384
3.37068333333333	54864
3.37151666666667	54272
3.37235000000000	54208
3.37318333333333	51872
3.37401666666667	53840
3.37485000000000	49680
3.37568333333333	29076
3.37651666666667	61072
3.37733333333333	47232
3.37816666666667	24392
3.37900000000000	54224
3.37983333333333	52304
3.38066666666667	46752
3.38151666666667	53568
3.38235000000000	54608
3.38318333333333	55648
3.38401666666667	47312
3.38485000000000	55968
3.38568333333333	46304
3.38651666666667	41152
3.38735000000000	60960
3.38818333333333	55488
3.38901666666667	63984
3.38985000000000	46432
3.39068333333333	46176
3.39151666666667	45936
3.39235000000000	48384
3.39318333333333	47408
3.39401666666667	46416
3.39485000000000	51488
3.39568333333333	50016
3.39651666666667	48528
3.39735000000000	51520
3.39818333333333	53328
3.39903333333333	54384
3.39986666666667	34672
3.40070000000000	46448
3.40153333333333	48368
3.40236666666667	48208
3.40320000000000	48048
3.40403333333333	45488
3.40486666666667	35344
3.40570000000000	46112
3.40653333333333	45264
3.40736666666667	63152
3.40820000000000	56640
3.40903333333333	50272
3.40986666666667	54240
3.41070000000000	56352
3.41153333333333	50768
3.41236666666667	60336
3.41320000000000	46752
3.41403333333333	48064
3.41486666666667	45376
3.41571666666667	45664
3.41655000000000	43488
3.41738333333333	43632
3.41821666666667	55376
3.41905000000000	55808
3.41988333333333	55808
3.42071666666667	53920
3.42155000000000	40256
3.42238333333333	54016
3.42321666666667	48656
3.42405000000000	55808
3.42488333333333	56432
3.42571666666667	42656
3.42655000000000	56992
3.42738333333333	50512
3.42821666666667	44624
3.42905000000000	59344
3.42988333333333	61136
3.43071666666667	48368
3.43155000000000	51376
3.43238333333333	44480
3.43323333333333	47248
3.43406666666667	51488
3.43490000000000	56384
3.43573333333333	34064
3.43656666666667	48576
3.43740000000000	45584
3.43823333333333	56528
3.43906666666667	35792
3.43990000000000	36800
3.44073333333333	45920
3.44156666666667	58720
3.44240000000000	61840
3.44323333333333	42528
3.44406666666667	69152
3.44490000000000	49056
3.44573333333333	44560
3.44656666666667	31088
3.44740000000000	44896
3.44823333333333	41984
3.44906666666667	41936
3.44991666666667	41632
3.45075000000000	41312
3.45158333333333	43264
3.45241666666667	31636
3.45325000000000	40688
3.45408333333333	61696
3.45491666666667	56768
3.45575000000000	52128
3.45658333333333	51360
3.45741666666667	50400
3.45825000000000	49440
3.45908333333333	44944
3.45991666666667	41776
3.46075000000000	49472
3.46158333333333	35280
3.46241666666667	34512
3.46323333333333	58176
3.46406666666667	53184
3.46490000000000	51808
3.46573333333333	54416
3.46656666666667	53168
3.46741666666667	55168
3.46825000000000	57168
3.46908333333333	48304
3.46991666666667	45296
3.47075000000000	49408
3.47158333333333	35328
3.47241666666667	54016
3.47325000000000	55168
3.47408333333333	53872
3.47491666666667	55440
3.47575000000000	54720
3.47658333333333	54000
3.47741666666667	52064
3.47825000000000	59296
3.47908333333333	62032
3.47991666666667	42880
3.48075000000000	50528
3.48158333333333	54320
3.48241666666667	44112
3.48325000000000	55520
3.48410000000000	57888
3.48493333333333	35056
3.48576666666667	54336
3.48660000000000	50352
3.48743333333333	46272
3.48826666666667	52992
3.48910000000000	52080
3.48993333333333	55936
3.49076666666667	50720
3.49160000000000	48608
3.49243333333333	46512
3.49326666666667	52784
3.49410000000000	50432
3.49493333333333	49680
3.49576666666667	48912
3.49660000000000	40112
3.49743333333333	50416
3.49826666666667	53232
3.49910000000000	41728
3.49993333333333	39616
3.50076666666667	55648
3.50161666666667	39552
3.50245000000000	48096
3.50328333333333	43728
3.50411666666667	43648
3.50495000000000	43568
3.50578333333333	46816
3.50661666666667	50048
3.50745000000000	53232
3.50828333333333	41536
3.50911666666667	57840
3.50995000000000	63008
3.51078333333333	61888
3.51161666666667	57200
3.51245000000000	60240
3.51328333333333	52864
3.51411666666667	44704
3.51495000000000	46176
3.51578333333333	55872
3.51661666666667	55168
3.51745000000000	50880
3.51830000000000	53968
3.51913333333333	42272
3.51996666666667	29572
3.52080000000000	31532
3.52163333333333	46992
3.52246666666667	51616
3.52330000000000	49760
3.52413333333333	54592
3.52496666666667	42048
3.52580000000000	48224
3.52663333333333	44640
3.52746666666667	47920
3.52830000000000	39424
3.52913333333333	41872
3.52996666666667	44304
3.53080000000000	47456
3.53163333333333	50608
3.53246666666667	51520
3.53330000000000	53696
3.53413333333333	41456
3.53496666666667	57200
3.53581666666667	49920
3.53665000000000	42448
3.53748333333333	52528
3.53831666666667	45408
3.53915000000000	46416
3.53998333333333	44928
3.54081666666667	45024
3.54165000000000	45088
3.54248333333333	54144
3.54331666666667	56368
3.54415000000000	54432
3.54498333333333	43104
3.54581666666667	47232
3.54665000000000	50176
3.54748333333333	39008
3.54831666666667	34592
3.54915000000000	37216
3.54998333333333	42208
3.55081666666667	43728
3.55165000000000	44048
3.55248333333333	54064
3.55331666666667	50864
3.55415000000000	47664
3.55498333333333	50416
3.55581666666667	43344
3.55665000000000	34480
3.55748333333333	41200
3.55831666666667	46496
3.55915000000000	46880
3.55998333333333	45984
3.56081666666667	45088
3.56165000000000	44608
3.56248333333333	46544
3.56331666666667	48480
3.56415000000000	48448
3.56498333333333	48432
3.56581666666667	45696
3.56665000000000	46576
3.56748333333333	54816
3.56831666666667	54688
3.56915000000000	55696
3.57000000000000	42768
3.57083333333333	46544
3.57166666666667	55728
3.57250000000000	42592
3.57333333333333	53312
3.57416666666667	52576
3.57500000000000	50208
3.57583333333333	55552
3.57666666666667	65024
3.57750000000000	66272
3.57833333333333	52608
3.57916666666667	54720
3.58000000000000	47056
3.58083333333333	50736
3.58166666666667	47024
3.58250000000000	43968
3.58333333333333	46256
3.58416666666667	48560
3.58500000000000	46720
3.58583333333333	46720
3.58668333333333	56336
3.58751666666667	56656
3.58835000000000	49664
3.58918333333333	43552
3.59001666666667	55552
3.59085000000000	41248
3.59168333333333	46592
3.59251666666667	27268
3.59335000000000	30076
3.59418333333333	36208
3.59501666666667	36096
3.59585000000000	35984
3.59668333333333	43168
3.59751666666667	50368
3.59835000000000	50928
3.59918333333333	51280
3.60001666666667	51632
3.60085000000000	36224
3.60168333333333	53904
3.60251666666667	57616
3.60335000000000	51184
3.60420000000000	43808
3.60503333333333	46496
3.60586666666667	49200
3.60670000000000	43616
3.60753333333333	38032
3.60836666666667	55568
3.60920000000000	53264
3.61003333333333	50720
3.61086666666667	41376
3.61170000000000	52992
3.61253333333333	58320
3.61336666666667	66768
3.61420000000000	56080
3.61503333333333	49168
3.61586666666667	49968
3.61670000000000	41984
3.61753333333333	39680
3.61836666666667	44528
3.61920000000000	49376
3.62003333333333	57616
3.62088333333333	59888
3.62171666666667	55520
3.62255000000000	58464
3.62338333333333	55440
3.62421666666667	43136
3.62505000000000	63696
3.62588333333333	57168
3.62671666666667	61264
3.62755000000000	51264
3.62838333333333	49376
3.62921666666667	46080
3.63005000000000	48192
3.63088333333333	50304
3.63171666666667	49008
3.63255000000000	47728
3.63338333333333	55952
3.63421666666667	54736
3.63505000000000	53504
3.63588333333333	50416
3.63671666666667	49536
3.63755000000000	49568
3.63840000000000	49600
3.63923333333333	48480
3.64006666666667	47344
3.64090000000000	53984
3.64173333333333	58160
3.64256666666667	54400
3.64340000000000	48976
3.64423333333333	49264
3.64506666666667	49536
3.64590000000000	43792
3.64673333333333	43648
3.64756666666667	43504
3.64840000000000	46432
3.64923333333333	46336
3.65006666666667	46240
3.65090000000000	49040
3.65173333333333	56112
3.65255000000000	55296
3.65338333333333	56912
3.65421666666667	54720
3.65506666666667	36624
3.65590000000000	63760
3.65673333333333	46272
3.65756666666667	56160
3.65840000000000	39648
3.65923333333333	49184
3.66006666666667	55024
3.66090000000000	48144
3.66173333333333	50928
3.66256666666667	53712
3.66340000000000	51120
3.66423333333333	49776
3.66506666666667	54624
3.66590000000000	46512
3.66673333333333	48528
3.66756666666667	50560
3.66840000000000	53408
3.66923333333333	56256
3.67006666666667	44176
3.67090000000000	54224
3.67173333333333	51984
3.67258333333333	50448
3.67341666666667	55040
3.67425000000000	55840
3.67508333333333	51040
3.67591666666667	56512
3.67675000000000	48368
3.67758333333333	59248
3.67841666666667	58688
3.67925000000000	35088
3.68008333333333	52624
3.68091666666667	45120
3.68175000000000	61456
3.68258333333333	52896
3.68341666666667	54096
3.68425000000000	44416
3.68508333333333	44704
3.68591666666667	53840
3.68675000000000	48896
3.68758333333333	56816
3.68841666666667	49616
3.68926666666667	53280
3.69010000000000	42896
3.69093333333333	33712
3.69176666666667	46832
3.69260000000000	42688
3.69343333333333	46128
3.69426666666667	52176
3.69510000000000	58912
3.69593333333333	56960
3.69676666666667	62176
3.69760000000000	50720
3.69843333333333	52000
3.69926666666667	48192
3.70010000000000	45680
3.70093333333333	43184
3.70176666666667	51536
3.70260000000000	48560
3.70343333333333	47664
3.70426666666667	49344
3.70510000000000	51008
3.70593333333333	48800
3.70678333333333	46592
3.70761666666667	50192
3.70845000000000	48464
3.70928333333333	46736
3.71011666666667	48096
3.71095000000000	51296
3.71178333333333	54480
3.71261666666667	38656
3.71345000000000	35648
3.71428333333333	39488
3.71511666666667	40128
3.71595000000000	43776
3.71678333333333	48256
3.71761666666667	48624
3.71845000000000	33376
3.71928333333333	40160
3.72011666666667	36592
3.72095000000000	44784
3.72178333333333	45712
3.72261666666667	45184
3.72346666666667	47280
3.72430000000000	49376
3.72513333333333	48848
3.72596666666667	48304
3.72680000000000	61360
3.72763333333333	60656
3.72846666666667	56576
3.72930000000000	52416
3.73013333333333	55504
3.73096666666667	51680
3.73180000000000	56320
3.73263333333333	55712
3.73346666666667	55104
3.73430000000000	57536
3.73513333333333	51840
3.73596666666667	46160
3.73680000000000	36336
3.73763333333333	54768
3.73846666666667	48752
3.73930000000000	51744
3.74013333333333	55360
3.74098333333333	58720
3.74181666666667	46832
3.74265000000000	47104
3.74348333333333	58256
3.74431666666667	38320
3.74515000000000	41664
3.74598333333333	35248
3.74681666666667	40368
3.74765000000000	39792
3.74848333333333	39216
3.74931666666667	53952
3.75015000000000	58176
3.75098333333333	55904
3.75181666666667	54832
3.75265000000000	54944
3.75348333333333	41552
3.75431666666667	40816
3.75515000000000	47440
3.75598333333333	46736
3.75681666666667	46352
3.75766666666667	54816
3.75850000000000	54832
3.75933333333333	45472
3.76016666666667	54560
3.76100000000000	55840
3.76183333333333	49872
3.76266666666667	51664
3.76350000000000	57344
3.76433333333333	38944
3.76516666666667	49408
3.76600000000000	58032
3.76683333333333	52256
3.76766666666667	43200
3.76850000000000	50896
3.76933333333333	48688
3.77016666666667	46496
3.77100000000000	45552
3.77183333333333	44592
3.77266666666667	55584
3.77350000000000	50672
3.77433333333333	45760
3.77518333333333	35808
3.77601666666667	43552
3.77685000000000	44960
3.77768333333333	50560
3.77851666666667	34304
3.77935000000000	50912
3.78018333333333	65392
3.78101666666667	51984
3.78185000000000	50592
3.78268333333333	55264
3.78351666666667	42432
3.78435000000000	40752
3.78518333333333	53904
3.78601666666667	57920
3.78685000000000	50448
3.78768333333333	40384
3.78851666666667	56336
3.78935000000000	50240
3.79018333333333	57296
3.79101666666667	45072
3.79186666666667	59344
3.79270000000000	49344
3.79353333333333	61424
3.79436666666667	52048
3.79520000000000	57024
3.79603333333333	62256
3.79686666666667	57056
3.79770000000000	60496
3.79853333333333	42816
3.79936666666667	42784
3.80020000000000	42608
3.80103333333333	45728
3.80186666666667	42000
3.80270000000000	38256
3.80353333333333	52992
3.80436666666667	58896
3.80520000000000	57296
3.80603333333333	55888
3.80686666666667	48576
3.80770000000000	56528
3.80853333333333	54384
3.80938333333333	45696
3.81021666666667	56032
3.81105000000000	60112
3.81188333333333	42704
3.81271666666667	49872
3.81355000000000	50080
3.81438333333333	44864
3.81521666666667	43024
3.81605000000000	41184
3.81688333333333	44176
3.81771666666667	43600
3.81855000000000	43024
3.81938333333333	52640
3.82021666666667	51392
3.82105000000000	46288
3.82188333333333	55728
3.82271666666667	45792
3.82355000000000	34416
3.82438333333333	53056
3.82521666666667	52384
3.82606666666667	60512
3.82690000000000	55504
3.82773333333333	66160
3.82856666666667	31092
3.82940000000000	52992
3.83023333333333	63376
3.83106666666667	48688
3.83190000000000	40400
3.83273333333333	44112
3.83356666666667	45264
3.83440000000000	46208
3.83523333333333	45856
3.83606666666667	45520
3.83690000000000	57808
3.83773333333333	61792
3.83856666666667	53376
3.83940000000000	57648
3.84023333333333	46592
3.84106666666667	37616
3.84190000000000	53504
3.84273333333333	47488
3.84358333333333	51072
3.84441666666667	44384
3.84525000000000	35584
3.84608333333333	52320
3.84691666666667	47696
3.84775000000000	52656
3.84858333333333	58560
3.84941666666667	54080
3.85025000000000	49584
3.85108333333333	57584
3.85191666666667	60160
3.85275000000000	51824
3.85358333333333	56064
3.85441666666667	58640
3.85525000000000	56848
3.85608333333333	46304
3.85691666666667	41280
3.85775000000000	50832
3.85858333333333	56032
3.85941666666667	60864
3.86026666666667	65088
3.86110000000000	41520
3.86193333333333	54448
3.86276666666667	48656
3.86360000000000	50800
3.86443333333333	42752
3.86526666666667	53280
3.86610000000000	49328
3.86693333333333	45376
3.86776666666667	62240
3.86860000000000	63376
3.86943333333333	52080
3.87026666666667	53184
3.87110000000000	61312
3.87193333333333	54464
3.87276666666667	58048
3.87360000000000	57776
3.87443333333333	56864
3.87525000000000	56208
3.87608333333333	45200
3.87691666666667	41840
3.87776666666667	57760
3.87860000000000	45088
3.87943333333333	54656
3.88026666666667	50160
3.88110000000000	53232
3.88193333333333	49936
3.88276666666667	46640
3.88360000000000	48640
3.88443333333333	50640
3.88526666666667	50096
3.88610000000000	43936
3.88693333333333	46736
3.88776666666667	41312
3.88860000000000	41712
3.88943333333333	56128
3.89026666666667	50224
3.89110000000000	44320
3.89193333333333	51264
3.89276666666667	51712
3.89360000000000	48928
3.89445000000000	33920
3.89528333333333	40640
3.89611666666667	53808
3.89695000000000	56240
3.89778333333333	56400
3.89861666666667	54960
3.89945000000000	43376
3.90028333333333	50064
3.90111666666667	46304
3.90195000000000	46272
3.90278333333333	46240
3.90361666666667	41760
3.90445000000000	44912
3.90528333333333	47024
3.90611666666667	48960
3.90695000000000	59008
3.90778333333333	59904
3.90861666666667	48384
3.90945000000000	45104
3.91028333333333	35632
3.91111666666667	48288
3.91196666666667	54064
3.91280000000000	49712
3.91363333333333	49696
3.91446666666667	61104
3.91530000000000	34176
3.91613333333333	33840
3.91696666666667	49552
3.91780000000000	44192
3.91863333333333	38832
3.91946666666667	56784
3.92030000000000	51296
3.92113333333333	53504
3.92196666666667	54432
3.92280000000000	55376
3.92363333333333	31856
3.92446666666667	55936
3.92530000000000	46480
3.92613333333333	40480
3.92696666666667	53008
3.92780000000000	48208
3.92865000000000	43408
3.92948333333333	54784
3.93031666666667	40688
3.93115000000000	50992
3.93198333333333	47568
3.93281666666667	43024
3.93365000000000	46736
3.93448333333333	50432
3.93531666666667	49168
3.93615000000000	47888
3.93698333333333	38192
3.93781666666667	43120
3.93865000000000	45040
3.93948333333333	43680
3.94031666666667	42320
3.94115000000000	40944
3.94198333333333	44800
3.94281666666667	44272
3.94365000000000	43744
3.94448333333333	48608
3.94531666666667	25168
3.94616666666667	35664
3.94700000000000	40352
3.94783333333333	48752
3.94866666666667	42304
3.94950000000000	48784
3.95033333333333	47792
3.95116666666667	47328
3.95200000000000	49424
3.95283333333333	51392
3.95366666666667	53376
3.95450000000000	44912
3.95533333333333	64192
3.95616666666667	35024
3.95700000000000	53152
3.95783333333333	61344
3.95866666666667	38816
3.95950000000000	56368
3.96033333333333	51312
3.96116666666667	41312
3.96200000000000	47456
3.96285000000000	54400
3.96368333333333	47584
3.96451666666667	40768
3.96535000000000	47936
3.96618333333333	48448
3.96701666666667	60320
3.96785000000000	58048
3.96868333333333	53264
3.96951666666667	49024
3.97035000000000	56448
3.97118333333333	45808
3.97201666666667	44592
3.97285000000000	43360
3.97368333333333	23956
3.97451666666667	31164
3.97535000000000	47536
3.97618333333333	57696
3.97701666666667	57120
3.97785000000000	44192
3.97868333333333	38400
3.97950000000000	50128
3.98035000000000	47168
3.98118333333333	46592
3.98201666666667	48896
3.98285000000000	46528
3.98368333333333	44144
3.98451666666667	46304
3.98535000000000	48800
3.98618333333333	47936
3.98701666666667	42064
3.98785000000000	54016
3.98868333333333	51904
3.98951666666667	49808
3.99035000000000	45584
3.99118333333333	31188
3.99201666666667	52928
3.99285000000000	50736
3.99368333333333	49920
3.99451666666667	43984
3.99535000000000	39808
3.99618333333333	54496
3.99703333333333	27840
3.99786666666667	39312
3.99870000000000	46512
3.99953333333333	53008
4.00036666666667	34816
4.00120000000000	54768
4.00203333333333	48576
4.00286666666667	62384
4.00370000000000	53632
4.00453333333333	50896
4.00536666666667	43392
4.00620000000000	48528
4.00703333333333	48992
4.00786666666667	40624
4.00870000000000	50208
4.00953333333333	33664
4.01036666666667	49200
4.01120000000000	45536
4.01203333333333	47584
4.01286666666667	54112
4.01370000000000	58048
4.01455000000000	56064
4.01538333333333	57920
4.01621666666667	59408
4.01705000000000	38752
4.01788333333333	57968
4.01871666666667	56432
4.01955000000000	43696
4.02038333333333	49168
4.02121666666667	48016
4.02205000000000	45040
4.02288333333333	42064
4.02371666666667	50336
4.02455000000000	51952
4.02538333333333	42112
4.02621666666667	55504
4.02705000000000	52416
4.02788333333333	56752
4.02871666666667	41152
4.02955000000000	49552
4.03038333333333	41488
4.03123333333333	39744
4.03206666666667	45088
4.03290000000000	50464
4.03373333333333	57280
4.03456666666667	51280
4.03540000000000	49408
4.03623333333333	40912
4.03706666666667	47440
4.03790000000000	53872
4.03873333333333	58512
4.03956666666667	41968
4.04040000000000	61328
4.04123333333333	54752
4.04206666666667	56832
4.04290000000000	51568
4.04373333333333	46256
4.04456666666667	53728
4.04540000000000	46384
4.04623333333333	48848
4.04706666666667	47312
4.04790000000000	36736
4.04875000000000	43696
4.04958333333333	34864
4.05041666666667	38352
4.05125000000000	41856
4.05208333333333	37712
4.05291666666667	51936
4.05375000000000	54000
4.05458333333333	53760
4.05541666666667	54096
4.05625000000000	48704
4.05708333333333	42560
4.05791666666667	43248
4.05875000000000	51856
4.05958333333333	51952
4.06041666666667	51536
4.06125000000000	34400
4.06208333333333	49648
4.06291666666667	39584
4.06375000000000	45760
4.06458333333333	44272
4.06543333333333	57312
4.06626666666667	58336
4.06710000000000	47472
4.06793333333333	46112
4.06876666666667	32616
4.06960000000000	38224
4.07043333333333	36736
4.07126666666667	35248
4.07210000000000	45520
4.07293333333333	64720
4.07376666666667	56832
4.07460000000000	57536
4.07543333333333	54224
4.07626666666667	45216
4.07710000000000	52448
4.07793333333333	52816
4.07876666666667	40672
4.07960000000000	51664
4.08043333333333	44704
4.08126666666667	53856
4.08210000000000	54928
4.08295000000000	56000
4.08378333333333	44960
4.08461666666667	47008
4.08545000000000	48352
4.08628333333333	45616
4.08711666666667	43760
4.08795000000000	43712
4.08878333333333	52016
4.08961666666667	57600
4.09045000000000	51664
4.09128333333333	52768
4.09211666666667	53872
4.09295000000000	43632
4.09378333333333	59616
4.09461666666667	52832
4.09545000000000	49328
4.09628333333333	50528
4.09711666666667	37344
4.09795000000000	43792
4.09878333333333	40432
4.09963333333333	50736
4.10046666666667	49520
4.10130000000000	57936
4.10213333333333	57488
4.10296666666667	54112
4.10380000000000	54672
4.10463333333333	50208
4.10546666666667	53680
4.10630000000000	53712
4.10713333333333	43248
4.10796666666667	44704
4.10880000000000	57312
4.10963333333333	49232
4.11046666666667	50576
4.11130000000000	39344
4.11213333333333	55040
4.11296666666667	43712
4.11380000000000	54112
4.11463333333333	44576
4.11546666666667	42336
4.11628333333333	46544
4.11713333333333	54224
4.11796666666667	56032
4.11880000000000	53424
4.11963333333333	53200
4.12046666666667	52960
4.12130000000000	52496
4.12213333333333	52048
4.12296666666667	47888
4.12380000000000	48992
4.12463333333333	47888
4.12546666666667	49520
4.12630000000000	46768
4.12713333333333	50192
4.12796666666667	48016
4.12880000000000	54656
4.12963333333333	54416
4.13046666666667	58736
4.13130000000000	47600
4.13213333333333	56416
4.13296666666667	53920
4.13381666666667	58320
4.13465000000000	47136
4.13548333333333	44496
4.13631666666667	55920
4.13715000000000	57808
4.13798333333333	47392
4.13881666666667	39456
4.13965000000000	60016
4.14048333333333	53840
4.14131666666667	61424
4.14215000000000	54672
4.14298333333333	47104
4.14381666666667	49728
4.14465000000000	39248
4.14548333333333	50256
4.14631666666667	60752
4.14715000000000	56672
4.14798333333333	54176
4.14881666666667	51712
4.14965000000000	50384
4.15048333333333	50176
4.15133333333333	49984
4.15216666666667	44064
4.15300000000000	54352
4.15383333333333	43920
4.15466666666667	48432
4.15550000000000	35776
4.15633333333333	47120
4.15716666666667	48336
4.15800000000000	44736
4.15883333333333	34400
4.15966666666667	45520
4.16050000000000	58128
4.16133333333333	50432
4.16216666666667	49152
4.16300000000000	56800
4.16383333333333	50928
4.16466666666667	42272
4.16550000000000	51968
4.16633333333333	45984
4.16716666666667	45600
4.16801666666667	36288
4.16885000000000	53872
4.16968333333333	48608
4.17051666666667	59728
4.17135000000000	64192
4.17218333333333	37392
4.17301666666667	48944
4.17385000000000	29360
4.17468333333333	54432
4.17551666666667	57360
4.17635000000000	37936
4.17718333333333	40592
4.17801666666667	39856
4.17885000000000	52784
4.17968333333333	61904
4.18051666666667	57968
4.18135000000000	57120
4.18218333333333	49888
4.18301666666667	55856
4.18385000000000	38992
4.18468333333333	47824
4.18553333333333	39616
4.18636666666667	45056
4.18720000000000	53840
4.18803333333333	49232
4.18886666666667	42912
4.18970000000000	57184
4.19053333333333	58896
4.19136666666667	60208
4.19220000000000	57568
4.19303333333333	55968
4.19386666666667	38384
4.19470000000000	60848
4.19553333333333	51184
4.19636666666667	49936
4.19720000000000	50000
4.19803333333333	49040
4.19885000000000	51168
4.19968333333333	47104
4.20051666666667	41616
4.20135000000000	47264
4.20220000000000	43984
4.20303333333333	40704
4.20386666666667	54688
4.20470000000000	44240
4.20553333333333	33776
4.20636666666667	49584
4.20720000000000	40240
4.20803333333333	35888
4.20886666666667	46912
4.20970000000000	47616
4.21053333333333	44848
4.21136666666667	42096
4.21220000000000	35392
4.21303333333333	31072
4.21386666666667	54080
4.21470000000000	51712
4.21553333333333	45808
4.21636666666667	57248
4.21720000000000	53200
4.21803333333333	47280
4.21886666666667	59520
4.21971666666667	54592
4.22055000000000	55984
4.22138333333333	44000
4.22221666666667	43888
4.22305000000000	51024
4.22388333333333	50432
4.22471666666667	51072
4.22555000000000	51712
4.22638333333333	53632
4.22721666666667	60576
4.22805000000000	58144
4.22888333333333	59504
4.22971666666667	52832
4.23055000000000	51904
4.23138333333333	47904
4.23221666666667	42240
4.23305000000000	55328
4.23388333333333	46432
4.23471666666667	51216
4.23555000000000	49264
4.23640000000000	54928
4.23723333333333	36544
4.23806666666667	54512
4.23890000000000	35280
4.23973333333333	45664
4.24056666666667	37936
4.24140000000000	52688
4.24223333333333	48656
4.24306666666667	53136
4.24390000000000	52240
4.24473333333333	47264
4.24556666666667	52416
4.24640000000000	51152
4.24723333333333	54192
4.24806666666667	48368
4.24890000000000	51056
4.24973333333333	53744
4.25056666666667	49328
4.25140000000000	44912
4.25223333333333	43456
4.25306666666667	42000
4.25391666666667	51728
4.25475000000000	59312
4.25558333333333	63408
4.25641666666667	61920
4.25725000000000	48384
4.25808333333333	57472
4.25891666666667	55792
4.25975000000000	22624
4.26058333333333	53648
4.26141666666667	44288
4.26225000000000	44672
4.26308333333333	53088
4.26391666666667	49344
4.26475000000000	44992
4.26558333333333	51840
4.26641666666667	32272
4.26725000000000	41312
4.26808333333333	48560
4.26891666666667	37664
4.26975000000000	36656
4.27060000000000	53312
4.27143333333333	44384
4.27226666666667	53488
4.27310000000000	42128
4.27393333333333	39264
4.27476666666667	40112
4.27560000000000	40944
4.27643333333333	41296
4.27726666666667	40320
4.27810000000000	44752
4.27893333333333	44448
4.27976666666667	44144
4.28060000000000	42096
4.28143333333333	36176
4.28226666666667	40448
4.28310000000000	39952
4.28393333333333	39456
4.28476666666667	39504
4.28560000000000	39536
4.28643333333333	43088
4.28726666666667	46624
4.28811666666667	45728
4.28895000000000	44848
4.28978333333333	41152
4.29061666666667	43824
4.29145000000000	46496
4.29228333333333	44848
4.29311666666667	39856
4.29395000000000	52512
4.29478333333333	48784
4.29561666666667	49376
4.29645000000000	49968
4.29728333333333	48400
4.29811666666667	48816
4.29895000000000	48176
4.29978333333333	47536
4.30061666666667	52992
4.30145000000000	56080
4.30228333333333	58448
4.30311666666667	54080
4.30395000000000	53088
4.30480000000000	52080
4.30563333333333	49936
4.30646666666667	52608
4.30730000000000	49376
4.30813333333333	55056
4.30896666666667	41600
4.30980000000000	39312
4.31063333333333	37040
4.31146666666667	59904
4.31230000000000	58400
4.31313333333333	57712
4.31396666666667	46960
4.31478333333333	45360
4.31561666666667	45840
4.31645000000000	33776
4.31728333333333	39360
4.31811666666667	44944
4.31895000000000	56752
4.31978333333333	52608
4.32061666666667	51728
4.32145000000000	42592
4.32230000000000	49424
4.32313333333333	57056
4.32396666666667	57760
4.32480000000000	57280
4.32563333333333	56800
4.32646666666667	48928
4.32730000000000	56144
4.32813333333333	40496
4.32896666666667	48000
4.32980000000000	53840
4.33063333333333	57424
4.33146666666667	62832
4.33230000000000	59120
4.33313333333333	45936
4.33396666666667	43600
4.33480000000000	48912
4.33563333333333	48096
4.33646666666667	49424
4.33730000000000	48784
4.33813333333333	48128
4.33898333333333	53056
4.33981666666667	41264
4.34065000000000	53280
4.34148333333333	48784
4.34231666666667	56496
4.34315000000000	35968
4.34398333333333	55360
4.34481666666667	51744
4.34565000000000	52256
4.34648333333333	47888
4.34731666666667	34848
4.34815000000000	40128
4.34898333333333	55872
4.34981666666667	56144
4.35065000000000	50560
4.35148333333333	58416
4.35231666666667	54640
4.35315000000000	50848
4.35398333333333	61120
4.35481666666667	51808
4.35565000000000	61552
4.35650000000000	52816
4.35733333333333	52288
4.35816666666667	39760
4.35900000000000	35824
4.35983333333333	46320
4.36066666666667	50224
4.36150000000000	49648
4.36233333333333	49072
4.36316666666667	59056
4.36400000000000	56544
4.36483333333333	54032
4.36566666666667	51152
4.36650000000000	56992
4.36733333333333	38048
4.36816666666667	56096
4.36900000000000	49424
4.36983333333333	46912
4.37066666666667	44176
4.37150000000000	44736
4.37233333333333	38768
4.37318333333333	42960
4.37401666666667	47152
4.37485000000000	51552
4.37568333333333	48256
4.37651666666667	47584
4.37735000000000	46928
4.37818333333333	47520
4.37901666666667	48480
4.37985000000000	59872
4.38068333333333	57008
4.38151666666667	50896
4.38235000000000	56320
4.38318333333333	48976
4.38401666666667	49120
4.38485000000000	49280
4.38568333333333	47616
4.38651666666667	47616
4.38735000000000	40160
4.38818333333333	43984
4.38901666666667	46336
4.38985000000000	48688
4.39070000000000	53024
4.39153333333333	32216
4.39236666666667	50352
4.39320000000000	64016
4.39403333333333	30616
4.39486666666667	37856
4.39570000000000	53504
4.39653333333333	57584
4.39736666666667	58464
4.39820000000000	53360
4.39903333333333	61072
4.39986666666667	41920
4.40070000000000	58768
4.40153333333333	44064
4.40236666666667	56832
4.40320000000000	49728
4.40403333333333	45168
4.40486666666667	44576
4.40570000000000	52592
4.40653333333333	49584
4.40738333333333	46576
4.40821666666667	47472
4.40905000000000	50880
4.40988333333333	52032
4.41071666666667	49280
4.41155000000000	48032
4.41238333333333	40416
4.41321666666667	38016
4.41405000000000	56640
4.41488333333333	50752
4.41571666666667	36336
4.41655000000000	51104
4.41738333333333	51552
4.41821666666667	51808
4.41905000000000	49168
4.41988333333333	36240
4.42071666666667	46752
4.42153333333333	47952
4.42236666666667	47184
4.42320000000000	46416
4.42403333333333	52576
4.42488333333333	53376
4.42571666666667	58224
4.42655000000000	60656
4.42738333333333	45040
4.42821666666667	48752
4.42905000000000	40832
4.42988333333333	50240
4.43071666666667	36640
4.43155000000000	48832
4.43238333333333	36704
4.43321666666667	45472
4.43405000000000	46640
4.43488333333333	33632
4.43571666666667	38768
4.43655000000000	32048
4.43738333333333	49360
4.43821666666667	51760
4.43905000000000	52976
4.43988333333333	26856
4.44071666666667	58928
4.44156666666667	49520
4.44240000000000	50208
4.44323333333333	42064
4.44406666666667	49008
4.44490000000000	34416
4.44573333333333	34224
4.44656666666667	35680
4.44740000000000	42176
4.44823333333333	48688
4.44906666666667	45728
4.44990000000000	42768
4.45073333333333	46240
4.45156666666667	42752
4.45240000000000	42864
4.45323333333333	47184
4.45406666666667	51488
4.45490000000000	48848
4.45573333333333	40464
4.45656666666667	42944
4.45740000000000	45424
4.45823333333333	43952
4.45908333333333	42480
4.45991666666667	58240
4.46075000000000	56048
4.46158333333333	52864
4.46241666666667	34000
4.46325000000000	52176
4.46408333333333	61328
4.46491666666667	49680
4.46575000000000	33936
4.46658333333333	32220
4.46741666666667	45056
4.46825000000000	55552
4.46908333333333	47184
4.46991666666667	42112
4.47075000000000	48240
4.47158333333333	46880
4.47241666666667	47328
4.47325000000000	47792
4.47408333333333	57440
4.47491666666667	59952
4.47576666666667	65856
4.47660000000000	53120
4.47743333333333	58512
4.47826666666667	32672
4.47910000000000	45408
4.47993333333333	60448
4.48076666666667	56160
4.48160000000000	48096
4.48243333333333	59776
4.48326666666667	48160
4.48410000000000	40672
4.48493333333333	37072
4.48576666666667	37504
4.48660000000000	40304
4.48743333333333	45392
4.48826666666667	51968
4.48908333333333	47152
4.48991666666667	43232
4.49075000000000	40464
4.49158333333333	53280
4.49241666666667	54896
4.49326666666667	56912
4.49410000000000	53344
4.49493333333333	64928
4.49576666666667	63744
4.49660000000000	46704
4.49743333333333	60672
4.49826666666667	65936
4.49910000000000	49504
