1.50330000000000	0
1.50663333333333	0
1.50996666666667	1599
1.51330000000000	1715
1.51663333333333	0
1.51998333333333	1700
1.52331666666667	0
1.52665000000000	452
1.52998333333333	0
1.53331666666667	0
1.53666666666667	0
1.54000000000000	0
1.54333333333333	0
1.54666666666667	0
1.55000000000000	0
1.55335000000000	0
1.55668333333333	0
1.56001666666667	0
1.56335000000000	0
1.56668333333333	0
1.57003333333333	0
1.57336666666667	0
1.57670000000000	0
1.58003333333333	0
1.58336666666667	0
1.58671666666667	0
1.59005000000000	0
1.59338333333333	0
1.59671666666667	0
1.60005000000000	0
1.60340000000000	0
1.60673333333333	0
1.61006666666667	0
1.61340000000000	0
1.61673333333333	0
1.62008333333333	0
1.62341666666667	0
1.62675000000000	0
1.63008333333333	0
1.63341666666667	0
1.63676666666667	0
1.64010000000000	0
1.64343333333333	0
1.64676666666667	0
1.65010000000000	0
1.65345000000000	0
1.65678333333333	0
1.66011666666667	0
1.66345000000000	0
1.66678333333333	0
1.67013333333333	0
1.67346666666667	0
1.67680000000000	0
1.68013333333333	0
1.68346666666667	0
1.68681666666667	0
1.69015000000000	0
1.69348333333333	0
1.69681666666667	0
1.70015000000000	0
1.70350000000000	0
1.70683333333333	0
1.71016666666667	0
1.71350000000000	0
1.71683333333333	0
1.72018333333333	0
1.72351666666667	0
1.72685000000000	0
1.73018333333333	0
1.73351666666667	0
1.73686666666667	0
1.74020000000000	0
1.74353333333333	0
1.74686666666667	0
1.75020000000000	0
1.75355000000000	0
1.75688333333333	0
1.76021666666667	0
1.76355000000000	0
1.76688333333333	0
1.77023333333333	0
1.77356666666667	0
1.77690000000000	0
1.78023333333333	0
1.78356666666667	0
1.78691666666667	0
1.79025000000000	0
1.79358333333333	0
1.79691666666667	0
1.80025000000000	854
1.80360000000000	427
1.80693333333333	0
1.81026666666667	0
1.81360000000000	0
1.81693333333333	0
1.82026666666667	0
1.82361666666667	0
1.82695000000000	0
1.83028333333333	0
1.83361666666667	0
1.83695000000000	0
1.84030000000000	0
1.84363333333333	0
1.84696666666667	0
1.85030000000000	0
1.85363333333333	0
1.85698333333333	0
1.86031666666667	0
1.86365000000000	0
1.86698333333333	0
1.87031666666667	0
1.87366666666667	0
1.87700000000000	0
1.88033333333333	0
1.88366666666667	0
1.88700000000000	0
1.89035000000000	0
1.89368333333333	0
1.89701666666667	0
1.90035000000000	754
1.90368333333333	377
1.90703333333333	0
1.91036666666667	0
1.91370000000000	0
1.91703333333333	0
1.92036666666667	0
1.92371666666667	0
1.92705000000000	0
1.93038333333333	0
1.93371666666667	0
1.93705000000000	0
1.94040000000000	0
1.94373333333333	0
1.94706666666667	0
1.95040000000000	0
1.95373333333333	0
1.95708333333333	0
1.96041666666667	996
1.96375000000000	498
1.96708333333333	0
1.97041666666667	0
1.97376666666667	0
1.97710000000000	0
1.98043333333333	0
1.98376666666667	0
1.98710000000000	0
1.99045000000000	0
1.99378333333333	0
1.99711666666667	0
2.00045000000000	0
2.00378333333333	0
2.00713333333333	0
2.01046666666667	0
2.01380000000000	0
2.01713333333333	0
2.02046666666667	0
2.02381666666667	1141
2.02715000000000	571
2.03048333333333	0
2.03381666666667	0
2.03715000000000	701
2.04050000000000	0
2.04383333333333	0
2.04716666666667	0
2.05050000000000	0
2.05383333333333	0
2.05718333333333	0
2.06051666666667	0
2.06385000000000	0
2.06718333333333	0
2.07051666666667	0
2.07386666666667	0
2.07720000000000	0
2.08053333333333	0
2.08386666666667	0
2.08720000000000	0
2.09055000000000	0
2.09388333333333	0
2.09721666666667	0
2.10055000000000	0
2.10388333333333	0
2.10723333333333	0
2.11056666666667	0
2.11390000000000	0
2.11723333333333	0
2.12056666666667	0
2.12391666666667	0
2.12725000000000	0
2.13058333333333	0
2.13391666666667	0
2.13725000000000	0
2.14060000000000	0
2.14393333333333	0
2.14726666666667	0
2.15060000000000	0
2.15393333333333	0
2.15726666666667	0
2.16061666666667	0
2.16395000000000	0
2.16728333333333	0
2.17061666666667	0
2.17395000000000	708
2.17730000000000	612
2.18063333333333	998
2.18396666666667	0
2.18730000000000	0
2.19063333333333	0
2.19398333333333	0
2.19731666666667	0
2.20065000000000	0
2.20398333333333	0
2.20731666666667	0
2.21066666666667	0
2.21400000000000	0
2.21733333333333	0
2.22066666666667	0
2.22400000000000	0
2.22735000000000	0
2.23068333333333	0
2.23401666666667	0
2.23735000000000	0
2.24068333333333	0
2.24403333333333	0
2.24736666666667	123
2.25070000000000	61
2.25403333333333	0
2.25736666666667	518
2.26071666666667	259
2.26405000000000	0
2.26738333333333	0
2.27071666666667	712
2.27405000000000	1424
2.27740000000000	1139
2.28073333333333	609
2.28406666666667	1145
2.28740000000000	854
2.29073333333333	1029
2.29408333333333	2188
2.29741666666667	2311
2.30075000000000	1709
2.30408333333333	1107
2.30741666666667	3526
2.31076666666667	4468
2.31410000000000	5315
2.31743333333333	6262
2.32076666666667	1489
2.32410000000000	432
2.32745000000000	487
2.33078333333333	4140
2.33411666666667	4358
2.33745000000000	4971
2.34078333333333	5584
2.34413333333333	2888
2.34746666666667	9316
2.35080000000000	9924
2.35413333333333	11648
2.35746666666667	1082
2.36081666666667	7805
2.36415000000000	7657
2.36748333333333	6475
2.37081666666667	6842
2.37415000000000	4082
2.37750000000000	5499
2.38083333333333	6904
2.38416666666667	8308
2.38750000000000	10652
2.39083333333333	9140
2.39418333333333	8868
2.39751666666667	8596
2.40085000000000	15960
2.40418333333333	16640
2.40751666666667	18240
2.41086666666667	20320
2.41420000000000	9084
2.41753333333333	14508
2.42086666666667	12216
2.42420000000000	14468
2.42755000000000	14496
2.43088333333333	15968
2.43421666666667	17396
2.43755000000000	17356
2.44088333333333	2488
2.44423333333333	19504
2.44756666666667	15736
2.45090000000000	27804
2.45423333333333	18944
2.45756666666667	31456
2.46091666666667	19968
2.46425000000000	13200
2.46758333333333	22140
2.47091666666667	20536
2.47425000000000	18932
2.47760000000000	17920
2.48093333333333	16912
2.48426666666667	19792
2.48760000000000	19776
2.49093333333333	12588
2.49426666666667	26000
2.49761666666667	27616
2.50095000000000	22556
2.50428333333333	23204
2.50761666666667	23856
2.51095000000000	23716
2.51430000000000	20756
2.51763333333333	25648
2.52096666666667	22196
2.52430000000000	18744
2.52763333333333	29280
2.53098333333333	27944
2.53431666666667	25788
2.53765000000000	17288
2.54098333333333	35792
2.54431666666667	28584
2.54766666666667	27624
2.55100000000000	15876
2.55433333333333	27896
2.55766666666667	26260
2.56100000000000	14712
2.56435000000000	30264
2.56768333333333	36768
2.57101666666667	25560
2.57435000000000	34432
2.57768333333333	15672
2.58103333333333	25472
2.58436666666667	39248
2.58770000000000	38192
2.59103333333333	32652
2.59436666666667	31940
2.59771666666667	31228
2.60105000000000	23328
2.60438333333333	21476
2.60771666666667	24092
2.61105000000000	28520
2.61440000000000	32944
2.61773333333333	29508
2.62106666666667	25400
2.62440000000000	26180
2.62773333333333	26732
2.63108333333333	27288
2.63441666666667	32944
2.63775000000000	30584
2.64108333333333	28228
2.64441666666667	31488
2.64776666666667	27320
2.65110000000000	39840
2.65443333333333	40320
2.65776666666667	31468
2.66110000000000	32652
2.66445000000000	28592
2.66778333333333	26852
2.67111666666667	18500
2.67445000000000	26340
2.67778333333333	18744
2.68113333333333	29248
2.68446666666667	29528
2.68780000000000	22032
2.69113333333333	14532
2.69446666666667	18184
2.69781666666667	21836
2.70115000000000	22300
2.70448333333333	22764
2.70781666666667	19428
2.71115000000000	25056
2.71450000000000	34800
2.71783333333333	31132
2.72116666666667	44368
2.72450000000000	43840
2.72783333333333	42304
2.73116666666667	25824
2.73450000000000	33936
2.73783333333333	26344
2.74116666666667	29360
2.74450000000000	26116
2.74785000000000	28500
2.75118333333333	16980
2.75451666666667	21732
2.75785000000000	26268
2.76118333333333	24880
2.76453333333333	23492
2.76786666666667	38096
2.77120000000000	35952
2.77453333333333	33824
2.77786666666667	30632
2.78121666666667	25424
2.78455000000000	20212
2.78788333333333	27800
2.79121666666667	23892
2.79455000000000	22016
2.79790000000000	28420
2.80123333333333	26160
2.80456666666667	23900
2.80790000000000	23172
2.81123333333333	28892
2.81458333333333	33312
2.81791666666667	31248
2.82125000000000	29180
2.82458333333333	30540
2.82791666666667	32784
2.83125000000000	33632
2.83460000000000	34976
2.83793333333333	36304
2.84126666666667	26864
2.84460000000000	39168
2.84793333333333	49584
2.85128333333333	55104
2.85461666666667	41600
2.85795000000000	45792
2.86128333333333	44176
2.86461666666667	30712
2.86796666666667	49856
2.87130000000000	21228
2.87463333333333	45136
2.87796666666667	20432
2.88130000000000	31420
2.88465000000000	24540
2.88798333333333	26596
2.89131666666667	24384
2.89465000000000	22172
2.89798333333333	24916
2.90133333333333	27664
2.90466666666667	29752
2.90800000000000	31840
2.91133333333333	22580
2.91466666666667	31236
2.91801666666667	36432
2.92135000000000	26380
2.92468333333333	38384
2.92801666666667	48016
2.93135000000000	20940
2.93470000000000	48256
2.93803333333333	35936
2.94136666666667	30328
2.94470000000000	33232
2.94803333333333	32992
2.95138333333333	31544
2.95471666666667	33232
2.95805000000000	38608
2.96138333333333	44384
2.96471666666667	39888
2.96806666666667	46192
2.97140000000000	45040
2.97473333333333	32336
2.97806666666667	20084
2.98140000000000	36208
2.98475000000000	28696
2.98808333333333	39056
2.99141666666667	21592
2.99475000000000	37008
2.99808333333333	22368
3.00143333333333	30856
3.00476666666667	43840
3.00810000000000	37792
3.01143333333333	31740
3.01476666666667	14036
3.01811666666667	27240
3.02145000000000	24924
3.02478333333333	36768
3.02811666666667	34288
3.03145000000000	44128
3.03480000000000	43536
3.03813333333333	44464
3.04146666666667	32380
3.04480000000000	38560
3.04813333333333	20988
3.05148333333333	30484
3.05481666666667	46512
3.05815000000000	37088
3.06148333333333	30880
3.06481666666667	23188
3.06816666666667	39488
3.07150000000000	30068
3.07483333333333	36464
3.07816666666667	29480
3.08150000000000	34272
3.08485000000000	25600
3.08818333333333	36400
3.09151666666667	40192
3.09485000000000	33888
3.09818333333333	36560
3.10153333333333	28184
3.10486666666667	28792
3.10820000000000	38448
3.11153333333333	33680
3.11486666666667	28588
3.11821666666667	44352
3.12155000000000	21372
3.12488333333333	35760
3.12821666666667	30892
3.13155000000000	28820
3.13490000000000	28248
3.13823333333333	35440
3.14156666666667	51760
3.14490000000000	55792
3.14823333333333	35328
3.15158333333333	23740
3.15491666666667	29120
3.15825000000000	23108
3.16158333333333	25880
3.16491666666667	28652
3.16825000000000	41072
3.17160000000000	37424
3.17493333333333	33920
3.17826666666667	43536
3.18160000000000	34176
3.18493333333333	27764
3.18828333333333	35408
3.19161666666667	13140
3.19495000000000	38704
3.19828333333333	34864
3.20161666666667	43680
3.20496666666667	32548
3.20830000000000	30204
3.21163333333333	32364
3.21496666666667	40720
3.21830000000000	35520
3.22165000000000	30316
3.22498333333333	41936
3.22831666666667	48208
3.23165000000000	20580
3.23498333333333	20592
3.23833333333333	44240
3.24166666666667	36112
3.24500000000000	27572
3.24833333333333	19592
3.25166666666667	34960
3.25501666666667	29416
3.25835000000000	40048
3.26168333333333	35216
3.26501666666667	35632
3.26835000000000	34752
3.27170000000000	33856
3.27503333333333	21408
3.27836666666667	30764
3.28170000000000	38656
3.28503333333333	38400
3.28838333333333	36672
3.29171666666667	48208
3.29505000000000	25704
3.29838333333333	33744
3.30171666666667	37440
3.30506666666667	30108
3.30840000000000	30628
3.31173333333333	34896
3.31506666666667	38512
3.31840000000000	35536
3.32175000000000	32544
3.32508333333333	29992
3.32841666666667	27436
3.33175000000000	30012
3.33508333333333	32588
3.33843333333333	36448
3.34176666666667	42480
3.34510000000000	44960
3.34843333333333	27028
3.35176666666667	55280
3.35511666666667	51968
3.35845000000000	53616
3.36178333333333	55264
3.36511666666667	38048
3.36845000000000	23472
3.37180000000000	42384
3.37513333333333	26656
3.37846666666667	47312
3.38180000000000	29832
3.38513333333333	29116
3.38848333333333	44960
3.39181666666667	29412
3.39515000000000	24152
3.39848333333333	17640
3.40181666666667	33664
3.40516666666667	37808
3.40850000000000	34752
3.41183333333333	44384
3.41516666666667	22092
3.41850000000000	29456
3.42185000000000	50480
3.42518333333333	32392
3.42851666666667	35696
3.43185000000000	28072
3.43518333333333	30096
3.43853333333333	37968
3.44186666666667	35824
3.44520000000000	27548
3.44853333333333	34336
3.45186666666667	28288
3.45521666666667	30836
3.45855000000000	43296
3.46188333333333	43264
3.46521666666667	20236
3.46855000000000	26312
3.47190000000000	35872
3.47523333333333	33712
3.47856666666667	37344
3.48190000000000	36016
3.48523333333333	34672
3.48858333333333	34480
3.49191666666667	30988
3.49525000000000	27484
3.49858333333333	10820
3.50191666666667	22320
3.50525000000000	28740
3.50860000000000	17820
3.51193333333333	28524
3.51526666666667	26764
3.51860000000000	25004
3.52193333333333	31572
3.52528333333333	38144
3.52861666666667	37872
3.53195000000000	25236
3.53528333333333	30280
3.53861666666667	32748
3.54196666666667	25796
3.54530000000000	28428
3.54863333333333	46256
3.55196666666667	40896
3.55530000000000	28784
3.55865000000000	39552
3.56198333333333	23404
3.56531666666667	23932
3.56865000000000	38992
3.57198333333333	32568
3.57533333333333	44320
3.57866666666667	30396
3.58200000000000	25464
3.58533333333333	30184
3.58866666666667	31256
3.59200000000000	37248
3.59533333333333	17328
3.59866666666667	34224
3.60200000000000	18896
3.60533333333333	35152
3.60868333333333	52000
3.61201666666667	44032
3.61535000000000	45440
3.61868333333333	16056
3.62201666666667	37808
3.62536666666667	30396
3.62870000000000	33536
3.63203333333333	35664
3.63536666666667	31256
3.63870000000000	26856
3.64205000000000	37024
3.64538333333333	38944
3.64871666666667	40848
3.65205000000000	16968
3.65538333333333	46848
3.65873333333333	40400
3.66206666666667	32896
3.66540000000000	29172
3.66873333333333	33296
3.67206666666667	32036
3.67541666666667	30768
3.67875000000000	36192
3.68208333333333	26276
3.68541666666667	16364
3.68875000000000	33152
3.69210000000000	38736
3.69543333333333	47728
3.69876666666667	29324
3.70210000000000	50800
3.70543333333333	19116
3.70878333333333	58272
3.71211666666667	36768
3.71545000000000	51248
3.71878333333333	15440
3.72211666666667	41072
3.72545000000000	24400
3.72878333333333	36512
3.73211666666667	27980
3.73545000000000	28140
3.73878333333333	28324
3.74213333333333	39312
3.74546666666667	48432
3.74880000000000	48320
3.75213333333333	22768
3.75546666666667	25092
3.75881666666667	43344
3.76215000000000	29216
3.76548333333333	33856
3.76881666666667	43440
3.77215000000000	38544
3.77550000000000	47776
3.77883333333333	28196
3.78216666666667	21948
3.78550000000000	29680
3.78883333333333	36928
3.79218333333333	15304
3.79551666666667	35568
3.79885000000000	50240
3.80218333333333	33056
3.80551666666667	33648
3.80886666666667	25420
3.81220000000000	27016
3.81553333333333	39728
3.81886666666667	39456
3.82220000000000	35024
3.82555000000000	36064
3.82888333333333	37104
3.83221666666667	25064
3.83555000000000	30980
3.83888333333333	36672
3.84221666666667	41328
3.84556666666667	37008
3.84890000000000	44720
3.85223333333333	58528
3.85556666666667	19744
3.85890000000000	30572
3.86225000000000	53072
3.86558333333333	37424
3.86891666666667	26344
3.87225000000000	50800
3.87558333333333	36848
3.87893333333333	26848
3.88226666666667	41808
3.88560000000000	19904
3.88893333333333	39152
3.89226666666667	38208
3.89561666666667	28580
3.89895000000000	45152
3.90228333333333	32496
3.90561666666667	45328
3.90895000000000	37776
3.91230000000000	33552
3.91563333333333	29312
3.91896666666667	25208
3.92230000000000	34112
3.92563333333333	34704
3.92898333333333	36848
3.93231666666667	35584
3.93565000000000	34320
3.93898333333333	35504
3.94231666666667	32000
3.94566666666667	32572
3.94900000000000	29176
3.95233333333333	25780
3.95566666666667	20656
3.95900000000000	25844
3.96235000000000	30880
3.96568333333333	27544
3.96901666666667	33168
3.97235000000000	32896
3.97568333333333	34048
3.97903333333333	33024
3.98236666666667	35856
3.98570000000000	38704
3.98903333333333	37824
3.99236666666667	36960
3.99571666666667	33312
3.99905000000000	30492
4.00238333333333	27664
4.00571666666667	27992
4.00905000000000	32696
4.01240000000000	37408
4.01573333333333	38496
4.01906666666667	36080
4.02240000000000	32528
4.02573333333333	43456
4.02908333333333	26656
4.03241666666667	32520
4.03575000000000	26736
4.03908333333333	26168
4.04241666666667	25600
4.04576666666667	22088
4.04910000000000	18576
4.05243333333333	24384
4.05576666666667	30188
4.05910000000000	24436
4.06245000000000	18684
4.06578333333333	29248
4.06911666666667	42752
4.07245000000000	42192
4.07578333333333	34480
4.07913333333333	29536
4.08246666666667	25464
4.08580000000000	32680
4.08913333333333	34608
4.09246666666667	36224
4.09581666666667	35904
4.09915000000000	35568
4.10248333333333	40928
4.10581666666667	16112
4.10915000000000	31140
4.11250000000000	45952
4.11583333333333	30568
4.11916666666667	35712
4.12250000000000	28676
4.12583333333333	28156
4.12918333333333	45424
4.13251666666667	43232
4.13585000000000	32204
4.13918333333333	27872
4.14251666666667	36912
4.14586666666667	36048
4.14920000000000	35200
4.15253333333333	34464
4.15586666666667	29408
4.15920000000000	26200
4.16255000000000	38384
4.16588333333333	36272
4.16921666666667	34160
4.17255000000000	38832
4.17588333333333	25164
4.17921666666667	30748
4.18256666666667	30548
4.18590000000000	24096
4.18923333333333	31544
4.19256666666667	25924
4.19590000000000	25596
4.19925000000000	25268
4.20258333333333	26324
4.20591666666667	13348
4.20925000000000	20808
4.21258333333333	28268
4.21593333333333	21504
4.21926666666667	14740
4.22260000000000	41584
4.22593333333333	46640
4.22926666666667	25948
4.23261666666667	29604
4.23595000000000	44320
4.23928333333333	34240
4.24261666666667	36560
4.24595000000000	44160
4.24930000000000	29380
4.25263333333333	35472
4.25596666666667	33760
4.25930000000000	30844
4.26263333333333	23512
4.26598333333333	41920
4.26931666666667	48496
4.27265000000000	24956
4.27598333333333	24188
4.27931666666667	21880
4.28266666666667	26996
4.28600000000000	24344
4.28933333333333	21692
4.29266666666667	21904
4.29600000000000	26740
4.29935000000000	24068
4.30268333333333	21400
4.30601666666667	23244
4.30935000000000	25996
4.31268333333333	28748
4.31603333333333	31652
4.31936666666667	18512
4.32270000000000	30628
4.32603333333333	44320
4.32936666666667	43712
4.33271666666667	25608
4.33605000000000	43984
4.33938333333333	39040
4.34271666666667	38944
4.34605000000000	39264
4.34940000000000	39568
4.35273333333333	29392
4.35606666666667	36928
4.35940000000000	33168
4.36273333333333	29484
4.36608333333333	18584
4.36941666666667	33488
4.37275000000000	21480
4.37608333333333	36560
4.37941666666667	30796
4.38276666666667	50512
4.38610000000000	53040
4.38943333333333	47072
4.39276666666667	36048
4.39610000000000	17624
4.39945000000000	19692
4.40278333333333	42688
4.40611666666667	44448
4.40945000000000	27216
4.41278333333333	41632
4.41613333333333	32600
4.41946666666667	21076
4.42280000000000	25852
4.42613333333333	39968
4.42946666666667	35184
4.43281666666667	33504
4.43615000000000	38256
4.43948333333333	37152
4.44281666666667	36048
4.44615000000000	26428
4.44950000000000	37040
4.45283333333333	36800
4.45616666666667	30312
4.45950000000000	29464
4.46283333333333	30624
4.46618333333333	24672
4.46951666666667	33664
4.47285000000000	21800
4.47618333333333	26152
4.47951666666667	20168
4.48286666666667	26848
4.48620000000000	19460
4.48953333333333	33408
4.49286666666667	28472
4.49620000000000	41328
