1.50330000000000	795
1.50663333333333	0
1.50996666666667	245
1.51330000000000	0
1.51663333333333	0
1.51998333333333	0
1.52331666666667	0
1.52665000000000	0
1.52998333333333	0
1.53331666666667	0
1.53666666666667	0
1.54000000000000	0
1.54333333333333	0
1.54666666666667	0
1.55000000000000	0
1.55335000000000	0
1.55668333333333	0
1.56001666666667	0
1.56335000000000	0
1.56668333333333	0
1.57003333333333	0
1.57336666666667	0
1.57670000000000	0
1.58003333333333	0
1.58336666666667	0
1.58671666666667	0
1.59005000000000	0
1.59338333333333	0
1.59671666666667	0
1.60005000000000	0
1.60340000000000	0
1.60673333333333	0
1.61006666666667	0
1.61340000000000	0
1.61671666666667	0
1.62005000000000	0
1.62340000000000	0
1.62673333333333	0
1.63006666666667	0
1.63340000000000	0
1.63673333333333	0
1.64008333333333	0
1.64341666666667	0
1.64675000000000	0
1.65008333333333	0
1.65341666666667	0
1.65676666666667	0
1.66010000000000	0
1.66343333333333	0
1.66676666666667	0
1.67010000000000	0
1.67345000000000	0
1.67678333333333	112
1.68011666666667	56
1.68345000000000	0
1.68678333333333	0
1.69013333333333	0
1.69346666666667	0
1.69680000000000	0
1.70013333333333	0
1.70346666666667	0
1.70681666666667	0
1.71015000000000	0
1.71348333333333	0
1.71681666666667	0
1.72013333333333	0
1.72348333333333	0
1.72681666666667	0
1.73015000000000	0
1.73348333333333	0
1.73681666666667	0
1.74016666666667	0
1.74350000000000	0
1.74683333333333	0
1.75016666666667	0
1.75350000000000	0
1.75683333333333	0
1.76018333333333	6
1.76351666666667	13
1.76685000000000	6
1.77018333333333	0
1.77351666666667	0
1.77686666666667	0
1.78020000000000	0
1.78353333333333	0
1.78686666666667	0
1.79020000000000	0
1.79355000000000	0
1.79688333333333	0
1.80021666666667	0
1.80355000000000	0
1.80688333333333	0
1.81023333333333	0
1.81356666666667	0
1.81690000000000	0
1.82023333333333	0
1.82356666666667	0
1.82690000000000	0
1.83023333333333	0
1.83356666666667	0
1.83690000000000	0
1.84023333333333	32
1.84358333333333	289
1.84691666666667	145
1.85025000000000	0
1.85358333333333	0
1.85691666666667	0
1.86026666666667	0
1.86360000000000	0
1.86693333333333	0
1.87026666666667	0
1.87360000000000	176
1.87695000000000	88
1.88028333333333	0
1.88361666666667	0
1.88695000000000	0
1.89028333333333	0
1.89361666666667	0
1.89696666666667	0
1.90030000000000	218
1.90363333333333	109
1.90696666666667	0
1.91030000000000	49
1.91365000000000	69
1.91698333333333	89
1.92031666666667	0
1.92365000000000	0
1.92698333333333	0
1.93033333333333	7
1.93366666666667	13
1.93700000000000	7
1.94033333333333	0
1.94366666666667	0
1.94701666666667	0
1.95035000000000	311
1.95368333333333	155
1.95701666666667	0
1.96035000000000	113
1.96370000000000	225
1.96703333333333	0
1.97036666666667	0
1.97370000000000	0
1.97703333333333	579
1.98038333333333	556
1.98371666666667	12
1.98705000000000	400
1.99038333333333	462
1.99371666666667	0
1.99705000000000	0
2.00038333333333	0
2.00371666666667	0
2.00705000000000	0
2.01038333333333	0
2.01373333333333	0
2.01706666666667	0
2.02040000000000	501
2.02373333333333	615
2.02706666666667	0
2.03040000000000	0
2.03375000000000	0
2.03708333333333	0
2.04041666666667	0
2.04375000000000	0
2.04708333333333	0
2.05043333333333	0
2.05376666666667	0
2.05710000000000	0
2.06043333333333	0
2.06376666666667	0
2.06711666666667	0
2.07045000000000	0
2.07378333333333	0
2.07711666666667	0
2.08045000000000	0
2.08380000000000	0
2.08713333333333	51
2.09046666666667	25
2.09380000000000	0
2.09711666666667	0
2.10046666666667	0
2.10380000000000	148
2.10713333333333	113
2.11046666666667	77
2.11380000000000	491
2.11715000000000	416
2.12048333333333	0
2.12381666666667	60
2.12715000000000	476
2.13048333333333	0
2.13383333333333	338
2.13716666666667	0
2.14050000000000	0
2.14383333333333	53
2.14716666666667	0
2.15051666666667	0
2.15385000000000	0
2.15718333333333	0
2.16051666666667	0
2.16385000000000	0
2.16718333333333	0
2.17053333333333	243
2.17386666666667	193
2.17720000000000	303
2.18053333333333	217
2.18385000000000	286
2.18720000000000	0
2.19053333333333	368
2.19386666666667	37
2.19720000000000	0
2.20053333333333	0
2.20388333333333	0
2.20721666666667	0
2.21055000000000	0
2.21388333333333	0
2.21721666666667	0
2.22056666666667	0
2.22390000000000	0
2.22723333333333	0
2.23056666666667	0
2.23390000000000	0
2.23725000000000	492
2.24058333333333	376
2.24391666666667	845
2.24725000000000	724
2.25056666666667	580
2.25391666666667	447
2.25725000000000	568
2.26058333333333	689
2.26391666666667	594
2.26725000000000	954
2.27060000000000	1280
2.27393333333333	1406
2.27726666666667	1531
2.28060000000000	1298
2.28393333333333	1718
2.28728333333333	300
2.29061666666667	2620
2.29395000000000	2623
2.29728333333333	2627
2.30061666666667	2877
2.30395000000000	3128
2.30730000000000	4845
2.31063333333333	4378
2.31396666666667	3910
2.31730000000000	6560
2.32063333333333	5958
2.32398333333333	4840
2.32731666666667	4308
2.33065000000000	3776
2.33398333333333	6134
2.33731666666667	6312
2.34066666666667	7608
2.34400000000000	8904
2.34733333333333	11668
2.35066666666667	13580
2.35400000000000	11440
2.35735000000000	12300
2.36068333333333	9844
2.36401666666667	10556
2.36733333333333	11268
2.37066666666667	16216
2.37401666666667	19256
2.37735000000000	18480
2.38068333333333	16388
2.38401666666667	17780
2.38735000000000	16664
2.39070000000000	16060
2.39403333333333	16764
2.39736666666667	16452
2.40070000000000	16136
2.40403333333333	18504
2.40738333333333	20872
2.41071666666667	18724
2.41405000000000	16576
2.41738333333333	17872
2.42071666666667	24108
2.42406666666667	25124
2.42740000000000	29792
2.43073333333333	24508
2.43406666666667	26376
2.43740000000000	28956
2.44073333333333	29892
2.44408333333333	26020
2.44741666666667	27404
2.45075000000000	28788
2.45408333333333	28284
2.45741666666667	27780
2.46076666666667	28116
2.46410000000000	28612
2.46743333333333	29108
2.47076666666667	29968
2.47408333333333	30828
2.47743333333333	31080
2.48076666666667	31336
2.48410000000000	40816
2.48743333333333	38480
2.49076666666667	36128
2.49411666666667	33776
2.49745000000000	39408
2.50078333333333	26140
2.50411666666667	33168
2.50745000000000	32432
2.51080000000000	35888
2.51413333333333	43008
2.51746666666667	43936
2.52080000000000	42544
2.52413333333333	38032
2.52748333333333	36032
2.53081666666667	43360
2.53415000000000	25640
2.53748333333333	40304
2.54080000000000	42560
2.54415000000000	46768
2.54748333333333	48208
2.55081666666667	46848
2.55415000000000	44848
2.55748333333333	49152
2.56083333333333	37232
2.56416666666667	45712
2.56750000000000	31880
2.57083333333333	46976
2.57416666666667	45568
2.57750000000000	46080
2.58085000000000	42304
2.58418333333333	49360
2.58751666666667	37104
2.59085000000000	49552
2.59418333333333	51168
2.59753333333333	28992
2.60086666666667	30300
2.60420000000000	42544
2.60753333333333	38272
2.61086666666667	34000
2.61421666666667	42912
2.61755000000000	39904
2.62088333333333	36896
2.62420000000000	39280
2.62753333333333	41648
2.63088333333333	31748
2.63421666666667	45728
2.63755000000000	37472
2.64088333333333	47200
2.64421666666667	41248
2.64756666666667	40672
2.65090000000000	44416
2.65423333333333	44384
2.65756666666667	44352
2.66090000000000	51936
2.66425000000000	51376
2.66758333333333	40112
2.67091666666667	48160
2.67425000000000	47328
2.67758333333333	46480
2.68093333333333	38256
2.68426666666667	46752
2.68760000000000	44784
2.69091666666667	42176
2.69425000000000	45488
2.69760000000000	46816
2.70093333333333	42256
2.70426666666667	46272
2.70760000000000	50304
2.71093333333333	49632
2.71426666666667	48944
2.71761666666667	58496
2.72095000000000	60608
2.72428333333333	32784
2.72761666666667	44752
2.73095000000000	55040
2.73430000000000	36640
2.73763333333333	47600
2.74096666666667	43808
2.74430000000000	42592
2.74763333333333	55760
2.75098333333333	53264
2.75431666666667	42624
2.75765000000000	44288
2.76098333333333	52208
2.76431666666667	56912
2.76766666666667	54144
2.77100000000000	38912
2.77433333333333	67920
2.77766666666667	53408
2.78100000000000	35376
2.78435000000000	56080
2.78768333333333	44224
2.79101666666667	50704
2.79435000000000	49728
2.79768333333333	58704
2.80103333333333	57616
2.80436666666667	46928
2.80770000000000	52352
2.81103333333333	51344
2.81436666666667	46240
2.81771666666667	43984
2.82105000000000	40112
2.82438333333333	59632
2.82771666666667	58704
2.83105000000000	52656
2.83438333333333	54384
2.83771666666667	38496
2.84105000000000	43856
2.84438333333333	51680
2.84771666666667	41712
2.85105000000000	50896
2.85440000000000	51120
2.85773333333333	47392
2.86106666666667	46496
2.86440000000000	56512
2.86773333333333	59696
2.87108333333333	40752
2.87441666666667	39952
2.87775000000000	40256
2.88108333333333	43920
2.88441666666667	47584
2.88776666666667	30276
2.89110000000000	59904
2.89443333333333	55600
2.89776666666667	45264
2.90110000000000	46608
2.90445000000000	46448
2.90778333333333	45824
2.91111666666667	49472
2.91445000000000	47872
2.91778333333333	46272
2.92113333333333	48432
2.92446666666667	39984
2.92780000000000	42720
2.93113333333333	58800
2.93446666666667	57264
2.93781666666667	53856
2.94115000000000	52464
2.94448333333333	51072
2.94781666666667	39872
2.95115000000000	53392
2.95450000000000	51600
2.95783333333333	47568
2.96116666666667	46080
2.96450000000000	48480
2.96781666666667	57024
2.97116666666667	57472
2.97450000000000	32124
2.97783333333333	42496
2.98116666666667	46000
2.98450000000000	50000
2.98783333333333	44928
2.99118333333333	50176
2.99451666666667	53488
2.99785000000000	51888
3.00118333333333	50288
3.00451666666667	48768
3.00786666666667	50416
3.01120000000000	50928
3.01453333333333	48256
3.01786666666667	50736
3.02120000000000	52320
3.02455000000000	54464
3.02788333333333	46784
3.03121666666667	50704
3.03455000000000	55632
3.03788333333333	37584
3.04123333333333	51552
3.04456666666667	34688
3.04790000000000	49584
3.05123333333333	44768
3.05456666666667	51184
3.05791666666667	47936
3.06125000000000	44672
3.06458333333333	36608
3.06791666666667	53296
3.07125000000000	45456
3.07460000000000	50432
3.07793333333333	66048
3.08126666666667	26764
3.08460000000000	51792
3.08793333333333	44192
3.09128333333333	55696
3.09461666666667	41008
3.09795000000000	53568
3.10128333333333	33024
3.10461666666667	57824
3.10795000000000	56960
3.11128333333333	46864
3.11461666666667	56112
3.11795000000000	54720
3.12128333333333	38608
3.12461666666667	53408
3.12796666666667	50704
3.13130000000000	51808
3.13463333333333	52800
3.13796666666667	52352
3.14130000000000	51904
3.14465000000000	45888
3.14798333333333	45568
3.15131666666667	50752
3.15465000000000	51440
3.15798333333333	49776
3.16133333333333	24944
3.16466666666667	51776
3.16800000000000	57424
3.17133333333333	51568
3.17466666666667	57648
3.17801666666667	32448
3.18135000000000	57408
3.18468333333333	45472
3.18801666666667	53504
3.19135000000000	52144
3.19470000000000	44544
3.19803333333333	50720
3.20136666666667	50528
3.20470000000000	52992
3.20801666666667	53120
3.21136666666667	49952
3.21470000000000	46784
3.21803333333333	55936
3.22136666666667	41536
3.22470000000000	53456
3.22805000000000	51968
3.23138333333333	49296
3.23471666666667	46608
3.23805000000000	39488
3.24138333333333	49824
3.24473333333333	44464
3.24806666666667	44608
3.25140000000000	44736
3.25473333333333	45504
3.25806666666667	46272
3.26140000000000	50832
3.26475000000000	29992
3.26808333333333	46384
3.27141666666667	64272
3.27475000000000	50352
3.27808333333333	64288
3.28143333333333	45584
3.28476666666667	51600
3.28810000000000	51792
3.29143333333333	45600
3.29476666666667	55216
3.29811666666667	47440
3.30145000000000	43488
3.30478333333333	53024
3.30811666666667	48272
3.31145000000000	56336
3.31480000000000	44416
3.31813333333333	56192
3.32146666666667	44112
3.32480000000000	47664
3.32813333333333	52592
3.33148333333333	42896
3.33481666666667	53632
3.33815000000000	54896
3.34148333333333	51200
3.34481666666667	52608
3.34816666666667	54016
3.35150000000000	44800
3.35483333333333	50384
3.35816666666667	41536
3.36150000000000	36848
3.36485000000000	46336
3.36818333333333	45056
3.37151666666667	43760
3.37485000000000	54032
3.37818333333333	55872
3.38151666666667	49824
3.38485000000000	46544
3.38818333333333	50656
3.39151666666667	49264
3.39485000000000	48416
3.39818333333333	51888
3.40153333333333	47088
3.40486666666667	50704
3.40820000000000	46928
3.41153333333333	43152
3.41486666666667	34080
3.41821666666667	47248
3.42155000000000	44800
3.42488333333333	43792
3.42821666666667	42800
3.43155000000000	47424
3.43490000000000	43312
3.43823333333333	39200
3.44156666666667	45536
3.44490000000000	51872
3.44823333333333	31124
3.45158333333333	50304
3.45491666666667	53440
3.45825000000000	64096
3.46158333333333	48400
3.46490000000000	50992
3.46825000000000	44368
3.47158333333333	43328
3.47491666666667	42288
3.47825000000000	45968
3.48158333333333	49664
3.48493333333333	49456
3.48826666666667	45328
3.49160000000000	41216
3.49493333333333	40032
3.49826666666667	47936
3.50161666666667	44928
3.50495000000000	44672
3.50828333333333	44416
3.51161666666667	51888
3.51495000000000	54704
3.51830000000000	49168
3.52163333333333	48528
3.52496666666667	36288
3.52830000000000	53712
3.53163333333333	48752
3.53496666666667	34768
3.53831666666667	35632
3.54165000000000	53680
3.54498333333333	49840
3.54831666666667	45456
3.55163333333333	45312
3.55498333333333	43872
3.55831666666667	42432
3.56165000000000	33088
3.56498333333333	37248
3.56831666666667	52672
3.57166666666667	53808
3.57500000000000	52576
3.57833333333333	45792
3.58166666666667	48240
3.58500000000000	46656
3.58835000000000	46848
3.59168333333333	52752
3.59501666666667	52432
3.59835000000000	52096
3.60168333333333	48656
3.60503333333333	53088
3.60836666666667	37168
3.61170000000000	51536
3.61503333333333	46768
3.61836666666667	54736
3.62171666666667	52800
3.62505000000000	57648
3.62838333333333	47296
3.63171666666667	56832
3.63505000000000	58512
3.63840000000000	38832
3.64173333333333	41456
3.64506666666667	55280
3.64840000000000	50368
3.65173333333333	45456
3.65508333333333	50928
3.65841666666667	50320
3.66175000000000	51536
3.66508333333333	45808
3.66841666666667	51328
3.67173333333333	44400
3.67508333333333	52464
3.67841666666667	49968
3.68175000000000	48592
3.68508333333333	44256
3.68841666666667	41056
3.69176666666667	56144
3.69510000000000	61376
3.69843333333333	50880
3.70176666666667	53296
3.70510000000000	46672
3.70845000000000	49856
3.71178333333333	51616
3.71511666666667	53392
3.71845000000000	51824
3.72178333333333	53008
3.72513333333333	46304
3.72846666666667	49408
3.73180000000000	36752
3.73513333333333	55744
3.73846666666667	56512
3.74181666666667	53104
3.74515000000000	37296
3.74848333333333	42720
3.75181666666667	52800
3.75515000000000	52208
3.75848333333333	51632
3.76181666666667	36048
3.76515000000000	42032
3.76848333333333	48032
3.77181666666667	50784
3.77516666666667	50704
3.77850000000000	44544
3.78183333333333	43152
3.78516666666667	40832
3.78850000000000	39552
3.79185000000000	45248
3.79518333333333	48912
3.79851666666667	57968
3.80185000000000	62944
3.80518333333333	62112
3.80851666666667	59248
3.81186666666667	57648
3.81520000000000	37328
3.81853333333333	56544
3.82185000000000	42320
3.82518333333333	50208
3.82853333333333	39376
3.83186666666667	56896
3.83520000000000	55728
3.83853333333333	63120
3.84186666666667	49152
3.84521666666667	51776
3.84855000000000	54608
3.85188333333333	41648
3.85521666666667	46432
3.85855000000000	56560
3.86190000000000	57984
3.86523333333333	32232
3.86856666666667	37168
3.87190000000000	43808
3.87523333333333	44592
3.87858333333333	45360
3.88191666666667	61936
3.88525000000000	58256
3.88858333333333	47792
3.89191666666667	54112
3.89526666666667	51296
3.89860000000000	51680
3.90193333333333	38352
3.90526666666667	41616
3.90860000000000	52912
3.91193333333333	48832
3.91526666666667	53440
3.91860000000000	52368
3.92193333333333	51312
3.92526666666667	41952
3.92861666666667	41984
3.93195000000000	46240
3.93528333333333	54592
3.93861666666667	55744
3.94195000000000	52320
3.94528333333333	44048
3.94863333333333	51472
3.95196666666667	48512
3.95530000000000	39296
3.95863333333333	40336
3.96196666666667	44816
3.96531666666667	47536
3.96865000000000	52992
3.97198333333333	55952
3.97531666666667	52912
3.97865000000000	38160
3.98200000000000	47392
3.98533333333333	47712
3.98866666666667	42736
3.99200000000000	38192
3.99531666666667	35936
3.99866666666667	50064
4.00200000000000	58752
4.00533333333333	60560
4.00866666666667	54384
4.01200000000000	48096
4.01535000000000	40848
4.01868333333333	36176
4.02201666666667	27964
4.02535000000000	47344
4.02868333333333	51328
4.03203333333333	53664
4.03536666666667	46944
4.03870000000000	60816
4.04203333333333	59520
4.04536666666667	30032
4.04871666666667	40944
4.05205000000000	52448
4.05538333333333	41936
4.05871666666667	36880
4.06205000000000	53264
4.06540000000000	42416
4.06873333333333	50016
4.07206666666667	39216
4.07538333333333	49216
4.07871666666667	39056
4.08205000000000	50528
4.08540000000000	49280
4.08873333333333	39632
4.09206666666667	50704
4.09540000000000	40256
4.09873333333333	47776
4.10208333333333	54992
4.10541666666667	60672
4.10875000000000	50240
4.11208333333333	41808
4.11541666666667	53200
4.11876666666667	43360
4.12210000000000	50784
4.12543333333333	51712
4.12876666666667	57456
4.13210000000000	30760
4.13545000000000	46496
4.13878333333333	42224
4.14211666666667	41200
4.14545000000000	40192
4.14878333333333	49376
4.15213333333333	47712
4.15546666666667	46032
4.15880000000000	42272
4.16213333333333	44032
4.16546666666667	45792
4.16881666666667	47136
4.17215000000000	46272
4.17548333333333	45392
4.17880000000000	53568
4.18213333333333	55072
4.18548333333333	41488
4.18881666666667	43504
4.19215000000000	44016
4.19548333333333	40896
4.19881666666667	37776
4.20216666666667	37136
4.20550000000000	40784
4.20883333333333	44432
4.21216666666667	42192
4.21550000000000	41888
4.21883333333333	41584
4.22218333333333	42240
4.22551666666667	42912
4.22885000000000	44080
4.23218333333333	45264
4.23551666666667	46976
4.23886666666667	44992
4.24220000000000	43024
4.24553333333333	40368
4.24886666666667	37712
4.25220000000000	40720
4.25555000000000	40752
4.25888333333333	45408
4.26221666666667	50720
4.26555000000000	53552
4.26888333333333	39152
4.27223333333333	47968
4.27556666666667	54160
4.27890000000000	52112
4.28223333333333	48608
4.28555000000000	40208
4.28890000000000	38512
4.29223333333333	40672
4.29556666666667	44848
4.29890000000000	33056
4.30223333333333	52512
4.30558333333333	59248
4.30891666666667	46112
4.31225000000000	57360
4.31558333333333	57120
4.31891666666667	38688
4.32226666666667	42368
4.32560000000000	52048
4.32893333333333	49248
4.33226666666667	57472
4.33560000000000	38512
4.33895000000000	44768
4.34228333333333	55120
4.34561666666667	53728
4.34895000000000	50288
4.35226666666667	48672
4.35560000000000	47056
4.35895000000000	50224
4.36228333333333	46256
4.36561666666667	42032
4.36895000000000	47040
4.37228333333333	45488
4.37563333333333	50416
4.37896666666667	48480
4.38230000000000	46544
4.38563333333333	41296
4.38896666666667	47408
4.39231666666667	50896
4.39565000000000	57616
4.39898333333333	58688
4.40231666666667	60208
4.40565000000000	53520
4.40900000000000	43760
4.41233333333333	51600
4.41566666666667	58096
4.41900000000000	35872
4.42233333333333	39824
4.42568333333333	44448
4.42901666666667	40192
4.43235000000000	50656
4.43568333333333	50080
4.43901666666667	50144
4.44236666666667	47472
4.44570000000000	50016
4.44903333333333	52560
4.45236666666667	42928
4.45570000000000	54544
4.45905000000000	60272
4.46238333333333	61440
4.46571666666667	50688
4.46905000000000	59408
4.47238333333333	46880
4.47573333333333	48320
4.47906666666667	46448
4.48240000000000	44896
4.48573333333333	45008
4.48905000000000	45120
4.49238333333333	45472
4.49573333333333	45808
