1.50330000000000	201
1.50663333333333	33
1.50996666666667	0
1.51330000000000	0
1.51663333333333	0
1.51998333333333	112
1.52331666666667	56
1.52665000000000	0
1.52998333333333	0
1.53331666666667	0
1.53666666666667	0
1.54000000000000	0
1.54333333333333	0
1.54666666666667	0
1.55000000000000	0
1.55335000000000	47
1.55668333333333	24
1.56001666666667	0
1.56335000000000	0
1.56668333333333	0
1.57003333333333	180
1.57336666666667	359
1.57670000000000	382
1.58003333333333	0
1.58336666666667	99
1.58671666666667	198
1.59005000000000	0
1.59338333333333	0
1.59671666666667	0
1.60005000000000	0
1.60340000000000	0
1.60673333333333	0
1.61006666666667	437
1.61340000000000	219
1.61671666666667	0
1.62005000000000	223
1.62340000000000	0
1.62673333333333	0
1.63006666666667	0
1.63340000000000	0
1.63673333333333	0
1.64008333333333	0
1.64341666666667	0
1.64675000000000	0
1.65008333333333	0
1.65341666666667	0
1.65676666666667	0
1.66010000000000	0
1.66343333333333	0
1.66676666666667	0
1.67010000000000	0
1.67345000000000	0
1.67678333333333	0
1.68011666666667	0
1.68345000000000	0
1.68678333333333	0
1.69013333333333	0
1.69346666666667	0
1.69680000000000	0
1.70013333333333	0
1.70346666666667	0
1.70681666666667	0
1.71015000000000	0
1.71348333333333	0
1.71681666666667	424
1.72013333333333	212
1.72348333333333	0
1.72681666666667	0
1.73015000000000	0
1.73348333333333	0
1.73681666666667	0
1.74016666666667	0
1.74350000000000	0
1.74683333333333	359
1.75016666666667	179
1.75350000000000	0
1.75683333333333	0
1.76018333333333	0
1.76351666666667	0
1.76685000000000	0
1.77018333333333	0
1.77351666666667	259
1.77686666666667	130
1.78020000000000	0
1.78353333333333	366
1.78686666666667	0
1.79020000000000	0
1.79355000000000	0
1.79688333333333	0
1.80021666666667	0
1.80355000000000	12
1.80688333333333	6
1.81023333333333	0
1.81356666666667	397
1.81690000000000	199
1.82023333333333	0
1.82356666666667	0
1.82690000000000	0
1.83023333333333	516
1.83356666666667	571
1.83690000000000	0
1.84023333333333	0
1.84358333333333	0
1.84691666666667	137
1.85025000000000	68
1.85358333333333	0
1.85691666666667	13
1.86026666666667	7
1.86360000000000	0
1.86693333333333	0
1.87026666666667	0
1.87360000000000	0
1.87695000000000	0
1.88028333333333	0
1.88361666666667	0
1.88695000000000	0
1.89028333333333	0
1.89361666666667	0
1.89696666666667	0
1.90030000000000	0
1.90363333333333	14
1.90696666666667	7
1.91030000000000	0
1.91365000000000	0
1.91698333333333	0
1.92031666666667	0
1.92365000000000	0
1.92698333333333	0
1.93033333333333	0
1.93366666666667	0
1.93700000000000	0
1.94033333333333	0
1.94366666666667	0
1.94701666666667	0
1.95035000000000	0
1.95368333333333	0
1.95701666666667	0
1.96035000000000	0
1.96370000000000	256
1.96703333333333	139
1.97036666666667	22
1.97370000000000	289
1.97703333333333	206
1.98038333333333	0
1.98371666666667	68
1.98705000000000	34
1.99038333333333	0
1.99371666666667	0
1.99705000000000	0
2.00038333333333	0
2.00371666666667	0
2.00705000000000	0
2.01038333333333	0
2.01373333333333	0
2.01706666666667	0
2.02040000000000	0
2.02373333333333	0
2.02706666666667	0
2.03040000000000	16
2.03375000000000	8
2.03708333333333	0
2.04041666666667	432
2.04375000000000	216
2.04708333333333	0
2.05043333333333	0
2.05376666666667	0
2.05710000000000	0
2.06043333333333	0
2.06376666666667	0
2.06711666666667	0
2.07045000000000	0
2.07378333333333	0
2.07711666666667	0
2.08045000000000	0
2.08380000000000	0
2.08713333333333	0
2.09046666666667	0
2.09380000000000	0
2.09711666666667	0
2.10046666666667	0
2.10380000000000	0
2.10713333333333	0
2.11046666666667	460
2.11380000000000	459
2.11715000000000	0
2.12048333333333	0
2.12381666666667	0
2.12715000000000	0
2.13048333333333	0
2.13383333333333	0
2.13716666666667	0
2.14050000000000	0
2.14383333333333	0
2.14716666666667	0
2.15051666666667	436
2.15385000000000	333
2.15718333333333	0
2.16051666666667	0
2.16385000000000	0
2.16718333333333	0
2.17053333333333	428
2.17386666666667	214
2.17720000000000	0
2.18053333333333	0
2.18385000000000	0
2.18720000000000	588
2.19053333333333	503
2.19386666666667	203
2.19720000000000	0
2.20053333333333	0
2.20388333333333	0
2.20721666666667	0
2.21055000000000	0
2.21388333333333	125
2.21721666666667	250
2.22056666666667	304
2.22390000000000	0
2.22723333333333	446
2.23056666666667	0
2.23390000000000	0
2.23725000000000	0
2.24058333333333	148
2.24391666666667	296
2.24725000000000	635
2.25056666666667	681
2.25391666666667	763
2.25725000000000	844
2.26058333333333	983
2.26391666666667	1122
2.26725000000000	1039
2.27060000000000	957
2.27393333333333	905
2.27726666666667	854
2.28060000000000	1672
2.28393333333333	2490
2.28728333333333	2272
2.29061666666667	2054
2.29395000000000	2485
2.29728333333333	367
2.30061666666667	2459
2.30395000000000	4378
2.30730000000000	5483
2.31063333333333	2301
2.31396666666667	5385
2.31730000000000	6730
2.32063333333333	4973
2.32398333333333	8420
2.32731666666667	8568
2.33065000000000	6520
2.33398333333333	10340
2.33731666666667	9460
2.34066666666667	10548
2.34400000000000	10320
2.34733333333333	7063
2.35066666666667	8716
2.35400000000000	7260
2.35735000000000	11120
2.36068333333333	12348
2.36401666666667	18460
2.36733333333333	15096
2.37066666666667	18684
2.37401666666667	16960
2.37735000000000	18000
2.38068333333333	8232
2.38401666666667	16940
2.38735000000000	14844
2.39070000000000	22280
2.39403333333333	24644
2.39736666666667	25848
2.40070000000000	28484
2.40403333333333	13820
2.40738333333333	21396
2.41071666666667	19280
2.41405000000000	16248
2.41738333333333	13220
2.42071666666667	21172
2.42406666666667	13260
2.42740000000000	23052
2.43073333333333	27996
2.43406666666667	23024
2.43740000000000	29580
2.44073333333333	25056
2.44408333333333	34160
2.44741666666667	37264
2.45075000000000	40016
2.45408333333333	33184
2.45741666666667	36080
2.46076666666667	42176
2.46410000000000	40976
2.46743333333333	30864
2.47076666666667	40048
2.47408333333333	35616
2.47743333333333	38544
2.48076666666667	32944
2.48410000000000	36304
2.48743333333333	44080
2.49076666666667	41488
2.49411666666667	46368
2.49745000000000	36544
2.50078333333333	41200
2.50411666666667	37680
2.50745000000000	37536
2.51080000000000	33968
2.51413333333333	45920
2.51746666666667	46656
2.52080000000000	28932
2.52413333333333	45792
2.52748333333333	43616
2.53081666666667	33248
2.53415000000000	30536
2.53748333333333	44832
2.54080000000000	43200
2.54415000000000	40688
2.54748333333333	54416
2.55081666666667	28388
2.55415000000000	43408
2.55748333333333	47984
2.56083333333333	40208
2.56416666666667	50464
2.56750000000000	52816
2.57083333333333	37120
2.57416666666667	39584
2.57750000000000	28056
2.58085000000000	40384
2.58418333333333	45808
2.58751666666667	39696
2.59085000000000	47792
2.59418333333333	51936
2.59753333333333	49392
2.60086666666667	40368
2.60420000000000	54992
2.60753333333333	44912
2.61086666666667	41440
2.61421666666667	43600
2.61755000000000	45664
2.62088333333333	47744
2.62420000000000	39856
2.62753333333333	34960
2.63088333333333	38528
2.63421666666667	36736
2.63755000000000	34944
2.64088333333333	37328
2.64421666666667	39712
2.64756666666667	43248
2.65090000000000	46784
2.65423333333333	47120
2.65756666666667	50272
2.66090000000000	56976
2.66425000000000	30044
2.66758333333333	40944
2.67091666666667	36864
2.67425000000000	41488
2.67758333333333	40592
2.68093333333333	39680
2.68426666666667	57792
2.68760000000000	58080
2.69091666666667	49168
2.69425000000000	49840
2.69760000000000	53760
2.70093333333333	34464
2.70426666666667	50672
2.70760000000000	42032
2.71093333333333	33824
2.71426666666667	50384
2.71761666666667	50016
2.72095000000000	45856
2.72428333333333	46416
2.72761666666667	48640
2.73095000000000	44784
2.73430000000000	50544
2.73763333333333	56848
2.74096666666667	58288
2.74430000000000	51024
2.74763333333333	48512
2.75098333333333	50976
2.75431666666667	53456
2.75765000000000	46464
2.76098333333333	43808
2.76431666666667	41136
2.76766666666667	40464
2.77100000000000	39808
2.77433333333333	42256
2.77766666666667	40800
2.78100000000000	39344
2.78435000000000	52608
2.78768333333333	55168
2.79101666666667	45040
2.79435000000000	47312
2.79768333333333	51504
2.80103333333333	58720
2.80436666666667	57360
2.80770000000000	48368
2.81103333333333	53296
2.81436666666667	42848
2.81771666666667	51472
2.82105000000000	49920
2.82438333333333	61312
2.82771666666667	63952
2.83105000000000	50464
2.83438333333333	56624
2.83771666666667	42480
2.84105000000000	48080
2.84438333333333	37744
2.84771666666667	41344
2.85105000000000	44944
2.85440000000000	45024
2.85773333333333	49760
2.86106666666667	50592
2.86440000000000	37552
2.86773333333333	45072
2.87108333333333	45568
2.87441666666667	48048
2.87775000000000	50544
2.88108333333333	48736
2.88441666666667	48064
2.88776666666667	46480
2.89110000000000	52672
2.89443333333333	51184
2.89776666666667	51232
2.90110000000000	60032
2.90445000000000	37280
2.90778333333333	54256
2.91111666666667	55888
2.91445000000000	52208
2.91778333333333	52000
2.92113333333333	55520
2.92446666666667	48240
2.92780000000000	58624
2.93113333333333	44720
2.93446666666667	47312
2.93781666666667	38096
2.94115000000000	52432
2.94448333333333	58544
2.94781666666667	44320
2.95115000000000	35744
2.95450000000000	52672
2.95783333333333	58592
2.96116666666667	54112
2.96450000000000	57248
2.96781666666667	32960
2.97116666666667	35536
2.97450000000000	49856
2.97783333333333	40048
2.98116666666667	41072
2.98450000000000	42096
2.98783333333333	40432
2.99118333333333	60032
2.99451666666667	55552
2.99785000000000	55024
3.00118333333333	48064
3.00451666666667	45392
3.00786666666667	47584
3.01120000000000	44192
3.01453333333333	41376
3.01786666666667	57808
3.02120000000000	58048
3.02455000000000	57104
3.02788333333333	50912
3.03121666666667	42176
3.03455000000000	47200
3.03788333333333	45728
3.04123333333333	47648
3.04456666666667	50288
3.04790000000000	49280
3.05123333333333	49488
3.05456666666667	49712
3.05791666666667	53184
3.06125000000000	60352
3.06458333333333	60640
3.06791666666667	41488
3.07125000000000	35920
3.07460000000000	37472
3.07793333333333	39984
3.08126666666667	37296
3.08460000000000	55600
3.08793333333333	48848
3.09128333333333	42112
3.09461666666667	48368
3.09795000000000	48896
3.10128333333333	45808
3.10461666666667	42704
3.10795000000000	48864
3.11128333333333	50816
3.11461666666667	51312
3.11795000000000	57456
3.12128333333333	36912
3.12461666666667	51328
3.12796666666667	45856
3.13130000000000	57744
3.13463333333333	57776
3.13796666666667	46544
3.14130000000000	45696
3.14465000000000	44848
3.14798333333333	44864
3.15131666666667	44896
3.15465000000000	42560
3.15798333333333	40224
3.16133333333333	43632
3.16466666666667	33872
3.16800000000000	52912
3.17133333333333	51536
3.17466666666667	51168
3.17801666666667	49056
3.18135000000000	48448
3.18468333333333	47824
3.18801666666667	49504
3.19135000000000	51184
3.19470000000000	36016
3.19803333333333	55264
3.20136666666667	41648
3.20470000000000	47184
3.20801666666667	46912
3.21136666666667	57072
3.21470000000000	60576
3.21803333333333	46688
3.22136666666667	55072
3.22470000000000	37392
3.22805000000000	56192
3.23138333333333	54000
3.23471666666667	52640
3.23805000000000	54112
3.24138333333333	53056
3.24473333333333	32124
3.24806666666667	33280
3.25140000000000	43296
3.25473333333333	38608
3.25806666666667	41376
3.26140000000000	44160
3.26475000000000	49360
3.26808333333333	48960
3.27141666666667	48560
3.27475000000000	51984
3.27808333333333	55424
3.28143333333333	54096
3.28476666666667	59808
3.28810000000000	59728
3.29143333333333	51184
3.29476666666667	37776
3.29811666666667	48656
3.30145000000000	54208
3.30478333333333	47216
3.30811666666667	40240
3.31145000000000	44480
3.31480000000000	48704
3.31813333333333	54016
3.32146666666667	56304
3.32480000000000	32896
3.32813333333333	47536
3.33148333333333	58864
3.33481666666667	55664
3.33815000000000	49984
3.34148333333333	56192
3.34481666666667	53104
3.34816666666667	53440
3.35150000000000	54784
3.35483333333333	42048
3.35816666666667	59216
3.36150000000000	47792
3.36485000000000	49088
3.36818333333333	50560
3.37151666666667	34432
3.37485000000000	43632
3.37818333333333	49360
3.38151666666667	45536
3.38485000000000	49760
3.38818333333333	53984
3.39151666666667	52096
3.39485000000000	53344
3.39818333333333	52864
3.40153333333333	52368
3.40486666666667	54752
3.40820000000000	46736
3.41153333333333	45120
3.41486666666667	41600
3.41821666666667	43056
3.42155000000000	44512
3.42488333333333	53552
3.42821666666667	50896
3.43155000000000	58032
3.43490000000000	41824
3.43823333333333	47696
3.44156666666667	50944
3.44490000000000	49600
3.44823333333333	51664
3.45158333333333	53728
3.45491666666667	38608
3.45825000000000	40000
3.46158333333333	57936
3.46490000000000	53920
3.46825000000000	59760
3.47158333333333	47984
3.47491666666667	38848
3.47825000000000	49072
3.48158333333333	51200
3.48493333333333	47088
3.48826666666667	42960
3.49160000000000	45776
3.49493333333333	48592
3.49826666666667	56512
3.50161666666667	53440
3.50495000000000	50624
3.50828333333333	48432
3.51161666666667	46224
3.51495000000000	55952
3.51830000000000	40512
3.52163333333333	51888
3.52496666666667	47632
3.52830000000000	50176
3.53163333333333	52704
3.53496666666667	54288
3.53831666666667	53776
3.54165000000000	53264
3.54498333333333	52160
3.54831666666667	40384
3.55163333333333	35792
3.55498333333333	55136
3.55831666666667	53024
3.56165000000000	49520
3.56498333333333	38224
3.56831666666667	48192
3.57166666666667	45840
3.57500000000000	43488
3.57833333333333	60880
3.58166666666667	58064
3.58500000000000	50896
3.58835000000000	42704
3.59168333333333	44992
3.59501666666667	42128
3.59835000000000	50032
3.60168333333333	50736
3.60503333333333	51920
3.60836666666667	41760
3.61170000000000	42992
3.61503333333333	50080
3.61836666666667	47568
3.62171666666667	44848
3.62505000000000	55456
3.62838333333333	61312
3.63171666666667	54480
3.63505000000000	42624
3.63840000000000	39392
3.64173333333333	53344
3.64506666666667	46320
3.64840000000000	54976
3.65173333333333	59472
3.65508333333333	49616
3.65841666666667	36848
3.66175000000000	49888
3.66508333333333	59248
3.66841666666667	48544
3.67173333333333	41232
3.67508333333333	39552
3.67841666666667	40608
3.68175000000000	49056
3.68508333333333	53392
3.68841666666667	48448
3.69176666666667	49648
3.69510000000000	47056
3.69843333333333	38144
3.70176666666667	52160
3.70510000000000	45840
3.70845000000000	54720
3.71178333333333	46032
3.71511666666667	51920
3.71845000000000	49744
3.72178333333333	49840
3.72513333333333	49952
3.72846666666667	50144
3.73180000000000	50336
3.73513333333333	40544
3.73846666666667	48496
3.74181666666667	55040
3.74515000000000	55760
3.74848333333333	38608
3.75181666666667	42000
3.75515000000000	44912
3.75848333333333	47760
3.76181666666667	45392
3.76515000000000	43024
3.76848333333333	44896
3.77181666666667	52656
3.77516666666667	51376
3.77850000000000	50096
3.78183333333333	52992
3.78516666666667	54112
3.78850000000000	54832
3.79185000000000	52208
3.79518333333333	55248
3.79851666666667	46560
3.80185000000000	45200
3.80518333333333	44880
3.80851666666667	44544
3.81186666666667	40736
3.81520000000000	36928
3.81853333333333	47984
3.82185000000000	43952
3.82518333333333	45264
3.82853333333333	42560
3.83186666666667	36400
3.83520000000000	47152
3.83853333333333	59520
3.84186666666667	56064
3.84521666666667	44064
3.84855000000000	50784
3.85188333333333	59968
3.85521666666667	29044
3.85855000000000	44704
3.86190000000000	55648
3.86523333333333	37552
3.86856666666667	42176
3.87190000000000	48976
3.87523333333333	51824
3.87858333333333	56784
3.88191666666667	60880
3.88525000000000	45184
3.88858333333333	50000
3.89191666666667	40752
3.89526666666667	49456
3.89860000000000	47776
3.90193333333333	46112
3.90526666666667	47648
3.90860000000000	49200
3.91193333333333	48768
3.91526666666667	48064
3.91860000000000	48800
3.92193333333333	49552
3.92526666666667	51744
3.92861666666667	46720
3.93195000000000	41696
3.93528333333333	48416
3.93861666666667	55152
3.94195000000000	51232
3.94528333333333	47312
3.94863333333333	52864
3.95196666666667	44048
3.95530000000000	44160
3.95863333333333	44272
3.96196666666667	45888
3.96531666666667	57296
3.96865000000000	55440
3.97198333333333	53616
3.97531666666667	53312
3.97865000000000	50432
3.98200000000000	43648
3.98533333333333	47936
3.98866666666667	49488
3.99200000000000	53392
3.99531666666667	52480
3.99866666666667	47584
4.00200000000000	49168
4.00533333333333	50752
4.00866666666667	56912
4.01200000000000	54528
4.01535000000000	44640
4.01868333333333	55328
4.02201666666667	47168
4.02535000000000	47872
4.02868333333333	43008
4.03203333333333	52496
4.03536666666667	49968
4.03870000000000	47440
4.04203333333333	59808
4.04536666666667	57504
4.04871666666667	42704
4.05205000000000	44224
4.05538333333333	56496
4.05871666666667	50592
4.06205000000000	50000
4.06540000000000	47920
4.06873333333333	61136
4.07206666666667	58672
4.07538333333333	53776
4.07871666666667	48288
4.08205000000000	45296
4.08540000000000	44576
4.08873333333333	42592
4.09206666666667	40608
4.09540000000000	49840
4.09873333333333	52448
4.10208333333333	45664
4.10541666666667	53808
4.10875000000000	55328
4.11208333333333	53760
4.11541666666667	52528
4.11876666666667	49520
4.12210000000000	52528
4.12543333333333	53552
4.12876666666667	46032
4.13210000000000	35424
4.13545000000000	44192
4.13878333333333	30836
4.14211666666667	56208
4.14545000000000	51968
4.14878333333333	42848
4.15213333333333	26872
4.15546666666667	39328
4.15880000000000	36528
4.16213333333333	48800
4.16546666666667	53904
4.16881666666667	55856
4.17215000000000	46944
4.17548333333333	48320
4.17880000000000	34768
4.18213333333333	47632
4.18548333333333	46336
4.18881666666667	55664
4.19215000000000	53904
4.19548333333333	44240
4.19881666666667	54560
4.20216666666667	47392
4.20550000000000	45568
4.20883333333333	58672
4.21216666666667	54064
4.21550000000000	48432
4.21883333333333	50304
4.22218333333333	34544
4.22551666666667	58448
4.22885000000000	55184
4.23218333333333	36384
4.23551666666667	57568
4.23886666666667	55648
4.24220000000000	43408
4.24553333333333	55344
4.24886666666667	51536
4.25220000000000	32664
4.25555000000000	45360
4.25888333333333	50672
4.26221666666667	45088
4.26555000000000	52336
4.26888333333333	34672
4.27223333333333	45760
4.27556666666667	50928
4.27890000000000	44672
4.28223333333333	55520
4.28555000000000	53968
4.28890000000000	55088
4.29223333333333	50000
4.29556666666667	33536
4.29890000000000	47312
4.30223333333333	48608
4.30558333333333	52864
4.30891666666667	52592
4.31225000000000	44816
4.31558333333333	39376
4.31891666666667	59408
4.32226666666667	50352
4.32560000000000	54160
4.32893333333333	50576
4.33226666666667	51616
4.33560000000000	52672
4.33895000000000	44144
4.34228333333333	54704
4.34561666666667	58688
4.34895000000000	45840
4.35226666666667	38352
4.35560000000000	56704
4.35895000000000	54304
4.36228333333333	48016
4.36561666666667	52912
4.36895000000000	56496
4.37228333333333	52448
4.37563333333333	43072
4.37896666666667	46016
4.38230000000000	51376
4.38563333333333	55840
4.38896666666667	55984
4.39231666666667	54560
4.39565000000000	35520
4.39898333333333	63056
4.40231666666667	57344
4.40565000000000	53888
4.40900000000000	48928
4.41233333333333	47376
4.41566666666667	60352
4.41900000000000	59488
4.42233333333333	53968
4.42568333333333	58192
4.42901666666667	62096
4.43235000000000	48384
4.43568333333333	44416
4.43901666666667	53840
4.44236666666667	30496
4.44570000000000	49600
4.44903333333333	57328
4.45236666666667	50416
4.45570000000000	49904
4.45905000000000	49392
4.46238333333333	46944
4.46571666666667	42560
4.46905000000000	50464
4.47238333333333	57472
4.47573333333333	55856
4.47906666666667	46272
4.48240000000000	44784
4.48573333333333	54608
4.48905000000000	58768
4.49238333333333	39824
4.49573333333333	53920
