1.50330000000000	0
1.50663333333333	0
1.50996666666667	0
1.51330000000000	0
1.51663333333333	0
1.51998333333333	0
1.52331666666667	0
1.52665000000000	0
1.52998333333333	0
1.53331666666667	0
1.53666666666667	0
1.54000000000000	0
1.54333333333333	0
1.54666666666667	0
1.55000000000000	0
1.55335000000000	0
1.55668333333333	0
1.56001666666667	0
1.56335000000000	0
1.56668333333333	0
1.57003333333333	0
1.57336666666667	0
1.57670000000000	0
1.58003333333333	0
1.58336666666667	0
1.58671666666667	0
1.59005000000000	0
1.59338333333333	0
1.59671666666667	0
1.60005000000000	0
1.60340000000000	0
1.60673333333333	0
1.61006666666667	0
1.61340000000000	0
1.61673333333333	0
1.62008333333333	0
1.62341666666667	0
1.62675000000000	0
1.63008333333333	0
1.63341666666667	0
1.63676666666667	0
1.64010000000000	0
1.64343333333333	0
1.64676666666667	0
1.65010000000000	0
1.65345000000000	0
1.65678333333333	0
1.66011666666667	0
1.66345000000000	0
1.66678333333333	0
1.67013333333333	0
1.67346666666667	0
1.67680000000000	0
1.68013333333333	0
1.68346666666667	0
1.68681666666667	0
1.69015000000000	0
1.69348333333333	0
1.69681666666667	0
1.70015000000000	0
1.70350000000000	0
1.70683333333333	0
1.71016666666667	0
1.71350000000000	0
1.71683333333333	0
1.72018333333333	0
1.72351666666667	0
1.72685000000000	0
1.73018333333333	0
1.73351666666667	0
1.73686666666667	0
1.74020000000000	0
1.74353333333333	0
1.74686666666667	0
1.75020000000000	0
1.75355000000000	0
1.75688333333333	0
1.76021666666667	0
1.76355000000000	0
1.76688333333333	0
1.77023333333333	0
1.77356666666667	0
1.77690000000000	0
1.78023333333333	0
1.78356666666667	0
1.78691666666667	0
1.79025000000000	0
1.79358333333333	0
1.79691666666667	0
1.80025000000000	0
1.80360000000000	0
1.80693333333333	0
1.81026666666667	0
1.81360000000000	0
1.81693333333333	0
1.82026666666667	0
1.82361666666667	0
1.82695000000000	0
1.83028333333333	0
1.83361666666667	0
1.83695000000000	0
1.84030000000000	0
1.84363333333333	0
1.84696666666667	0
1.85030000000000	0
1.85363333333333	0
1.85698333333333	0
1.86031666666667	0
1.86365000000000	0
1.86698333333333	0
1.87031666666667	0
1.87366666666667	0
1.87700000000000	0
1.88033333333333	0
1.88366666666667	0
1.88700000000000	0
1.89035000000000	0
1.89368333333333	0
1.89701666666667	0
1.90035000000000	0
1.90368333333333	0
1.90703333333333	0
1.91036666666667	0
1.91370000000000	0
1.91703333333333	0
1.92036666666667	0
1.92371666666667	0
1.92705000000000	0
1.93038333333333	0
1.93371666666667	0
1.93705000000000	0
1.94040000000000	0
1.94373333333333	0
1.94706666666667	0
1.95040000000000	0
1.95373333333333	0
1.95708333333333	0
1.96041666666667	0
1.96375000000000	0
1.96708333333333	0
1.97041666666667	0
1.97376666666667	0
1.97710000000000	0
1.98043333333333	0
1.98376666666667	0
1.98710000000000	0
1.99045000000000	0
1.99378333333333	0
1.99711666666667	0
2.00045000000000	0
2.00378333333333	0
2.00713333333333	0
2.01046666666667	0
2.01380000000000	0
2.01713333333333	0
2.02046666666667	0
2.02381666666667	0
2.02715000000000	0
2.03048333333333	0
2.03381666666667	0
2.03715000000000	0
2.04050000000000	0
2.04383333333333	0
2.04716666666667	0
2.05050000000000	0
2.05383333333333	0
2.05718333333333	0
2.06051666666667	0
2.06385000000000	0
2.06718333333333	0
2.07051666666667	0
2.07386666666667	0
2.07720000000000	0
2.08053333333333	0
2.08386666666667	0
2.08720000000000	0
2.09055000000000	0
2.09388333333333	0
2.09721666666667	0
2.10055000000000	0
2.10388333333333	0
2.10723333333333	0
2.11056666666667	0
2.11390000000000	0
2.11723333333333	0
2.12056666666667	0
2.12391666666667	0
2.12725000000000	0
2.13058333333333	0
2.13391666666667	0
2.13725000000000	0
2.14060000000000	0
2.14393333333333	0
2.14726666666667	0
2.15060000000000	0
2.15393333333333	0
2.15726666666667	0
2.16061666666667	0
2.16395000000000	0
2.16728333333333	0
2.17061666666667	0
2.17395000000000	0
2.17730000000000	0
2.18063333333333	0
2.18396666666667	0
2.18730000000000	0
2.19063333333333	0
2.19398333333333	0
2.19731666666667	0
2.20065000000000	0
2.20398333333333	0
2.20731666666667	0
2.21066666666667	0
2.21400000000000	0
2.21733333333333	0
2.22066666666667	0
2.22400000000000	0
2.22735000000000	0
2.23068333333333	0
2.23401666666667	0
2.23735000000000	0
2.24068333333333	0
2.24403333333333	1319
2.24736666666667	1435
2.25070000000000	1046
2.25403333333333	0
2.25736666666667	0
2.26071666666667	943
2.26405000000000	0
2.26738333333333	0
2.27071666666667	1015
2.27405000000000	0
2.27740000000000	1234
2.28073333333333	1271
2.28406666666667	0
2.28740000000000	1946
2.29073333333333	2142
2.29408333333333	5175
2.29741666666667	4617
2.30075000000000	5211
2.30408333333333	0
2.30741666666667	5143
2.31076666666667	7275
2.31410000000000	3888
2.31743333333333	3422
2.32076666666667	6032
2.32410000000000	4843
2.32745000000000	4401
2.33078333333333	3671
2.33411666666667	2942
2.33745000000000	5874
2.34078333333333	8524
2.34413333333333	8376
2.34746666666667	8068
2.35080000000000	7759
2.35413333333333	4720
2.35746666666667	7321
2.36081666666667	4716
2.36415000000000	7627
2.36748333333333	4931
2.37081666666667	2235
2.37415000000000	14572
2.37750000000000	12252
2.38083333333333	11808
2.38416666666667	9188
2.38750000000000	8616
2.39083333333333	9852
2.39418333333333	11088
2.39751666666667	6328
2.40085000000000	11988
2.40418333333333	15248
2.40751666666667	18504
2.41086666666667	18756
2.41420000000000	27520
2.41753333333333	27320
2.42086666666667	10732
2.42420000000000	20472
2.42755000000000	22376
2.43088333333333	10836
2.43421666666667	21440
2.43755000000000	18184
2.44088333333333	28172
2.44423333333333	21196
2.44756666666667	18708
2.45090000000000	17348
2.45423333333333	15988
2.45756666666667	19044
2.46091666666667	22100
2.46425000000000	27792
2.46758333333333	33376
2.47091666666667	32432
2.47425000000000	31476
2.47760000000000	23564
2.48093333333333	25328
2.48426666666667	18684
2.48760000000000	20872
2.49093333333333	23060
2.49426666666667	44176
2.49761666666667	44368
2.50095000000000	36432
2.50428333333333	36832
2.50761666666667	39504
2.51095000000000	37536
2.51430000000000	44688
2.51763333333333	25668
2.52096666666667	39328
2.52430000000000	36752
2.52763333333333	37344
2.53098333333333	36048
2.53431666666667	34752
2.53765000000000	40608
2.54098333333333	26312
2.54431666666667	22920
2.54766666666667	41008
2.55100000000000	34480
2.55433333333333	48768
2.55766666666667	38304
2.56100000000000	35680
2.56435000000000	54480
2.56768333333333	25680
2.57101666666667	53376
2.57435000000000	45968
2.57768333333333	49872
2.58103333333333	50224
2.58436666666667	42736
2.58770000000000	38064
2.59103333333333	41376
2.59436666666667	37904
2.59771666666667	28220
2.60105000000000	35424
2.60438333333333	39168
2.60771666666667	44240
2.61105000000000	39760
2.61440000000000	35296
2.61773333333333	40288
2.62106666666667	48688
2.62440000000000	53216
2.62773333333333	42944
2.63108333333333	32688
2.63441666666667	30016
2.63775000000000	52768
2.64108333333333	52192
2.64441666666667	51776
2.64776666666667	20428
2.65110000000000	55424
2.65443333333333	48976
2.65776666666667	49152
2.66110000000000	40320
2.66445000000000	36544
2.66778333333333	17380
2.67111666666667	49328
2.67445000000000	61440
2.67778333333333	33024
2.68113333333333	39296
2.68446666666667	46368
2.68780000000000	40416
2.69113333333333	34464
2.69446666666667	62576
2.69781666666667	57840
2.70115000000000	38608
2.70448333333333	44048
2.70781666666667	46096
2.71115000000000	41520
2.71450000000000	36944
2.71783333333333	44800
2.72116666666667	42272
2.72450000000000	46464
2.72783333333333	43616
2.73116666666667	45536
2.73450000000000	47472
2.73783333333333	44624
2.74116666666667	41776
2.74450000000000	41312
2.74785000000000	40848
2.75118333333333	42640
2.75451666666667	44432
2.75785000000000	44528
2.76118333333333	44608
2.76453333333333	31496
2.76786666666667	49488
2.77120000000000	57856
2.77453333333333	53392
2.77786666666667	60272
2.78121666666667	44592
2.78455000000000	60336
2.78788333333333	53408
2.79121666666667	48736
2.79455000000000	59504
2.79790000000000	56160
2.80123333333333	52992
2.80456666666667	49200
2.80790000000000	39408
2.81123333333333	28728
2.81458333333333	43168
2.81791666666667	38144
2.82125000000000	38928
2.82458333333333	39136
2.82791666666667	38528
2.83125000000000	35344
2.83460000000000	32152
2.83793333333333	38672
2.84126666666667	45200
2.84460000000000	47376
2.84793333333333	47232
2.85128333333333	45184
2.85461666666667	43136
2.85795000000000	38144
2.86128333333333	39472
2.86461666666667	40080
2.86796666666667	40688
2.87130000000000	39088
2.87463333333333	37472
2.87796666666667	47632
2.88130000000000	45120
2.88465000000000	42592
2.88798333333333	38688
2.89131666666667	36208
2.89465000000000	49696
2.89798333333333	42864
2.90133333333333	36016
2.90466666666667	49360
2.90800000000000	49728
2.91133333333333	55104
2.91466666666667	51616
2.91801666666667	48128
2.92135000000000	42160
2.92468333333333	33216
2.92801666666667	43200
2.93135000000000	58832
2.93470000000000	57648
2.93803333333333	65600
2.94136666666667	63856
2.94470000000000	49072
2.94803333333333	53472
2.95138333333333	20296
2.95471666666667	60208
2.95805000000000	58128
2.96138333333333	29928
2.96471666666667	50096
2.96806666666667	36976
2.97140000000000	53520
2.97473333333333	48752
2.97806666666667	44000
2.98140000000000	37248
2.98475000000000	23580
2.98808333333333	35888
2.99141666666667	60864
2.99475000000000	56144
2.99808333333333	47680
3.00143333333333	38144
3.00476666666667	50256
3.00810000000000	46704
3.01143333333333	47408
3.01476666666667	49792
3.01811666666667	33280
3.02145000000000	39936
3.02478333333333	46576
3.02811666666667	58784
3.03145000000000	54144
3.03480000000000	48288
3.03813333333333	53552
3.04146666666667	40416
3.04480000000000	56912
3.04813333333333	64192
3.05148333333333	48640
3.05481666666667	54400
3.05815000000000	47264
3.06148333333333	52544
3.06481666666667	52512
3.06816666666667	45680
3.07150000000000	42752
3.07483333333333	42512
3.07816666666667	42272
3.08150000000000	37776
3.08485000000000	33280
3.08818333333333	43408
3.09151666666667	26588
3.09485000000000	34736
3.09818333333333	46480
3.10153333333333	45184
3.10486666666667	35456
3.10820000000000	25760
3.11153333333333	45488
3.11486666666667	40944
3.11821666666667	31432
3.12155000000000	54656
3.12488333333333	51920
3.12821666666667	27200
3.13155000000000	43888
3.13490000000000	57600
3.13823333333333	47728
3.14156666666667	39360
3.14490000000000	59136
3.14823333333333	55504
3.15158333333333	64992
3.15491666666667	34816
3.15825000000000	56640
3.16158333333333	58016
3.16491666666667	36752
3.16825000000000	37248
3.17160000000000	39040
3.17493333333333	57328
3.17826666666667	50144
3.18160000000000	42960
3.18493333333333	54704
3.18828333333333	21584
3.19161666666667	38032
3.19495000000000	51456
3.19828333333333	49168
3.20161666666667	39488
3.20496666666667	49200
3.20830000000000	48352
3.21163333333333	45328
3.21496666666667	48384
3.21830000000000	35856
3.22165000000000	40976
3.22498333333333	46080
3.22831666666667	53952
3.23165000000000	51152
3.23498333333333	48368
3.23833333333333	45168
3.24166666666667	41984
3.24500000000000	41504
3.24833333333333	41008
3.25166666666667	43472
3.25501666666667	37472
3.25835000000000	33968
3.26168333333333	62528
3.26501666666667	62288
3.26835000000000	35040
3.27170000000000	46784
3.27503333333333	48288
3.27836666666667	39728
3.28170000000000	34048
3.28503333333333	40800
3.28838333333333	40176
3.29171666666667	24756
3.29505000000000	32580
3.29838333333333	40400
3.30171666666667	34448
3.30506666666667	55104
3.30840000000000	58128
3.31173333333333	42512
3.31506666666667	65536
3.31840000000000	40624
3.32175000000000	51344
3.32508333333333	55552
3.32841666666667	59344
3.33175000000000	33152
3.33508333333333	22556
3.33843333333333	41248
3.34176666666667	36656
3.34510000000000	48000
3.34843333333333	43248
3.35176666666667	38496
3.35511666666667	31868
3.35845000000000	47808
3.36178333333333	42192
3.36511666666667	32512
3.36845000000000	49232
3.37180000000000	60416
3.37513333333333	57104
3.37846666666667	58416
3.38180000000000	58512
3.38513333333333	59632
3.38848333333333	46624
3.39181666666667	61872
3.39515000000000	50800
3.39848333333333	35616
3.40181666666667	53152
3.40516666666667	30508
3.40850000000000	43488
3.41183333333333	40976
3.41516666666667	50432
3.41850000000000	40656
3.42185000000000	43504
3.42518333333333	48448
3.42851666666667	53408
3.43185000000000	32592
3.43518333333333	30612
3.43853333333333	60064
3.44186666666667	44224
3.44520000000000	34032
3.44853333333333	24128
3.45186666666667	47760
3.45521666666667	51984
3.45855000000000	45904
3.46188333333333	46432
3.46521666666667	34688
3.46855000000000	40304
3.47190000000000	39216
3.47523333333333	46560
3.47856666666667	40400
3.48190000000000	34240
3.48523333333333	40480
3.48858333333333	46720
3.49191666666667	43024
3.49525000000000	39344
3.49858333333333	46816
3.50191666666667	41968
3.50525000000000	56768
3.50860000000000	53120
3.51193333333333	50608
3.51526666666667	44944
3.51860000000000	39296
3.52193333333333	51536
3.52528333333333	37024
3.52861666666667	51856
3.53195000000000	43360
3.53528333333333	36800
3.53861666666667	54176
3.54196666666667	56224
3.54530000000000	38096
3.54863333333333	32644
3.55196666666667	48640
3.55530000000000	44560
3.55865000000000	40480
3.56198333333333	44960
3.56531666666667	46544
3.56865000000000	47968
3.57198333333333	36992
3.57533333333333	25996
3.57866666666667	53584
3.58200000000000	46272
3.58533333333333	59984
3.58866666666667	43088
3.59200000000000	37552
3.59533333333333	32000
3.59866666666667	45728
3.60200000000000	57584
3.60533333333333	56768
3.60868333333333	53728
3.61201666666667	25288
3.61535000000000	53312
3.61868333333333	47392
3.62201666666667	36624
3.62536666666667	25848
3.62870000000000	48944
3.63203333333333	35856
3.63536666666667	38912
3.63870000000000	47568
3.64205000000000	28708
3.64538333333333	49904
3.64871666666667	57104
3.65205000000000	54832
3.65538333333333	51088
3.65873333333333	72096
3.66206666666667	32212
3.66540000000000	50880
3.66873333333333	38640
3.67206666666667	43920
3.67541666666667	47968
3.67875000000000	47936
3.68208333333333	47904
3.68541666666667	42960
3.68875000000000	46624
3.69210000000000	46544
3.69543333333333	39056
3.69876666666667	30644
3.70210000000000	40640
3.70543333333333	44560
3.70878333333333	49520
3.71211666666667	42496
3.71545000000000	50080
3.71878333333333	26160
3.72211666666667	36896
3.72545000000000	55792
3.72878333333333	40608
3.73211666666667	58416
3.73545000000000	52112
3.73878333333333	55232
3.74213333333333	46784
3.74546666666667	57408
3.74880000000000	57296
3.75213333333333	27320
3.75546666666667	37616
3.75881666666667	41600
3.76215000000000	46976
3.76548333333333	51424
3.76881666666667	45440
3.77215000000000	43680
3.77550000000000	44000
3.77883333333333	43120
3.78216666666667	38192
3.78550000000000	48272
3.78883333333333	69408
3.79218333333333	64016
3.79551666666667	35264
3.79885000000000	43376
3.80218333333333	47456
3.80551666666667	44176
3.80886666666667	34320
3.81220000000000	50720
3.81553333333333	47216
3.81886666666667	43728
3.82220000000000	47392
3.82555000000000	43392
3.82888333333333	51872
3.83221666666667	44560
3.83555000000000	37248
3.83888333333333	49248
3.84221666666667	46016
3.84556666666667	51200
3.84890000000000	54656
3.85223333333333	33136
3.85556666666667	53056
3.85890000000000	37568
3.86225000000000	51424
3.86558333333333	29524
3.86891666666667	49552
3.87225000000000	46544
3.87558333333333	48208
3.87893333333333	45504
3.88226666666667	32188
3.88560000000000	38432
3.88893333333333	44672
3.89226666666667	43840
3.89561666666667	36704
3.89895000000000	19296
3.90228333333333	44016
3.90561666666667	46768
3.90895000000000	63424
3.91230000000000	35872
3.91563333333333	47792
3.91896666666667	46576
3.92230000000000	37488
3.92563333333333	38960
3.92898333333333	41968
3.93231666666667	46704
3.93565000000000	51424
3.93898333333333	46896
3.94231666666667	42352
3.94566666666667	47808
3.94900000000000	46256
3.95233333333333	44192
3.95566666666667	42144
3.95900000000000	53328
3.96235000000000	50976
3.96568333333333	43840
3.96901666666667	63056
3.97235000000000	35264
3.97568333333333	48320
3.97903333333333	35616
3.98236666666667	46048
3.98570000000000	56464
3.98903333333333	18484
3.99236666666667	60320
3.99571666666667	60832
3.99905000000000	51152
4.00238333333333	41536
4.00571666666667	50368
4.00905000000000	30772
4.01240000000000	40128
4.01573333333333	24172
4.01906666666667	32896
4.02240000000000	34992
4.02573333333333	40256
4.02908333333333	33952
4.03241666666667	42240
4.03575000000000	46320
4.03908333333333	50384
4.04241666666667	44432
4.04576666666667	31276
4.04910000000000	35936
4.05243333333333	40592
4.05576666666667	28840
4.05910000000000	49568
4.06245000000000	42640
4.06578333333333	37872
4.06911666666667	33056
4.07245000000000	31788
4.07578333333333	36608
4.07913333333333	41424
4.08246666666667	53296
4.08580000000000	49968
4.08913333333333	53024
4.09246666666667	52928
4.09581666666667	52832
4.09915000000000	40704
4.10248333333333	47632
4.10581666666667	46384
4.10915000000000	56144
4.11250000000000	55920
4.11583333333333	55680
4.11916666666667	39552
4.12250000000000	43520
4.12583333333333	40624
4.12918333333333	41456
4.13251666666667	42288
4.13585000000000	44160
4.13918333333333	46032
4.14251666666667	54688
4.14586666666667	22552
4.14920000000000	49936
4.15253333333333	47344
4.15586666666667	40368
4.15920000000000	44848
4.16255000000000	30840
4.16588333333333	34240
4.16921666666667	37648
4.17255000000000	27684
4.17588333333333	38912
4.17921666666667	48784
4.18256666666667	41808
4.18590000000000	33888
4.18923333333333	29456
4.19256666666667	29788
4.19590000000000	50704
4.19925000000000	54656
4.20258333333333	39120
4.20591666666667	50944
4.20925000000000	33584
4.21258333333333	48896
4.21593333333333	50304
4.21926666666667	54880
4.22260000000000	60480
4.22593333333333	56752
4.22926666666667	45360
4.23261666666667	42976
4.23595000000000	58400
4.23928333333333	31244
4.24261666666667	48992
4.24595000000000	65632
4.24930000000000	35824
4.25263333333333	44256
4.25596666666667	48336
4.25930000000000	63856
4.26263333333333	56896
4.26598333333333	47568
4.26931666666667	50032
4.27265000000000	42896
4.27598333333333	33232
4.27931666666667	55376
4.28266666666667	43008
4.28600000000000	40272
4.28933333333333	51456
4.29266666666667	46464
4.29600000000000	41472
4.29935000000000	46480
4.30268333333333	45488
4.30601666666667	44496
4.30935000000000	50544
4.31268333333333	56592
4.31603333333333	53232
4.31936666666667	48320
4.32270000000000	36096
4.32603333333333	41536
4.32936666666667	41136
4.33271666666667	40736
4.33605000000000	40736
4.33938333333333	40752
4.34271666666667	55728
4.34605000000000	51104
4.34940000000000	46480
4.35273333333333	37824
4.35606666666667	42592
4.35940000000000	46976
4.36273333333333	49136
4.36608333333333	52624
4.36941666666667	53344
4.37275000000000	54048
4.37608333333333	50960
4.37941666666667	47888
4.38276666666667	31136
4.38610000000000	31528
4.38943333333333	47472
4.39276666666667	33168
4.39610000000000	53728
4.39945000000000	47568
4.40278333333333	30704
4.40611666666667	44048
4.40945000000000	33056
4.41278333333333	48928
4.41613333333333	40512
4.41946666666667	32088
4.42280000000000	47040
4.42613333333333	33168
4.42946666666667	43584
4.43281666666667	37888
4.43615000000000	62432
4.43948333333333	54544
4.44281666666667	32452
4.44615000000000	59648
4.44950000000000	48992
4.45283333333333	43312
4.45616666666667	40400
4.45950000000000	43760
4.46283333333333	40784
4.46618333333333	47456
4.46951666666667	52064
4.47285000000000	56064
4.47618333333333	29876
4.47951666666667	63024
4.48286666666667	66448
4.48620000000000	30360
4.48953333333333	52704
4.49286666666667	38992
4.49620000000000	43648
