1.50330000000000	0
1.50663333333333	0
1.50996666666667	0
1.51330000000000	0
1.51663333333333	0
1.51998333333333	0
1.52331666666667	0
1.52665000000000	0
1.52998333333333	0
1.53331666666667	0
1.53666666666667	0
1.54000000000000	1403
1.54333333333333	1683
1.54666666666667	629
1.55000000000000	2597
1.55335000000000	0
1.55668333333333	0
1.56001666666667	0
1.56335000000000	0
1.56668333333333	0
1.57003333333333	0
1.57336666666667	0
1.57670000000000	0
1.58003333333333	0
1.58336666666667	0
1.58671666666667	0
1.59005000000000	0
1.59338333333333	0
1.59671666666667	0
1.60005000000000	0
1.60340000000000	0
1.60673333333333	0
1.61006666666667	0
1.61340000000000	0
1.61673333333333	0
1.62008333333333	0
1.62341666666667	0
1.62675000000000	0
1.63008333333333	0
1.63341666666667	0
1.63676666666667	0
1.64010000000000	0
1.64343333333333	0
1.64676666666667	0
1.65010000000000	0
1.65345000000000	0
1.65678333333333	0
1.66011666666667	0
1.66345000000000	0
1.66678333333333	0
1.67013333333333	0
1.67346666666667	0
1.67680000000000	0
1.68013333333333	0
1.68346666666667	46
1.68681666666667	23
1.69015000000000	0
1.69348333333333	0
1.69681666666667	0
1.70015000000000	0
1.70350000000000	0
1.70683333333333	0
1.71016666666667	0
1.71350000000000	0
1.71683333333333	0
1.72018333333333	0
1.72351666666667	0
1.72685000000000	0
1.73018333333333	0
1.73351666666667	0
1.73686666666667	0
1.74020000000000	0
1.74353333333333	0
1.74686666666667	0
1.75020000000000	0
1.75355000000000	0
1.75688333333333	0
1.76021666666667	0
1.76355000000000	0
1.76688333333333	0
1.77023333333333	0
1.77356666666667	0
1.77690000000000	0
1.78023333333333	0
1.78356666666667	0
1.78691666666667	0
1.79025000000000	0
1.79358333333333	0
1.79691666666667	0
1.80025000000000	0
1.80360000000000	0
1.80693333333333	0
1.81026666666667	0
1.81360000000000	0
1.81693333333333	0
1.82026666666667	0
1.82361666666667	0
1.82695000000000	0
1.83028333333333	0
1.83361666666667	0
1.83695000000000	0
1.84030000000000	0
1.84363333333333	0
1.84696666666667	0
1.85030000000000	0
1.85363333333333	0
1.85698333333333	0
1.86031666666667	0
1.86365000000000	0
1.86698333333333	0
1.87031666666667	0
1.87366666666667	0
1.87700000000000	0
1.88033333333333	0
1.88366666666667	0
1.88700000000000	0
1.89035000000000	0
1.89368333333333	0
1.89701666666667	0
1.90035000000000	0
1.90368333333333	0
1.90703333333333	0
1.91036666666667	0
1.91370000000000	0
1.91703333333333	0
1.92036666666667	0
1.92371666666667	0
1.92705000000000	0
1.93038333333333	0
1.93371666666667	0
1.93705000000000	0
1.94040000000000	0
1.94373333333333	0
1.94706666666667	0
1.95040000000000	0
1.95373333333333	0
1.95708333333333	0
1.96041666666667	0
1.96375000000000	0
1.96708333333333	0
1.97041666666667	0
1.97376666666667	0
1.97710000000000	0
1.98043333333333	0
1.98376666666667	0
1.98710000000000	0
1.99045000000000	0
1.99378333333333	0
1.99711666666667	0
2.00045000000000	0
2.00378333333333	0
2.00713333333333	0
2.01046666666667	0
2.01380000000000	0
2.01713333333333	0
2.02046666666667	0
2.02381666666667	0
2.02715000000000	0
2.03048333333333	0
2.03381666666667	0
2.03715000000000	0
2.04050000000000	0
2.04383333333333	0
2.04716666666667	0
2.05050000000000	0
2.05383333333333	0
2.05718333333333	0
2.06051666666667	0
2.06385000000000	0
2.06718333333333	0
2.07051666666667	0
2.07386666666667	0
2.07720000000000	0
2.08053333333333	0
2.08386666666667	0
2.08720000000000	0
2.09055000000000	0
2.09388333333333	0
2.09721666666667	0
2.10055000000000	0
2.10388333333333	0
2.10723333333333	0
2.11056666666667	0
2.11390000000000	0
2.11723333333333	0
2.12056666666667	0
2.12391666666667	0
2.12725000000000	0
2.13058333333333	0
2.13391666666667	0
2.13725000000000	0
2.14060000000000	0
2.14393333333333	0
2.14726666666667	0
2.15060000000000	0
2.15393333333333	0
2.15726666666667	0
2.16061666666667	0
2.16395000000000	0
2.16728333333333	0
2.17061666666667	0
2.17395000000000	0
2.17730000000000	0
2.18063333333333	0
2.18396666666667	0
2.18730000000000	0
2.19063333333333	0
2.19398333333333	0
2.19731666666667	0
2.20065000000000	0
2.20398333333333	0
2.20731666666667	0
2.21066666666667	0
2.21400000000000	0
2.21733333333333	0
2.22066666666667	0
2.22400000000000	0
2.22735000000000	0
2.23068333333333	0
2.23401666666667	0
2.23735000000000	0
2.24068333333333	0
2.24403333333333	0
2.24736666666667	0
2.25070000000000	0
2.25403333333333	0
2.25736666666667	0
2.26071666666667	1132
2.26405000000000	902
2.26738333333333	646
2.27071666666667	767
2.27405000000000	0
2.27740000000000	7398
2.28073333333333	6606
2.28406666666667	3587
2.28740000000000	4789
2.29073333333333	4356
2.29408333333333	4182
2.29741666666667	3897
2.30075000000000	6510
2.30408333333333	5258
2.30741666666667	4006
2.31076666666667	4429
2.31410000000000	4852
2.31743333333333	2838
2.32076666666667	825
2.32410000000000	9420
2.32745000000000	8472
2.33078333333333	10132
2.33411666666667	11128
2.33745000000000	10680
2.34078333333333	14904
2.34413333333333	9772
2.34746666666667	4639
2.35080000000000	12160
2.35413333333333	9944
2.35746666666667	10660
2.36081666666667	13060
2.36415000000000	8588
2.36748333333333	15984
2.37081666666667	13772
2.37415000000000	5453
2.37750000000000	21688
2.38083333333333	20668
2.38416666666667	17732
2.38750000000000	14968
2.39083333333333	14252
2.39418333333333	13540
2.39751666666667	18388
2.40085000000000	17604
2.40418333333333	16820
2.40751666666667	17068
2.41086666666667	20908
2.41420000000000	19392
2.41753333333333	17872
2.42086666666667	21532
2.42420000000000	28224
2.42755000000000	27348
2.43088333333333	25656
2.43421666666667	23960
2.43755000000000	29116
2.44088333333333	16968
2.44423333333333	24920
2.44756666666667	23744
2.45090000000000	23028
2.45423333333333	27228
2.45756666666667	31432
2.46091666666667	30660
2.46425000000000	31792
2.46758333333333	30360
2.47091666666667	41120
2.47425000000000	43424
2.47760000000000	18276
2.48093333333333	24756
2.48426666666667	43072
2.48760000000000	30456
2.49093333333333	36272
2.49426666666667	37104
2.49761666666667	40000
2.50095000000000	36592
2.50428333333333	33184
2.50761666666667	34016
2.51095000000000	32244
2.51430000000000	37120
2.51763333333333	23848
2.52096666666667	33344
2.52430000000000	30164
2.52763333333333	41968
2.53098333333333	41008
2.53431666666667	46512
2.53765000000000	45936
2.54098333333333	17108
2.54431666666667	49712
2.54766666666667	32880
2.55100000000000	51776
2.55433333333333	23616
2.55766666666667	44688
2.56100000000000	45536
2.56435000000000	42224
2.56768333333333	36320
2.57101666666667	46336
2.57435000000000	42736
2.57768333333333	44288
2.58101666666667	35536
2.58435000000000	29364
2.58768333333333	20644
2.59101666666667	33536
2.59435000000000	47536
2.59770000000000	39728
2.60103333333333	45392
2.60436666666667	44048
2.60770000000000	43776
2.61103333333333	46416
2.61438333333333	42816
2.61771666666667	39232
2.62105000000000	41568
2.62438333333333	40912
2.62771666666667	40240
2.63106666666667	31700
2.63440000000000	26152
2.63773333333333	37680
2.64106666666667	29864
2.64440000000000	46448
2.64775000000000	44736
2.65108333333333	48512
2.65441666666667	25240
2.65775000000000	35120
2.66108333333333	35760
2.66443333333333	38400
2.66776666666667	41056
2.67110000000000	31872
2.67443333333333	37104
2.67776666666667	41344
2.68111666666667	45600
2.68445000000000	45776
2.68778333333333	39472
2.69111666666667	41968
2.69445000000000	44464
2.69780000000000	46208
2.70113333333333	49760
2.70446666666667	34960
2.70780000000000	40016
2.71113333333333	31796
2.71448333333333	38480
2.71781666666667	45168
2.72115000000000	34960
2.72448333333333	24772
2.72781666666667	22108
2.73116666666667	34320
2.73450000000000	46544
2.73783333333333	49504
2.74116666666667	43472
2.74450000000000	36992
2.74785000000000	26028
2.75118333333333	50672
2.75451666666667	43536
2.75785000000000	41792
2.76118333333333	51312
2.76453333333333	38720
2.76786666666667	26032
2.77120000000000	49552
2.77453333333333	32660
2.77786666666667	52384
2.78121666666667	40176
2.78455000000000	47488
2.78788333333333	57696
2.79121666666667	36192
2.79455000000000	59456
2.79790000000000	42976
2.80123333333333	50704
2.80456666666667	34816
2.80790000000000	37232
2.81123333333333	37504
2.81458333333333	50304
2.81791666666667	49536
2.82125000000000	48752
2.82458333333333	37968
2.82791666666667	34160
2.83125000000000	44816
2.83460000000000	47072
2.83793333333333	49312
2.84126666666667	44688
2.84460000000000	40064
2.84793333333333	53488
2.85128333333333	56400
2.85461666666667	49904
2.85795000000000	47024
2.86128333333333	33568
2.86461666666667	50096
2.86796666666667	25244
2.87130000000000	52704
2.87463333333333	63040
2.87796666666667	43760
2.88130000000000	53312
2.88465000000000	44128
2.88798333333333	30412
2.89131666666667	49488
2.89465000000000	56432
2.89798333333333	50640
2.90133333333333	40912
2.90466666666667	36832
2.90800000000000	57744
2.91133333333333	51584
2.91466666666667	33312
2.91801666666667	49008
2.92135000000000	53056
2.92468333333333	28932
2.92801666666667	37184
2.93135000000000	43792
2.93470000000000	42368
2.93803333333333	45104
2.94136666666667	46896
2.94470000000000	36576
2.94803333333333	39760
2.95138333333333	43056
2.95471666666667	38464
2.95805000000000	40176
2.96138333333333	31972
2.96471666666667	43120
2.96806666666667	49104
2.97140000000000	41920
2.97473333333333	34544
2.97806666666667	30876
2.98140000000000	27204
2.98475000000000	31580
2.98808333333333	33824
2.99141666666667	36064
2.99475000000000	38240
2.99808333333333	42512
3.00143333333333	26472
3.00476666666667	32992
3.00810000000000	35904
3.01143333333333	38832
3.01476666666667	37824
3.01811666666667	37248
3.02145000000000	36688
3.02478333333333	37744
3.02811666666667	36992
3.03145000000000	36256
3.03480000000000	47968
3.03813333333333	46272
3.04146666666667	46208
3.04480000000000	46816
3.04813333333333	47440
3.05148333333333	52576
3.05481666666667	38272
3.05815000000000	45488
3.06148333333333	56480
3.06481666666667	28628
3.06816666666667	20708
3.07150000000000	38192
3.07483333333333	63504
3.07816666666667	58288
3.08150000000000	31996
3.08485000000000	40656
3.08818333333333	35744
3.09151666666667	65776
3.09485000000000	59088
3.09818333333333	42464
3.10153333333333	54000
3.10486666666667	32864
3.10820000000000	58992
3.11153333333333	38048
3.11486666666667	32180
3.11821666666667	40560
3.12155000000000	32208
3.12488333333333	32312
3.12821666666667	32188
3.13155000000000	30464
3.13490000000000	28740
3.13823333333333	29948
3.14156666666667	37232
3.14490000000000	44512
3.14823333333333	52160
3.15158333333333	45936
3.15491666666667	56352
3.15825000000000	33232
3.16158333333333	39632
3.16491666666667	49632
3.16825000000000	24116
3.17160000000000	32132
3.17493333333333	44400
3.17826666666667	36464
3.18160000000000	35008
3.18493333333333	45424
3.18828333333333	30444
3.19161666666667	46640
3.19495000000000	50208
3.19828333333333	58832
3.20161666666667	47056
3.20496666666667	37808
3.20830000000000	38080
3.21163333333333	39984
3.21496666666667	43456
3.21830000000000	41264
3.22165000000000	39088
3.22498333333333	35920
3.22831666666667	40832
3.23165000000000	45744
3.23498333333333	46208
3.23833333333333	46656
3.24166666666667	49664
3.24500000000000	38384
3.24833333333333	45072
3.25166666666667	53056
3.25501666666667	28728
3.25835000000000	59200
3.26168333333333	43680
3.26501666666667	51424
3.26835000000000	55008
3.27170000000000	39856
3.27503333333333	38416
3.27836666666667	38928
3.28170000000000	35120
3.28503333333333	31296
3.28838333333333	49824
3.29171666666667	52496
3.29505000000000	50464
3.29838333333333	47536
3.30171666666667	39712
3.30506666666667	43776
3.30840000000000	52608
3.31173333333333	26452
3.31506666666667	49072
3.31840000000000	41536
3.32175000000000	19056
3.32508333333333	41408
3.32841666666667	42880
3.33175000000000	44336
3.33508333333333	49760
3.33843333333333	43488
3.34176666666667	37232
3.34510000000000	41792
3.34843333333333	48512
3.35176666666667	30076
3.35511666666667	35712
3.35845000000000	44656
3.36178333333333	48096
3.36511666666667	43440
3.36845000000000	25500
3.37180000000000	37760
3.37513333333333	25580
3.37846666666667	30580
3.38180000000000	40720
3.38513333333333	44528
3.38848333333333	44112
3.39181666666667	46096
3.39515000000000	48080
3.39848333333333	43520
3.40181666666667	38976
3.40516666666667	56176
3.40850000000000	21568
3.41183333333333	51024
3.41516666666667	46240
3.41850000000000	36304
3.42185000000000	34688
3.42518333333333	41216
3.42851666666667	41984
3.43185000000000	48864
3.43518333333333	53168
3.43853333333333	27364
3.44186666666667	53856
3.44520000000000	43840
3.44853333333333	64432
3.45186666666667	38400
3.45521666666667	64800
3.45855000000000	47600
3.46188333333333	60464
3.46521666666667	37008
3.46855000000000	60512
3.47190000000000	48960
3.47523333333333	48288
3.47856666666667	50848
3.48190000000000	33152
3.48523333333333	44272
3.48858333333333	40176
3.49191666666667	43344
3.49525000000000	41888
3.49858333333333	29572
3.50191666666667	37808
3.50525000000000	37296
3.50860000000000	36800
3.51193333333333	50288
3.51526666666667	46992
3.51860000000000	57968
3.52193333333333	52864
3.52528333333333	63152
3.52861666666667	34672
3.53195000000000	66656
3.53528333333333	55120
3.53861666666667	47280
3.54196666666667	34016
3.54530000000000	26452
3.54863333333333	39808
3.55196666666667	43280
3.55530000000000	51280
3.55865000000000	30244
3.56198333333333	48864
3.56531666666667	38336
3.56865000000000	56656
3.57198333333333	61360
3.57533333333333	50016
3.57866666666667	56336
3.58200000000000	30456
3.58533333333333	37536
3.58866666666667	62672
3.59201666666667	45488
3.59535000000000	64912
3.59868333333333	36096
3.60201666666667	34432
3.60535000000000	41104
3.60870000000000	42192
3.61203333333333	45328
3.61536666666667	45376
3.61870000000000	25856
3.62203333333333	35280
3.62538333333333	63888
3.62871666666667	51968
3.63205000000000	43904
3.63538333333333	35472
3.63871666666667	31648
3.64206666666667	31900
3.64540000000000	32148
3.64873333333333	53536
3.65206666666667	58128
3.65540000000000	22832
3.65875000000000	66288
3.66208333333333	45904
3.66541666666667	51920
3.66875000000000	51200
3.67208333333333	15948
3.67543333333333	52048
3.67876666666667	51184
3.68210000000000	54624
3.68543333333333	46512
3.68876666666667	47088
3.69211666666667	56800
3.69545000000000	36192
3.69878333333333	63136
3.70211666666667	47264
3.70545000000000	42192
3.70880000000000	43584
3.71213333333333	27568
3.71546666666667	29588
3.71880000000000	48496
3.72213333333333	62304
3.72548333333333	48144
3.72881666666667	54688
3.73215000000000	45296
3.73548333333333	52592
3.73881666666667	35440
3.74216666666667	32056
3.74550000000000	47008
3.74883333333333	53744
3.75216666666667	48032
3.75550000000000	37168
3.75885000000000	39888
3.76218333333333	42608
3.76551666666667	34560
3.76885000000000	25584
3.77218333333333	44928
3.77553333333333	50720
3.77886666666667	46944
3.78220000000000	49856
3.78553333333333	33296
3.78886666666667	43360
3.79221666666667	38016
3.79555000000000	28820
3.79888333333333	39248
3.80221666666667	43568
3.80555000000000	44880
3.80890000000000	31324
3.81223333333333	51808
3.81556666666667	52720
3.81890000000000	36416
3.82223333333333	62304
3.82558333333333	44928
3.82891666666667	45376
3.83225000000000	29040
3.83558333333333	42320
3.83891666666667	50144
3.84225000000000	39072
3.84560000000000	51392
3.84893333333333	46576
3.85226666666667	40896
3.85560000000000	48416
3.85893333333333	37008
3.86228333333333	44544
3.86561666666667	44384
3.86895000000000	41264
3.87228333333333	38832
3.87561666666667	36400
3.87896666666667	53424
3.88230000000000	52224
3.88563333333333	36752
3.88896666666667	53680
3.89230000000000	44624
3.89565000000000	39216
3.89898333333333	29600
3.90231666666667	27896
3.90565000000000	38928
3.90898333333333	30564
3.91233333333333	42048
3.91566666666667	44000
3.91900000000000	48256
3.92233333333333	50944
3.92566666666667	48928
3.92901666666667	50768
3.93235000000000	52224
3.93568333333333	35760
3.93901666666667	29676
3.94235000000000	30428
3.94570000000000	31180
3.94903333333333	36368
3.95236666666667	35776
3.95570000000000	35200
3.95903333333333	35232
3.96238333333333	35264
3.96571666666667	33312
3.96905000000000	36304
3.97238333333333	39296
3.97571666666667	45216
3.97906666666667	47456
3.98240000000000	49680
3.98573333333333	46736
3.98906666666667	43792
3.99240000000000	30584
3.99575000000000	34240
3.99908333333333	34240
4.00241666666667	39888
4.00575000000000	45984
4.00908333333333	53168
4.01243333333333	25372
4.01576666666667	39408
4.01910000000000	58224
4.02243333333333	34800
4.02576666666667	53456
4.02911666666667	51616
4.03245000000000	30472
4.03578333333333	42080
4.03911666666667	46880
4.04245000000000	33136
4.04580000000000	51200
4.04913333333333	52960
4.05246666666667	53136
4.05580000000000	46416
4.05913333333333	30884
4.06248333333333	55648
4.06581666666667	39312
4.06915000000000	45328
4.07248333333333	48112
4.07581666666667	44960
4.07916666666667	43184
4.08250000000000	41392
4.08583333333333	42624
4.08916666666667	42528
4.09250000000000	42432
4.09585000000000	30956
4.09918333333333	30604
4.10251666666667	30252
4.10585000000000	33920
4.10918333333333	32372
4.11253333333333	30816
4.11586666666667	36144
4.11920000000000	49584
4.12253333333333	13292
4.12586666666667	29920
4.12921666666667	59360
4.13255000000000	60096
4.13588333333333	51232
4.13921666666667	29024
4.14255000000000	46784
4.14590000000000	57584
4.14923333333333	54672
4.15256666666667	33760
4.15590000000000	45104
4.15923333333333	37616
4.16258333333333	35904
4.16591666666667	27600
4.16925000000000	52272
4.17258333333333	61168
4.17591666666667	58096
4.17925000000000	36416
4.18260000000000	42752
4.18593333333333	52048
4.18926666666667	28324
4.19260000000000	35776
4.19593333333333	27284
4.19928333333333	28716
4.20261666666667	30148
4.20595000000000	28200
4.20928333333333	37856
4.21261666666667	50432
4.21596666666667	49408
4.21930000000000	42320
4.22263333333333	38688
4.22596666666667	56704
4.22930000000000	54592
4.23265000000000	36848
4.23598333333333	55280
4.23931666666667	29580
4.24265000000000	54624
4.24598333333333	24904
4.24933333333333	49216
4.25266666666667	56592
4.25600000000000	31116
4.25933333333333	40384
4.26266666666667	51232
4.26601666666667	51136
4.26935000000000	45136
4.27268333333333	34496
4.27601666666667	41760
4.27935000000000	43440
4.28270000000000	45104
4.28603333333333	36896
4.28936666666667	43520
4.29270000000000	50144
4.29603333333333	36336
4.29938333333333	42784
4.30271666666667	56128
4.30605000000000	46096
4.30938333333333	49904
4.31271666666667	20284
4.31606666666667	37504
4.31940000000000	35808
4.32273333333333	34736
4.32606666666667	39056
4.32940000000000	32992
4.33275000000000	39648
4.33608333333333	31616
4.33941666666667	39280
4.34275000000000	44720
4.34608333333333	50176
4.34943333333333	50192
4.35276666666667	40928
4.35610000000000	48000
4.35943333333333	40224
4.36276666666667	32436
4.36611666666667	50624
4.36945000000000	56864
4.37278333333333	44960
4.37611666666667	33824
4.37945000000000	53696
4.38280000000000	44304
4.38613333333333	38032
4.38946666666667	31748
4.39280000000000	27812
4.39613333333333	37008
4.39948333333333	30244
4.40281666666667	23472
4.40615000000000	33920
4.40948333333333	44368
4.41281666666667	42832
4.41616666666667	38768
4.41950000000000	35728
4.42283333333333	32680
4.42616666666667	43216
4.42950000000000	44560
4.43285000000000	57072
4.43618333333333	52368
4.43951666666667	44096
4.44285000000000	33712
4.44618333333333	17520
4.44953333333333	52736
4.45286666666667	24616
4.45620000000000	32308
4.45953333333333	61152
4.46286666666667	47648
4.46621666666667	41568
4.46955000000000	47280
4.47288333333333	41200
4.47621666666667	35104
4.47955000000000	43936
4.48290000000000	39312
4.48623333333333	31360
4.48956666666667	46608
4.49290000000000	39616
4.49623333333333	48736
