1.50331666666667	0
1.50665000000000	366
1.50998333333333	759
1.51331666666667	0
1.51665000000000	536
1.52000000000000	0
1.52333333333333	288
1.52666666666667	0
1.53000000000000	0
1.53333333333333	0
1.53668333333333	0
1.54001666666667	0
1.54335000000000	0
1.54668333333333	0
1.55001666666667	0
1.55336666666667	0
1.55670000000000	0
1.56003333333333	0
1.56336666666667	0
1.56670000000000	0
1.57005000000000	0
1.57338333333333	0
1.57671666666667	0
1.58005000000000	0
1.58338333333333	0
1.58673333333333	0
1.59006666666667	0
1.59340000000000	0
1.59673333333333	0
1.60006666666667	0
1.60341666666667	0
1.60675000000000	0
1.61008333333333	0
1.61341666666667	0
1.61673333333333	0
1.62006666666667	318
1.62341666666667	410
1.62675000000000	0
1.63008333333333	338
1.63341666666667	0
1.63675000000000	0
1.64010000000000	12
1.64343333333333	0
1.64676666666667	16
1.65010000000000	8
1.65343333333333	0
1.65678333333333	0
1.66011666666667	0
1.66345000000000	0
1.66678333333333	0
1.67011666666667	0
1.67346666666667	160
1.67680000000000	319
1.68013333333333	351
1.68346666666667	0
1.68680000000000	0
1.69015000000000	0
1.69348333333333	0
1.69681666666667	0
1.70015000000000	12
1.70346666666667	6
1.70681666666667	0
1.71015000000000	0
1.71348333333333	710
1.71681666666667	557
1.72015000000000	570
1.72350000000000	138
1.72683333333333	351
1.73016666666667	0
1.73350000000000	0
1.73683333333333	0
1.74018333333333	0
1.74351666666667	0
1.74685000000000	0
1.75018333333333	0
1.75351666666667	0
1.75685000000000	0
1.76020000000000	387
1.76353333333333	400
1.76686666666667	521
1.77020000000000	434
1.77351666666667	348
1.77686666666667	0
1.78020000000000	0
1.78353333333333	350
1.78686666666667	12
1.79020000000000	37
1.79355000000000	62
1.79688333333333	0
1.80021666666667	0
1.80355000000000	258
1.80688333333333	213
1.81023333333333	167
1.81356666666667	0
1.81690000000000	261
1.82023333333333	0
1.82356666666667	0
1.82691666666667	0
1.83025000000000	0
1.83358333333333	0
1.83691666666667	47
1.84023333333333	24
1.84358333333333	0
1.84691666666667	0
1.85025000000000	0
1.85358333333333	0
1.85691666666667	0
1.86026666666667	0
1.86360000000000	0
1.86693333333333	0
1.87026666666667	0
1.87360000000000	0
1.87695000000000	0
1.88028333333333	13
1.88361666666667	6
1.88695000000000	0
1.89028333333333	385
1.89361666666667	419
1.89696666666667	0
1.90030000000000	354
1.90363333333333	267
1.90696666666667	300
1.91028333333333	290
1.91365000000000	163
1.91698333333333	0
1.92031666666667	566
1.92365000000000	398
1.92698333333333	0
1.93033333333333	0
1.93366666666667	0
1.93700000000000	0
1.94033333333333	0
1.94366666666667	74
1.94701666666667	37
1.95035000000000	0
1.95368333333333	0
1.95701666666667	0
1.96033333333333	0
1.96368333333333	0
1.96701666666667	0
1.97035000000000	0
1.97368333333333	0
1.97701666666667	0
1.98036666666667	0
1.98370000000000	0
1.98703333333333	0
1.99036666666667	0
1.99370000000000	0
1.99705000000000	0
2.00038333333333	0
2.00371666666667	0
2.00705000000000	204
2.01038333333333	102
2.01373333333333	0
2.01706666666667	12
2.02040000000000	6
2.02373333333333	0
2.02705000000000	0
2.03038333333333	0
2.03373333333333	526
2.03706666666667	530
2.04040000000000	13
2.04373333333333	0
2.04706666666667	0
2.05041666666667	0
2.05375000000000	0
2.05708333333333	0
2.06041666666667	0
2.06375000000000	0
2.06710000000000	224
2.07043333333333	112
2.07376666666667	0
2.07710000000000	0
2.08043333333333	0
2.08378333333333	0
2.08711666666667	0
2.09045000000000	0
2.09378333333333	0
2.09710000000000	0
2.10046666666667	0
2.10378333333333	0
2.10711666666667	0
2.11045000000000	0
2.11378333333333	0
2.11713333333333	0
2.12046666666667	0
2.12380000000000	0
2.12713333333333	0
2.13046666666667	0
2.13381666666667	321
2.13715000000000	203
2.14048333333333	85
2.14381666666667	0
2.14715000000000	0
2.15050000000000	0
2.15383333333333	367
2.15716666666667	184
2.16050000000000	0
2.16383333333333	264
2.16716666666667	0
2.17051666666667	374
2.17385000000000	187
2.17718333333333	0
2.18051666666667	118
2.18385000000000	0
2.18720000000000	0
2.19053333333333	664
2.19386666666667	658
2.19720000000000	416
2.20053333333333	728
2.20388333333333	0
2.20721666666667	500
2.21055000000000	0
2.21388333333333	661
2.21720000000000	456
2.22055000000000	0
2.22388333333333	550
2.22721666666667	335
2.23055000000000	0
2.23388333333333	0
2.23723333333333	185
2.24056666666667	0
2.24390000000000	705
2.24723333333333	525
2.25056666666667	345
2.25391666666667	316
2.25725000000000	282
2.26058333333333	858
2.26391666666667	863
2.26725000000000	868
2.27060000000000	760
2.27393333333333	652
2.27726666666667	662
2.28060000000000	672
2.28391666666667	1820
2.28726666666667	2968
2.29060000000000	2553
2.29393333333333	3633
2.29726666666667	3085
2.30060000000000	1722
2.30393333333333	3095
2.30728333333333	4897
2.31061666666667	4700
2.31395000000000	6605
2.31728333333333	5724
2.32061666666667	4844
2.32396666666667	5338
2.32730000000000	5832
2.33063333333333	8872
2.33396666666667	9052
2.33730000000000	5278
2.34065000000000	11604
2.34398333333333	5523
2.34731666666667	13896
2.35065000000000	8772
2.35398333333333	7783
2.35733333333333	9768
2.36066666666667	9904
2.36400000000000	17388
2.36733333333333	18668
2.37066666666667	15556
2.37401666666667	12484
2.37735000000000	10036
2.38068333333333	18564
2.38401666666667	21644
2.38735000000000	15104
2.39070000000000	15100
2.39403333333333	10260
2.39736666666667	24688
2.40070000000000	28748
2.40403333333333	24400
2.40738333333333	23596
2.41071666666667	19584
2.41405000000000	18104
2.41738333333333	24816
2.42070000000000	19268
2.42405000000000	25580
2.42738333333333	29936
2.43071666666667	27712
2.43405000000000	27792
2.43738333333333	31552
2.44071666666667	30648
2.44406666666667	27656
2.44740000000000	28388
2.45073333333333	18656
2.45406666666667	33328
2.45740000000000	26900
2.46075000000000	37968
2.46408333333333	30932
2.46741666666667	29172
2.47075000000000	32944
2.47408333333333	32408
2.47743333333333	31872
2.48076666666667	30364
2.48410000000000	34688
2.48743333333333	27804
2.49076666666667	29676
2.49411666666667	24964
2.49745000000000	40016
2.50078333333333	38864
2.50411666666667	39808
2.50745000000000	35632
2.51078333333333	40672
2.51411666666667	42256
2.51745000000000	33824
2.52078333333333	42656
2.52411666666667	39104
2.52746666666667	46160
2.53080000000000	42048
2.53413333333333	37936
2.53746666666667	35952
2.54080000000000	38672
2.54415000000000	32136
2.54748333333333	40416
2.55081666666667	36128
2.55415000000000	31848
2.55748333333333	42288
2.56083333333333	35232
2.56416666666667	38736
2.56750000000000	43392
2.57083333333333	38560
2.57416666666667	33744
2.57750000000000	38704
2.58085000000000	38528
2.58418333333333	38352
2.58751666666667	37440
2.59085000000000	36544
2.59416666666667	36912
2.59751666666667	37264
2.60085000000000	37664
2.60418333333333	38064
2.60751666666667	43872
2.61085000000000	43984
2.61420000000000	44096
2.61753333333333	49456
2.62086666666667	48560
2.62420000000000	47648
2.62753333333333	43520
2.63088333333333	36432
2.63421666666667	39840
2.63755000000000	39440
2.64088333333333	39056
2.64421666666667	39856
2.64756666666667	40640
2.65090000000000	40928
2.65423333333333	41216
2.65756666666667	45504
2.66090000000000	45360
2.66425000000000	45216
2.66758333333333	45264
2.67091666666667	42944
2.67425000000000	43584
2.67758333333333	44224
2.68093333333333	44064
2.68426666666667	42752
2.68760000000000	46976
2.69093333333333	49664
2.69426666666667	54400
2.69760000000000	50864
2.70093333333333	52544
2.70426666666667	44112
2.70760000000000	46752
2.71093333333333	45584
2.71426666666667	50656
2.71761666666667	39536
2.72095000000000	57184
2.72428333333333	50496
2.72761666666667	52128
2.73095000000000	48592
2.73430000000000	36816
2.73763333333333	49104
2.74096666666667	30872
2.74430000000000	39456
2.74763333333333	33744
2.75098333333333	32080
2.75431666666667	49856
2.75765000000000	48464
2.76098333333333	46400
2.76431666666667	43136
2.76766666666667	37568
2.77100000000000	46528
2.77433333333333	46480
2.77766666666667	46432
2.78098333333333	46432
2.78433333333333	27804
2.78766666666667	44912
2.79100000000000	40992
2.79433333333333	34736
2.79766666666667	49776
2.80101666666667	45792
2.80435000000000	49328
2.80768333333333	46240
2.81101666666667	43152
2.81435000000000	48816
2.81770000000000	41264
2.82103333333333	46224
2.82436666666667	41728
2.82770000000000	41456
2.83103333333333	35248
2.83438333333333	37744
2.83771666666667	40224
2.84105000000000	49744
2.84438333333333	59280
2.84771666666667	55760
2.85105000000000	43312
2.85440000000000	48192
2.85773333333333	51456
2.86106666666667	45120
2.86440000000000	43488
2.86771666666667	45952
2.87106666666667	51216
2.87440000000000	54672
2.87773333333333	50928
2.88106666666667	30900
2.88440000000000	54368
2.88775000000000	51312
2.89108333333333	48000
2.89441666666667	49664
2.89775000000000	42224
2.90108333333333	38672
2.90443333333333	54560
2.90776666666667	63072
2.91110000000000	51824
2.91443333333333	36400
2.91776666666667	43584
2.92111666666667	52512
2.92445000000000	44128
2.92778333333333	42288
2.93111666666667	53376
2.93445000000000	54448
2.93780000000000	55904
2.94113333333333	52224
2.94446666666667	37088
2.94780000000000	53664
2.95113333333333	35616
2.95448333333333	41296
2.95781666666667	57568
2.96115000000000	46896
2.96448333333333	40736
2.96781666666667	47216
2.97116666666667	43840
2.97450000000000	42128
2.97783333333333	50560
2.98116666666667	54016
2.98448333333333	39824
2.98781666666667	49152
2.99116666666667	40352
2.99450000000000	51072
2.99783333333333	49968
3.00116666666667	48864
3.00450000000000	50800
3.00785000000000	52720
3.01118333333333	51920
3.01451666666667	49600
3.01785000000000	47280
3.02118333333333	54704
3.02453333333333	53600
3.02786666666667	52512
3.03120000000000	50496
3.03453333333333	48480
3.03786666666667	43680
3.04121666666667	38880
3.04455000000000	42704
3.04788333333333	52144
3.05121666666667	50128
3.05455000000000	46064
3.05790000000000	47696
3.06123333333333	54144
3.06456666666667	53216
3.06790000000000	52608
3.07123333333333	54224
3.07458333333333	40880
3.07791666666667	56016
3.08125000000000	41584
3.08458333333333	48528
3.08790000000000	58656
3.09125000000000	50128
3.09458333333333	55472
3.09791666666667	28416
3.10125000000000	50896
3.10458333333333	48272
3.10793333333333	55184
3.11126666666667	55568
3.11460000000000	47680
3.11793333333333	50432
3.12126666666667	42256
3.12460000000000	51648
3.12795000000000	43904
3.13128333333333	45184
3.13461666666667	46448
3.13795000000000	42080
3.14128333333333	37712
3.14463333333333	45648
3.14796666666667	40512
3.15130000000000	46544
3.15463333333333	44656
3.15796666666667	41680
3.16131666666667	38704
3.16465000000000	43664
3.16798333333333	57984
3.17130000000000	54688
3.17463333333333	50112
3.17798333333333	49280
3.18131666666667	48384
3.18465000000000	48688
3.18798333333333	49008
3.19131666666667	49232
3.19466666666667	50800
3.19800000000000	51152
3.20133333333333	51504
3.20466666666667	54496
3.20800000000000	40128
3.21135000000000	47936
3.21468333333333	47920
3.21801666666667	52112
3.22135000000000	31424
3.22468333333333	39232
3.22803333333333	45968
3.23136666666667	54976
3.23470000000000	62048
3.23803333333333	49872
3.24136666666667	57248
3.24471666666667	51120
3.24805000000000	40800
3.25136666666667	55168
3.25470000000000	57888
3.25803333333333	46432
3.26136666666667	47936
3.26471666666667	60816
3.26805000000000	49728
3.27138333333333	46208
3.27471666666667	46352
3.27805000000000	49488
3.28140000000000	50912
3.28473333333333	44224
3.28806666666667	47904
3.29140000000000	46160
3.29473333333333	44432
3.29808333333333	42896
3.30141666666667	43600
3.30475000000000	44320
3.30808333333333	50304
3.31141666666667	46944
3.31476666666667	43600
3.31810000000000	50592
3.32143333333333	49296
3.32476666666667	36432
3.32808333333333	50912
3.33143333333333	46288
3.33476666666667	43904
3.33810000000000	51552
3.34143333333333	50352
3.34476666666667	28560
3.34811666666667	58640
3.35145000000000	52400
3.35478333333333	44160
3.35811666666667	44448
3.36145000000000	50992
3.36480000000000	53168
3.36813333333333	41392
3.37146666666667	58448
3.37480000000000	53488
3.37813333333333	61312
3.38148333333333	43264
3.38481666666667	56272
3.38815000000000	38352
3.39148333333333	55728
3.39481666666667	51488
3.39813333333333	44000
3.40148333333333	43408
3.40481666666667	44064
3.40815000000000	44736
3.41148333333333	48560
3.41481666666667	52384
3.41816666666667	56544
3.42150000000000	53840
3.42483333333333	27684
3.42816666666667	56480
3.43150000000000	54416
3.43485000000000	49216
3.43818333333333	53712
3.44151666666667	50928
3.44485000000000	56288
3.44818333333333	42064
3.45153333333333	49696
3.45486666666667	41936
3.45820000000000	47120
3.46153333333333	57120
3.46485000000000	60256
3.46820000000000	47856
3.47153333333333	35584
3.47486666666667	52256
3.47820000000000	58608
3.48153333333333	56992
3.48488333333333	61248
3.48821666666667	41216
3.49155000000000	50160
3.49488333333333	38768
3.49821666666667	47984
3.50156666666667	44416
3.50490000000000	47008
3.50823333333333	49600
3.51156666666667	49952
3.51490000000000	50304
3.51825000000000	44192
3.52158333333333	51216
3.52491666666667	56016
3.52825000000000	55408
3.53158333333333	55296
3.53490000000000	44992
3.53825000000000	50240
3.54158333333333	57504
3.54491666666667	27464
3.54825000000000	59040
3.55158333333333	48032
3.55493333333333	55424
3.55826666666667	32320
3.56160000000000	53008
3.56493333333333	54928
3.56826666666667	50672
3.57161666666667	46352
3.57495000000000	53008
3.57828333333333	53456
3.58161666666667	43088
3.58495000000000	60080
3.58830000000000	58144
3.59163333333333	60288
3.59496666666667	53744
3.59830000000000	58688
3.60163333333333	50640
3.60498333333333	31288
3.60831666666667	44256
3.61165000000000	46864
3.61498333333333	48320
3.61831666666667	49680
3.62166666666667	41216
3.62500000000000	48624
3.62833333333333	49088
3.63166666666667	50592
3.63500000000000	50736
3.63835000000000	54080
3.64168333333333	42896
3.64501666666667	46272
3.64835000000000	57760
3.65168333333333	58976
3.65503333333333	44800
3.65836666666667	46368
3.66170000000000	50704
3.66503333333333	52800
3.66836666666667	54896
3.67170000000000	49392
3.67505000000000	55760
3.67838333333333	51104
3.68171666666667	46144
3.68505000000000	57648
3.68838333333333	49088
3.69173333333333	48928
3.69506666666667	54976
3.69840000000000	50000
3.70173333333333	39056
3.70506666666667	43280
3.70841666666667	47504
3.71175000000000	38624
3.71508333333333	57312
3.71840000000000	52656
3.72173333333333	58144
3.72508333333333	46592
3.72841666666667	48048
3.73175000000000	49488
3.73508333333333	53184
3.73841666666667	54896
3.74176666666667	51984
3.74510000000000	54176
3.74843333333333	56384
3.75176666666667	47056
3.75510000000000	34208
3.75845000000000	65488
3.76178333333333	51824
3.76511666666667	52272
3.76845000000000	43216
3.77178333333333	54048
3.77513333333333	53808
3.77846666666667	51840
3.78180000000000	52400
3.78513333333333	43488
3.78846666666667	42256
3.79181666666667	47456
3.79515000000000	46112
3.79848333333333	47344
3.80181666666667	56480
3.80513333333333	58816
3.80846666666667	49088
3.81181666666667	60928
3.81515000000000	38432
3.81848333333333	54176
3.82181666666667	49920
3.82515000000000	54384
3.82850000000000	52048
3.83183333333333	43248
3.83516666666667	33696
3.83850000000000	55664
3.84183333333333	49968
3.84518333333333	57632
3.84851666666667	58896
3.85185000000000	39824
3.85518333333333	53936
3.85851666666667	54752
3.86186666666667	56304
3.86520000000000	53056
3.86853333333333	46496
3.87186666666667	52304
3.87520000000000	51904
3.87855000000000	51520
3.88188333333333	53824
3.88521666666667	56864
3.88855000000000	47648
3.89186666666667	58336
3.89521666666667	49584
3.89855000000000	60912
3.90188333333333	52240
3.90521666666667	54976
3.90855000000000	42032
3.91190000000000	57856
3.91523333333333	59632
3.91856666666667	44384
3.92190000000000	40160
3.92523333333333	50912
3.92858333333333	46032
3.93191666666667	48496
3.93525000000000	50960
3.93858333333333	48240
3.94191666666667	28408
3.94525000000000	37904
3.94860000000000	35776
3.95193333333333	38528
3.95526666666667	41280
3.95860000000000	48320
3.96193333333333	49728
3.96528333333333	51424
3.96861666666667	47520
3.97195000000000	42896
3.97528333333333	52640
3.97861666666667	49792
3.98196666666667	49632
3.98530000000000	49472
3.98863333333333	50384
3.99196666666667	44480
3.99530000000000	50384
3.99865000000000	53184
4.00198333333333	52208
4.00531666666667	51344
4.00865000000000	46336
4.01198333333333	50064
4.01533333333333	53472
4.01866666666667	52272
4.02200000000000	51056
4.02533333333333	50944
4.02866666666667	45344
4.03201666666667	50128
4.03535000000000	57008
4.03868333333333	56736
4.04201666666667	49504
4.04535000000000	48240
4.04870000000000	39600
4.05203333333333	44624
4.05536666666667	44624
4.05870000000000	44112
4.06203333333333	45984
4.06538333333333	40624
4.06871666666667	47376
4.07205000000000	43216
4.07538333333333	39040
4.07871666666667	40784
4.08205000000000	42512
4.08540000000000	46336
4.08873333333333	54048
4.09206666666667	60720
4.09538333333333	54800
4.09871666666667	48336
4.10206666666667	39424
4.10540000000000	58752
4.10873333333333	58736
4.11206666666667	40752
4.11540000000000	35456
4.11875000000000	43264
4.12208333333333	48144
4.12541666666667	32096
4.12875000000000	47120
4.13208333333333	52768
4.13543333333333	36384
4.13876666666667	44192
4.14210000000000	32028
4.14543333333333	45664
4.14876666666667	51888
4.15211666666667	61840
4.15545000000000	60304
4.15878333333333	56112
4.16211666666667	49520
4.16543333333333	60448
4.16878333333333	51936
4.17211666666667	35232
4.17545000000000	46112
4.17878333333333	36288
4.18211666666667	41072
4.18546666666667	46304
4.18880000000000	43424
4.19213333333333	41008
4.19546666666667	38592
4.19880000000000	37008
4.20215000000000	40784
4.20548333333333	44576
4.20881666666667	53264
4.21215000000000	50640
4.21548333333333	45200
4.21881666666667	50240
4.22216666666667	44720
4.22550000000000	46768
4.22883333333333	44064
4.23215000000000	59600
4.23548333333333	61360
4.23883333333333	55168
4.24216666666667	47280
4.24550000000000	39152
4.24883333333333	46848
4.25216666666667	51504
4.25551666666667	52464
4.25885000000000	50496
4.26218333333333	48512
4.26551666666667	49120
4.26885000000000	56768
4.27220000000000	38256
4.27553333333333	55856
4.27886666666667	36336
4.28220000000000	51152
4.28553333333333	57264
4.28888333333333	37440
4.29221666666667	45984
4.29555000000000	45824
4.29888333333333	37232
4.30221666666667	41552
4.30556666666667	45872
4.30890000000000	43136
4.31223333333333	45600
4.31556666666667	45408
4.31890000000000	45216
4.32225000000000	40128
4.32558333333333	45680
4.32891666666667	43824
4.33225000000000	41968
4.33558333333333	50992
4.33893333333333	47568
4.34226666666667	44144
4.34560000000000	38784
4.34893333333333	49120
4.35226666666667	40032
4.35560000000000	44352
4.35895000000000	53728
4.36228333333333	54928
4.36561666666667	53248
4.36895000000000	51216
4.37226666666667	53696
4.37561666666667	56192
4.37895000000000	37072
4.38228333333333	57792
4.38561666666667	60944
4.38895000000000	50192
4.39230000000000	46688
4.39563333333333	32264
4.39896666666667	50144
4.40230000000000	47312
4.40563333333333	47312
4.40898333333333	50352
4.41231666666667	55280
4.41565000000000	49568
4.41898333333333	43840
4.42231666666667	53360
4.42566666666667	50480
4.42900000000000	47600
4.43233333333333	47392
4.43566666666667	49504
4.43900000000000	42112
4.44235000000000	41296
4.44568333333333	41120
4.44901666666667	42256
4.45235000000000	43408
4.45568333333333	42880
4.45903333333333	42368
4.46236666666667	49872
4.46570000000000	48352
4.46903333333333	46832
4.47235000000000	40128
4.47570000000000	36464
4.47903333333333	49696
4.48236666666667	52368
4.48570000000000	42896
4.48903333333333	38736
4.49236666666667	51712
4.49571666666667	49232
