1.50331666666667	0
1.50665000000000	658
1.50998333333333	0
1.51331666666667	86
1.51665000000000	249
1.52000000000000	0
1.52333333333333	308
1.52666666666667	0
1.52998333333333	0
1.53331666666667	0
1.53666666666667	0
1.54000000000000	0
1.54333333333333	0
1.54666666666667	0
1.55000000000000	22
1.55335000000000	44
1.55668333333333	249
1.56001666666667	270
1.56335000000000	135
1.56668333333333	0
1.57003333333333	0
1.57336666666667	0
1.57670000000000	0
1.58003333333333	800
1.58336666666667	628
1.58671666666667	66
1.59005000000000	264
1.59338333333333	357
1.59671666666667	249
1.60005000000000	0
1.60340000000000	0
1.60673333333333	0
1.61006666666667	0
1.61338333333333	132
1.61671666666667	261
1.62005000000000	584
1.62340000000000	456
1.62673333333333	521
1.63006666666667	586
1.63340000000000	352
1.63673333333333	274
1.64008333333333	197
1.64341666666667	0
1.64675000000000	0
1.65008333333333	0
1.65341666666667	0
1.65676666666667	0
1.66010000000000	0
1.66343333333333	0
1.66676666666667	0
1.67010000000000	0
1.67345000000000	0
1.67678333333333	557
1.68011666666667	278
1.68343333333333	0
1.68676666666667	236
1.69011666666667	0
1.69345000000000	0
1.69678333333333	0
1.70011666666667	0
1.70345000000000	0
1.70680000000000	360
1.71013333333333	450
1.71346666666667	514
1.71680000000000	0
1.72013333333333	0
1.72348333333333	0
1.72681666666667	414
1.73015000000000	702
1.73348333333333	558
1.73681666666667	438
1.74016666666667	0
1.74350000000000	0
1.74683333333333	503
1.75016666666667	0
1.75350000000000	354
1.75683333333333	680
1.76018333333333	283
1.76351666666667	225
1.76683333333333	0
1.77016666666667	0
1.77350000000000	197
1.77685000000000	155
1.78018333333333	113
1.78351666666667	57
1.78685000000000	0
1.79018333333333	0
1.79353333333333	0
1.79686666666667	0
1.80020000000000	434
1.80353333333333	217
1.80686666666667	0
1.81021666666667	0
1.81355000000000	0
1.81688333333333	108
1.82021666666667	524
1.82355000000000	661
1.82690000000000	0
1.83023333333333	0
1.83356666666667	683
1.83690000000000	486
1.84021666666667	224
1.84356666666667	359
1.84690000000000	0
1.85023333333333	224
1.85356666666667	449
1.85690000000000	550
1.86025000000000	0
1.86358333333333	524
1.86691666666667	0
1.87025000000000	0
1.87358333333333	0
1.87693333333333	517
1.88026666666667	385
1.88360000000000	408
1.88693333333333	231
1.89026666666667	621
1.89360000000000	0
1.89695000000000	763
1.90028333333333	28
1.90361666666667	0
1.90695000000000	0
1.91028333333333	0
1.91363333333333	0
1.91696666666667	0
1.92030000000000	238
1.92363333333333	272
1.92696666666667	136
1.93031666666667	0
1.93365000000000	0
1.93698333333333	0
1.94031666666667	0
1.94365000000000	0
1.94700000000000	0
1.95033333333333	0
1.95366666666667	0
1.95700000000000	0
1.96033333333333	0
1.96368333333333	0
1.96701666666667	182
1.97035000000000	363
1.97368333333333	182
1.97701666666667	0
1.98036666666667	0
1.98370000000000	0
1.98703333333333	162
1.99036666666667	81
1.99370000000000	0
1.99705000000000	0
2.00038333333333	0
2.00371666666667	0
2.00703333333333	0
2.01036666666667	0
2.01371666666667	13
2.01705000000000	7
2.02038333333333	0
2.02371666666667	0
2.02705000000000	0
2.03038333333333	0
2.03373333333333	483
2.03706666666667	574
2.04040000000000	255
2.04373333333333	0
2.04706666666667	255
2.05041666666667	0
2.05375000000000	145
2.05708333333333	679
2.06041666666667	973
2.06375000000000	654
2.06710000000000	0
2.07043333333333	286
2.07376666666667	720
2.07710000000000	0
2.08043333333333	0
2.08378333333333	421
2.08711666666667	0
2.09045000000000	379
2.09378333333333	0
2.09711666666667	474
2.10046666666667	0
2.10380000000000	0
2.10713333333333	0
2.11046666666667	0
2.11378333333333	0
2.11713333333333	0
2.12046666666667	319
2.12380000000000	344
2.12713333333333	368
2.13046666666667	0
2.13381666666667	235
2.13715000000000	288
2.14048333333333	117
2.14381666666667	58
2.14715000000000	0
2.15050000000000	0
2.15383333333333	0
2.15716666666667	0
2.16050000000000	0
2.16383333333333	0
2.16716666666667	0
2.17051666666667	0
2.17385000000000	0
2.17718333333333	0
2.18051666666667	0
2.18385000000000	0
2.18720000000000	0
2.19053333333333	0
2.19386666666667	220
2.19720000000000	110
2.20051666666667	0
2.20386666666667	269
2.20720000000000	0
2.21053333333333	0
2.21386666666667	0
2.21720000000000	0
2.22055000000000	0
2.22388333333333	0
2.22721666666667	0
2.23055000000000	0
2.23388333333333	0
2.23723333333333	0
2.24056666666667	0
2.24390000000000	489
2.24723333333333	698
2.25056666666667	491
2.25391666666667	588
2.25725000000000	380
2.26058333333333	741
2.26391666666667	988
2.26725000000000	1431
2.27060000000000	892
2.27393333333333	353
2.27726666666667	540
2.28060000000000	727
2.28393333333333	780
2.28728333333333	1474
2.29061666666667	1563
2.29395000000000	1653
2.29728333333333	1784
2.30060000000000	1960
2.30393333333333	2135
2.30728333333333	1494
2.31061666666667	2171
2.31395000000000	4937
2.31728333333333	4113
2.32061666666667	3363
2.32396666666667	4682
2.32730000000000	4360
2.33063333333333	1399
2.33396666666667	6632
2.33730000000000	4723
2.34065000000000	3760
2.34398333333333	6009
2.34731666666667	7637
2.35065000000000	7128
2.35398333333333	3744
2.35733333333333	8135
2.36066666666667	8712
2.36400000000000	6458
2.36733333333333	9068
2.37066666666667	10148
2.37400000000000	9276
2.37733333333333	10284
2.38066666666667	9352
2.38400000000000	9408
2.38733333333333	10312
2.39068333333333	12320
2.39401666666667	12572
2.39735000000000	14808
2.40068333333333	14268
2.40401666666667	12496
2.40736666666667	11924
2.41070000000000	14400
2.41403333333333	12852
2.41736666666667	13128
2.42070000000000	13404
2.42405000000000	12888
2.42738333333333	12372
2.43071666666667	15556
2.43405000000000	22204
2.43738333333333	22552
2.44071666666667	21228
2.44406666666667	14348
2.44740000000000	21764
2.45071666666667	21796
2.45405000000000	21832
2.45738333333333	27040
2.46073333333333	26132
2.46406666666667	32816
2.46740000000000	17192
2.47073333333333	24512
2.47406666666667	26856
2.47741666666667	25564
2.48075000000000	20364
2.48408333333333	21448
2.48741666666667	25040
2.49075000000000	28628
2.49410000000000	30660
2.49743333333333	30760
2.50076666666667	32128
2.50410000000000	26940
2.50743333333333	31668
2.51078333333333	31776
2.51411666666667	30784
2.51745000000000	38880
2.52078333333333	40000
2.52411666666667	43312
2.52746666666667	41072
2.53080000000000	32084
2.53413333333333	35936
2.53746666666667	29316
2.54078333333333	28644
2.54413333333333	37296
2.54746666666667	39904
2.55080000000000	33024
2.55413333333333	27160
2.55746666666667	44832
2.56081666666667	36176
2.56415000000000	35344
2.56748333333333	27320
2.57081666666667	44240
2.57415000000000	40592
2.57748333333333	43760
2.58083333333333	39488
2.58416666666667	43552
2.58750000000000	38320
2.59083333333333	41216
2.59416666666667	44128
2.59751666666667	37024
2.60085000000000	38144
2.60418333333333	34432
2.60751666666667	38208
2.61085000000000	41984
2.61420000000000	46128
2.61753333333333	46720
2.62086666666667	39168
2.62420000000000	51152
2.62751666666667	33856
2.63086666666667	41248
2.63420000000000	40480
2.63753333333333	44528
2.64086666666667	33648
2.64420000000000	25480
2.64755000000000	46160
2.65088333333333	53040
2.65421666666667	50992
2.65755000000000	36720
2.66088333333333	39168
2.66423333333333	52112
2.66756666666667	47376
2.67090000000000	36784
2.67423333333333	43712
2.67756666666667	41728
2.68091666666667	43808
2.68425000000000	45888
2.68758333333333	43296
2.69091666666667	40720
2.69425000000000	50112
2.69760000000000	33952
2.70093333333333	41712
2.70426666666667	47056
2.70760000000000	39088
2.71093333333333	48960
2.71426666666667	48448
2.71761666666667	48832
2.72095000000000	51424
2.72428333333333	54016
2.72761666666667	40064
2.73093333333333	43296
2.73428333333333	46096
2.73761666666667	40704
2.74095000000000	32740
2.74428333333333	35376
2.74761666666667	38592
2.75096666666667	42304
2.75430000000000	47600
2.75763333333333	47648
2.76096666666667	49728
2.76430000000000	46464
2.76765000000000	25316
2.77098333333333	46576
2.77431666666667	48912
2.77765000000000	45264
2.78098333333333	48032
2.78433333333333	37472
2.78766666666667	41888
2.79100000000000	46304
2.79431666666667	48448
2.79765000000000	47616
2.80100000000000	44832
2.80433333333333	46752
2.80766666666667	52496
2.81100000000000	51696
2.81433333333333	45008
2.81768333333333	53648
2.82101666666667	39312
2.82435000000000	32480
2.82768333333333	52352
2.83101666666667	52640
2.83436666666667	55616
2.83770000000000	30420
2.84103333333333	52976
2.84436666666667	48448
2.84770000000000	48976
2.85103333333333	43872
2.85438333333333	40592
2.85771666666667	50512
2.86105000000000	52384
2.86436666666667	43856
2.86770000000000	45776
2.87105000000000	50880
2.87438333333333	40640
2.87771666666667	28028
2.88105000000000	38256
2.88438333333333	58384
2.88773333333333	58624
2.89106666666667	38976
2.89440000000000	53024
2.89773333333333	53088
2.90106666666667	33184
2.90441666666667	39360
2.90775000000000	31116
2.91108333333333	49776
2.91441666666667	47920
2.91775000000000	46016
2.92110000000000	41808
2.92443333333333	41008
2.92776666666667	46592
2.93108333333333	49584
2.93441666666667	52560
2.93776666666667	44784
2.94110000000000	50208
2.94443333333333	45328
2.94776666666667	38672
2.95110000000000	51392
2.95445000000000	48432
2.95778333333333	48736
2.96111666666667	49248
2.96445000000000	52128
2.96778333333333	52048
2.97113333333333	46240
2.97446666666667	46160
2.97780000000000	46992
2.98113333333333	47840
2.98446666666667	37248
2.98780000000000	42592
2.99115000000000	47936
2.99448333333333	50928
2.99781666666667	46256
3.00115000000000	53600
3.00446666666667	53952
3.00781666666667	42336
3.01115000000000	54080
3.01448333333333	44224
3.01781666666667	36384
3.02115000000000	54480
3.02450000000000	53728
3.02783333333333	40976
3.03116666666667	43744
3.03450000000000	40560
3.03783333333333	44112
3.04118333333333	47680
3.04451666666667	36752
3.04785000000000	43808
3.05118333333333	43712
3.05451666666667	46704
3.05786666666667	55504
3.06120000000000	47408
3.06453333333333	39312
3.06786666666667	44000
3.07120000000000	50320
3.07455000000000	53952
3.07788333333333	30516
3.08121666666667	42928
3.08455000000000	46848
3.08788333333333	55104
3.09123333333333	58992
3.09456666666667	39456
3.09790000000000	42496
3.10123333333333	41056
3.10456666666667	40448
3.10790000000000	46832
3.11123333333333	43728
3.11456666666667	40608
3.11790000000000	50096
3.12123333333333	44128
3.12456666666667	38160
3.12791666666667	44640
3.13125000000000	42832
3.13458333333333	41008
3.13791666666667	44448
3.14125000000000	47904
3.14460000000000	53040
3.14793333333333	55296
3.15126666666667	56208
3.15460000000000	42704
3.15793333333333	51136
3.16128333333333	43808
3.16461666666667	53200
3.16795000000000	40096
3.17128333333333	51104
3.17460000000000	59216
3.17795000000000	58672
3.18128333333333	42512
3.18461666666667	40976
3.18795000000000	57024
3.19128333333333	53456
3.19463333333333	45584
3.19796666666667	53888
3.20130000000000	56544
3.20463333333333	55856
3.20796666666667	39152
3.21131666666667	36544
3.21465000000000	46064
3.21798333333333	52816
3.22131666666667	48688
3.22465000000000	37920
3.22800000000000	45840
3.23133333333333	52720
3.23466666666667	52848
3.23800000000000	49568
3.24133333333333	51216
3.24468333333333	52864
3.24801666666667	58336
3.25135000000000	42816
3.25468333333333	42400
3.25800000000000	48624
3.26133333333333	43552
3.26468333333333	38464
3.26801666666667	46992
3.27135000000000	44112
3.27468333333333	41248
3.27801666666667	41856
3.28136666666667	47728
3.28470000000000	52384
3.28803333333333	54336
3.29136666666667	51312
3.29470000000000	46448
3.29805000000000	53104
3.30138333333333	55888
3.30471666666667	51360
3.30805000000000	45184
3.31138333333333	42976
3.31473333333333	45200
3.31806666666667	49632
3.32140000000000	44176
3.32473333333333	38736
3.32805000000000	53248
3.33140000000000	58112
3.33473333333333	41728
3.33806666666667	29512
3.34140000000000	49184
3.34473333333333	47856
3.34808333333333	48848
3.35141666666667	45136
3.35475000000000	41424
3.35808333333333	37728
3.36141666666667	47904
3.36476666666667	46176
3.36810000000000	51376
3.37143333333333	45664
3.37476666666667	50400
3.37810000000000	49712
3.38145000000000	29792
3.38478333333333	46032
3.38811666666667	45504
3.39145000000000	57040
3.39478333333333	45200
3.39811666666667	44208
3.40146666666667	50512
3.40480000000000	41760
3.40813333333333	50336
3.41146666666667	41872
3.41480000000000	46736
3.41815000000000	49280
3.42148333333333	51824
3.42481666666667	52768
3.42815000000000	48912
3.43148333333333	45040
3.43483333333333	37856
3.43816666666667	53488
3.44150000000000	58512
3.44481666666667	48096
3.44815000000000	51552
3.45150000000000	52896
3.45483333333333	50608
3.45816666666667	50416
3.46150000000000	49408
3.46483333333333	49168
3.46818333333333	48912
3.47151666666667	45072
3.47485000000000	48000
3.47818333333333	50928
3.48151666666667	50496
3.48486666666667	40544
3.48820000000000	55280
3.49153333333333	58448
3.49486666666667	50464
3.49820000000000	34848
3.50155000000000	47760
3.50488333333333	42880
3.50821666666667	39056
3.51155000000000	43664
3.51488333333333	46064
3.51823333333333	48144
3.52156666666667	50224
3.52490000000000	54416
3.52823333333333	38000
3.53156666666667	43168
3.53490000000000	44688
3.53825000000000	51296
3.54158333333333	53024
3.54491666666667	42112
3.54825000000000	49728
3.55156666666667	45536
3.55491666666667	50896
3.55825000000000	41680
3.56158333333333	45744
3.56491666666667	43680
3.56825000000000	43744
3.57160000000000	43792
3.57493333333333	47120
3.57826666666667	54784
3.58160000000000	55024
3.58493333333333	43120
3.58828333333333	37568
3.59161666666667	46080
3.59495000000000	47296
3.59828333333333	48496
3.60161666666667	35648
3.60496666666667	53600
3.60830000000000	46016
3.61163333333333	44928
3.61496666666667	45904
3.61830000000000	44560
3.62165000000000	48256
3.62498333333333	49200
3.62831666666667	50128
3.63165000000000	51056
3.63496666666667	47424
3.63831666666667	43456
3.64165000000000	46928
3.64498333333333	50400
3.64831666666667	38432
3.65165000000000	44224
3.65500000000000	46576
3.65833333333333	45248
3.66166666666667	43920
3.66500000000000	53232
3.66833333333333	56000
3.67166666666667	49472
3.67501666666667	56368
3.67835000000000	42352
3.68168333333333	49360
3.68501666666667	55456
3.68835000000000	49008
3.69170000000000	41184
3.69503333333333	53312
3.69836666666667	40000
3.70170000000000	61568
3.70503333333333	56544
3.70838333333333	40592
3.71171666666667	50128
3.71505000000000	51728
3.71836666666667	46384
3.72170000000000	39328
3.72505000000000	54384
3.72838333333333	47536
3.73171666666667	57328
3.73505000000000	42864
3.73838333333333	44896
3.74173333333333	50224
3.74506666666667	33664
3.74840000000000	40192
3.75173333333333	48960
3.75506666666667	52272
3.75841666666667	49776
3.76175000000000	53360
3.76508333333333	52496
3.76841666666667	47040
3.77175000000000	30884
3.77510000000000	49936
3.77843333333333	44320
3.78176666666667	30340
3.78510000000000	49520
3.78843333333333	41184
3.79178333333333	43440
3.79511666666667	43680
3.79845000000000	40992
3.80178333333333	38320
3.80510000000000	34144
3.80843333333333	33488
3.81178333333333	32832
3.81511666666667	29724
3.81845000000000	36320
3.82178333333333	42928
3.82511666666667	53904
3.82846666666667	57920
3.83180000000000	57040
3.83513333333333	55744
3.83846666666667	54448
3.84180000000000	37296
3.84515000000000	47904
3.84848333333333	47312
3.85181666666667	51456
3.85515000000000	43856
3.85848333333333	40768
3.86183333333333	29048
3.86516666666667	56304
3.86850000000000	66848
3.87183333333333	45152
3.87516666666667	34416
3.87851666666667	35200
3.88185000000000	55136
3.88518333333333	55296
3.88851666666667	54752
3.89183333333333	47600
3.89518333333333	48976
3.89851666666667	54128
3.90185000000000	33808
3.90518333333333	54752
3.90851666666667	41312
3.91186666666667	40384
3.91520000000000	39968
3.91853333333333	41520
3.92186666666667	34464
3.92520000000000	54048
3.92855000000000	56352
3.93188333333333	50336
3.93521666666667	45984
3.93855000000000	33888
3.94188333333333	54432
3.94521666666667	40352
3.94856666666667	51568
3.95190000000000	41792
3.95523333333333	46544
3.95856666666667	35632
3.96190000000000	53472
3.96525000000000	51888
3.96858333333333	49120
3.97191666666667	58016
3.97525000000000	37312
3.97858333333333	60576
3.98193333333333	56560
3.98526666666667	42864
3.98860000000000	50368
3.99193333333333	50848
3.99526666666667	49840
3.99861666666667	48848
4.00195000000000	49200
4.00528333333333	44240
4.00860000000000	48640
4.01193333333333	45200
4.01528333333333	44912
4.01861666666667	42176
4.02195000000000	49760
4.02528333333333	49296
4.02861666666667	48848
4.03196666666667	49152
4.03530000000000	46976
4.03863333333333	50480
4.04196666666667	48592
4.04530000000000	47696
4.04865000000000	47888
4.05198333333333	39872
4.05531666666667	39984
4.05865000000000	44256
4.06198333333333	46880
4.06533333333333	49504
4.06866666666667	49216
4.07200000000000	51264
4.07533333333333	53312
4.07866666666667	38320
4.08198333333333	42512
4.08533333333333	38160
4.08866666666667	50544
4.09200000000000	50288
4.09533333333333	33632
4.09866666666667	33760
4.10201666666667	47600
4.10535000000000	41920
4.10868333333333	51728
4.11201666666667	48688
4.11535000000000	47472
4.11870000000000	47328
4.12203333333333	47184
4.12536666666667	49168
4.12870000000000	49472
4.13203333333333	52192
4.13538333333333	52848
4.13871666666667	46080
4.14205000000000	45984
4.14538333333333	27704
4.14871666666667	54752
4.15206666666667	33280
4.15540000000000	57424
4.15873333333333	47408
4.16206666666667	34320
4.16540000000000	36048
4.16875000000000	42832
4.17208333333333	30344
4.17541666666667	44560
4.17875000000000	47648
4.18208333333333	37792
4.18543333333333	39632
4.18876666666667	44096
4.19210000000000	46608
4.19543333333333	49696
4.19876666666667	47536
4.20210000000000	55680
4.20543333333333	57360
4.20876666666667	45952
4.21210000000000	39872
4.21543333333333	50576
4.21876666666667	48800
4.22211666666667	47024
4.22545000000000	41936
4.22878333333333	43344
4.23211666666667	44752
4.23545000000000	43856
4.23880000000000	42960
4.24213333333333	51696
4.24546666666667	53232
4.24880000000000	42352
4.25213333333333	45312
4.25548333333333	45008
4.25881666666667	51552
4.26215000000000	35392
4.26548333333333	53312
4.26881666666667	62016
4.27216666666667	37600
4.27550000000000	48768
4.27883333333333	42224
4.28216666666667	46576
4.28548333333333	43040
4.28883333333333	40832
4.29216666666667	48736
4.29550000000000	46080
4.29883333333333	43440
4.30216666666667	48976
4.30551666666667	47104
4.30885000000000	52976
4.31218333333333	53136
4.31551666666667	54576
4.31885000000000	40272
4.32220000000000	34384
4.32553333333333	48368
4.32886666666667	51984
4.33220000000000	55488
4.33553333333333	47248
4.33888333333333	35776
4.34221666666667	56720
4.34555000000000	52096
4.34888333333333	58912
4.35221666666667	58272
4.35555000000000	43904
4.35890000000000	31572
4.36223333333333	52416
4.36556666666667	43424
4.36890000000000	44464
4.37221666666667	45552
4.37556666666667	55696
4.37890000000000	54640
4.38223333333333	56336
4.38556666666667	38272
4.38890000000000	43184
4.39225000000000	50848
4.39558333333333	48864
4.39891666666667	46880
4.40225000000000	46784
4.40558333333333	46688
4.40893333333333	48592
4.41226666666667	42288
4.41560000000000	44528
4.41893333333333	47264
4.42226666666667	45840
4.42561666666667	44432
4.42895000000000	43536
4.43228333333333	42624
4.43561666666667	53072
4.43895000000000	46720
4.44230000000000	40368
4.44563333333333	56848
4.44896666666667	45248
4.45228333333333	51600
4.45561666666667	48032
4.45896666666667	44576
4.46230000000000	53952
4.46563333333333	47376
4.46896666666667	43616
4.47230000000000	53952
4.47565000000000	54560
4.47898333333333	52448
4.48231666666667	50336
4.48565000000000	43344
4.48898333333333	47200
4.49231666666667	53696
4.49566666666667	40368
