1.50330000000000	173
1.50663333333333	0
1.50996666666667	183
1.51330000000000	0
1.51663333333333	0
1.51998333333333	0
1.52331666666667	0
1.52665000000000	0
1.52998333333333	0
1.53331666666667	0
1.53666666666667	0
1.54000000000000	0
1.54333333333333	0
1.54666666666667	0
1.55000000000000	0
1.55335000000000	0
1.55668333333333	0
1.56001666666667	0
1.56335000000000	0
1.56666666666667	0
1.57001666666667	0
1.57335000000000	0
1.57668333333333	0
1.58001666666667	0
1.58335000000000	0
1.58670000000000	0
1.59003333333333	157
1.59336666666667	78
1.59670000000000	0
1.60003333333333	0
1.60338333333333	67
1.60671666666667	0
1.61005000000000	0
1.61338333333333	0
1.61671666666667	0
1.62005000000000	0
1.62340000000000	0
1.62673333333333	0
1.63006666666667	0
1.63340000000000	6
1.63673333333333	3
1.64008333333333	0
1.64341666666667	0
1.64675000000000	0
1.65008333333333	0
1.65341666666667	0
1.65676666666667	0
1.66010000000000	0
1.66343333333333	0
1.66676666666667	0
1.67010000000000	0
1.67345000000000	0
1.67678333333333	0
1.68011666666667	0
1.68345000000000	0
1.68676666666667	0
1.69011666666667	0
1.69345000000000	0
1.69678333333333	0
1.70011666666667	0
1.70345000000000	0
1.70680000000000	0
1.71013333333333	0
1.71346666666667	0
1.71680000000000	0
1.72013333333333	0
1.72348333333333	0
1.72681666666667	0
1.73015000000000	0
1.73348333333333	0
1.73681666666667	0
1.74016666666667	0
1.74350000000000	0
1.74683333333333	0
1.75016666666667	0
1.75350000000000	0
1.75683333333333	0
1.76018333333333	0
1.76351666666667	0
1.76685000000000	0
1.77018333333333	0
1.77351666666667	12
1.77686666666667	6
1.78020000000000	0
1.78353333333333	0
1.78685000000000	0
1.79018333333333	0
1.79353333333333	0
1.79686666666667	0
1.80020000000000	0
1.80353333333333	22
1.80686666666667	11
1.81021666666667	0
1.81355000000000	0
1.81688333333333	0
1.82021666666667	0
1.82355000000000	0
1.82690000000000	0
1.83023333333333	0
1.83356666666667	0
1.83690000000000	0
1.84023333333333	0
1.84358333333333	0
1.84691666666667	0
1.85025000000000	0
1.85358333333333	0
1.85691666666667	0
1.86026666666667	0
1.86360000000000	0
1.86691666666667	0
1.87025000000000	0
1.87358333333333	0
1.87693333333333	0
1.88026666666667	0
1.88360000000000	0
1.88693333333333	0
1.89026666666667	0
1.89360000000000	0
1.89695000000000	0
1.90028333333333	0
1.90361666666667	0
1.90695000000000	0
1.91028333333333	0
1.91363333333333	0
1.91696666666667	0
1.92030000000000	0
1.92363333333333	0
1.92696666666667	0
1.93031666666667	0
1.93365000000000	0
1.93698333333333	37
1.94031666666667	74
1.94365000000000	121
1.94700000000000	167
1.95033333333333	0
1.95366666666667	0
1.95700000000000	0
1.96033333333333	0
1.96368333333333	0
1.96701666666667	0
1.97035000000000	0
1.97368333333333	0
1.97701666666667	78
1.98036666666667	236
1.98370000000000	118
1.98703333333333	0
1.99036666666667	0
1.99370000000000	0
1.99705000000000	194
2.00038333333333	97
2.00371666666667	0
2.00705000000000	0
2.01038333333333	0
2.01373333333333	0
2.01706666666667	0
2.02040000000000	0
2.02373333333333	0
2.02705000000000	0
2.03038333333333	0
2.03373333333333	0
2.03706666666667	0
2.04040000000000	0
2.04373333333333	0
2.04706666666667	0
2.05041666666667	0
2.05375000000000	0
2.05708333333333	0
2.06041666666667	0
2.06375000000000	0
2.06710000000000	0
2.07043333333333	0
2.07376666666667	0
2.07710000000000	8
2.08043333333333	4
2.08378333333333	0
2.08711666666667	0
2.09045000000000	0
2.09378333333333	265
2.09711666666667	328
2.10046666666667	14
2.10380000000000	253
2.10713333333333	0
2.11046666666667	0
2.11380000000000	0
2.11715000000000	0
2.12048333333333	0
2.12381666666667	0
2.12715000000000	0
2.13046666666667	0
2.13381666666667	0
2.13715000000000	0
2.14048333333333	0
2.14381666666667	0
2.14715000000000	0
2.15050000000000	0
2.15383333333333	46
2.15716666666667	23
2.16050000000000	0
2.16383333333333	0
2.16716666666667	0
2.17051666666667	0
2.17385000000000	0
2.17718333333333	0
2.18051666666667	0
2.18385000000000	0
2.18720000000000	0
2.19053333333333	7
2.19386666666667	3
2.19720000000000	0
2.20053333333333	0
2.20388333333333	0
2.20721666666667	0
2.21055000000000	0
2.21386666666667	0
2.21720000000000	0
2.22055000000000	0
2.22388333333333	0
2.22721666666667	0
2.23055000000000	0
2.23388333333333	0
2.23723333333333	0
2.24056666666667	0
2.24390000000000	0
2.24723333333333	0
2.25056666666667	0
2.25391666666667	0
2.25725000000000	0
2.26058333333333	0
2.26391666666667	0
2.26725000000000	314
2.27060000000000	157
2.27393333333333	0
2.27726666666667	244
2.28060000000000	319
2.28393333333333	859
2.28728333333333	972
2.29061666666667	0
2.29395000000000	116
2.29728333333333	0
2.30061666666667	109
2.30393333333333	217
2.30728333333333	1034
2.31061666666667	760
2.31395000000000	487
2.31728333333333	511
2.32061666666667	749
2.32396666666667	987
2.32730000000000	788
2.33063333333333	590
2.33396666666667	1034
2.33730000000000	188
2.34065000000000	290
2.34398333333333	905
2.34731666666667	976
2.35065000000000	1047
2.35398333333333	728
2.35733333333333	1355
2.36066666666667	892
2.36400000000000	429
2.36733333333333	1022
2.37066666666667	933
2.37401666666667	843
2.37735000000000	1343
2.38068333333333	1658
2.38401666666667	133
2.38735000000000	1377
2.39070000000000	1232
2.39403333333333	2013
2.39736666666667	2194
2.40070000000000	2375
2.40401666666667	2375
2.40736666666667	2121
2.41070000000000	1867
2.41403333333333	2321
2.41736666666667	2417
2.42070000000000	2862
2.42405000000000	3307
2.42738333333333	3326
2.43071666666667	1340
2.43405000000000	3542
2.43738333333333	3123
2.44071666666667	2703
2.44406666666667	2751
2.44740000000000	1912
2.45073333333333	2577
2.45406666666667	2823
2.45740000000000	3069
2.46075000000000	867
2.46408333333333	3675
2.46741666666667	3675
2.47075000000000	1894
2.47408333333333	4011
2.47743333333333	3876
2.48076666666667	4098
2.48410000000000	4320
2.48743333333333	2159
2.49076666666667	4583
2.49411666666667	3153
2.49745000000000	3572
2.50078333333333	3992
2.50411666666667	1408
2.50743333333333	6027
2.51078333333333	7125
2.51411666666667	5599
2.51745000000000	3249
2.52078333333333	5604
2.52411666666667	5310
2.52746666666667	2275
2.53080000000000	3003
2.53413333333333	4388
2.53746666666667	4308
2.54080000000000	4260
2.54415000000000	4074
2.54748333333333	3888
2.55081666666667	4077
2.55415000000000	4267
2.55748333333333	4182
2.56083333333333	1092
2.56416666666667	5514
2.56750000000000	4337
2.57083333333333	2720
2.57416666666667	4147
2.57750000000000	1677
2.58085000000000	2171
2.58418333333333	2666
2.58751666666667	5181
2.59085000000000	6527
2.59418333333333	4550
2.59753333333333	5177
2.60086666666667	1784
2.60420000000000	2766
2.60751666666667	3361
2.61085000000000	5630
2.61420000000000	5202
2.61753333333333	2662
2.62086666666667	4201
2.62420000000000	6098
2.62753333333333	2653
2.63088333333333	5341
2.63421666666667	2915
2.63755000000000	4209
2.64088333333333	3018
2.64421666666667	2942
2.64756666666667	3506
2.65090000000000	2995
2.65423333333333	2484
2.65756666666667	3269
2.66090000000000	3293
2.66425000000000	3318
2.66758333333333	3702
2.67091666666667	4086
2.67425000000000	3401
2.67758333333333	2716
2.68093333333333	3772
2.68426666666667	4827
2.68760000000000	5208
2.69093333333333	5601
2.69426666666667	5165
2.69761666666667	4728
2.70095000000000	4626
2.70428333333333	5080
2.70761666666667	5534
2.71095000000000	2636
2.71426666666667	6802
2.71761666666667	1899
2.72095000000000	4434
2.72428333333333	8916
2.72761666666667	5495
2.73095000000000	5757
2.73430000000000	6158
2.73763333333333	5152
2.74096666666667	6167
2.74430000000000	2681
2.74763333333333	3654
2.75098333333333	3145
2.75431666666667	3554
2.75765000000000	3964
2.76098333333333	4588
2.76431666666667	5068
2.76766666666667	5183
2.77100000000000	5989
2.77433333333333	5112
2.77766666666667	4236
2.78100000000000	5886
2.78435000000000	6650
2.78768333333333	5775
2.79101666666667	8820
2.79433333333333	8496
2.79766666666667	5988
2.80101666666667	9076
2.80435000000000	5884
2.80768333333333	4265
2.81101666666667	5714
2.81435000000000	3738
2.81770000000000	5763
2.82103333333333	3686
2.82436666666667	6805
2.82770000000000	5544
2.83103333333333	4283
2.83438333333333	3981
2.83771666666667	3886
2.84105000000000	3791
2.84438333333333	4083
2.84771666666667	3731
2.85105000000000	4887
2.85440000000000	5944
2.85773333333333	5990
2.86106666666667	3407
2.86440000000000	7585
2.86773333333333	3721
2.87108333333333	7278
2.87441666666667	3954
2.87775000000000	6588
2.88108333333333	2699
2.88441666666667	6118
2.88776666666667	4758
2.89110000000000	4053
2.89443333333333	5632
2.89776666666667	3385
2.90110000000000	6868
2.90445000000000	8097
2.90778333333333	7781
2.91111666666667	4148
2.91445000000000	6370
2.91776666666667	4367
2.92111666666667	6591
2.92445000000000	6321
2.92778333333333	4715
2.93111666666667	5231
2.93445000000000	4441
2.93780000000000	3458
2.94113333333333	6189
2.94446666666667	6011
2.94780000000000	4784
2.95113333333333	4480
2.95448333333333	5283
2.95781666666667	5621
2.96115000000000	4204
2.96448333333333	6473
2.96781666666667	5439
2.97116666666667	3463
2.97450000000000	5801
2.97783333333333	5828
2.98116666666667	3415
2.98450000000000	2460
2.98783333333333	2596
2.99118333333333	4411
2.99451666666667	3878
2.99785000000000	5024
3.00118333333333	4475
3.00451666666667	3927
3.00786666666667	760
3.01120000000000	5960
3.01453333333333	2110
3.01786666666667	5970
3.02120000000000	5272
3.02453333333333	3594
3.02786666666667	4589
3.03120000000000	5585
3.03453333333333	3145
3.03786666666667	2990
3.04121666666667	4821
3.04455000000000	2659
3.04788333333333	3540
3.05121666666667	4420
3.05455000000000	4196
3.05790000000000	5598
3.06123333333333	7000
3.06456666666667	6122
3.06790000000000	5322
3.07123333333333	5254
3.07458333333333	8013
3.07791666666667	6652
3.08125000000000	5292
3.08458333333333	4444
3.08791666666667	3871
3.09126666666667	4886
3.09460000000000	7842
3.09793333333333	7734
3.10125000000000	4789
3.10458333333333	5220
3.10793333333333	6968
3.11126666666667	5978
3.11460000000000	5430
3.11793333333333	3447
3.12126666666667	4066
3.12460000000000	3964
3.12795000000000	3862
3.13128333333333	5868
3.13461666666667	4524
3.13795000000000	3179
3.14128333333333	3579
3.14463333333333	5304
3.14796666666667	5831
3.15130000000000	4276
3.15463333333333	2721
3.15796666666667	3277
3.16131666666667	4635
3.16465000000000	5992
3.16798333333333	5200
3.17131666666667	6177
3.17465000000000	3404
3.17800000000000	6926
3.18133333333333	5506
3.18466666666667	7138
3.18800000000000	6272
3.19133333333333	4962
3.19468333333333	5087
3.19801666666667	3725
3.20135000000000	4980
3.20468333333333	5125
3.20801666666667	5270
3.21135000000000	4385
3.21468333333333	3578
3.21801666666667	5551
3.22135000000000	4973
3.22468333333333	4396
3.22803333333333	4706
3.23136666666667	4668
3.23470000000000	4257
3.23803333333333	4026
3.24136666666667	3795
3.24471666666667	4209
3.24805000000000	5807
3.25138333333333	4776
3.25471666666667	3744
3.25805000000000	4849
3.26138333333333	5703
3.26473333333333	7271
3.26806666666667	6252
3.27140000000000	6052
3.27473333333333	4994
3.27806666666667	5602
3.28141666666667	6211
3.28475000000000	5640
3.28808333333333	5068
3.29141666666667	3898
3.29475000000000	4550
3.29810000000000	4142
3.30143333333333	3376
3.30476666666667	5185
3.30810000000000	4298
3.31143333333333	4325
3.31478333333333	4414
3.31811666666667	4503
3.32145000000000	4775
3.32478333333333	4380
3.32811666666667	3986
3.33146666666667	3986
3.33480000000000	3797
3.33813333333333	4265
3.34146666666667	4734
3.34480000000000	6133
3.34815000000000	6302
3.35148333333333	4555
3.35481666666667	4624
3.35815000000000	2349
3.36148333333333	2641
3.36483333333333	3311
3.36816666666667	6300
3.37150000000000	5133
3.37483333333333	3967
3.37816666666667	3122
3.38150000000000	2789
3.38483333333333	3474
3.38816666666667	2846
3.39150000000000	2218
3.39483333333333	4191
3.39816666666667	4478
3.40151666666667	4457
3.40485000000000	3671
3.40818333333333	5567
3.41151666666667	5475
3.41485000000000	5383
3.41820000000000	6025
3.42153333333333	7353
3.42486666666667	3319
3.42820000000000	5923
3.43153333333333	5064
3.43488333333333	5456
3.43821666666667	5095
3.44155000000000	4734
3.44488333333333	4273
3.44821666666667	3812
3.45156666666667	5007
3.45490000000000	3630
3.45823333333333	3711
3.46156666666667	3791
3.46488333333333	3525
3.46823333333333	3259
3.47156666666667	5061
3.47490000000000	5982
3.47823333333333	2236
3.48156666666667	6153
3.48491666666667	4704
3.48825000000000	6599
3.49158333333333	4854
3.49491666666667	2811
3.49825000000000	5365
3.50160000000000	6243
3.50493333333333	6632
3.50826666666667	4024
3.51160000000000	4719
3.51493333333333	3720
3.51828333333333	5138
3.52161666666667	6491
3.52495000000000	6622
3.52828333333333	5439
3.53161666666667	2253
3.53495000000000	4589
3.53830000000000	3765
3.54163333333333	5877
3.54496666666667	5381
3.54828333333333	4885
3.55161666666667	5270
3.55496666666667	5233
3.55830000000000	3296
3.56163333333333	3841
3.56496666666667	3816
3.56830000000000	3792
3.57165000000000	3745
3.57498333333333	3961
3.57831666666667	4177
3.58165000000000	2185
3.58498333333333	4593
3.58833333333333	4929
3.59166666666667	4582
3.59500000000000	6160
3.59833333333333	6659
3.60166666666667	8388
3.60501666666667	3448
3.60835000000000	6286
3.61168333333333	4992
3.61501666666667	5794
3.61835000000000	4304
3.62170000000000	5933
3.62503333333333	6090
3.62836666666667	6246
3.63170000000000	6854
3.63503333333333	7094
3.63836666666667	5195
3.64170000000000	6205
3.64503333333333	4194
3.64836666666667	4291
3.65170000000000	4032
3.65505000000000	3755
3.65838333333333	3479
3.66171666666667	3239
3.66505000000000	3017
3.66838333333333	5702
3.67171666666667	5450
3.67506666666667	8408
3.67840000000000	7007
3.68173333333333	7476
3.68506666666667	3713
3.68840000000000	5954
3.69175000000000	4690
3.69508333333333	4404
3.69841666666667	5556
3.70175000000000	4504
3.70508333333333	3452
3.70843333333333	5559
3.71176666666667	4045
3.71510000000000	2532
3.71843333333333	4550
3.72176666666667	6854
3.72511666666667	6563
3.72845000000000	3189
3.73178333333333	6362
3.73511666666667	3961
3.73843333333333	5534
3.74178333333333	6898
3.74511666666667	6779
3.74845000000000	6866
3.75178333333333	6325
3.75511666666667	5557
3.75846666666667	3524
3.76180000000000	4752
3.76513333333333	5979
3.76846666666667	6866
3.77180000000000	4801
3.77515000000000	5711
3.77848333333333	6842
3.78181666666667	3438
3.78515000000000	5697
3.78848333333333	5208
3.79183333333333	2427
3.79516666666667	1556
3.79850000000000	6578
3.80183333333333	5647
3.80516666666667	5675
3.80850000000000	6820
3.81185000000000	5733
3.81518333333333	5299
3.81851666666667	5157
3.82185000000000	4285
3.82516666666667	5931
3.82851666666667	4340
3.83185000000000	3798
3.83518333333333	6871
3.83851666666667	5537
3.84185000000000	2686
3.84520000000000	6562
3.84853333333333	6463
3.85186666666667	5757
3.85520000000000	6369
3.85853333333333	3468
3.86188333333333	6546
3.86521666666667	6668
3.86855000000000	6426
3.87188333333333	2190
3.87521666666667	7239
3.87856666666667	5464
3.88190000000000	4366
3.88523333333333	3928
3.88856666666667	2934
3.89190000000000	3314
3.89525000000000	3693
3.89858333333333	6614
3.90191666666667	7825
3.90525000000000	6889
3.90858333333333	5180
3.91193333333333	8148
3.91526666666667	5687
3.91860000000000	3907
3.92193333333333	2705
3.92526666666667	5931
3.92860000000000	4979
3.93193333333333	4592
3.93526666666667	4652
3.93860000000000	5240
3.94193333333333	5828
3.94526666666667	4768
3.94861666666667	3707
3.95195000000000	4057
3.95528333333333	4407
3.95861666666667	4875
3.96195000000000	5194
3.96530000000000	3434
3.96863333333333	3637
3.97196666666667	4685
3.97530000000000	4419
3.97863333333333	4153
3.98198333333333	6646
3.98531666666667	5608
3.98865000000000	4571
3.99198333333333	6214
3.99531666666667	5520
3.99866666666667	4826
4.00200000000000	5720
4.00533333333333	5721
4.00866666666667	6265
4.01200000000000	4640
4.01535000000000	3577
4.01868333333333	6822
4.02201666666667	5948
4.02535000000000	5074
4.02866666666667	7538
4.03201666666667	6853
4.03535000000000	4624
4.03868333333333	2776
4.04201666666667	7186
4.04535000000000	6645
4.04870000000000	6810
4.05203333333333	6265
4.05536666666667	8039
4.05870000000000	4553
4.06203333333333	5105
4.06538333333333	7145
4.06871666666667	6726
4.07205000000000	6308
4.07538333333333	4556
4.07871666666667	3495
4.08205000000000	3744
4.08540000000000	3994
4.08873333333333	3671
4.09206666666667	3349
4.09540000000000	8169
4.09873333333333	7132
4.10208333333333	7530
4.10541666666667	6386
4.10875000000000	2969
4.11208333333333	8652
4.11541666666667	5679
4.11876666666667	8380
4.12210000000000	7277
4.12543333333333	6013
4.12876666666667	3754
4.13210000000000	7332
4.13545000000000	6872
4.13878333333333	3740
4.14211666666667	4573
4.14545000000000	5938
4.14878333333333	6141
4.15213333333333	5063
4.15546666666667	5586
4.15880000000000	5443
4.16213333333333	4987
4.16546666666667	8003
4.16881666666667	7322
4.17215000000000	3981
4.17548333333333	2940
4.17881666666667	6563
4.18215000000000	3546
4.18550000000000	6913
4.18883333333333	6241
4.19216666666667	5453
4.19550000000000	7734
4.19883333333333	3914
4.20218333333333	7175
4.20551666666667	5851
4.20885000000000	5755
4.21218333333333	5660
4.21551666666667	6381
4.21885000000000	8036
4.22220000000000	6866
4.22553333333333	5696
4.22885000000000	5729
4.23218333333333	5761
4.23551666666667	5804
4.23886666666667	5847
4.24220000000000	6022
4.24553333333333	5983
4.24886666666667	5944
4.25220000000000	3675
4.25555000000000	3672
4.25888333333333	3875
4.26221666666667	4077
4.26555000000000	5837
4.26888333333333	6105
4.27223333333333	5864
4.27556666666667	5364
4.27890000000000	5948
4.28223333333333	6533
4.28556666666667	2960
4.28891666666667	5050
4.29225000000000	6184
4.29558333333333	5437
4.29891666666667	7045
4.30225000000000	7125
4.30560000000000	6108
4.30893333333333	4308
4.31226666666667	6318
4.31560000000000	5512
4.31893333333333	4667
4.32228333333333	4771
4.32561666666667	5983
4.32895000000000	7627
4.33228333333333	6888
4.33561666666667	6149
4.33896666666667	5854
4.34230000000000	6221
4.34563333333333	7193
4.34896666666667	4681
4.35228333333333	6000
4.35561666666667	4751
4.35896666666667	5171
4.36230000000000	6052
4.36563333333333	4589
4.36896666666667	5054
4.37230000000000	5519
4.37565000000000	5671
4.37898333333333	5575
4.38231666666667	5479
4.38565000000000	5674
4.38898333333333	5197
4.39233333333333	4720
4.39566666666667	5260
4.39900000000000	5799
4.40233333333333	3846
4.40566666666667	6278
4.40901666666667	4250
4.41235000000000	6177
4.41568333333333	8179
4.41901666666667	6802
4.42233333333333	4892
4.42568333333333	9532
4.42901666666667	3951
4.43235000000000	6135
4.43568333333333	8576
4.43901666666667	6456
4.44236666666667	9388
4.44570000000000	4228
4.44903333333333	8420
4.45236666666667	8055
4.45570000000000	7226
4.45905000000000	6682
4.46238333333333	7054
4.46571666666667	6033
4.46905000000000	6599
4.47238333333333	6328
4.47573333333333	6180
4.47906666666667	6031
4.48240000000000	5461
4.48573333333333	5536
4.48906666666667	5358
4.49238333333333	5181
4.49573333333333	5221
