1.50330000000000	0
1.50663333333333	1965
1.50996666666667	0
1.51330000000000	0
1.51663333333333	0
1.51998333333333	0
1.52331666666667	0
1.52665000000000	0
1.52998333333333	0
1.53331666666667	0
1.53666666666667	0
1.54000000000000	0
1.54333333333333	0
1.54666666666667	0
1.55000000000000	0
1.55335000000000	0
1.55668333333333	0
1.56001666666667	0
1.56335000000000	0
1.56668333333333	0
1.57003333333333	0
1.57336666666667	0
1.57670000000000	0
1.58003333333333	0
1.58336666666667	0
1.58671666666667	0
1.59005000000000	0
1.59338333333333	475
1.59671666666667	237
1.60005000000000	0
1.60340000000000	0
1.60673333333333	0
1.61006666666667	0
1.61340000000000	0
1.61673333333333	0
1.62008333333333	0
1.62341666666667	0
1.62675000000000	23
1.63008333333333	11
1.63341666666667	0
1.63676666666667	0
1.64010000000000	0
1.64343333333333	0
1.64676666666667	0
1.65010000000000	0
1.65345000000000	701
1.65678333333333	350
1.66011666666667	0
1.66345000000000	0
1.66678333333333	0
1.67013333333333	0
1.67346666666667	0
1.67680000000000	0
1.68013333333333	0
1.68346666666667	0
1.68681666666667	0
1.69015000000000	0
1.69348333333333	0
1.69681666666667	0
1.70015000000000	0
1.70350000000000	0
1.70683333333333	0
1.71016666666667	0
1.71350000000000	0
1.71683333333333	0
1.72018333333333	0
1.72351666666667	0
1.72685000000000	0
1.73018333333333	0
1.73351666666667	0
1.73686666666667	0
1.74020000000000	0
1.74353333333333	0
1.74686666666667	0
1.75020000000000	0
1.75355000000000	0
1.75688333333333	0
1.76021666666667	0
1.76355000000000	0
1.76688333333333	0
1.77023333333333	0
1.77356666666667	0
1.77690000000000	0
1.78023333333333	0
1.78356666666667	0
1.78691666666667	0
1.79025000000000	0
1.79358333333333	0
1.79691666666667	0
1.80025000000000	0
1.80360000000000	0
1.80693333333333	0
1.81026666666667	0
1.81360000000000	928
1.81693333333333	999
1.82026666666667	1484
1.82361666666667	0
1.82695000000000	0
1.83028333333333	0
1.83361666666667	0
1.83695000000000	0
1.84030000000000	0
1.84363333333333	0
1.84696666666667	0
1.85030000000000	0
1.85363333333333	0
1.85698333333333	0
1.86031666666667	0
1.86365000000000	0
1.86698333333333	0
1.87031666666667	0
1.87366666666667	0
1.87700000000000	0
1.88033333333333	0
1.88366666666667	0
1.88700000000000	0
1.89035000000000	0
1.89368333333333	0
1.89701666666667	0
1.90035000000000	0
1.90368333333333	0
1.90703333333333	0
1.91036666666667	0
1.91370000000000	0
1.91703333333333	0
1.92036666666667	0
1.92371666666667	2494
1.92705000000000	1247
1.93038333333333	0
1.93371666666667	0
1.93705000000000	0
1.94040000000000	0
1.94373333333333	0
1.94706666666667	0
1.95040000000000	0
1.95373333333333	0
1.95708333333333	0
1.96041666666667	0
1.96375000000000	0
1.96708333333333	0
1.97041666666667	0
1.97376666666667	0
1.97710000000000	0
1.98043333333333	0
1.98376666666667	0
1.98710000000000	0
1.99045000000000	0
1.99378333333333	0
1.99711666666667	0
2.00045000000000	0
2.00378333333333	0
2.00713333333333	0
2.01046666666667	0
2.01380000000000	0
2.01713333333333	0
2.02046666666667	0
2.02381666666667	0
2.02715000000000	0
2.03048333333333	0
2.03381666666667	0
2.03715000000000	0
2.04050000000000	0
2.04383333333333	0
2.04716666666667	0
2.05050000000000	0
2.05383333333333	0
2.05718333333333	0
2.06051666666667	0
2.06385000000000	0
2.06718333333333	0
2.07051666666667	0
2.07386666666667	0
2.07720000000000	0
2.08053333333333	0
2.08386666666667	0
2.08720000000000	0
2.09055000000000	0
2.09388333333333	0
2.09721666666667	0
2.10055000000000	0
2.10388333333333	0
2.10723333333333	0
2.11056666666667	0
2.11390000000000	0
2.11723333333333	0
2.12056666666667	0
2.12391666666667	0
2.12725000000000	0
2.13058333333333	0
2.13391666666667	0
2.13725000000000	0
2.14060000000000	0
2.14393333333333	0
2.14726666666667	0
2.15060000000000	0
2.15393333333333	0
2.15726666666667	0
2.16061666666667	0
2.16395000000000	0
2.16728333333333	0
2.17061666666667	0
2.17395000000000	0
2.17730000000000	0
2.18063333333333	0
2.18396666666667	0
2.18730000000000	0
2.19063333333333	0
2.19398333333333	0
2.19731666666667	0
2.20065000000000	0
2.20398333333333	0
2.20731666666667	0
2.21066666666667	0
2.21400000000000	0
2.21733333333333	0
2.22066666666667	0
2.22400000000000	907
2.22735000000000	1061
2.23068333333333	0
2.23401666666667	0
2.23735000000000	890
2.24068333333333	1625
2.24403333333333	813
2.24736666666667	0
2.25070000000000	0
2.25403333333333	0
2.25736666666667	0
2.26071666666667	1120
2.26405000000000	1005
2.26738333333333	502
2.27071666666667	0
2.27405000000000	0
2.27740000000000	0
2.28073333333333	120
2.28406666666667	241
2.28740000000000	1657
2.29073333333333	1310
2.29408333333333	962
2.29741666666667	1699
2.30075000000000	2436
2.30408333333333	1847
2.30741666666667	1257
2.31076666666667	4524
2.31410000000000	3329
2.31743333333333	2133
2.32076666666667	2433
2.32410000000000	2734
2.32745000000000	1558
2.33078333333333	2766
2.33411666666667	3973
2.33745000000000	5314
2.34078333333333	6656
2.34413333333333	6350
2.34746666666667	4583
2.35080000000000	7396
2.35413333333333	4092
2.35746666666667	771
2.36081666666667	2145
2.36415000000000	3520
2.36748333333333	11672
2.37081666666667	9556
2.37415000000000	3212
2.37750000000000	5411
2.38083333333333	11428
2.38416666666667	7470
2.38750000000000	13796
2.39083333333333	9156
2.39418333333333	13932
2.39751666666667	7896
2.40085000000000	10128
2.40418333333333	15292
2.40751666666667	13268
2.41086666666667	6913
2.41420000000000	5870
2.41753333333333	12892
2.42086666666667	9456
2.42420000000000	10252
2.42755000000000	11048
2.43088333333333	11180
2.43421666666667	14816
2.43755000000000	11320
2.44088333333333	7827
2.44423333333333	9312
2.44756666666667	10796
2.45090000000000	11724
2.45423333333333	12652
2.45756666666667	12772
2.46091666666667	18724
2.46425000000000	18324
2.46758333333333	17924
2.47091666666667	15964
2.47425000000000	14008
2.47760000000000	12976
2.48093333333333	11944
2.48426666666667	15120
2.48760000000000	18296
2.49093333333333	27584
2.49426666666667	29036
2.49761666666667	31448
2.50095000000000	12948
2.50428333333333	27272
2.50761666666667	23916
2.51095000000000	36256
2.51430000000000	36368
2.51763333333333	30768
2.52096666666667	31496
2.52430000000000	36528
2.52763333333333	19424
2.53098333333333	36640
2.53431666666667	21952
2.53765000000000	25992
2.54098333333333	27540
2.54431666666667	29592
2.54766666666667	28856
2.55100000000000	30932
2.55433333333333	33008
2.55766666666667	33216
2.56100000000000	33440
2.56435000000000	28420
2.56768333333333	30736
2.57101666666667	16240
2.57435000000000	34800
2.57768333333333	32704
2.58103333333333	21420
2.58436666666667	40864
2.58770000000000	21188
2.59103333333333	9624
2.59436666666667	29400
2.59771666666667	28732
2.60105000000000	39392
2.60438333333333	24220
2.60771666666667	33744
2.61105000000000	29724
2.61440000000000	15768
2.61773333333333	36224
2.62106666666667	43024
2.62440000000000	25148
2.62773333333333	28952
2.63108333333333	25680
2.63441666666667	30272
2.63775000000000	34864
2.64108333333333	31872
2.64441666666667	30804
2.64776666666667	29740
2.65110000000000	27764
2.65443333333333	18208
2.65776666666667	27980
2.66110000000000	22824
2.66445000000000	17668
2.66778333333333	29556
2.67111666666667	32460
2.67445000000000	34304
2.67778333333333	36160
2.68113333333333	28312
2.68446666666667	19812
2.68780000000000	39808
2.69113333333333	18956
2.69446666666667	37568
2.69781666666667	39904
2.70115000000000	23912
2.70448333333333	33456
2.70781666666667	38016
2.71115000000000	31448
2.71450000000000	24880
2.71783333333333	39200
2.72116666666667	37824
2.72450000000000	19064
2.72783333333333	33712
2.73116666666667	26404
2.73450000000000	31548
2.73783333333333	27780
2.74116666666667	30232
2.74450000000000	27476
2.74785000000000	36144
2.75118333333333	43184
2.75451666666667	41248
2.75785000000000	38032
2.76118333333333	33136
2.76453333333333	28248
2.76786666666667	27500
2.77120000000000	26752
2.77453333333333	32556
2.77786666666667	38352
2.78121666666667	34336
2.78455000000000	30328
2.78788333333333	34320
2.79121666666667	33744
2.79455000000000	33168
2.79790000000000	21060
2.80123333333333	30784
2.80456666666667	28348
2.80790000000000	21976
2.81123333333333	42496
2.81458333333333	38304
2.81791666666667	31772
2.82125000000000	33232
2.82458333333333	35344
2.82791666666667	37472
2.83125000000000	35568
2.83460000000000	27440
2.83793333333333	45296
2.84126666666667	21728
2.84460000000000	31908
2.84793333333333	24884
2.85128333333333	32800
2.85461666666667	26584
2.85795000000000	30332
2.86128333333333	26740
2.86461666666667	36432
2.86796666666667	40784
2.87130000000000	33808
2.87463333333333	26832
2.87796666666667	33504
2.88130000000000	38352
2.88465000000000	41056
2.88798333333333	27864
2.89131666666667	32800
2.89465000000000	37728
2.89798333333333	24280
2.90133333333333	26428
2.90466666666667	22244
2.90800000000000	20856
2.91133333333333	31988
2.91466666666667	31080
2.91801666666667	30168
2.92135000000000	33296
2.92468333333333	34160
2.92801666666667	35008
2.93135000000000	41168
2.93470000000000	38448
2.93803333333333	35728
2.94136666666667	36352
2.94470000000000	35664
2.94803333333333	34976
2.95138333333333	28304
2.95471666666667	35600
2.95805000000000	41712
2.96138333333333	41392
2.96471666666667	31840
2.96806666666667	12880
2.97140000000000	34656
2.97473333333333	30964
2.97806666666667	34080
2.98140000000000	33136
2.98475000000000	37904
2.98808333333333	38832
2.99141666666667	39136
2.99475000000000	19576
2.99808333333333	24904
3.00143333333333	37728
3.00476666666667	42400
3.00810000000000	35568
3.01143333333333	39744
3.01476666666667	43920
3.01811666666667	27868
3.02145000000000	39808
3.02478333333333	26024
3.02811666666667	36272
3.03145000000000	39856
3.03480000000000	37376
3.03813333333333	35920
3.04146666666667	38912
3.04480000000000	37680
3.04813333333333	33792
3.05148333333333	41296
3.05481666666667	34608
3.05815000000000	52064
3.06148333333333	55616
3.06481666666667	24108
3.06816666666667	37504
3.07150000000000	34336
3.07483333333333	27012
3.07816666666667	22236
3.08150000000000	30704
3.08485000000000	37312
3.08818333333333	32816
3.09151666666667	32468
3.09485000000000	32116
3.09818333333333	33744
3.10153333333333	32784
3.10486666666667	31820
3.10820000000000	36384
3.11153333333333	40960
3.11486666666667	35008
3.11821666666667	29064
3.12155000000000	42240
3.12488333333333	23796
3.12821666666667	21164
3.13155000000000	26596
3.13490000000000	41264
3.13823333333333	37584
3.14156666666667	35664
3.14490000000000	38896
3.14823333333333	29980
3.15158333333333	28156
3.15491666666667	26332
3.15825000000000	23628
3.16158333333333	20924
3.16491666666667	29468
3.16825000000000	28280
3.17160000000000	27088
3.17493333333333	28224
3.17826666666667	32616
3.18160000000000	39888
3.18493333333333	36096
3.18828333333333	30696
3.19161666666667	25292
3.19495000000000	34240
3.19828333333333	45824
3.20161666666667	40752
3.20496666666667	44144
3.20830000000000	29024
3.21163333333333	38560
3.21496666666667	48432
3.21830000000000	21940
3.22165000000000	40400
3.22498333333333	37344
3.22831666666667	25988
3.23165000000000	41712
3.23498333333333	25192
3.23833333333333	36368
3.24166666666667	43312
3.24500000000000	36576
3.24833333333333	32764
3.25166666666667	28956
3.25501666666667	26424
3.25835000000000	19068
3.26168333333333	25564
3.26501666666667	38160
3.26835000000000	38448
3.27170000000000	21672
3.27503333333333	33008
3.27836666666667	19388
3.28170000000000	34384
3.28503333333333	33872
3.28838333333333	26468
3.29171666666667	28664
3.29505000000000	41376
3.29838333333333	13988
3.30171666666667	46512
3.30506666666667	31100
3.30840000000000	40144
3.31173333333333	41520
3.31506666666667	31672
3.31840000000000	33152
3.32175000000000	23444
3.32508333333333	35392
3.32841666666667	40560
3.33175000000000	45728
3.33508333333333	36160
3.33843333333333	36080
3.34176666666667	41664
3.34510000000000	40560
3.34843333333333	25160
3.35176666666667	29860
3.35511666666667	25996
3.35845000000000	30664
3.36178333333333	28928
3.36511666666667	30940
3.36845000000000	32960
3.37180000000000	47776
3.37513333333333	45104
3.37846666666667	26736
3.38180000000000	36304
3.38513333333333	20944
3.38848333333333	41920
3.39181666666667	30504
3.39515000000000	35216
3.39848333333333	30464
3.40181666666667	38480
3.40516666666667	36384
3.40850000000000	34272
3.41183333333333	41888
3.41516666666667	43456
3.41850000000000	34112
3.42185000000000	37664
3.42518333333333	32880
3.42851666666667	32960
3.43185000000000	36496
3.43518333333333	35504
3.43853333333333	34512
3.44186666666667	28284
3.44520000000000	31292
3.44853333333333	34304
3.45186666666667	28156
3.45521666666667	34256
3.45855000000000	31292
3.46188333333333	28324
3.46521666666667	30772
3.46855000000000	27984
3.47190000000000	25196
3.47523333333333	20688
3.47856666666667	16176
3.48190000000000	34288
3.48523333333333	33184
3.48858333333333	29896
3.49191666666667	28404
3.49525000000000	29360
3.49858333333333	28384
3.50191666666667	27412
3.50525000000000	22856
3.50860000000000	30072
3.51193333333333	32404
3.51526666666667	24400
3.51860000000000	24224
3.52193333333333	35264
3.52528333333333	15920
3.52861666666667	41680
3.53195000000000	30100
3.53528333333333	38560
3.53861666666667	37280
3.54196666666667	37280
3.54530000000000	40624
3.54863333333333	29748
3.55196666666667	15872
3.55530000000000	38320
3.55865000000000	31896
3.56198333333333	42496
3.56531666666667	29700
3.56865000000000	13156
3.57198333333333	35008
3.57533333333333	38032
3.57866666666667	27444
3.58200000000000	36448
3.58533333333333	37232
3.58866666666667	24856
3.59200000000000	35248
3.59533333333333	40736
3.59866666666667	28768
3.60200000000000	29308
3.60533333333333	35344
3.60868333333333	30048
3.61201666666667	39168
3.61535000000000	37648
3.61868333333333	36144
3.62201666666667	34912
3.62536666666667	28080
3.62870000000000	28828
3.63203333333333	32728
3.63536666666667	30708
3.63870000000000	34096
3.64205000000000	24376
3.64538333333333	28436
3.64871666666667	38000
3.65205000000000	33952
3.65538333333333	39200
3.65873333333333	34464
3.66206666666667	34224
3.66540000000000	35712
3.66873333333333	34960
3.67206666666667	35472
3.67541666666667	36000
3.67875000000000	25920
3.68208333333333	32552
3.68541666666667	39184
3.68875000000000	34688
3.69210000000000	36480
3.69543333333333	26200
3.69876666666667	31160
3.70210000000000	36128
3.70543333333333	37184
3.70878333333333	34208
3.71211666666667	34688
3.71545000000000	34960
3.71878333333333	35248
3.72211666666667	33088
3.72545000000000	34672
3.72878333333333	36256
3.73211666666667	34848
3.73545000000000	33440
3.73878333333333	27988
3.74213333333333	37200
3.74546666666667	20856
3.74880000000000	19416
3.75213333333333	31468
3.75546666666667	25512
3.75881666666667	19556
3.76215000000000	23632
3.76548333333333	25168
3.76881666666667	17496
3.77215000000000	16408
3.77550000000000	15432
3.77883333333333	14456
3.78216666666667	41616
3.78550000000000	35168
3.78883333333333	53168
3.79218333333333	50176
3.79551666666667	37760
3.79885000000000	32736
3.80218333333333	36864
3.80551666666667	33440
3.80886666666667	20232
3.81220000000000	23852
3.81553333333333	21984
3.81886666666667	31280
3.82220000000000	40576
3.82555000000000	29256
3.82888333333333	17932
3.83221666666667	23956
3.83555000000000	28616
3.83888333333333	43552
3.84221666666667	41376
3.84556666666667	25200
3.84890000000000	24640
3.85223333333333	23720
3.85556666666667	25520
3.85890000000000	27364
3.86225000000000	27952
3.86558333333333	28540
3.86891666666667	23980
3.87225000000000	19420
3.87558333333333	41648
3.87893333333333	47392
3.88226666666667	28296
3.88560000000000	46224
3.88893333333333	20528
3.89226666666667	37536
3.89561666666667	35264
3.89895000000000	36160
3.90228333333333	42064
3.90561666666667	19968
3.90895000000000	28908
3.91230000000000	20104
3.91563333333333	21304
3.91896666666667	22508
3.92230000000000	23024
3.92563333333333	25616
3.92898333333333	32012
3.93231666666667	26908
3.93565000000000	21804
3.93898333333333	26468
3.94231666666667	31136
3.94566666666667	33024
3.94900000000000	17860
3.95233333333333	23956
3.95566666666667	42048
3.95900000000000	43136
3.96235000000000	22828
3.96568333333333	37040
3.96901666666667	35968
3.97235000000000	32300
3.97568333333333	30008
3.97903333333333	33136
3.98236666666667	36256
3.98570000000000	36736
3.98903333333333	30216
3.99236666666667	30696
3.99571666666667	35328
3.99905000000000	35840
4.00238333333333	32496
4.00571666666667	31188
4.00905000000000	29876
4.01240000000000	23064
4.01573333333333	34032
4.01906666666667	31392
4.02240000000000	28756
4.02573333333333	26228
4.02908333333333	23704
4.03241666666667	33840
4.03575000000000	31008
4.03908333333333	45472
4.04241666666667	44608
4.04576666666667	43888
4.04910000000000	26628
4.05243333333333	31520
4.05576666666667	34704
4.05910000000000	37872
4.06245000000000	35296
4.06578333333333	37888
4.06911666666667	44448
4.07245000000000	20488
4.07578333333333	23444
4.07913333333333	22980
4.08246666666667	29800
4.08580000000000	31864
4.08913333333333	33920
4.09246666666667	15908
4.09581666666667	22700
4.09915000000000	25680
4.10248333333333	28660
4.10581666666667	39920
4.10915000000000	39248
4.11250000000000	23164
4.11583333333333	34960
4.11916666666667	39664
4.12250000000000	30748
4.12583333333333	39968
4.12918333333333	36320
4.13251666666667	32008
4.13585000000000	42096
4.13918333333333	22824
4.14251666666667	22740
4.14586666666667	43776
4.14920000000000	39680
4.15253333333333	43872
4.15586666666667	28412
4.15920000000000	52784
4.16255000000000	43984
4.16588333333333	39376
4.16921666666667	40000
4.17255000000000	30172
4.17588333333333	38048
4.17921666666667	34192
4.18256666666667	45152
4.18590000000000	46800
4.18923333333333	26040
4.19256666666667	34896
4.19590000000000	33424
4.19925000000000	37968
4.20258333333333	33696
4.20591666666667	29404
4.20925000000000	48560
4.21258333333333	47936
4.21593333333333	33344
4.21926666666667	32880
4.22260000000000	28320
4.22593333333333	29592
4.22926666666667	30868
4.23261666666667	30800
4.23595000000000	30728
4.23928333333333	34752
4.24261666666667	38784
4.24595000000000	42816
4.24930000000000	38992
4.25263333333333	28928
4.25596666666667	37600
4.25930000000000	40080
4.26263333333333	31828
4.26598333333333	29136
4.26931666666667	24888
4.27265000000000	32736
4.27598333333333	25812
4.27931666666667	24696
4.28266666666667	24852
4.28600000000000	25004
4.28933333333333	44768
4.29266666666667	44336
4.29600000000000	43344
4.29935000000000	43232
4.30268333333333	31084
4.30601666666667	51680
4.30935000000000	16488
4.31268333333333	39728
4.31603333333333	45120
4.31936666666667	26888
4.32270000000000	47072
4.32603333333333	25164
4.32936666666667	54320
4.33271666666667	36384
4.33605000000000	27528
4.33938333333333	27368
4.34271666666667	28068
4.34605000000000	28768
4.34940000000000	26124
4.35273333333333	23480
4.35606666666667	43360
4.35940000000000	47648
4.36273333333333	21752
4.36608333333333	31908
4.36941666666667	42912
4.37275000000000	25896
4.37608333333333	44928
4.37941666666667	40256
4.38276666666667	25380
4.38610000000000	41680
4.38943333333333	33200
4.39276666666667	24152
4.39610000000000	26900
4.39945000000000	36336
4.40278333333333	45760
4.40611666666667	40848
4.40945000000000	39568
4.41278333333333	30960
4.41613333333333	21156
4.41946666666667	38160
4.42280000000000	35040
4.42613333333333	43712
4.42946666666667	32120
4.43281666666667	20980
4.43615000000000	43104
4.43948333333333	35744
4.44281666666667	52672
4.44615000000000	51616
4.44950000000000	25096
4.45283333333333	37680
4.45616666666667	32020
4.45950000000000	14448
4.46283333333333	33072
4.46618333333333	26824
4.46951666666667	28092
4.47285000000000	24124
4.47618333333333	22244
4.47951666666667	20360
4.48286666666667	25380
4.48620000000000	30396
4.48953333333333	28016
4.49286666666667	35696
4.49620000000000	37728
