1.50330000000000	446
1.50663333333333	2021
1.50996666666667	0
1.51330000000000	0
1.51663333333333	0
1.51998333333333	0
1.52331666666667	0
1.52665000000000	0
1.52998333333333	0
1.53331666666667	0
1.53666666666667	0
1.54000000000000	0
1.54333333333333	1181
1.54666666666667	1002
1.55000000000000	0
1.55335000000000	2733
1.55668333333333	2246
1.56001666666667	2722
1.56335000000000	0
1.56668333333333	0
1.57003333333333	0
1.57336666666667	0
1.57670000000000	0
1.58003333333333	158
1.58336666666667	79
1.58671666666667	0
1.59005000000000	0
1.59338333333333	601
1.59671666666667	300
1.60005000000000	0
1.60340000000000	457
1.60673333333333	229
1.61006666666667	0
1.61340000000000	0
1.61671666666667	307
1.62006666666667	154
1.62340000000000	0
1.62673333333333	30
1.63006666666667	61
1.63340000000000	0
1.63675000000000	0
1.64008333333333	0
1.64341666666667	0
1.64675000000000	0
1.65008333333333	0
1.65343333333333	0
1.65676666666667	0
1.66010000000000	0
1.66343333333333	0
1.66676666666667	0
1.67011666666667	255
1.67345000000000	244
1.67678333333333	122
1.68011666666667	0
1.68345000000000	0
1.68680000000000	0
1.69013333333333	0
1.69346666666667	0
1.69680000000000	626
1.70013333333333	313
1.70348333333333	0
1.70681666666667	0
1.71015000000000	0
1.71348333333333	0
1.71681666666667	0
1.72016666666667	0
1.72350000000000	0
1.72683333333333	0
1.73016666666667	1149
1.73350000000000	1217
1.73685000000000	1285
1.74018333333333	0
1.74351666666667	0
1.74685000000000	1092
1.75018333333333	0
1.75353333333333	0
1.75686666666667	1804
1.76020000000000	1780
1.76353333333333	0
1.76686666666667	0
1.77021666666667	0
1.77355000000000	0
1.77688333333333	590
1.78021666666667	546
1.78355000000000	502
1.78690000000000	251
1.79023333333333	0
1.79356666666667	0
1.79690000000000	0
1.80023333333333	0
1.80358333333333	0
1.80691666666667	0
1.81025000000000	0
1.81358333333333	0
1.81691666666667	0
1.82025000000000	0
1.82360000000000	0
1.82693333333333	0
1.83026666666667	0
1.83360000000000	0
1.83693333333333	0
1.84028333333333	0
1.84361666666667	0
1.84695000000000	0
1.85028333333333	0
1.85361666666667	0
1.85696666666667	0
1.86030000000000	0
1.86363333333333	0
1.86696666666667	0
1.87030000000000	0
1.87365000000000	0
1.87698333333333	0
1.88031666666667	0
1.88365000000000	0
1.88698333333333	0
1.89033333333333	0
1.89366666666667	0
1.89700000000000	0
1.90033333333333	46
1.90366666666667	23
1.90701666666667	0
1.91035000000000	0
1.91368333333333	0
1.91701666666667	0
1.92035000000000	0
1.92370000000000	0
1.92703333333333	0
1.93036666666667	0
1.93370000000000	0
1.93703333333333	0
1.94038333333333	0
1.94371666666667	1378
1.94705000000000	1718
1.95038333333333	0
1.95371666666667	0
1.95706666666667	0
1.96040000000000	0
1.96373333333333	0
1.96706666666667	487
1.97040000000000	244
1.97375000000000	0
1.97708333333333	0
1.98041666666667	0
1.98375000000000	0
1.98708333333333	0
1.99043333333333	0
1.99376666666667	0
1.99710000000000	0
2.00043333333333	0
2.00376666666667	0
2.00711666666667	0
2.01045000000000	0
2.01378333333333	0
2.01711666666667	0
2.02045000000000	0
2.02380000000000	0
2.02713333333333	0
2.03046666666667	0
2.03380000000000	0
2.03713333333333	0
2.04048333333333	0
2.04381666666667	0
2.04715000000000	0
2.05048333333333	437
2.05381666666667	537
2.05716666666667	637
2.06050000000000	0
2.06383333333333	0
2.06716666666667	267
2.07050000000000	133
2.07385000000000	0
2.07718333333333	0
2.08051666666667	0
2.08385000000000	0
2.08718333333333	0
2.09053333333333	0
2.09386666666667	0
2.09720000000000	0
2.10053333333333	0
2.10386666666667	0
2.10721666666667	913
2.11055000000000	457
2.11388333333333	0
2.11721666666667	0
2.12055000000000	0
2.12390000000000	0
2.12723333333333	0
2.13056666666667	0
2.13390000000000	0
2.13723333333333	0
2.14058333333333	0
2.14391666666667	0
2.14725000000000	0
2.15058333333333	0
2.15391666666667	0
2.15725000000000	1287
2.16060000000000	1793
2.16393333333333	2655
2.16726666666667	3338
2.17060000000000	0
2.17393333333333	0
2.17728333333333	0
2.18061666666667	0
2.18395000000000	0
2.18728333333333	0
2.19061666666667	0
2.19396666666667	626
2.19730000000000	313
2.20063333333333	0
2.20396666666667	105
2.20730000000000	211
2.21065000000000	867
2.21398333333333	434
2.21731666666667	0
2.22065000000000	0
2.22398333333333	0
2.22733333333333	0
2.23066666666667	1524
2.23400000000000	1786
2.23733333333333	2048
2.24066666666667	818
2.24401666666667	2332
2.24735000000000	1813
2.25068333333333	1234
2.25401666666667	2001
2.25735000000000	2769
2.26070000000000	2357
2.26403333333333	1945
2.26736666666667	1802
2.27070000000000	8516
2.27403333333333	7837
2.27738333333333	7507
2.28071666666667	5510
2.28405000000000	3513
2.28738333333333	3731
2.29071666666667	3949
2.29406666666667	14184
2.29740000000000	12468
2.30073333333333	16052
2.30406666666667	14236
2.30740000000000	16344
2.31075000000000	27224
2.31408333333333	24896
2.31741666666667	28004
2.32075000000000	28736
2.32408333333333	37072
2.32743333333333	36176
2.33076666666667	41280
2.33410000000000	23212
2.33743333333333	21816
2.34076666666667	41776
2.34411666666667	46592
2.34745000000000	40576
2.35078333333333	35136
2.35411666666667	46752
2.35745000000000	46912
2.36080000000000	47072
2.36413333333333	57456
2.36746666666667	32704
2.37080000000000	70688
2.37413333333333	65904
2.37748333333333	53680
2.38081666666667	78048
2.38415000000000	68976
2.38748333333333	59888
2.39081666666667	91040
2.39416666666667	90080
2.39750000000000	45136
2.40083333333333	90272
2.40416666666667	83104
2.40750000000000	108624
2.41085000000000	102576
2.41418333333333	99488
2.41751666666667	108096
2.42085000000000	92128
2.42418333333333	114752
2.42753333333333	118832
2.43086666666667	85472
2.43420000000000	101600
2.43753333333333	104768
2.44086666666667	114160
2.44421666666667	122320
2.44755000000000	125536
2.45088333333333	95952
2.45421666666667	119520
2.45755000000000	82976
2.46090000000000	124528
2.46423333333333	123680
2.46756666666667	120992
2.47090000000000	123840
2.47423333333333	128816
2.47758333333333	134976
2.48091666666667	141184
2.48425000000000	150144
2.48758333333333	92848
2.49091666666667	155712
2.49425000000000	170560
2.49760000000000	100896
2.50093333333333	77152
2.50426666666667	128736
2.50760000000000	79824
2.51093333333333	170624
2.51428333333333	133696
2.51761666666667	153600
2.52095000000000	155648
2.52428333333333	137664
2.52761666666667	119712
2.53096666666667	145728
2.53430000000000	122800
2.53763333333333	140032
2.54096666666667	125104
2.54430000000000	129488
2.54765000000000	132224
2.55098333333333	136064
2.55431666666667	132864
2.55765000000000	149312
2.56098333333333	156992
2.56433333333333	159296
2.56766666666667	156288
2.57100000000000	100944
2.57433333333333	132416
2.57766666666667	168768
2.58101666666667	148480
2.58435000000000	150016
2.58768333333333	174208
2.59101666666667	148224
2.59435000000000	177728
2.59770000000000	178048
2.60103333333333	117504
2.60436666666667	142912
2.60770000000000	178176
2.61103333333333	122080
2.61438333333333	185984
2.61771666666667	166272
2.62105000000000	153280
2.62438333333333	137408
2.62771666666667	132544
2.63106666666667	99568
2.63440000000000	168320
2.63773333333333	191040
2.64106666666667	125952
2.64440000000000	178048
2.64775000000000	169664
2.65108333333333	161536
2.65441666666667	153472
2.65775000000000	128064
2.66108333333333	153472
2.66443333333333	158912
2.66776666666667	160576
2.67110000000000	153024
2.67443333333333	119264
2.67776666666667	147968
2.68111666666667	177152
2.68445000000000	84448
2.68778333333333	174912
2.69111666666667	123104
2.69445000000000	135744
2.69780000000000	156224
2.70113333333333	117120
2.70446666666667	192064
2.70780000000000	208384
2.71113333333333	137536
2.71448333333333	156992
2.71781666666667	176896
2.72115000000000	169216
2.72448333333333	146624
2.72781666666667	161216
2.73116666666667	155584
2.73450000000000	176128
2.73783333333333	184832
2.74116666666667	111280
2.74450000000000	166016
2.74785000000000	143040
2.75118333333333	182976
2.75451666666667	162048
2.75785000000000	168512
2.76118333333333	119840
2.76453333333333	174144
2.76786666666667	195840
2.77120000000000	165504
2.77453333333333	100144
2.77786666666667	186240
2.78121666666667	192448
2.78455000000000	152256
2.78788333333333	163904
2.79121666666667	180544
2.79455000000000	208704
2.79790000000000	190336
2.80123333333333	207424
2.80456666666667	204608
2.80790000000000	170496
2.81123333333333	125248
2.81458333333333	163328
2.81791666666667	190144
2.82125000000000	143296
2.82458333333333	188352
2.82791666666667	198848
2.83125000000000	187904
2.83460000000000	191872
2.83793333333333	177088
2.84126666666667	170688
2.84460000000000	169792
2.84793333333333	168896
2.85128333333333	158016
2.85461666666667	91408
2.85795000000000	162176
2.86128333333333	165632
2.86461666666667	171392
2.86796666666667	172608
2.87130000000000	173824
2.87463333333333	173248
2.87796666666667	158144
2.88130000000000	143040
2.88465000000000	120448
2.88798333333333	163520
2.89131666666667	144704
2.89465000000000	133952
2.89798333333333	188096
2.90133333333333	181952
2.90466666666667	192704
2.90800000000000	192960
2.91133333333333	176896
2.91466666666667	178176
2.91801666666667	179456
2.92135000000000	173696
2.92468333333333	175808
2.92801666666667	178304
2.93135000000000	111856
2.93470000000000	176832
2.93803333333333	129216
2.94136666666667	127472
2.94470000000000	189120
2.94803333333333	196928
2.95138333333333	135360
2.95471666666667	164672
2.95805000000000	207680
2.96138333333333	111952
2.96471666666667	207232
2.96806666666667	144960
2.97140000000000	123664
2.97473333333333	185920
2.97806666666667	159296
2.98140000000000	175232
2.98475000000000	180480
2.98808333333333	168960
2.99141666666667	102304
2.99475000000000	153664
2.99808333333333	162688
3.00143333333333	110032
3.00476666666667	166720
3.00810000000000	129776
3.01143333333333	178816
3.01476666666667	177408
3.01811666666667	183872
3.02145000000000	177408
3.02478333333333	163712
3.02811666666667	191552
3.03145000000000	156800
3.03480000000000	123536
3.03813333333333	185856
3.04146666666667	172224
3.04480000000000	196736
3.04813333333333	194560
3.05148333333333	192384
3.05481666666667	182656
3.05815000000000	164032
3.06148333333333	190592
3.06481666666667	154432
3.06816666666667	174144
3.07150000000000	191360
3.07483333333333	206080
3.07816666666667	182784
3.08150000000000	156352
3.08485000000000	154752
3.08818333333333	177408
3.09151666666667	169216
3.09485000000000	186880
3.09818333333333	128016
3.10153333333333	196736
3.10486666666667	211136
3.10820000000000	132736
3.11153333333333	192448
3.11486666666667	181056
3.11821666666667	121168
3.12155000000000	162560
3.12488333333333	139648
3.12821666666667	161408
3.13155000000000	138112
3.13490000000000	114768
3.13823333333333	187840
3.14156666666667	205376
3.14490000000000	185280
3.14823333333333	206080
3.15156666666667	198528
3.15490000000000	113376
3.15823333333333	171328
3.16156666666667	199104
3.16490000000000	152576
3.16823333333333	188736
3.17158333333333	180928
3.17491666666667	178176
3.17825000000000	190528
3.18158333333333	141824
3.18491666666667	157760
3.18826666666667	193664
3.19160000000000	178368
3.19493333333333	182208
3.19826666666667	156160
3.20160000000000	146944
3.20495000000000	137792
3.20828333333333	128672
3.21161666666667	178752
3.21495000000000	169984
3.21828333333333	136128
3.22163333333333	137344
3.22496666666667	159424
3.22830000000000	139264
3.23163333333333	119056
3.23496666666667	98720
3.23831666666667	119952
3.24165000000000	141184
3.24498333333333	170304
3.24831666666667	169280
3.25165000000000	168256
3.25500000000000	166144
3.25833333333333	164032
3.26166666666667	132928
3.26500000000000	124176
3.26833333333333	199680
3.27168333333333	189312
3.27501666666667	126320
3.27835000000000	170496
3.28168333333333	201664
3.28501666666667	169344
3.28836666666667	204800
3.29170000000000	182208
3.29503333333333	161664
3.29836666666667	143296
3.30170000000000	196608
3.30505000000000	171456
3.30838333333333	101024
3.31171666666667	142080
3.31505000000000	156096
3.31838333333333	155072
3.32173333333333	154112
3.32506666666667	177152
3.32840000000000	165888
3.33173333333333	154688
3.33506666666667	126368
3.33841666666667	150016
3.34175000000000	149952
3.34508333333333	167936
3.34841666666667	121968
3.35175000000000	167296
3.35510000000000	188800
3.35843333333333	174080
3.36176666666667	160704
3.36510000000000	190912
3.36843333333333	120768
3.37178333333333	168576
3.37511666666667	112704
3.37845000000000	211648
3.38178333333333	202560
3.38511666666667	164160
3.38846666666667	142400
3.39180000000000	187200
3.39513333333333	201728
3.39846666666667	173952
3.40180000000000	100768
3.40515000000000	128032
3.40848333333333	180928
3.41181666666667	159680
3.41515000000000	188992
3.41848333333333	193280
3.42181666666667	113424
3.42515000000000	179072
3.42848333333333	134144
3.43181666666667	125312
3.43515000000000	177984
3.43850000000000	155968
3.44183333333333	165504
3.44516666666667	182656
3.44850000000000	164288
3.45183333333333	166080
3.45518333333333	185152
3.45851666666667	161920
3.46185000000000	156416
3.46518333333333	189184
3.46851666666667	206848
3.47186666666667	139136
3.47520000000000	153216
3.47853333333333	130496
3.48186666666667	127072
3.48520000000000	123632
3.48855000000000	141632
3.49188333333333	193536
3.49521666666667	201664
3.49855000000000	140032
3.50188333333333	158656
3.50521666666667	199488
3.50856666666667	166464
3.51190000000000	148480
3.51523333333333	153280
3.51856666666667	160320
3.52190000000000	167360
3.52525000000000	171520
3.52858333333333	132928
3.53191666666667	219968
3.53525000000000	199744
3.53858333333333	178368
3.54193333333333	219968
3.54526666666667	161024
3.54860000000000	132992
3.55193333333333	206720
3.55526666666667	155136
3.55861666666667	181952
3.56195000000000	177600
3.56528333333333	130816
3.56861666666667	200576
3.57195000000000	164480
3.57530000000000	196096
3.57863333333333	182336
3.58196666666667	212608
3.58530000000000	149440
3.58863333333333	168960
3.59198333333333	164352
3.59531666666667	121328
3.59865000000000	153280
3.60198333333333	126224
3.60531666666667	142656
3.60866666666667	145088
3.61200000000000	147520
3.61533333333333	166400
3.61866666666667	192128
3.62200000000000	87312
3.62535000000000	175744
3.62868333333333	162688
3.63201666666667	118080
3.63535000000000	171072
3.63868333333333	157568
3.64203333333333	147392
3.64536666666667	137216
3.64870000000000	148800
3.65203333333333	145728
3.65536666666667	142720
3.65871666666667	143936
3.66205000000000	145152
3.66538333333333	150784
3.66871666666667	156352
3.67205000000000	175168
3.67540000000000	194624
3.67873333333333	186816
3.68206666666667	179072
3.68540000000000	120640
3.68873333333333	174912
3.69208333333333	180352
3.69541666666667	196800
3.69875000000000	178432
3.70208333333333	148736
3.70541666666667	195968
3.70876666666667	198464
3.71210000000000	178112
3.71543333333333	191616
3.71876666666667	187584
3.72210000000000	187584
3.72545000000000	187648
3.72878333333333	197760
3.73211666666667	117552
3.73545000000000	215680
3.73878333333333	171200
3.74213333333333	193472
3.74546666666667	189312
3.74880000000000	126416
3.75213333333333	134848
3.75546666666667	164480
3.75881666666667	169024
3.76215000000000	152256
3.76548333333333	171392
3.76881666666667	162432
3.77215000000000	144256
3.77550000000000	188288
3.77883333333333	183040
3.78216666666667	177856
3.78550000000000	172672
3.78883333333333	167552
3.79218333333333	174336
3.79551666666667	181120
3.79885000000000	157120
3.80218333333333	184832
3.80551666666667	163648
3.80886666666667	103088
3.81220000000000	190080
3.81553333333333	166912
3.81886666666667	173504
3.82220000000000	163264
3.82555000000000	170496
3.82888333333333	177728
3.83221666666667	163264
3.83555000000000	148736
3.83888333333333	190912
3.84221666666667	172032
3.84556666666667	129264
3.84890000000000	196352
3.85223333333333	176704
3.85556666666667	159104
3.85890000000000	177728
3.86225000000000	166912
3.86558333333333	156096
3.86891666666667	195840
3.87225000000000	212032
3.87558333333333	113200
3.87893333333333	193152
3.88226666666667	200128
3.88560000000000	122736
3.88893333333333	198400
3.89226666666667	188096
3.89561666666667	192960
3.89895000000000	166592
3.90228333333333	184320
3.90561666666667	197888
3.90895000000000	185280
3.91230000000000	199552
3.91563333333333	189120
3.91896666666667	136320
3.92230000000000	154048
3.92563333333333	182336
3.92898333333333	155840
3.93231666666667	118928
3.93565000000000	184960
3.93898333333333	190272
3.94231666666667	184000
3.94566666666667	151360
3.94900000000000	160640
3.95233333333333	201280
3.95566666666667	192512
3.95900000000000	161280
3.96235000000000	183232
3.96568333333333	160704
3.96901666666667	145536
3.97235000000000	142336
3.97568333333333	154560
3.97903333333333	142976
3.98236666666667	131392
3.98570000000000	173504
3.98903333333333	196928
3.99236666666667	207680
3.99571666666667	173504
3.99905000000000	203968
4.00238333333333	166144
4.00571666666667	160512
4.00905000000000	166976
4.01240000000000	153984
4.01573333333333	161728
4.01906666666667	169472
4.02240000000000	156352
4.02573333333333	143232
4.02908333333333	172608
4.03241666666667	182848
4.03575000000000	168960
4.03908333333333	176576
4.04241666666667	184192
4.04576666666667	187392
4.04910000000000	190592
4.05243333333333	150592
4.05576666666667	175360
4.05910000000000	181568
4.06245000000000	187776
4.06578333333333	139456
4.06911666666667	183616
4.07245000000000	124224
4.07578333333333	137536
4.07913333333333	150912
4.08246666666667	157376
4.08580000000000	128784
4.08913333333333	149760
4.09246666666667	187328
4.09581666666667	199744
4.09915000000000	170560
4.10248333333333	175424
4.10581666666667	154240
4.10915000000000	163968
4.11250000000000	149504
4.11583333333333	151680
4.11916666666667	155072
4.12250000000000	158528
4.12583333333333	155904
4.12918333333333	154496
4.13251666666667	174016
4.13585000000000	173056
4.13918333333333	172096
4.14251666666667	171392
4.14586666666667	170240
4.14920000000000	169152
4.15253333333333	164224
4.15586666666667	121264
4.15920000000000	105184
4.16255000000000	186496
4.16588333333333	177152
4.16921666666667	207680
4.17255000000000	145280
4.17588333333333	197312
4.17921666666667	154112
4.18256666666667	173440
4.18590000000000	98368
4.18923333333333	125456
4.19256666666667	165824
4.19590000000000	208192
4.19925000000000	175680
4.20258333333333	115200
4.20591666666667	183104
4.20925000000000	178496
4.21258333333333	134976
4.21593333333333	147456
4.21926666666667	194560
4.22260000000000	167936
4.22593333333333	185600
4.22926666666667	170752
4.23261666666667	161152
4.23595000000000	117344
4.23928333333333	139072
4.24261666666667	160832
4.24595000000000	149440
4.24930000000000	171648
4.25263333333333	177664
4.25596666666667	154496
4.25930000000000	171584
4.26263333333333	163904
4.26598333333333	156288
4.26931666666667	168704
4.27265000000000	181120
4.27598333333333	180352
4.27931666666667	120016
4.28266666666667	193920
4.28600000000000	195072
4.28933333333333	224768
4.29266666666667	166592
4.29600000000000	162176
4.29935000000000	198144
4.30268333333333	129840
4.30601666666667	185728
4.30935000000000	179840
4.31268333333333	116480
4.31603333333333	139200
4.31936666666667	190080
4.32270000000000	147200
4.32603333333333	115712
4.32936666666667	197568
4.33271666666667	204032
4.33605000000000	146688
4.33938333333333	172736
4.34271666666667	113440
4.34605000000000	198016
4.34940000000000	147520
4.35273333333333	182528
4.35606666666667	154432
4.35940000000000	132352
4.36273333333333	129296
4.36608333333333	142976
4.36941666666667	129280
4.37275000000000	161088
4.37608333333333	174336
4.37941666666667	165248
4.38276666666667	156160
4.38610000000000	168512
4.38943333333333	158784
4.39276666666667	106928
4.39610000000000	165248
4.39945000000000	178816
4.40278333333333	100656
4.40611666666667	202240
4.40945000000000	106000
4.41278333333333	155456
4.41613333333333	201088
4.41946666666667	156288
4.42280000000000	177728
4.42613333333333	166656
4.42946666666667	149312
4.43281666666667	148864
4.43615000000000	157056
4.43948333333333	178112
4.44281666666667	188224
4.44615000000000	164992
4.44950000000000	190016
4.45283333333333	141056
4.45616666666667	146816
4.45950000000000	143040
4.46283333333333	179712
4.46618333333333	170304
4.46951666666667	160960
4.47285000000000	203840
4.47618333333333	195328
4.47951666666667	108560
4.48286666666667	159872
4.48620000000000	119760
4.48953333333333	127312
4.49286666666667	176512
4.49620000000000	165056
