1.50080000000000	734
1.50163333333333	0
1.50246666666667	14
1.50330000000000	318
1.50413333333333	275
1.50496666666667	233
1.50580000000000	0
1.50663333333333	14
1.50746666666667	750
1.50830000000000	546
1.50913333333333	0
1.50996666666667	307
1.51080000000000	0
1.51163333333333	1107
1.51246666666667	1019
1.51330000000000	0
1.51413333333333	427
1.51496666666667	0
1.51580000000000	0
1.51663333333333	369
1.51746666666667	0
1.51831666666667	0
1.51915000000000	0
1.51998333333333	96
1.52081666666667	192
1.52165000000000	96
1.52248333333333	0
1.52331666666667	0
1.52415000000000	143
1.52498333333333	107
1.52581666666667	72
1.52665000000000	0
1.52748333333333	0
1.52831666666667	0
1.52915000000000	673
1.52998333333333	336
1.53081666666667	0
1.53165000000000	0
1.53248333333333	0
1.53331666666667	309
1.53415000000000	395
1.53500000000000	0
1.53583333333333	27
1.53666666666667	0
1.53750000000000	0
1.53833333333333	0
1.53916666666667	0
1.54000000000000	0
1.54083333333333	0
1.54166666666667	0
1.54250000000000	0
1.54333333333333	376
1.54416666666667	516
1.54500000000000	370
1.54583333333333	0
1.54666666666667	0
1.54750000000000	0
1.54833333333333	0
1.54916666666667	0
1.55000000000000	0
1.55083333333333	0
1.55166666666667	0
1.55251666666667	0
1.55335000000000	0
1.55418333333333	0
1.55501666666667	166
1.55585000000000	333
1.55668333333333	166
1.55751666666667	0
1.55835000000000	0
1.55918333333333	0
1.56001666666667	0
1.56085000000000	116
1.56168333333333	248
1.56251666666667	124
1.56335000000000	0
1.56418333333333	0
1.56501666666667	0
1.56585000000000	0
1.56668333333333	8
1.56750000000000	4
1.56833333333333	0
1.56918333333333	182
1.57001666666667	365
1.57085000000000	318
1.57168333333333	0
1.57251666666667	0
1.57335000000000	0
1.57418333333333	0
1.57501666666667	0
1.57585000000000	0
1.57668333333333	0
1.57751666666667	441
1.57835000000000	397
1.57918333333333	704
1.58001666666667	0
1.58085000000000	370
1.58168333333333	168
1.58251666666667	0
1.58335000000000	291
1.58418333333333	0
1.58501666666667	0
1.58585000000000	0
1.58670000000000	0
1.58753333333333	0
1.58836666666667	0
1.58920000000000	0
1.59003333333333	576
1.59086666666667	542
1.59170000000000	353
1.59253333333333	44
1.59336666666667	0
1.59420000000000	0
1.59503333333333	418
1.59586666666667	333
1.59670000000000	238
1.59753333333333	0
1.59836666666667	0
1.59920000000000	0
1.60003333333333	0
1.60086666666667	0
1.60170000000000	0
1.60253333333333	0
1.60338333333333	0
1.60421666666667	0
1.60505000000000	0
1.60588333333333	0
1.60671666666667	0
1.60755000000000	0
1.60838333333333	0
1.60921666666667	0
1.61005000000000	0
1.61088333333333	0
1.61171666666667	0
1.61255000000000	0
1.61338333333333	0
1.61421666666667	0
1.61505000000000	0
1.61588333333333	587
1.61671666666667	328
1.61755000000000	68
1.61838333333333	0
1.61921666666667	0
1.62005000000000	0
1.62090000000000	0
1.62173333333333	0
1.62256666666667	14
1.62340000000000	147
1.62423333333333	74
1.62506666666667	0
1.62590000000000	0
1.62673333333333	0
1.62756666666667	391
1.62840000000000	570
1.62923333333333	483
1.63006666666667	395
1.63090000000000	0
1.63173333333333	313
1.63256666666667	298
1.63340000000000	0
1.63423333333333	420
1.63506666666667	455
1.63590000000000	359
1.63673333333333	0
1.63758333333333	0
1.63841666666667	0
1.63925000000000	485
1.64008333333333	470
1.64091666666667	282
1.64175000000000	0
1.64258333333333	157
1.64341666666667	0
1.64423333333333	193
1.64506666666667	104
1.64590000000000	14
1.64673333333333	35
1.64756666666667	55
1.64840000000000	0
1.64923333333333	0
1.65006666666667	0
1.65090000000000	0
1.65173333333333	637
1.65256666666667	556
1.65340000000000	0
1.65423333333333	455
1.65508333333333	251
1.65591666666667	0
1.65675000000000	504
1.65758333333333	0
1.65841666666667	108
1.65925000000000	0
1.66008333333333	0
1.66091666666667	0
1.66175000000000	0
1.66258333333333	0
1.66341666666667	0
1.66425000000000	0
1.66508333333333	0
1.66591666666667	0
1.66675000000000	0
1.66758333333333	463
1.66841666666667	730
1.66925000000000	373
1.67008333333333	270
1.67091666666667	0
1.67176666666667	95
1.67260000000000	0
1.67343333333333	0
1.67426666666667	13
1.67510000000000	7
1.67593333333333	0
1.67676666666667	0
1.67760000000000	0
1.67843333333333	0
1.67926666666667	0
1.68010000000000	289
1.68093333333333	255
1.68176666666667	128
1.68260000000000	0
1.68343333333333	0
1.68426666666667	0
1.68510000000000	0
1.68593333333333	0
1.68676666666667	251
1.68760000000000	126
1.68843333333333	0
1.68928333333333	152
1.69011666666667	76
1.69095000000000	0
1.69178333333333	329
1.69261666666667	164
1.69345000000000	0
1.69428333333333	363
1.69511666666667	306
1.69595000000000	235
1.69678333333333	0
1.69761666666667	154
1.69845000000000	238
1.69928333333333	323
1.70011666666667	183
1.70095000000000	0
1.70178333333333	269
1.70261666666667	134
1.70345000000000	0
1.70428333333333	335
1.70511666666667	0
1.70596666666667	294
1.70680000000000	295
1.70763333333333	205
1.70846666666667	365
1.70930000000000	0
1.71013333333333	0
1.71096666666667	0
1.71180000000000	0
1.71263333333333	0
1.71346666666667	0
1.71430000000000	306
1.71513333333333	442
1.71596666666667	333
1.71680000000000	0
1.71763333333333	0
1.71846666666667	0
1.71930000000000	0
1.72013333333333	0
1.72096666666667	0
1.72180000000000	0
1.72263333333333	0
1.72348333333333	0
1.72431666666667	0
1.72515000000000	0
1.72598333333333	0
1.72681666666667	7
1.72765000000000	3
1.72848333333333	0
1.72931666666667	0
1.73015000000000	522
1.73098333333333	575
1.73181666666667	0
1.73265000000000	0
1.73348333333333	0
1.73431666666667	389
1.73515000000000	194
1.73598333333333	0
1.73681666666667	13
1.73765000000000	34
1.73848333333333	17
1.73931666666667	0
1.74016666666667	772
1.74100000000000	1029
1.74183333333333	54
1.74266666666667	651
1.74350000000000	0
1.74433333333333	0
1.74516666666667	248
1.74600000000000	0
1.74683333333333	15
1.74766666666667	31
1.74850000000000	0
1.74933333333333	166
1.75016666666667	83
1.75100000000000	0
1.75183333333333	0
1.75266666666667	0
1.75350000000000	0
1.75433333333333	0
1.75516666666667	0
1.75600000000000	0
1.75683333333333	0
1.75768333333333	69
1.75851666666667	35
1.75935000000000	0
1.76018333333333	0
1.76101666666667	0
1.76185000000000	0
1.76268333333333	172
1.76351666666667	112
1.76435000000000	52
1.76518333333333	0
1.76601666666667	0
1.76685000000000	0
1.76768333333333	0
1.76851666666667	0
1.76935000000000	0
1.77018333333333	0
1.77101666666667	0
1.77185000000000	0
1.77268333333333	0
1.77351666666667	0
1.77436666666667	578
1.77520000000000	731
1.77603333333333	0
1.77686666666667	873
1.77770000000000	0
1.77853333333333	0
1.77936666666667	972
1.78020000000000	0
1.78103333333333	348
1.78186666666667	306
1.78270000000000	139
1.78353333333333	0
1.78436666666667	0
1.78518333333333	0
1.78601666666667	0
1.78685000000000	0
1.78768333333333	0
1.78851666666667	0
1.78935000000000	200
1.79018333333333	100
1.79101666666667	0
1.79186666666667	382
1.79270000000000	547
1.79353333333333	547
1.79436666666667	423
1.79520000000000	0
1.79603333333333	20
1.79686666666667	399
1.79770000000000	137
1.79853333333333	14
1.79936666666667	0
1.80020000000000	0
1.80103333333333	0
1.80186666666667	0
1.80270000000000	0
1.80353333333333	404
1.80436666666667	364
1.80520000000000	0
1.80603333333333	0
1.80686666666667	252
1.80770000000000	126
1.80855000000000	0
1.80938333333333	0
1.81021666666667	0
1.81105000000000	0
1.81188333333333	561
1.81271666666667	437
1.81355000000000	514
1.81438333333333	0
1.81521666666667	612
1.81605000000000	267
1.81688333333333	312
1.81771666666667	0
1.81855000000000	0
1.81938333333333	0
1.82021666666667	0
1.82105000000000	0
1.82188333333333	0
1.82271666666667	0
1.82355000000000	0
1.82438333333333	29
1.82521666666667	58
1.82606666666667	512
1.82690000000000	520
1.82773333333333	807
1.82856666666667	329
1.82940000000000	0
1.83023333333333	31
1.83106666666667	0
1.83190000000000	0
1.83273333333333	0
1.83356666666667	471
1.83440000000000	614
1.83523333333333	0
1.83606666666667	475
1.83690000000000	0
1.83773333333333	284
1.83856666666667	588
1.83940000000000	0
1.84023333333333	442
1.84106666666667	0
1.84190000000000	607
1.84275000000000	157
1.84358333333333	0
1.84441666666667	0
1.84525000000000	39
1.84608333333333	20
1.84691666666667	0
1.84775000000000	357
1.84858333333333	178
1.84941666666667	0
1.85025000000000	0
1.85108333333333	457
1.85191666666667	600
1.85275000000000	0
1.85358333333333	0
1.85441666666667	0
1.85525000000000	0
1.85608333333333	0
1.85691666666667	0
1.85775000000000	0
1.85858333333333	0
1.85941666666667	0
1.86026666666667	0
1.86110000000000	0
1.86193333333333	0
1.86276666666667	0
1.86360000000000	0
1.86443333333333	0
1.86526666666667	0
1.86610000000000	0
1.86693333333333	0
1.86776666666667	0
1.86860000000000	0
1.86943333333333	0
1.87026666666667	0
1.87110000000000	0
1.87193333333333	70
1.87276666666667	215
1.87360000000000	107
1.87443333333333	0
1.87526666666667	0
1.87610000000000	155
1.87693333333333	78
1.87776666666667	0
1.87860000000000	0
1.87943333333333	7
1.88026666666667	3
1.88110000000000	0
1.88193333333333	0
1.88276666666667	0
1.88360000000000	0
1.88443333333333	0
1.88526666666667	0
1.88610000000000	0
1.88693333333333	0
1.88776666666667	0
1.88860000000000	0
1.88943333333333	417
1.89026666666667	208
1.89110000000000	0
1.89193333333333	1064
1.89276666666667	1367
1.89360000000000	501
1.89445000000000	114
1.89528333333333	0
1.89611666666667	0
1.89695000000000	0
1.89778333333333	0
1.89861666666667	0
1.89945000000000	13
1.90028333333333	7
1.90111666666667	0
1.90195000000000	0
1.90278333333333	774
1.90361666666667	883
1.90445000000000	0
1.90528333333333	0
1.90611666666667	895
1.90695000000000	0
1.90778333333333	246
1.90861666666667	0
1.90945000000000	14
1.91028333333333	0
1.91115000000000	14
1.91198333333333	0
1.91280000000000	0
1.91363333333333	120
1.91446666666667	129
1.91530000000000	64
1.91613333333333	0
1.91696666666667	0
1.91780000000000	0
1.91863333333333	7
1.91946666666667	3
1.92030000000000	0
1.92113333333333	150
1.92196666666667	210
1.92280000000000	115
1.92363333333333	75
1.92446666666667	0
1.92530000000000	99
1.92613333333333	49
1.92696666666667	0
1.92780000000000	0
1.92865000000000	0
1.92948333333333	0
1.93031666666667	0
1.93115000000000	0
1.93198333333333	0
1.93281666666667	0
1.93365000000000	0
1.93448333333333	0
1.93531666666667	261
1.93615000000000	521
1.93698333333333	395
1.93781666666667	268
1.93865000000000	412
1.93948333333333	230
1.94031666666667	306
1.94115000000000	0
1.94198333333333	0
1.94281666666667	0
1.94365000000000	506
1.94448333333333	641
1.94533333333333	407
1.94616666666667	0
1.94700000000000	209
1.94783333333333	0
1.94866666666667	7
1.94950000000000	13
1.95033333333333	7
1.95116666666667	0
1.95200000000000	0
1.95283333333333	0
1.95366666666667	0
1.95450000000000	0
1.95533333333333	0
1.95616666666667	0
1.95700000000000	0
1.95783333333333	144
1.95866666666667	287
1.95950000000000	291
1.96033333333333	0
1.96116666666667	0
1.96200000000000	0
1.96285000000000	0
1.96368333333333	0
1.96451666666667	0
1.96535000000000	0
1.96618333333333	0
1.96701666666667	376
1.96785000000000	316
1.96868333333333	164
1.96951666666667	13
1.97035000000000	299
1.97118333333333	73
1.97201666666667	0
1.97285000000000	0
1.97368333333333	355
1.97451666666667	178
1.97535000000000	0
1.97618333333333	7
1.97701666666667	14
1.97785000000000	0
1.97868333333333	0
1.97953333333333	0
1.98036666666667	0
1.98120000000000	0
1.98203333333333	0
1.98286666666667	0
1.98370000000000	0
1.98453333333333	0
1.98536666666667	0
1.98620000000000	0
1.98703333333333	0
1.98786666666667	0
1.98870000000000	0
1.98953333333333	406
1.99036666666667	217
1.99120000000000	28
1.99203333333333	0
1.99286666666667	0
1.99370000000000	62
1.99453333333333	123
1.99536666666667	273
1.99620000000000	238
1.99705000000000	202
1.99788333333333	167
1.99871666666667	209
1.99955000000000	105
2.00038333333333	0
2.00121666666667	0
2.00205000000000	0
2.00288333333333	302
2.00371666666667	532
2.00455000000000	705
2.00538333333333	663
2.00621666666667	0
2.00705000000000	0
2.00788333333333	342
2.00871666666667	289
2.00953333333333	291
2.01036666666667	292
2.01120000000000	146
2.01203333333333	0
2.01286666666667	0
2.01371666666667	0
2.01455000000000	0
2.01538333333333	0
2.01621666666667	0
2.01705000000000	0
2.01788333333333	0
2.01871666666667	0
2.01955000000000	0
2.02038333333333	0
2.02121666666667	0
2.02205000000000	519
2.02288333333333	419
2.02371666666667	389
2.02455000000000	0
2.02538333333333	0
2.02621666666667	350
2.02705000000000	0
2.02788333333333	261
2.02871666666667	0
2.02955000000000	0
2.03038333333333	0
2.03123333333333	0
2.03206666666667	0
2.03290000000000	0
2.03373333333333	0
2.03456666666667	0
2.03540000000000	0
2.03623333333333	0
2.03706666666667	0
2.03790000000000	0
2.03873333333333	50
2.03956666666667	25
2.04040000000000	0
2.04123333333333	0
2.04206666666667	0
2.04290000000000	211
2.04373333333333	105
2.04456666666667	0
2.04540000000000	273
2.04623333333333	0
2.04706666666667	0
2.04791666666667	0
2.04875000000000	116
2.04958333333333	58
2.05041666666667	0
2.05125000000000	0
2.05208333333333	0
2.05291666666667	0
2.05375000000000	0
2.05458333333333	35
2.05541666666667	70
2.05625000000000	35
2.05708333333333	0
2.05791666666667	48
2.05875000000000	24
2.05958333333333	0
2.06041666666667	0
2.06125000000000	0
2.06208333333333	0
2.06291666666667	501
2.06375000000000	620
2.06458333333333	785
2.06543333333333	0
2.06626666666667	0
2.06710000000000	0
2.06793333333333	0
2.06876666666667	0
2.06960000000000	391
2.07043333333333	329
2.07126666666667	0
2.07210000000000	509
2.07293333333333	13
2.07376666666667	0
2.07460000000000	0
2.07543333333333	0
2.07626666666667	0
2.07710000000000	253
2.07793333333333	546
2.07876666666667	418
2.07960000000000	0
2.08043333333333	290
2.08126666666667	136
2.08211666666667	0
2.08295000000000	536
2.08378333333333	268
2.08461666666667	0
2.08545000000000	581
2.08628333333333	482
2.08711666666667	382
2.08795000000000	375
2.08878333333333	199
2.08961666666667	0
2.09045000000000	0
2.09128333333333	163
2.09211666666667	0
2.09295000000000	0
2.09378333333333	0
2.09461666666667	0
2.09545000000000	0
2.09628333333333	0
2.09711666666667	0
2.09795000000000	0
2.09876666666667	0
2.09961666666667	0
2.10046666666667	0
2.10128333333333	0
2.10211666666667	0
2.10295000000000	0
2.10378333333333	0
2.10461666666667	0
2.10545000000000	0
2.10628333333333	0
2.10711666666667	0
2.10795000000000	0
2.10878333333333	7
2.10961666666667	14
2.11045000000000	7
2.11128333333333	0
2.11211666666667	0
2.11295000000000	0
2.11378333333333	0
2.11461666666667	519
2.11545000000000	647
2.11630000000000	0
2.11713333333333	0
2.11796666666667	0
2.11880000000000	0
2.11963333333333	0
2.12046666666667	0
2.12130000000000	0
2.12213333333333	0
2.12296666666667	0
2.12380000000000	0
2.12463333333333	0
2.12546666666667	0
2.12630000000000	0
2.12713333333333	0
2.12796666666667	7
2.12880000000000	3
2.12963333333333	0
2.13046666666667	0
2.13130000000000	66
2.13213333333333	33
2.13296666666667	0
2.13381666666667	0
2.13465000000000	274
2.13548333333333	137
2.13631666666667	0
2.13715000000000	0
2.13798333333333	0
2.13881666666667	0
2.13965000000000	396
2.14048333333333	450
2.14131666666667	0
2.14215000000000	290
2.14298333333333	418
2.14381666666667	0
2.14465000000000	0
2.14548333333333	0
2.14631666666667	0
2.14715000000000	177
2.14798333333333	174
2.14881666666667	171
2.14965000000000	330
2.15050000000000	314
2.15133333333333	0
2.15216666666667	14
2.15300000000000	0
2.15383333333333	198
2.15466666666667	99
2.15550000000000	0
2.15633333333333	156
2.15716666666667	78
2.15800000000000	0
2.15883333333333	0
2.15966666666667	237
2.16050000000000	119
2.16133333333333	0
2.16216666666667	0
2.16300000000000	0
2.16383333333333	0
2.16466666666667	0
2.16550000000000	318
2.16633333333333	260
2.16716666666667	0
2.16801666666667	337
2.16885000000000	0
2.16968333333333	0
2.17051666666667	0
2.17135000000000	0
2.17218333333333	0
2.17301666666667	0
2.17385000000000	154
2.17468333333333	289
2.17551666666667	193
2.17635000000000	97
2.17718333333333	0
2.17801666666667	0
2.17885000000000	13
2.17968333333333	13
2.18051666666667	0
2.18135000000000	0
2.18218333333333	0
2.18301666666667	0
2.18385000000000	0
2.18470000000000	0
2.18553333333333	0
2.18636666666667	0
2.18720000000000	0
2.18803333333333	0
2.18886666666667	0
2.18970000000000	0
2.19053333333333	0
2.19136666666667	0
2.19220000000000	0
2.19303333333333	0
2.19386666666667	0
2.19470000000000	0
2.19553333333333	0
2.19636666666667	0
2.19720000000000	0
2.19803333333333	144
2.19886666666667	148
2.19970000000000	152
2.20053333333333	250
2.20136666666667	0
2.20221666666667	0
2.20305000000000	0
2.20388333333333	0
2.20471666666667	0
2.20555000000000	0
2.20638333333333	0
2.20721666666667	0
2.20805000000000	0
2.20888333333333	29
2.20971666666667	58
2.21055000000000	213
2.21138333333333	106
2.21221666666667	0
2.21305000000000	0
2.21386666666667	0
2.21470000000000	570
2.21553333333333	434
2.21636666666667	0
2.21720000000000	0
2.21803333333333	0
2.21888333333333	0
2.21971666666667	0
2.22055000000000	0
2.22138333333333	90
2.22221666666667	180
2.22305000000000	153
2.22388333333333	125
2.22471666666667	0
2.22555000000000	0
2.22638333333333	0
2.22721666666667	0
2.22805000000000	0
2.22888333333333	0
2.22971666666667	612
2.23055000000000	854
2.23138333333333	361
2.23221666666667	0
2.23305000000000	0
2.23388333333333	0
2.23471666666667	0
2.23555000000000	0
2.23640000000000	0
2.23723333333333	618
2.23806666666667	565
2.23890000000000	544
2.23973333333333	659
2.24056666666667	608
2.24140000000000	0
2.24223333333333	0
2.24306666666667	0
2.24390000000000	0
2.24473333333333	0
2.24556666666667	0
2.24640000000000	327
2.24723333333333	546
2.24806666666667	436
2.24890000000000	0
2.24973333333333	0
2.25056666666667	0
2.25140000000000	0
2.25223333333333	359
2.25308333333333	180
2.25391666666667	0
2.25475000000000	0
2.25558333333333	536
2.25641666666667	464
2.25725000000000	391
2.25808333333333	0
2.25891666666667	107
2.25975000000000	214
2.26058333333333	0
2.26141666666667	161
2.26225000000000	0
2.26308333333333	0
2.26391666666667	0
2.26475000000000	241
2.26558333333333	483
2.26641666666667	381
2.26725000000000	456
2.26808333333333	0
2.26891666666667	0
2.26975000000000	265
2.27060000000000	721
2.27143333333333	1177
2.27226666666667	1309
2.27310000000000	583
2.27393333333333	1234
2.27476666666667	1841
2.27560000000000	0
2.27643333333333	359
2.27726666666667	19
2.27810000000000	249
2.27893333333333	479
2.27976666666667	349
2.28060000000000	846
2.28143333333333	821
2.28226666666667	796
2.28310000000000	645
2.28393333333333	1149
2.28476666666667	1032
2.28560000000000	976
2.28641666666667	909
2.28726666666667	731
2.28810000000000	986
2.28893333333333	762
2.28976666666667	539
2.29060000000000	241
2.29143333333333	1631
2.29226666666667	1047
2.29310000000000	463
2.29393333333333	680
2.29476666666667	1041
2.29560000000000	750
2.29643333333333	1839
2.29726666666667	1406
2.29810000000000	974
2.29893333333333	1536
2.29976666666667	1001
2.30060000000000	1564
2.30143333333333	1307
2.30226666666667	1311
2.30310000000000	1692
2.30393333333333	2073
2.30478333333333	2474
2.30561666666667	1043
2.30645000000000	1477
2.30728333333333	2091
2.30811666666667	889
2.30895000000000	1036
2.30978333333333	1638
2.31061666666667	1520
2.31145000000000	1402
2.31228333333333	1102
2.31311666666667	2235
2.31395000000000	2858
2.31478333333333	2219
2.31561666666667	2364
2.31645000000000	2981
2.31728333333333	3350
2.31811666666667	1852
2.31895000000000	2055
2.31978333333333	1493
2.32061666666667	1851
2.32146666666667	2209
2.32230000000000	2136
2.32313333333333	1451
2.32396666666667	1758
2.32480000000000	2065
2.32563333333333	2366
2.32646666666667	3130
2.32730000000000	2959
2.32813333333333	2788
2.32896666666667	2278
2.32980000000000	1141
2.33063333333333	2395
2.33146666666667	2473
2.33230000000000	2551
2.33313333333333	3506
2.33396666666667	3549
2.33480000000000	4067
2.33563333333333	2949
2.33646666666667	4280
2.33730000000000	3976
2.33813333333333	3444
2.33898333333333	4703
2.33981666666667	3106
2.34065000000000	4757
2.34148333333333	4057
2.34231666666667	3686
2.34315000000000	4168
2.34398333333333	4648
2.34481666666667	2136
2.34565000000000	1962
2.34648333333333	6018
2.34731666666667	7862
2.34815000000000	4643
2.34898333333333	4837
2.34981666666667	5668
2.35065000000000	5440
2.35148333333333	5441
2.35231666666667	4980
2.35315000000000	2730
2.35396666666667	5015
2.35480000000000	4480
2.35565000000000	3945
2.35648333333333	3848
2.35731666666667	5369
2.35815000000000	5306
2.35898333333333	5243
2.35981666666667	2842
2.36065000000000	4605
2.36148333333333	4279
2.36231666666667	3953
2.36315000000000	3937
2.36398333333333	4525
2.36481666666667	4575
2.36565000000000	4625
2.36648333333333	6249
2.36731666666667	7874
2.36815000000000	7201
2.36898333333333	6198
2.36981666666667	9168
2.37065000000000	8684
2.37148333333333	8840
2.37231666666667	7979
2.37316666666667	7120
2.37400000000000	8896
2.37483333333333	1135
2.37566666666667	9268
2.37650000000000	3077
2.37733333333333	5486
2.37816666666667	5831
2.37900000000000	6175
2.37983333333333	6329
2.38066666666667	7453
2.38150000000000	8074
2.38233333333333	7043
2.38316666666667	6012
2.38400000000000	6772
2.38483333333333	7532
2.38566666666667	6690
2.38650000000000	8480
2.38733333333333	8356
2.38816666666667	7831
2.38900000000000	7306
2.38985000000000	7948
2.39068333333333	6861
2.39151666666667	11280
2.39235000000000	11652
2.39318333333333	6390
2.39401666666667	5378
2.39485000000000	6650
2.39568333333333	11204
2.39651666666667	12304
2.39735000000000	6650
2.39818333333333	8748
2.39901666666667	13348
2.39985000000000	5809
2.40068333333333	14104
2.40151666666667	9280
2.40235000000000	10476
2.40318333333333	13904
2.40401666666667	14560
2.40485000000000	7720
2.40568333333333	9404
2.40651666666667	7658
2.40736666666667	11160
2.40820000000000	12876
2.40903333333333	11784
2.40986666666667	10392
2.41070000000000	9000
2.41153333333333	11032
2.41236666666667	13064
2.41320000000000	5897
2.41403333333333	14048
2.41486666666667	15704
2.41570000000000	11276
2.41653333333333	11348
2.41736666666667	12524
2.41820000000000	11548
2.41903333333333	10576
2.41986666666667	11572
2.42070000000000	10332
2.42153333333333	11000
2.42236666666667	11664
2.42320000000000	11796
2.42405000000000	11932
2.42488333333333	15592
2.42571666666667	15660
2.42655000000000	9128
2.42738333333333	9168
2.42821666666667	11156
2.42905000000000	10816
2.42988333333333	10480
2.43071666666667	10816
2.43155000000000	11152
2.43238333333333	11644
2.43321666666667	12140
2.43405000000000	11988
2.43488333333333	11836
2.43571666666667	11964
2.43655000000000	12092
2.43738333333333	14848
2.43821666666667	14192
2.43905000000000	13536
2.43988333333333	8820
2.44071666666667	16272
2.44156666666667	16124
2.44240000000000	13152
2.44323333333333	17988
2.44406666666667	16228
2.44490000000000	14472
2.44573333333333	16124
2.44656666666667	15332
2.44740000000000	14536
2.44823333333333	15584
2.44906666666667	14996
2.44990000000000	14412
2.45073333333333	14396
2.45156666666667	14380
2.45240000000000	17584
2.45323333333333	21496
2.45406666666667	19972
2.45490000000000	16200
2.45573333333333	23448
2.45656666666667	17776
2.45740000000000	13428
2.45825000000000	13744
2.45908333333333	12572
2.45991666666667	14396
2.46075000000000	13448
2.46158333333333	12500
2.46241666666667	21200
2.46325000000000	22084
2.46408333333333	19392
2.46491666666667	20844
2.46575000000000	22296
2.46658333333333	18888
2.46741666666667	19844
2.46825000000000	20800
2.46908333333333	14200
2.46991666666667	24744
2.47075000000000	23040
2.47158333333333	16412
2.47240000000000	21584
2.47323333333333	22228
2.47406666666667	19400
2.47490000000000	23148
2.47575000000000	26100
2.47658333333333	14228
2.47741666666667	18456
2.47825000000000	19080
2.47908333333333	17852
2.47991666666667	21068
2.48075000000000	24284
2.48158333333333	23684
2.48241666666667	22488
2.48325000000000	22988
2.48408333333333	23488
2.48491666666667	20628
2.48575000000000	20196
2.48658333333333	21300
2.48741666666667	18740
2.48825000000000	20768
2.48908333333333	20276
2.48991666666667	19784
2.49075000000000	20864
2.49158333333333	20920
2.49243333333333	20560
2.49326666666667	20204
2.49410000000000	20920
2.49493333333333	21640
2.49576666666667	22292
2.49660000000000	22576
2.49743333333333	22860
2.49826666666667	24160
2.49910000000000	23364
2.49993333333333	22564
2.50076666666667	24332
2.50160000000000	26096
2.50243333333333	27628
2.50326666666667	16564
2.50410000000000	19236
2.50493333333333	23740
2.50576666666667	23552
2.50660000000000	25056
2.50743333333333	22440
2.50826666666667	17976
2.50910000000000	23784
2.50995000000000	18232
2.51078333333333	18728
2.51161666666667	20096
2.51245000000000	19232
2.51328333333333	18364
2.51411666666667	20212
2.51495000000000	17212
2.51578333333333	14208
2.51661666666667	16248
2.51745000000000	20244
2.51828333333333	24236
2.51911666666667	24872
2.51995000000000	25324
2.52078333333333	24200
2.52161666666667	23072
2.52245000000000	21052
2.52328333333333	19028
2.52411666666667	18624
2.52495000000000	15004
2.52578333333333	15808
2.52663333333333	19416
2.52746666666667	23028
2.52830000000000	24728
2.52913333333333	24728
2.52996666666667	26248
2.53080000000000	26304
2.53163333333333	26360
2.53246666666667	23320
2.53330000000000	28724
2.53413333333333	24844
2.53496666666667	20964
2.53580000000000	28348
2.53663333333333	22980
2.53746666666667	26568
2.53830000000000	25428
2.53913333333333	26168
2.53996666666667	27780
2.54080000000000	24164
2.54163333333333	20492
2.54246666666667	25804
2.54330000000000	20520
2.54415000000000	24100
2.54498333333333	27680
2.54581666666667	26052
2.54665000000000	16956
2.54748333333333	22840
2.54831666666667	23384
2.54915000000000	29864
2.54998333333333	30128
2.55081666666667	29872
2.55165000000000	29292
2.55248333333333	24992
2.55331666666667	20040
2.55415000000000	30204
2.55498333333333	33712
2.55581666666667	26156
2.55665000000000	17064
2.55748333333333	18504
2.55831666666667	26864
2.55915000000000	31284
2.55998333333333	33904
2.56083333333333	30436
2.56166666666667	20092
2.56250000000000	26932
2.56333333333333	26332
2.56416666666667	24052
2.56500000000000	22432
2.56583333333333	29452
2.56666666666667	33888
2.56750000000000	31780
2.56833333333333	19656
2.56916666666667	28152
2.57000000000000	31448
2.57083333333333	25636
2.57166666666667	18432
2.57250000000000	32020
2.57331666666667	33040
2.57415000000000	31808
2.57498333333333	28400
2.57581666666667	31376
2.57665000000000	25812
2.57748333333333	18876
2.57833333333333	23552
2.57916666666667	19156
2.58000000000000	28112
2.58083333333333	33312
2.58166666666667	27516
2.58250000000000	31860
2.58333333333333	26948
2.58416666666667	28476
2.58500000000000	29196
2.58583333333333	28244
2.58666666666667	26896
2.58750000000000	21216
2.58833333333333	31816
2.58916666666667	27188
2.59000000000000	33296
2.59083333333333	28884
2.59166666666667	24480
2.59250000000000	34352
2.59333333333333	32488
2.59416666666667	28836
2.59501666666667	31464
2.59585000000000	34096
2.59668333333333	34640
2.59751666666667	33984
2.59835000000000	33520
2.59918333333333	27044
2.60001666666667	34848
2.60085000000000	27280
2.60168333333333	26904
2.60251666666667	31696
2.60335000000000	30296
2.60418333333333	26804
2.60501666666667	22708
2.60585000000000	28820
2.60668333333333	33568
2.60751666666667	30248
2.60835000000000	29772
2.60918333333333	33776
2.61001666666667	24544
2.61085000000000	25756
2.61168333333333	28660
2.61253333333333	31564
2.61336666666667	33504
2.61420000000000	22944
2.61503333333333	31000
2.61586666666667	31300
2.61670000000000	32720
2.61753333333333	30960
2.61836666666667	31980
2.61920000000000	32992
2.62003333333333	33328
2.62086666666667	33664
2.62170000000000	39568
2.62253333333333	38592
2.62336666666667	33056
2.62420000000000	34816
2.62503333333333	36640
2.62586666666667	21512
2.62670000000000	32384
2.62753333333333	31856
2.62836666666667	25948
2.62921666666667	23964
2.63005000000000	37424
2.63088333333333	34192
2.63171666666667	31076
2.63255000000000	39376
2.63338333333333	38800
2.63421666666667	32740
2.63505000000000	38048
2.63588333333333	34384
2.63671666666667	30736
2.63755000000000	31548
2.63838333333333	32240
2.63921666666667	29256
2.64005000000000	31976
2.64088333333333	31412
2.64171666666667	30848
2.64255000000000	30744
2.64338333333333	27648
2.64421666666667	27256
2.64505000000000	30536
2.64588333333333	27916
2.64673333333333	25296
2.64756666666667	31644
2.64840000000000	37392
2.64923333333333	36624
2.65006666666667	26592
2.65090000000000	19128
2.65173333333333	28372
2.65256666666667	32168
2.65340000000000	34000
2.65423333333333	39360
2.65506666666667	36080
2.65590000000000	31060
2.65673333333333	28964
2.65756666666667	39200
2.65840000000000	35248
2.65923333333333	22052
2.66006666666667	40896
2.66090000000000	30172
2.66173333333333	26964
2.66256666666667	24936
2.66341666666667	36976
2.66425000000000	39552
2.66508333333333	41824
2.66591666666667	28872
2.66675000000000	40224
2.66758333333333	32092
2.66841666666667	30732
2.66925000000000	22404
2.67008333333333	32544
2.67091666666667	29348
2.67175000000000	28612
2.67258333333333	27876
2.67341666666667	27616
2.67425000000000	27352
2.67506666666667	26928
2.67590000000000	26500
2.67673333333333	25520
2.67756666666667	24540
2.67840000000000	29332
2.67923333333333	27644
2.68006666666667	25960
2.68091666666667	23316
2.68175000000000	37072
2.68258333333333	33568
2.68341666666667	30060
2.68425000000000	35584
2.68508333333333	31444
2.68591666666667	24296
2.68675000000000	35520
2.68758333333333	38992
2.68841666666667	45024
2.68925000000000	29852
2.69008333333333	30968
2.69091666666667	27120
2.69175000000000	34816
2.69258333333333	37984
2.69341666666667	26568
2.69425000000000	33584
2.69508333333333	25928
2.69591666666667	24548
2.69675000000000	25704
2.69760000000000	35360
2.69843333333333	33856
2.69926666666667	27312
2.70010000000000	21160
2.70093333333333	34064
2.70176666666667	29468
2.70260000000000	40192
2.70343333333333	40032
2.70426666666667	35056
2.70510000000000	42288
2.70593333333333	31164
2.70676666666667	35520
2.70760000000000	29548
2.70843333333333	30200
2.70926666666667	30852
2.71010000000000	33632
2.71093333333333	34304
2.71176666666667	40272
2.71260000000000	40464
2.71343333333333	32576
2.71426666666667	35376
2.71511666666667	26192
2.71595000000000	38896
2.71678333333333	44976
2.71761666666667	32004
2.71845000000000	45264
2.71928333333333	24252
2.72011666666667	26180
2.72095000000000	40144
2.72178333333333	40464
2.72261666666667	34144
2.72345000000000	39248
2.72428333333333	39168
2.72511666666667	29268
2.72595000000000	32668
2.72678333333333	28504
2.72761666666667	28292
2.72845000000000	28076
2.72928333333333	31572
2.73011666666667	32048
2.73095000000000	32528
2.73180000000000	36960
2.73263333333333	39808
2.73346666666667	27292
2.73430000000000	35888
2.73513333333333	25964
2.73596666666667	25540
2.73680000000000	37728
2.73763333333333	32036
2.73846666666667	26348
2.73930000000000	40480
2.74013333333333	38912
2.74096666666667	34400
2.74180000000000	28160
2.74263333333333	28416
2.74346666666667	29028
2.74430000000000	27936
2.74513333333333	26844
2.74596666666667	34144
2.74680000000000	34688
2.74763333333333	38656
2.74846666666667	32436
2.74931666666667	40656
2.75015000000000	18780
2.75098333333333	26508
2.75181666666667	26976
2.75265000000000	28708
2.75348333333333	30436
2.75431666666667	40672
2.75515000000000	37744
2.75598333333333	27724
2.75681666666667	33632
2.75765000000000	35792
2.75848333333333	26268
2.75931666666667	36768
2.76015000000000	31264
2.76098333333333	27928
2.76181666666667	31432
2.76265000000000	36304
2.76348333333333	36160
2.76431666666667	34688
2.76515000000000	34304
2.76600000000000	35280
2.76683333333333	36256
2.76766666666667	39248
2.76850000000000	25256
2.76933333333333	35632
2.77016666666667	47296
2.77100000000000	44320
2.77183333333333	34864
2.77266666666667	34144
2.77350000000000	35952
2.77433333333333	35472
2.77516666666667	34992
2.77600000000000	36048
2.77683333333333	35856
2.77766666666667	35664
2.77850000000000	36448
2.77933333333333	33168
2.78016666666667	33584
2.78100000000000	34000
2.78183333333333	32864
2.78266666666667	33088
2.78351666666667	33296
2.78435000000000	31968
2.78518333333333	35440
2.78601666666667	34256
2.78685000000000	33072
2.78768333333333	36576
2.78851666666667	35824
2.78935000000000	35088
2.79018333333333	29168
2.79101666666667	27900
2.79185000000000	31100
2.79268333333333	34304
2.79351666666667	33008
2.79435000000000	31720
2.79518333333333	31108
2.79600000000000	22156
2.79683333333333	29840
2.79766666666667	32620
2.79850000000000	41312
2.79933333333333	43280
2.80018333333333	31544
2.80101666666667	30516
2.80185000000000	37008
2.80268333333333	36384
2.80351666666667	34816
2.80435000000000	34864
2.80518333333333	34896
2.80601666666667	37024
2.80685000000000	35232
2.80768333333333	33456
2.80851666666667	35056
2.80935000000000	32848
2.81018333333333	31796
2.81101666666667	34960
2.81185000000000	27972
2.81268333333333	41792
2.81351666666667	36080
2.81435000000000	30348
2.81518333333333	32364
2.81601666666667	31056
2.81685000000000	42992
2.81770000000000	46736
2.81853333333333	27440
2.81936666666667	41920
2.82020000000000	32944
2.82103333333333	45952
2.82186666666667	24116
2.82270000000000	38656
2.82353333333333	25464
2.82436666666667	42112
2.82520000000000	27868
2.82603333333333	35216
2.82686666666667	43088
2.82770000000000	34416
2.82853333333333	45248
2.82936666666667	34960
2.83020000000000	38880
2.83103333333333	27260
2.83186666666667	39200
2.83270000000000	29520
2.83353333333333	37328
2.83438333333333	40784
2.83521666666667	41184
2.83605000000000	37392
2.83688333333333	38816
2.83771666666667	40240
2.83855000000000	41344
2.83938333333333	35472
2.84021666666667	30128
2.84105000000000	41696
2.84188333333333	36720
2.84271666666667	30256
2.84355000000000	32504
2.84438333333333	26276
2.84521666666667	31036
2.84605000000000	33488
2.84688333333333	28924
2.84771666666667	29816
2.84855000000000	28056
2.84938333333333	26300
2.85021666666667	28472
2.85105000000000	32784
2.85190000000000	31380
2.85273333333333	29980
2.85356666666667	33568
2.85440000000000	32708
2.85523333333333	31860
2.85606666666667	32544
2.85690000000000	33232
2.85773333333333	34656
2.85856666666667	37344
2.85940000000000	36896
2.86023333333333	34128
2.86106666666667	37856
2.86190000000000	29804
2.86273333333333	37792
2.86356666666667	30472
2.86440000000000	33584
2.86523333333333	33984
2.86606666666667	34400
2.86690000000000	28436
2.86773333333333	38240
2.86858333333333	28928
2.86941666666667	35488
2.87025000000000	28976
2.87108333333333	34816
2.87191666666667	33952
2.87275000000000	34288
2.87358333333333	29288
2.87441666666667	29084
2.87525000000000	28884
2.87608333333333	32288
2.87691666666667	42336
2.87775000000000	42576
2.87858333333333	26680
2.87940000000000	38016
2.88023333333333	29632
2.88106666666667	31744
2.88190000000000	36992
2.88273333333333	28972
2.88356666666667	40688
2.88440000000000	46240
2.88523333333333	27980
2.88608333333333	23108
2.88691666666667	32428
2.88775000000000	31784
2.88858333333333	31144
2.88941666666667	32404
2.89025000000000	26356
2.89108333333333	37168
2.89191666666667	37600
2.89275000000000	36912
2.89358333333333	36240
2.89441666666667	35552
2.89525000000000	32976
2.89608333333333	32784
2.89691666666667	32584
2.89775000000000	33616
2.89858333333333	36976
2.89941666666667	37600
2.90025000000000	38640
2.90108333333333	28984
2.90191666666667	32432
2.90276666666667	42128
2.90360000000000	34640
2.90443333333333	44704
2.90526666666667	29904
2.90610000000000	33152
2.90693333333333	32020
2.90776666666667	27952
2.90860000000000	33184
2.90943333333333	28688
2.91026666666667	36160
2.91110000000000	36544
2.91193333333333	36928
2.91276666666667	32748
2.91360000000000	39728
2.91443333333333	30660
2.91526666666667	26500
2.91610000000000	37632
2.91693333333333	30248
2.91776666666667	31364
2.91860000000000	39968
2.91943333333333	37232
2.92028333333333	34496
2.92111666666667	33456
2.92195000000000	35488
2.92278333333333	36816
2.92361666666667	31776
2.92445000000000	44096
2.92528333333333	41200
2.92611666666667	42992
2.92695000000000	38192
2.92778333333333	39888
2.92861666666667	38128
2.92945000000000	37488
2.93028333333333	36848
2.93111666666667	41632
2.93195000000000	30424
2.93278333333333	38640
2.93361666666667	38640
2.93445000000000	38208
2.93528333333333	37440
2.93611666666667	38336
2.93696666666667	39232
2.93780000000000	41120
2.93863333333333	30304
2.93946666666667	38768
2.94030000000000	42912
2.94113333333333	28332
2.94196666666667	35456
2.94280000000000	37072
2.94363333333333	37552
2.94446666666667	32172
2.94530000000000	31028
2.94613333333333	33344
2.94696666666667	41872
2.94780000000000	43328
2.94863333333333	18984
2.94946666666667	37200
2.95030000000000	32588
2.95113333333333	36400
2.95196666666667	33936
2.95280000000000	33344
2.95363333333333	32760
2.95448333333333	35920
2.95531666666667	35104
2.95615000000000	34272
2.95698333333333	27216
2.95781666666667	37456
2.95865000000000	29636
2.95948333333333	25636
2.96031666666667	39024
2.96115000000000	40192
2.96198333333333	32564
2.96281666666667	18628
2.96365000000000	31308
2.96448333333333	35200
2.96531666666667	35296
2.96615000000000	29984
2.96698333333333	23304
2.96780000000000	21856
2.96863333333333	34192
2.96946666666667	34608
2.97030000000000	34880
2.97115000000000	38272
2.97198333333333	41680
2.97281666666667	27588
2.97365000000000	42304
2.97448333333333	44624
2.97531666666667	36288
2.97615000000000	40384
2.97698333333333	37584
2.97781666666667	39120
2.97865000000000	29376
2.97948333333333	24332
2.98031666666667	27296
2.98115000000000	28868
2.98198333333333	30444
2.98281666666667	23384
2.98365000000000	33936
2.98448333333333	31068
2.98531666666667	35952
2.98615000000000	37904
2.98698333333333	26176
2.98781666666667	42416
2.98866666666667	41904
2.98950000000000	27424
2.99033333333333	32628
2.99116666666667	38112
2.99200000000000	35904
2.99283333333333	34288
2.99366666666667	32656
2.99450000000000	31932
2.99533333333333	31204
2.99616666666667	37200
2.99700000000000	34768
2.99783333333333	32340
2.99866666666667	33728
2.99950000000000	35760
3.00033333333333	37792
3.00116666666667	40016
3.00200000000000	37312
3.00283333333333	32816
3.00366666666667	32692
3.00450000000000	36736
3.00535000000000	38240
3.00618333333333	39792
3.00701666666667	41344
3.00785000000000	31752
3.00868333333333	36192
3.00951666666667	29932
3.01035000000000	32000
3.01118333333333	34064
3.01201666666667	41552
3.01285000000000	38432
3.01368333333333	35536
3.01451666666667	35808
3.01535000000000	36096
3.01618333333333	31940
3.01701666666667	30688
3.01785000000000	29436
3.01868333333333	42592
3.01951666666667	39600
3.02035000000000	30392
3.02118333333333	24592
3.02201666666667	32284
3.02286666666667	37696
3.02370000000000	37824
3.02453333333333	28820
3.02536666666667	34144
3.02620000000000	34496
3.02703333333333	34864
3.02786666666667	36064
3.02870000000000	37856
3.02953333333333	37408
3.03036666666667	31320
3.03120000000000	29724
3.03203333333333	32664
3.03286666666667	37984
3.03370000000000	43088
3.03453333333333	41168
3.03536666666667	27600
3.03620000000000	35728
3.03703333333333	30180
3.03786666666667	32388
3.03870000000000	34592
3.03955000000000	35552
3.04038333333333	35248
3.04121666666667	36624
3.04205000000000	35280
3.04288333333333	33952
3.04371666666667	32336
3.04455000000000	41040
3.04538333333333	23608
3.04621666666667	30388
3.04705000000000	36848
3.04788333333333	33520
3.04871666666667	30196
3.04955000000000	26676
3.05038333333333	25776
3.05121666666667	24880
3.05205000000000	29736
3.05288333333333	37872
3.05371666666667	40368
3.05455000000000	29356
3.05538333333333	44560
3.05621666666667	40176
3.05706666666667	37552
3.05790000000000	36496
3.05873333333333	35424
3.05956666666667	34976
3.06040000000000	34512
3.06123333333333	37648
3.06206666666667	40784
3.06290000000000	27852
3.06373333333333	34096
3.06456666666667	35184
3.06540000000000	42816
3.06623333333333	38016
3.06706666666667	37696
3.06790000000000	31672
3.06873333333333	39392
3.06955000000000	31316
3.07038333333333	31044
3.07121666666667	34768
3.07205000000000	27260
3.07288333333333	31892
3.07373333333333	36528
3.07456666666667	30736
3.07540000000000	38640
3.07623333333333	35360
3.07706666666667	33680
3.07790000000000	34576
3.07873333333333	35904
3.07956666666667	27272
3.08040000000000	37360
3.08123333333333	43760
3.08206666666667	40992
3.08290000000000	37728
3.08373333333333	42400
3.08456666666667	36592
3.08540000000000	44304
3.08623333333333	36960
3.08706666666667	39904
3.08790000000000	29088
3.08873333333333	29976
3.08956666666667	26064
3.09040000000000	41104
3.09125000000000	39792
3.09208333333333	38720
3.09291666666667	28104
3.09375000000000	39888
3.09458333333333	36768
3.09541666666667	29280
3.09625000000000	32944
3.09708333333333	35664
3.09791666666667	36208
3.09875000000000	35680
3.09958333333333	35152
3.10041666666667	35248
3.10125000000000	33104
3.10208333333333	30700
3.10291666666667	36672
3.10375000000000	38480
3.10458333333333	42256
3.10541666666667	36704
3.10625000000000	34544
3.10708333333333	37104
3.10793333333333	32728
3.10876666666667	37376
3.10960000000000	36176
3.11043333333333	34976
3.11126666666667	41696
3.11210000000000	40672
3.11293333333333	34416
3.11376666666667	34752
3.11460000000000	36640
3.11543333333333	35936
3.11626666666667	36352
3.11710000000000	37984
3.11793333333333	40256
3.11876666666667	36016
3.11960000000000	31784
3.12043333333333	36976
3.12126666666667	22592
3.12210000000000	31084
3.12293333333333	36864
3.12376666666667	28496
3.12460000000000	34400
3.12545000000000	33728
3.12628333333333	34016
3.12711666666667	34032
3.12795000000000	35728
3.12878333333333	36688
3.12961666666667	37648
3.13045000000000	39680
3.13128333333333	38176
3.13211666666667	36688
3.13295000000000	40288
3.13378333333333	43872
3.13461666666667	48960
3.13545000000000	44720
3.13628333333333	39056
3.13711666666667	29612
3.13795000000000	36752
3.13878333333333	27576
3.13960000000000	29036
3.14043333333333	30500
3.14126666666667	38064
3.14211666666667	35552
3.14295000000000	38496
3.14378333333333	34000
3.14461666666667	32276
3.14545000000000	30096
3.14628333333333	36928
3.14711666666667	41632
3.14795000000000	37504
3.14878333333333	33936
3.14961666666667	36000
3.15045000000000	39904
3.15128333333333	40736
3.15211666666667	35728
3.15295000000000	37904
3.15378333333333	38560
3.15461666666667	29468
3.15545000000000	32000
3.15628333333333	40800
3.15711666666667	33552
3.15795000000000	42080
3.15878333333333	42448
3.15963333333333	39952
3.16046666666667	43088
3.16130000000000	34832
3.16213333333333	41008
3.16296666666667	40064
3.16380000000000	31200
3.16463333333333	38896
3.16546666666667	35360
3.16630000000000	31692
3.16713333333333	35296
3.16796666666667	27128
3.16880000000000	27748
3.16963333333333	34384
3.17046666666667	33840
3.17130000000000	33312
3.17213333333333	45680
3.17296666666667	19340
3.17380000000000	30772
3.17463333333333	44992
3.17546666666667	44896
3.17631666666667	41840
3.17715000000000	34272
3.17798333333333	42736
3.17881666666667	35936
3.17965000000000	36512
3.18048333333333	35728
3.18131666666667	36400
3.18215000000000	37072
3.18298333333333	43712
3.18381666666667	27592
3.18465000000000	43088
3.18548333333333	39984
3.18631666666667	35104
3.18715000000000	36912
3.18798333333333	36128
3.18881666666667	37808
3.18965000000000	39296
3.19048333333333	39024
3.19131666666667	33088
3.19215000000000	27284
3.19298333333333	35536
3.19383333333333	36752
3.19466666666667	31248
3.19550000000000	35296
3.19633333333333	34688
3.19716666666667	38032
3.19800000000000	23784
3.19883333333333	42048
3.19966666666667	35792
3.20050000000000	39040
3.20133333333333	36160
3.20216666666667	39840
3.20300000000000	35664
3.20383333333333	38688
3.20466666666667	36384
3.20550000000000	42528
3.20633333333333	41280
3.20716666666667	36384
3.20800000000000	33760
3.20883333333333	41040
3.20966666666667	38208
3.21051666666667	36816
3.21135000000000	35840
3.21218333333333	26648
3.21301666666667	36512
3.21385000000000	42560
3.21468333333333	44384
3.21551666666667	32512
3.21635000000000	30844
3.21718333333333	38768
3.21801666666667	31944
3.21885000000000	32928
3.21968333333333	35536
3.22051666666667	38144
3.22135000000000	35920
3.22218333333333	33712
3.22301666666667	23436
3.22385000000000	43712
3.22468333333333	38368
3.22551666666667	40320
3.22635000000000	43040
3.22718333333333	37040
3.22803333333333	31172
3.22886666666667	32944
3.22970000000000	25968
3.23053333333333	37632
3.23136666666667	39408
3.23220000000000	29920
3.23303333333333	36656
3.23386666666667	34368
3.23470000000000	30484
3.23553333333333	29368
3.23636666666667	40448
3.23720000000000	38640
3.23803333333333	40464
3.23885000000000	39024
3.23968333333333	40912
3.24051666666667	32960
3.24135000000000	43472
3.24218333333333	30848
3.24301666666667	42112
3.24385000000000	30044
3.24470000000000	40992
3.24553333333333	33024
3.24636666666667	40416
3.24720000000000	42096
3.24803333333333	45840
3.24886666666667	37984
3.24970000000000	41120
3.25053333333333	30992
3.25136666666667	30344
3.25220000000000	31780
3.25303333333333	28104
3.25386666666667	36288
3.25470000000000	36944
3.25553333333333	30264
3.25636666666667	40256
3.25720000000000	36304
3.25803333333333	39648
3.25886666666667	42576
3.25970000000000	35024
3.26053333333333	45376
3.26136666666667	35392
3.26221666666667	21200
3.26305000000000	41456
3.26388333333333	35952
3.26471666666667	39824
3.26555000000000	26024
3.26638333333333	35632
3.26721666666667	42976
3.26805000000000	32524
3.26888333333333	33824
3.26971666666667	34608
3.27055000000000	34800
3.27138333333333	34992
3.27221666666667	33968
3.27305000000000	32960
3.27388333333333	38032
3.27471666666667	37168
3.27555000000000	35888
3.27638333333333	34608
3.27721666666667	43248
3.27805000000000	41808
3.27890000000000	33104
3.27973333333333	43488
3.28056666666667	41296
3.28140000000000	26860
3.28223333333333	36688
3.28306666666667	38384
3.28390000000000	35184
3.28473333333333	44416
3.28556666666667	22776
3.28640000000000	26484
3.28723333333333	35008
3.28806666666667	35824
3.28890000000000	36048
3.28973333333333	36272
3.29056666666667	34416
3.29140000000000	32052
3.29223333333333	29688
3.29306666666667	36688
3.29390000000000	42672
3.29473333333333	38784
3.29556666666667	36208
3.29641666666667	37600
3.29725000000000	27912
3.29808333333333	36368
3.29891666666667	45872
3.29975000000000	39488
3.30058333333333	45200
3.30141666666667	20872
3.30225000000000	26120
3.30308333333333	37072
3.30391666666667	39504
3.30475000000000	29700
3.30558333333333	28788
3.30641666666667	42288
3.30725000000000	29228
3.30808333333333	32648
3.30891666666667	38432
3.30975000000000	44560
3.31058333333333	38400
3.31141666666667	39072
3.31225000000000	42624
3.31310000000000	33872
3.31393333333333	29044
3.31476666666667	28984
3.31560000000000	31832
3.31643333333333	33248
3.31726666666667	34672
3.31810000000000	34944
3.31893333333333	35216
3.31976666666667	33328
3.32060000000000	42128
3.32143333333333	45808
3.32226666666667	43792
3.32310000000000	39152
3.32391666666667	44832
3.32475000000000	31908
3.32558333333333	41264
3.32641666666667	38896
3.32725000000000	35600
3.32808333333333	41232
3.32891666666667	38336
3.32975000000000	42704
3.33060000000000	36592
3.33143333333333	33392
3.33226666666667	32668
3.33310000000000	29900
3.33393333333333	32208
3.33476666666667	31616
3.33560000000000	32600
3.33643333333333	31096
3.33726666666667	31720
3.33810000000000	34016
3.33893333333333	34624
3.33976666666667	35248
3.34060000000000	40528
3.34143333333333	39440
3.34226666666667	42624
3.34310000000000	34064
3.34393333333333	37472
3.34476666666667	35328
3.34560000000000	37472
3.34643333333333	32024
3.34728333333333	37872
3.34811666666667	34272
3.34895000000000	31684
3.34978333333333	41984
3.35061666666667	45760
3.35145000000000	44224
3.35228333333333	33616
3.35311666666667	42016
3.35395000000000	35952
3.35478333333333	35472
3.35561666666667	34992
3.35645000000000	34144
3.35728333333333	33296
3.35811666666667	31320
3.35895000000000	30304
3.35978333333333	29288
3.36061666666667	24808
3.36145000000000	23156
3.36228333333333	21500
3.36311666666667	30196
3.36395000000000	38896
3.36480000000000	38608
3.36563333333333	36832
3.36646666666667	26948
3.36730000000000	40080
3.36813333333333	38592
3.36896666666667	41856
3.36980000000000	43888
3.37063333333333	47248
3.37146666666667	27572
3.37230000000000	28452
3.37313333333333	42928
3.37396666666667	37760
3.37480000000000	33104
3.37563333333333	41488
3.37646666666667	41232
3.37730000000000	32976
3.37813333333333	35024
3.37896666666667	44752
3.37980000000000	42864
3.38063333333333	32740
3.38148333333333	23600
3.38231666666667	33664
3.38315000000000	30184
3.38398333333333	33632
3.38481666666667	32588
3.38565000000000	33696
3.38648333333333	34816
3.38731666666667	36176
3.38815000000000	37536
3.38898333333333	31492
3.38981666666667	31152
3.39065000000000	35232
3.39148333333333	39312
3.39231666666667	41088
3.39315000000000	43616
3.39398333333333	28952
3.39481666666667	33280
3.39565000000000	37600
3.39648333333333	38880
3.39731666666667	39344
3.39815000000000	27160
3.39900000000000	33024
3.39983333333333	28184
3.40066666666667	35152
3.40150000000000	37168
3.40233333333333	37808
3.40316666666667	40080
3.40400000000000	31896
3.40483333333333	26776
3.40566666666667	27864
3.40650000000000	32104
3.40733333333333	34784
3.40816666666667	16896
3.40900000000000	32520
3.40983333333333	37120
3.41066666666667	36736
3.41150000000000	35408
3.41233333333333	33632
3.41316666666667	37152
3.41400000000000	37872
3.41483333333333	27916
3.41568333333333	30892
3.41651666666667	47312
3.41735000000000	43504
3.41818333333333	25144
3.41901666666667	35552
3.41985000000000	42432
3.42068333333333	36384
3.42151666666667	34032
3.42235000000000	32420
3.42318333333333	37408
3.42401666666667	29500
3.42485000000000	40528
3.42568333333333	38096
3.42651666666667	45184
3.42735000000000	41056
3.42818333333333	33424
3.42901666666667	37344
3.42985000000000	38160
3.43068333333333	31960
3.43151666666667	33056
3.43235000000000	36352
3.43320000000000	31196
3.43403333333333	40240
3.43486666666667	44224
3.43570000000000	29300
3.43653333333333	38992
3.43736666666667	38288
3.43820000000000	43440
3.43903333333333	45536
3.43986666666667	31244
3.44070000000000	36768
3.44153333333333	36832
3.44236666666667	40560
3.44320000000000	42096
3.44403333333333	43344
3.44486666666667	44064
3.44570000000000	40288
3.44653333333333	35312
3.44736666666667	45392
3.44820000000000	34864
3.44903333333333	30244
3.44988333333333	27064
3.45071666666667	31972
3.45155000000000	38928
3.45238333333333	40752
3.45321666666667	33392
3.45405000000000	33328
3.45488333333333	40272
3.45571666666667	31424
3.45655000000000	34624
3.45738333333333	36768
3.45821666666667	35872
3.45905000000000	34992
3.45986666666667	40448
3.46070000000000	41936
3.46153333333333	36608
3.46236666666667	39568
3.46320000000000	19856
3.46403333333333	37072
3.46486666666667	30636
3.46570000000000	34032
3.46653333333333	28148
3.46738333333333	33104
3.46821666666667	20672
3.46905000000000	37168
3.46988333333333	30616
3.47071666666667	31680
3.47155000000000	24208
3.47238333333333	32276
3.47321666666667	40336
3.47405000000000	37168
3.47488333333333	33504
3.47571666666667	35760
3.47655000000000	42672
3.47738333333333	41328
3.47821666666667	38384
3.47905000000000	39792
3.47988333333333	30484
3.48071666666667	36784
3.48155000000000	41392
3.48238333333333	32316
3.48321666666667	36992
3.48406666666667	31216
3.48490000000000	33936
3.48573333333333	41600
3.48656666666667	39696
3.48740000000000	42640
3.48823333333333	35216
3.48906666666667	43472
3.48990000000000	38496
3.49073333333333	36048
3.49156666666667	33600
3.49240000000000	34176
3.49323333333333	32032
3.49406666666667	30872
3.49490000000000	29708
3.49573333333333	34944
3.49656666666667	37744
3.49740000000000	41984
3.49823333333333	40608
3.49906666666667	31572
3.49990000000000	36528
3.50073333333333	31784
3.50158333333333	32068
3.50241666666667	32356
3.50325000000000	37264
3.50408333333333	43200
3.50491666666667	44640
3.50575000000000	29880
3.50658333333333	37376
3.50741666666667	52176
3.50825000000000	45488
3.50908333333333	34016
3.50991666666667	26956
3.51075000000000	36656
3.51158333333333	36448
3.51241666666667	43600
3.51325000000000	37248
3.51408333333333	37584
3.51491666666667	37920
3.51575000000000	35856
3.51658333333333	33808
3.51741666666667	36816
3.51826666666667	37184
3.51910000000000	42112
3.51993333333333	26504
3.52076666666667	29744
3.52160000000000	45264
3.52243333333333	36064
3.52326666666667	31760
3.52410000000000	32684
3.52493333333333	37600
3.52576666666667	36848
3.52660000000000	36960
3.52743333333333	30376
3.52826666666667	33568
3.52910000000000	42816
3.52993333333333	43456
3.53076666666667	42464
3.53160000000000	35408
3.53243333333333	40944
3.53326666666667	24548
3.53410000000000	46624
3.53493333333333	46592
3.53578333333333	29888
3.53661666666667	31036
3.53745000000000	29012
3.53828333333333	32484
3.53911666666667	30112
3.53995000000000	27744
3.54078333333333	24888
3.54161666666667	29016
3.54245000000000	29220
3.54328333333333	29428
3.54411666666667	33232
3.54495000000000	37024
3.54578333333333	38128
3.54660000000000	33872
3.54743333333333	36672
3.54826666666667	39456
3.54910000000000	33632
3.54993333333333	39168
3.55076666666667	38496
3.55160000000000	36752
3.55245000000000	24976
3.55328333333333	35984
3.55411666666667	35472
3.55495000000000	34832
3.55578333333333	29920
3.55661666666667	38576
3.55745000000000	33312
3.55828333333333	41856
3.55911666666667	38512
3.55995000000000	34976
3.56078333333333	33264
3.56161666666667	33760
3.56245000000000	34256
3.56328333333333	35152
3.56411666666667	29576
3.56495000000000	28584
3.56578333333333	28276
3.56661666666667	29240
3.56745000000000	30208
3.56828333333333	30132
3.56911666666667	42768
3.56996666666667	41936
3.57080000000000	39232
3.57163333333333	39536
3.57246666666667	35408
3.57330000000000	26184
3.57413333333333	28344
3.57496666666667	31400
3.57580000000000	35888
3.57663333333333	35200
3.57746666666667	34496
3.57830000000000	34592
3.57913333333333	34688
3.57996666666667	39056
3.58080000000000	39904
3.58163333333333	38592
3.58246666666667	37536
3.58330000000000	35168
3.58413333333333	34240
3.58496666666667	39440
3.58580000000000	39920
3.58665000000000	34160
3.58748333333333	23448
3.58831666666667	41168
3.58915000000000	40176
3.58998333333333	34112
3.59081666666667	39648
3.59165000000000	39568
3.59248333333333	39488
3.59331666666667	41264
3.59415000000000	41008
3.59498333333333	37568
3.59581666666667	30732
3.59665000000000	39472
3.59748333333333	35168
3.59831666666667	32960
3.59915000000000	36304
3.59998333333333	39648
3.60081666666667	42064
3.60165000000000	48672
3.60248333333333	44128
3.60331666666667	39600
3.60416666666667	33952
3.60500000000000	33664
3.60583333333333	35824
3.60666666666667	37488
3.60750000000000	34656
3.60833333333333	31808
3.60916666666667	35808
3.61000000000000	34496
3.61083333333333	40016
3.61166666666667	27532
3.61250000000000	42096
3.61333333333333	42976
3.61416666666667	36112
3.61500000000000	33536
3.61583333333333	47696
3.61666666666667	48128
3.61750000000000	33792
3.61833333333333	32060
3.61916666666667	44400
3.62000000000000	36592
3.62085000000000	36816
3.62168333333333	44736
3.62251666666667	35552
3.62335000000000	34832
3.62418333333333	35248
3.62501666666667	42816
3.62585000000000	41984
3.62668333333333	36544
3.62751666666667	37584
3.62835000000000	38640
3.62918333333333	36608
3.63001666666667	34592
3.63085000000000	39504
3.63168333333333	35088
3.63251666666667	36560
3.63335000000000	38016
3.63418333333333	38912
3.63501666666667	39088
3.63585000000000	38416
3.63668333333333	37744
3.63751666666667	40064
3.63836666666667	42512
3.63920000000000	38848
3.64003333333333	35184
3.64086666666667	35296
3.64170000000000	37168
3.64253333333333	36336
3.64336666666667	35504
3.64420000000000	29128
3.64503333333333	41280
3.64586666666667	26940
3.64670000000000	35664
3.64753333333333	41024
3.64836666666667	45952
3.64920000000000	36960
3.65003333333333	48784
3.65086666666667	33120
3.65170000000000	32880
3.65253333333333	27284
3.65335000000000	31560
3.65418333333333	32340
3.65503333333333	34976
3.65586666666667	35040
3.65670000000000	35104
3.65753333333333	33536
3.65836666666667	31964
3.65920000000000	45488
3.66003333333333	47824
3.66086666666667	40912
3.66170000000000	50080
3.66253333333333	25848
3.66336666666667	37168
3.66420000000000	39344
3.66503333333333	37664
3.66586666666667	36000
3.66670000000000	42864
3.66753333333333	40736
3.66836666666667	38608
3.66920000000000	33088
3.67003333333333	38544
3.67086666666667	39424
3.67170000000000	33280
3.67255000000000	37328
3.67338333333333	26752
3.67421666666667	33984
3.67505000000000	38464
3.67588333333333	40288
3.67671666666667	29392
3.67755000000000	41376
3.67838333333333	37072
3.67921666666667	25240
3.68005000000000	42560
3.68088333333333	45568
3.68171666666667	43200
3.68255000000000	42560
3.68338333333333	42368
3.68421666666667	41568
3.68505000000000	36048
3.68588333333333	39920
3.68671666666667	37232
3.68755000000000	40736
3.68838333333333	38032
3.68923333333333	35344
3.69006666666667	24564
3.69090000000000	31572
3.69173333333333	35632
3.69256666666667	39792
3.69340000000000	46896
3.69423333333333	42208
3.69506666666667	35456
3.69590000000000	37360
3.69673333333333	31720
3.69756666666667	38016
3.69840000000000	34880
3.69923333333333	38864
3.70006666666667	29232
3.70090000000000	42048
3.70173333333333	40752
3.70256666666667	39472
3.70340000000000	39648
3.70423333333333	44880
3.70506666666667	19564
3.70590000000000	35280
3.70675000000000	36688
3.70758333333333	31960
3.70841666666667	39088
3.70925000000000	24844
3.71008333333333	35040
3.71091666666667	40176
3.71175000000000	33344
3.71258333333333	41488
3.71341666666667	29972
3.71425000000000	38432
3.71508333333333	32052
3.71591666666667	39680
3.71675000000000	37536
3.71758333333333	36576
3.71841666666667	35616
3.71925000000000	34624
3.72008333333333	35728
3.72091666666667	45072
3.72175000000000	42848
3.72258333333333	37072
3.72343333333333	30724
3.72426666666667	39936
3.72510000000000	47456
3.72593333333333	41712
3.72676666666667	34016
3.72760000000000	41696
3.72843333333333	39232
3.72926666666667	30408
3.73010000000000	43408
3.73093333333333	41328
3.73176666666667	33568
3.73260000000000	36592
3.73343333333333	35696
3.73426666666667	35472
3.73510000000000	34784
3.73593333333333	34096
3.73676666666667	30316
3.73760000000000	33760
3.73843333333333	46816
3.73926666666667	43440
3.74010000000000	45088
3.74095000000000	32588
3.74178333333333	39184
3.74261666666667	42464
3.74345000000000	46384
3.74428333333333	43152
3.74511666666667	52768
3.74595000000000	54016
3.74678333333333	40336
3.74761666666667	43696
3.74845000000000	47968
3.74928333333333	34656
3.75011666666667	43680
3.75095000000000	37488
3.75178333333333	35664
3.75261666666667	39696
3.75345000000000	35568
3.75428333333333	32560
3.75511666666667	42544
3.75593333333333	45760
3.75676666666667	46176
3.75761666666667	44848
3.75845000000000	43520
3.75928333333333	41712
3.76011666666667	40368
3.76095000000000	34832
3.76178333333333	36192
3.76261666666667	29620
3.76345000000000	39872
3.76428333333333	29516
3.76511666666667	35296
3.76595000000000	36688
3.76678333333333	41696
3.76761666666667	37280
3.76845000000000	34304
3.76928333333333	34816
3.77011666666667	34960
3.77095000000000	37408
3.77178333333333	38752
3.77261666666667	41280
3.77345000000000	24624
3.77428333333333	25868
3.77513333333333	36400
3.77596666666667	37712
3.77680000000000	44128
3.77763333333333	40864
3.77846666666667	37600
3.77930000000000	40784
3.78013333333333	38944
3.78096666666667	39840
3.78180000000000	40736
3.78263333333333	38032
3.78346666666667	32672
3.78430000000000	35184
3.78513333333333	29880
3.78596666666667	25844
3.78680000000000	22728
3.78763333333333	27700
3.78846666666667	32672
3.78930000000000	30216
3.79013333333333	27764
3.79096666666667	26860
3.79181666666667	25956
3.79265000000000	43056
3.79348333333333	41632
3.79431666666667	31620
3.79515000000000	40304
3.79598333333333	33408
3.79681666666667	34464
3.79765000000000	30476
3.79848333333333	33072
3.79931666666667	35664
3.80015000000000	36704
3.80098333333333	37728
3.80181666666667	32896
3.80265000000000	37984
3.80348333333333	38464
3.80431666666667	33296
3.80515000000000	40656
3.80598333333333	24540
3.80681666666667	41712
3.80765000000000	42544
3.80848333333333	37616
3.80933333333333	43568
3.81016666666667	47008
3.81100000000000	37136
3.81183333333333	37680
3.81266666666667	34160
3.81350000000000	33840
3.81433333333333	37376
3.81516666666667	30084
3.81600000000000	37888
3.81683333333333	28756
3.81766666666667	35216
3.81850000000000	38352
3.81933333333333	37376
3.82016666666667	28912
3.82100000000000	34768
3.82181666666667	36704
3.82265000000000	33808
3.82348333333333	42752
3.82431666666667	44336
3.82515000000000	33216
3.82600000000000	37392
3.82683333333333	41568
3.82766666666667	36416
3.82850000000000	32460
3.82933333333333	39696
3.83016666666667	41040
3.83100000000000	43712
3.83183333333333	28236
3.83266666666667	46144
3.83350000000000	35024
3.83433333333333	30020
3.83516666666667	46032
3.83600000000000	33840
3.83683333333333	30540
3.83766666666667	37888
3.83850000000000	38352
3.83933333333333	33120
3.84016666666667	35776
3.84100000000000	35040
3.84183333333333	35104
3.84266666666667	44704
3.84351666666667	41152
3.84435000000000	37584
3.84518333333333	36336
3.84601666666667	32252
3.84685000000000	37776
3.84768333333333	35552
3.84851666666667	33312
3.84935000000000	34816
3.85018333333333	36304
3.85101666666667	40560
3.85185000000000	42768
3.85268333333333	34112
3.85351666666667	36016
3.85435000000000	32236
3.85518333333333	45248
3.85601666666667	43568
3.85685000000000	33424
3.85768333333333	33152
3.85851666666667	43120
3.85935000000000	46192
3.86020000000000	35696
3.86103333333333	33024
3.86186666666667	39552
3.86270000000000	40304
3.86353333333333	30456
3.86436666666667	25532
3.86520000000000	37376
3.86603333333333	42688
3.86686666666667	47616
3.86770000000000	28048
3.86853333333333	53280
3.86936666666667	39712
3.87020000000000	39824
3.87103333333333	33360
3.87186666666667	38672
3.87270000000000	45120
3.87353333333333	40592
3.87436666666667	36144
3.87520000000000	33824
3.87603333333333	37472
3.87686666666667	40384
3.87771666666667	43296
3.87855000000000	22832
3.87938333333333	27876
3.88021666666667	20948
3.88105000000000	26944
3.88188333333333	25188
3.88271666666667	23428
3.88355000000000	26472
3.88438333333333	31392
3.88521666666667	34592
3.88605000000000	37792
3.88688333333333	36128
3.88771666666667	34448
3.88855000000000	35248
3.88938333333333	36048
3.89021666666667	36016
3.89105000000000	36640
3.89188333333333	36512
3.89271666666667	36384
3.89355000000000	36000
3.89438333333333	35616
3.89521666666667	37488
3.89605000000000	39376
3.89688333333333	42096
3.89771666666667	40608
3.89855000000000	46224
3.89938333333333	31652
3.90021666666667	32264
3.90105000000000	39200
3.90188333333333	36448
3.90271666666667	33696
3.90355000000000	42384
3.90438333333333	40672
3.90521666666667	34016
3.90605000000000	22648
3.90688333333333	32744
3.90771666666667	36080
3.90855000000000	27380
3.90938333333333	42768
3.91021666666667	38176
3.91105000000000	45840
3.91190000000000	34592
3.91273333333333	35568
3.91356666666667	33264
3.91440000000000	26308
3.91523333333333	39744
3.91606666666667	33520
3.91690000000000	36960
3.91773333333333	38192
3.91856666666667	33200
3.91940000000000	36608
3.92023333333333	40032
3.92106666666667	41632
3.92190000000000	40256
3.92273333333333	37392
3.92356666666667	30244
3.92440000000000	40720
3.92523333333333	39808
3.92606666666667	36528
3.92690000000000	35856
3.92773333333333	30668
3.92858333333333	39936
3.92941666666667	31380
3.93025000000000	34560
3.93108333333333	31912
3.93191666666667	33312
3.93275000000000	34704
3.93358333333333	33040
3.93441666666667	29112
3.93525000000000	35008
3.93608333333333	40224
3.93691666666667	24580
3.93775000000000	31028
3.93858333333333	28220
3.93941666666667	29568
3.94025000000000	30916
3.94108333333333	35168
3.94191666666667	35728
3.94275000000000	36304
3.94358333333333	37568
3.94441666666667	37088
3.94525000000000	33536
3.94610000000000	29992
3.94693333333333	34336
3.94776666666667	36256
3.94860000000000	38176
3.94943333333333	36912
3.95026666666667	25144
3.95110000000000	31588
3.95193333333333	18684
3.95276666666667	33040
3.95360000000000	39568
3.95443333333333	25376
3.95526666666667	40640
3.95610000000000	33808
3.95693333333333	39984
3.95776666666667	37152
3.95860000000000	35664
3.95943333333333	34160
3.96026666666667	34208
3.96110000000000	34256
3.96193333333333	33392
3.96278333333333	32520
3.96361666666667	32976
3.96445000000000	33424
3.96528333333333	33904
3.96611666666667	30236
3.96695000000000	34672
3.96778333333333	39088
3.96861666666667	41184
3.96945000000000	33584
3.97028333333333	42800
3.97111666666667	46016
3.97195000000000	28096
3.97278333333333	39776
3.97361666666667	32444
3.97445000000000	37568
3.97528333333333	32068
3.97611666666667	35360
3.97693333333333	38672
3.97776666666667	40080
3.97860000000000	46736
3.97943333333333	47728
3.98028333333333	31872
3.98111666666667	43152
3.98195000000000	38624
3.98278333333333	42976
3.98361666666667	39600
3.98445000000000	37456
3.98528333333333	35392
3.98611666666667	40576
3.98695000000000	46848
3.98778333333333	27484
3.98861666666667	39104
3.98945000000000	38848
3.99028333333333	39664
3.99111666666667	33392
3.99195000000000	29348
3.99278333333333	34144
3.99361666666667	38784
3.99445000000000	40864
3.99528333333333	36176
3.99611666666667	41088
3.99696666666667	40512
3.99780000000000	25440
3.99863333333333	38064
3.99946666666667	32536
4.00030000000000	37248
4.00113333333333	33232
4.00196666666667	37408
4.00280000000000	41584
4.00363333333333	30920
4.00446666666667	37024
4.00530000000000	35392
4.00613333333333	38256
4.00696666666667	40576
4.00780000000000	28180
4.00863333333333	39744
4.00946666666667	27912
4.01030000000000	31316
4.01113333333333	35888
4.01196666666667	33968
4.01280000000000	32056
4.01363333333333	35072
4.01448333333333	36288
4.01531666666667	37488
4.01615000000000	37024
4.01698333333333	32628
4.01781666666667	28228
4.01865000000000	31672
4.01948333333333	35120
4.02031666666667	21780
4.02115000000000	28832
4.02198333333333	40832
4.02281666666667	32236
4.02365000000000	33072
4.02448333333333	41712
4.02531666666667	40528
4.02615000000000	25360
4.02698333333333	41520
4.02781666666667	40784
4.02865000000000	29508
4.02948333333333	36336
4.03031666666667	41456
4.03116666666667	44704
4.03200000000000	30740
4.03283333333333	39840
4.03366666666667	31716
4.03450000000000	44064
4.03533333333333	25928
4.03616666666667	41824
4.03700000000000	37488
4.03783333333333	34688
4.03866666666667	38080
4.03950000000000	29620
4.04033333333333	31956
4.04116666666667	34304
4.04200000000000	40208
4.04283333333333	22484
4.04366666666667	39696
4.04450000000000	37424
4.04533333333333	41664
4.04616666666667	32800
4.04698333333333	34176
4.04781666666667	35840
4.04866666666667	32440
4.04950000000000	36656
4.05033333333333	38704
4.05116666666667	37088
4.05200000000000	33504
4.05283333333333	37840
4.05366666666667	35280
4.05450000000000	36240
4.05533333333333	37216
4.05616666666667	38096
4.05700000000000	37664
4.05783333333333	37232
4.05866666666667	43712
4.05950000000000	28300
4.06033333333333	36272
4.06116666666667	19192
4.06200000000000	28620
4.06283333333333	28300
4.06366666666667	28420
4.06450000000000	28540
4.06535000000000	33280
4.06618333333333	35712
4.06701666666667	35152
4.06785000000000	33440
4.06868333333333	34432
4.06951666666667	34336
4.07035000000000	35120
4.07118333333333	34896
4.07201666666667	34688
4.07285000000000	29376
4.07368333333333	30564
4.07451666666667	31752
4.07535000000000	31536
4.07618333333333	31316
4.07701666666667	32784
4.07785000000000	34256
4.07868333333333	35264
4.07951666666667	36256
4.08035000000000	30836
4.08118333333333	38176
4.08201666666667	32012
4.08286666666667	35840
4.08370000000000	37088
4.08453333333333	38336
4.08536666666667	35984
4.08620000000000	33616
4.08703333333333	33344
4.08786666666667	33056
4.08870000000000	36256
4.08953333333333	33952
4.09036666666667	31644
4.09120000000000	32928
4.09203333333333	38192
4.09286666666667	41920
4.09370000000000	40336
4.09453333333333	41648
4.09536666666667	35216
4.09620000000000	29236
4.09703333333333	24264
4.09786666666667	35392
4.09870000000000	27608
4.09955000000000	28112
4.10038333333333	28616
4.10121666666667	28528
4.10205000000000	28440
4.10288333333333	28504
4.10371666666667	28568
4.10455000000000	41664
4.10538333333333	43824
4.10621666666667	35648
4.10705000000000	42000
4.10788333333333	41216
4.10871666666667	36720
4.10955000000000	39392
4.11038333333333	34208
4.11121666666667	26524
4.11205000000000	37488
4.11288333333333	41504
4.11371666666667	35872
4.11455000000000	30236
4.11538333333333	40256
4.11621666666667	29756
4.11706666666667	32088
4.11790000000000	32020
4.11873333333333	36400
4.11956666666667	36016
4.12040000000000	35648
4.12123333333333	42032
4.12206666666667	41360
4.12290000000000	45280
4.12373333333333	28364
4.12456666666667	40912
4.12540000000000	37520
4.12623333333333	37856
4.12706666666667	45120
4.12790000000000	45360
4.12873333333333	37344
4.12956666666667	34032
4.13040000000000	35568
4.13123333333333	32680
4.13206666666667	33728
4.13290000000000	36544
4.13373333333333	39760
4.13456666666667	38592
4.13540000000000	37440
4.13623333333333	28580
4.13706666666667	34832
4.13790000000000	33600
4.13873333333333	32372
4.13956666666667	33376
4.14040000000000	34016
4.14123333333333	34672
4.14206666666667	38336
4.14290000000000	38176
4.14373333333333	28832
4.14456666666667	34448
4.14540000000000	23348
4.14623333333333	40656
4.14706666666667	37904
4.14790000000000	41472
4.14873333333333	41680
4.14956666666667	38048
4.15040000000000	41488
4.15125000000000	46992
4.15208333333333	31472
4.15291666666667	34432
4.15375000000000	41008
4.15458333333333	41664
4.15541666666667	30092
4.15625000000000	26020
4.15708333333333	34080
4.15791666666667	27548
4.15875000000000	35888
4.15958333333333	32036
4.16041666666667	33920
4.16125000000000	35776
4.16208333333333	35936
4.16291666666667	36096
4.16375000000000	36144
4.16458333333333	36192
4.16541666666667	36160
4.16625000000000	36144
4.16708333333333	45904
4.16793333333333	20592
4.16876666666667	36016
4.16960000000000	39776
4.17043333333333	34048
4.17126666666667	35200
4.17210000000000	46320
4.17293333333333	45296
4.17376666666667	38000
4.17460000000000	43504
4.17543333333333	35344
4.17626666666667	41664
4.17710000000000	39840
4.17793333333333	37024
4.17876666666667	33056
4.17960000000000	42640
4.18043333333333	39744
4.18126666666667	33504
4.18210000000000	35728
4.18293333333333	22212
4.18376666666667	43616
4.18460000000000	40416
4.18545000000000	33728
4.18628333333333	29608
4.18711666666667	36816
4.18795000000000	35968
4.18878333333333	35616
4.18961666666667	40944
4.19045000000000	42304
4.19128333333333	36032
4.19211666666667	33216
4.19295000000000	31484
4.19378333333333	39408
4.19461666666667	43552
4.19545000000000	38208
4.19628333333333	45040
4.19711666666667	32320
4.19795000000000	43376
4.19878333333333	32712
4.19961666666667	19032
4.20045000000000	36592
4.20128333333333	37648
4.20213333333333	41552
4.20296666666667	44048
4.20380000000000	31148
4.20463333333333	37776
4.20546666666667	35376
4.20630000000000	36400
4.20713333333333	37408
4.20796666666667	32740
4.20880000000000	26228
4.20963333333333	44448
4.21046666666667	46624
4.21130000000000	39968
4.21213333333333	41680
4.21296666666667	39648
4.21380000000000	38496
4.21463333333333	35376
4.21546666666667	33760
4.21630000000000	36272
4.21713333333333	32328
4.21796666666667	32144
4.21880000000000	35328
4.21965000000000	34848
4.22048333333333	39136
4.22131666666667	37456
4.22215000000000	30528
4.22298333333333	37088
4.22381666666667	40736
4.22465000000000	36352
4.22548333333333	39776
4.22631666666667	38720
4.22715000000000	37680
4.22798333333333	28104
4.22881666666667	43824
4.22965000000000	44096
4.23048333333333	29864
4.23131666666667	40096
4.23215000000000	37824
4.23298333333333	33792
4.23381666666667	38832
4.23465000000000	40544
4.23548333333333	32072
4.23633333333333	32848
4.23716666666667	26000
4.23800000000000	38000
4.23883333333333	42608
4.23966666666667	33024
4.24050000000000	37248
4.24133333333333	27856
4.24216666666667	15376
4.24300000000000	31832
4.24383333333333	45856
4.24466666666667	39680
4.24550000000000	37456
4.24633333333333	35040
4.24716666666667	37168
4.24800000000000	38240
4.24881666666667	24680
4.24965000000000	29472
4.25048333333333	33808
4.25131666666667	38128
4.25215000000000	38160
4.25298333333333	31368
4.25383333333333	28012
4.25466666666667	36416
4.25550000000000	22856
4.25633333333333	30296
4.25716666666667	42384
4.25800000000000	43104
4.25883333333333	31868
4.25966666666667	24184
4.26050000000000	29308
4.26133333333333	44832
4.26216666666667	48768
4.26300000000000	38400
4.26383333333333	36944
4.26466666666667	28316
4.26550000000000	42672
4.26633333333333	41376
4.26716666666667	35328
4.26800000000000	36656
4.26883333333333	35840
4.26966666666667	38048
4.27051666666667	30880
4.27135000000000	33040
4.27218333333333	35216
4.27301666666667	38192
4.27385000000000	21716
4.27468333333333	32020
4.27551666666667	39808
4.27635000000000	40496
4.27718333333333	39840
4.27801666666667	39728
4.27885000000000	39600
4.27968333333333	29916
4.28051666666667	27464
4.28135000000000	37904
4.28218333333333	29116
4.28301666666667	39296
4.28385000000000	34816
4.28468333333333	37136
4.28551666666667	39120
4.28635000000000	35008
4.28718333333333	36112
4.28803333333333	37040
4.28886666666667	37984
4.28970000000000	32248
4.29053333333333	29556
4.29136666666667	29416
4.29220000000000	27416
4.29303333333333	25412
4.29386666666667	24788
4.29470000000000	24984
4.29553333333333	25176
4.29636666666667	32832
4.29720000000000	38544
4.29803333333333	43392
4.29886666666667	38960
4.29970000000000	44288
4.30053333333333	38176
4.30136666666667	43056
4.30220000000000	38800
4.30303333333333	38688
4.30386666666667	40688
4.30471666666667	38512
4.30555000000000	45728
4.30638333333333	29864
4.30721666666667	28136
4.30805000000000	48272
4.30888333333333	36416
4.30971666666667	43024
4.31055000000000	33952
4.31138333333333	22400
4.31221666666667	42832
4.31305000000000	43376
4.31388333333333	27340
4.31471666666667	43264
4.31555000000000	39984
4.31638333333333	38272
4.31721666666667	35200
4.31805000000000	37904
4.31888333333333	41408
4.31971666666667	33168
4.32053333333333	30348
4.32136666666667	39840
4.32221666666667	43888
4.32305000000000	46432
4.32388333333333	34352
4.32471666666667	30152
4.32555000000000	38864
4.32638333333333	40144
4.32721666666667	35168
4.32805000000000	33760
4.32888333333333	31812
4.32971666666667	29860
4.33055000000000	34224
4.33138333333333	38592
4.33221666666667	39264
4.33305000000000	35152
4.33388333333333	33936
4.33471666666667	25180
4.33555000000000	40432
4.33638333333333	43088
4.33721666666667	42288
4.33805000000000	25232
4.33890000000000	31984
4.33973333333333	42128
4.34056666666667	33552
4.34140000000000	26232
4.34223333333333	40464
4.34306666666667	35008
4.34390000000000	45024
4.34473333333333	38032
4.34556666666667	43232
4.34640000000000	29328
4.34723333333333	35360
4.34806666666667	38144
4.34890000000000	27608
4.34973333333333	22572
4.35056666666667	24680
4.35140000000000	37984
4.35223333333333	32572
4.35306666666667	27160
4.35390000000000	29908
4.35473333333333	32512
4.35556666666667	35120
4.35641666666667	38464
4.35725000000000	40656
4.35808333333333	42832
4.35891666666667	42672
4.35975000000000	36352
4.36058333333333	34448
4.36141666666667	34800
4.36225000000000	37664
4.36308333333333	40512
4.36391666666667	35536
4.36475000000000	30560
4.36558333333333	40000
4.36641666666667	36928
4.36725000000000	32676
4.36808333333333	27292
4.36891666666667	32732
4.36975000000000	35968
4.37058333333333	39456
4.37141666666667	38624
4.37225000000000	35296
4.37310000000000	39568
4.37393333333333	32880
4.37476666666667	35728
4.37560000000000	41392
4.37643333333333	32928
4.37726666666667	31640
4.37810000000000	34320
4.37893333333333	35104
4.37976666666667	35872
4.38060000000000	37936
4.38143333333333	39984
4.38226666666667	31304
4.38310000000000	39232
4.38393333333333	43280
4.38476666666667	37264
4.38560000000000	40368
4.38643333333333	38272
4.38726666666667	38416
4.38810000000000	37504
4.38893333333333	36896
4.38976666666667	36288
4.39061666666667	31300
4.39145000000000	23228
4.39228333333333	40304
4.39311666666667	44640
4.39395000000000	39648
4.39478333333333	37632
4.39561666666667	44704
4.39645000000000	36688
4.39728333333333	37632
4.39811666666667	29244
4.39895000000000	42368
4.39978333333333	36016
4.40061666666667	41792
4.40145000000000	35216
4.40228333333333	40496
4.40311666666667	38512
4.40395000000000	36544
4.40478333333333	29188
4.40561666666667	34368
4.40645000000000	25208
4.40730000000000	30108
4.40813333333333	35008
4.40896666666667	41120
4.40980000000000	46608
4.41063333333333	39296
4.41146666666667	27452
4.41230000000000	38624
4.41313333333333	36496
4.41396666666667	41536
4.41480000000000	43408
4.41563333333333	43088
4.41646666666667	26712
4.41730000000000	38752
4.41813333333333	37232
4.41896666666667	30808
4.41978333333333	37504
4.42061666666667	35488
4.42145000000000	33488
4.42228333333333	30924
4.42311666666667	28360
4.42395000000000	31892
4.42480000000000	30732
4.42563333333333	29572
4.42646666666667	30472
4.42730000000000	31368
4.42813333333333	32268
4.42896666666667	33168
4.42980000000000	27588
4.43063333333333	43952
4.43146666666667	39904
4.43230000000000	38912
4.43313333333333	37504
4.43396666666667	30728
4.43480000000000	21880
4.43563333333333	40864
4.43646666666667	36656
4.43730000000000	40656
4.43813333333333	30352
4.43896666666667	34320
4.43980000000000	26300
4.44063333333333	33152
4.44148333333333	31440
4.44231666666667	29736
4.44315000000000	24600
4.44398333333333	27352
4.44481666666667	30104
4.44565000000000	35760
4.44648333333333	36320
4.44731666666667	36896
4.44815000000000	34320
4.44898333333333	34048
4.44981666666667	33776
4.45065000000000	34592
4.45148333333333	32132
4.45231666666667	29680
4.45315000000000	31276
4.45398333333333	32880
4.45481666666667	26236
4.45565000000000	19596
4.45648333333333	41568
4.45731666666667	42048
4.45815000000000	38928
4.45900000000000	34352
4.45983333333333	41600
4.46066666666667	30876
4.46150000000000	33056
4.46233333333333	37648
4.46316666666667	40512
4.46400000000000	37440
4.46483333333333	31820
4.46566666666667	37648
4.46650000000000	33472
4.46733333333333	32296
4.46816666666667	26784
4.46900000000000	28520
4.46983333333333	32028
4.47066666666667	35536
4.47150000000000	32864
4.47233333333333	30188
4.47316666666667	32652
4.47400000000000	35120
4.47483333333333	35376
4.47568333333333	40832
4.47651666666667	43120
4.47735000000000	39808
4.47818333333333	22520
4.47901666666667	26412
4.47985000000000	41504
4.48068333333333	38160
4.48151666666667	29424
4.48235000000000	39104
4.48318333333333	41264
4.48401666666667	45072
4.48485000000000	40944
4.48568333333333	40960
4.48651666666667	33648
4.48735000000000	38448
4.48818333333333	34896
4.48901666666667	36992
4.48985000000000	40256
4.49068333333333	38912
4.49151666666667	39024
4.49235000000000	33584
4.49320000000000	30452
4.49403333333333	36048
4.49486666666667	36208
4.49570000000000	36352
4.49653333333333	37856
4.49736666666667	38896
4.49820000000000	37872
4.49903333333333	36944
