1.50330000000000	0
1.50663333333333	0
1.50996666666667	0
1.51330000000000	0
1.51663333333333	0
1.51998333333333	0
1.52331666666667	0
1.52665000000000	0
1.52998333333333	0
1.53331666666667	0
1.53666666666667	0
1.54000000000000	0
1.54333333333333	0
1.54666666666667	0
1.55000000000000	0
1.55335000000000	0
1.55668333333333	0
1.56001666666667	0
1.56335000000000	1227
1.56668333333333	1572
1.57003333333333	0
1.57336666666667	0
1.57670000000000	0
1.58003333333333	0
1.58336666666667	0
1.58671666666667	0
1.59005000000000	0
1.59338333333333	0
1.59671666666667	0
1.60005000000000	0
1.60340000000000	0
1.60673333333333	0
1.61006666666667	705
1.61340000000000	353
1.61673333333333	0
1.62008333333333	0
1.62341666666667	0
1.62675000000000	0
1.63008333333333	0
1.63341666666667	0
1.63676666666667	0
1.64010000000000	0
1.64343333333333	0
1.64676666666667	0
1.65010000000000	44
1.65345000000000	22
1.65678333333333	0
1.66011666666667	0
1.66345000000000	0
1.66678333333333	0
1.67013333333333	0
1.67346666666667	0
1.67680000000000	0
1.68013333333333	0
1.68346666666667	0
1.68681666666667	0
1.69015000000000	0
1.69348333333333	0
1.69681666666667	0
1.70015000000000	0
1.70350000000000	0
1.70683333333333	0
1.71016666666667	0
1.71350000000000	0
1.71683333333333	0
1.72018333333333	0
1.72351666666667	23
1.72685000000000	11
1.73018333333333	0
1.73351666666667	0
1.73686666666667	0
1.74020000000000	0
1.74353333333333	0
1.74686666666667	0
1.75020000000000	0
1.75355000000000	0
1.75688333333333	0
1.76021666666667	0
1.76355000000000	0
1.76688333333333	0
1.77023333333333	0
1.77356666666667	0
1.77690000000000	0
1.78023333333333	0
1.78356666666667	0
1.78691666666667	21
1.79025000000000	11
1.79358333333333	0
1.79691666666667	0
1.80025000000000	0
1.80360000000000	0
1.80693333333333	0
1.81026666666667	0
1.81360000000000	0
1.81693333333333	0
1.82026666666667	0
1.82361666666667	0
1.82695000000000	0
1.83028333333333	0
1.83361666666667	0
1.83695000000000	0
1.84030000000000	0
1.84363333333333	0
1.84696666666667	0
1.85030000000000	0
1.85363333333333	0
1.85698333333333	0
1.86031666666667	0
1.86365000000000	0
1.86698333333333	0
1.87031666666667	0
1.87366666666667	0
1.87700000000000	0
1.88033333333333	0
1.88366666666667	0
1.88700000000000	0
1.89035000000000	0
1.89368333333333	25
1.89701666666667	12
1.90035000000000	0
1.90368333333333	0
1.90703333333333	0
1.91036666666667	0
1.91370000000000	0
1.91703333333333	0
1.92036666666667	0
1.92371666666667	0
1.92705000000000	0
1.93038333333333	0
1.93371666666667	0
1.93705000000000	0
1.94040000000000	0
1.94373333333333	0
1.94706666666667	0
1.95040000000000	0
1.95373333333333	0
1.95708333333333	0
1.96041666666667	0
1.96375000000000	0
1.96708333333333	0
1.97041666666667	0
1.97376666666667	0
1.97710000000000	0
1.98043333333333	0
1.98376666666667	0
1.98710000000000	0
1.99045000000000	0
1.99378333333333	0
1.99711666666667	0
2.00045000000000	0
2.00378333333333	0
2.00713333333333	0
2.01046666666667	0
2.01380000000000	0
2.01713333333333	0
2.02046666666667	0
2.02381666666667	0
2.02715000000000	0
2.03048333333333	1410
2.03381666666667	1227
2.03715000000000	0
2.04050000000000	0
2.04383333333333	0
2.04716666666667	0
2.05050000000000	0
2.05383333333333	0
2.05718333333333	0
2.06051666666667	0
2.06385000000000	0
2.06718333333333	0
2.07051666666667	0
2.07386666666667	0
2.07720000000000	0
2.08053333333333	0
2.08386666666667	0
2.08720000000000	0
2.09055000000000	0
2.09388333333333	0
2.09721666666667	0
2.10055000000000	0
2.10388333333333	0
2.10723333333333	0
2.11056666666667	0
2.11390000000000	0
2.11723333333333	0
2.12056666666667	0
2.12391666666667	0
2.12725000000000	0
2.13058333333333	0
2.13391666666667	0
2.13725000000000	0
2.14060000000000	0
2.14393333333333	0
2.14726666666667	0
2.15060000000000	0
2.15393333333333	0
2.15726666666667	0
2.16061666666667	0
2.16395000000000	0
2.16728333333333	0
2.17061666666667	0
2.17395000000000	461
2.17730000000000	231
2.18063333333333	0
2.18396666666667	0
2.18730000000000	0
2.19063333333333	0
2.19398333333333	0
2.19731666666667	0
2.20065000000000	0
2.20398333333333	0
2.20731666666667	740
2.21066666666667	634
2.21400000000000	0
2.21733333333333	0
2.22066666666667	0
2.22400000000000	0
2.22735000000000	0
2.23068333333333	0
2.23401666666667	0
2.23735000000000	0
2.24068333333333	0
2.24403333333333	0
2.24736666666667	0
2.25070000000000	0
2.25403333333333	0
2.25736666666667	0
2.26071666666667	1205
2.26405000000000	1269
2.26738333333333	1319
2.27071666666667	2149
2.27405000000000	0
2.27740000000000	941
2.28073333333333	1029
2.28406666666667	972
2.28740000000000	916
2.29073333333333	4066
2.29408333333333	3985
2.29741666666667	6871
2.30075000000000	6602
2.30408333333333	3978
2.30741666666667	1353
2.31076666666667	5971
2.31410000000000	5792
2.31743333333333	7578
2.32076666666667	6541
2.32410000000000	5504
2.32745000000000	4094
2.33078333333333	7073
2.33411666666667	6652
2.33745000000000	8376
2.34078333333333	8308
2.34413333333333	8240
2.34746666666667	10336
2.35080000000000	12336
2.35413333333333	14336
2.35746666666667	15572
2.36081666666667	5823
2.36415000000000	7690
2.36748333333333	11492
2.37081666666667	15348
2.37415000000000	15872
2.37750000000000	14160
2.38083333333333	13052
2.38416666666667	14424
2.38750000000000	13412
2.39083333333333	11052
2.39418333333333	8692
2.39751666666667	17248
2.40085000000000	16340
2.40418333333333	15432
2.40751666666667	15648
2.41086666666667	11060
2.41420000000000	12576
2.41753333333333	14092
2.42086666666667	14728
2.42420000000000	15880
2.42755000000000	17028
2.43088333333333	30548
2.43421666666667	28060
2.43755000000000	26704
2.44088333333333	23600
2.44423333333333	24748
2.44756666666667	36048
2.45090000000000	36096
2.45423333333333	21372
2.45756666666667	18000
2.46091666666667	31384
2.46425000000000	32036
2.46758333333333	33872
2.47091666666667	40640
2.47425000000000	20336
2.47760000000000	28336
2.48093333333333	26256
2.48426666666667	24644
2.48760000000000	16164
2.49093333333333	15492
2.49426666666667	33472
2.49761666666667	35664
2.50095000000000	30432
2.50428333333333	16604
2.50761666666667	38432
2.51095000000000	36880
2.51430000000000	35968
2.51763333333333	33136
2.52096666666667	30316
2.52430000000000	33984
2.52763333333333	32912
2.53098333333333	31832
2.53431666666667	35536
2.53765000000000	26880
2.54098333333333	21008
2.54431666666667	31112
2.54766666666667	28200
2.55100000000000	25284
2.55433333333333	40912
2.55766666666667	38368
2.56100000000000	35824
2.56435000000000	30964
2.56768333333333	43776
2.57101666666667	22832
2.57435000000000	31348
2.57768333333333	27028
2.58103333333333	27368
2.58436666666667	27708
2.58770000000000	26552
2.59103333333333	44048
2.59436666666667	46256
2.59771666666667	28236
2.60105000000000	19180
2.60438333333333	48944
2.60771666666667	37392
2.61105000000000	63904
2.61440000000000	41600
2.61773333333333	47696
2.62106666666667	54768
2.62440000000000	31628
2.62773333333333	32864
2.63108333333333	45680
2.63441666666667	52512
2.63775000000000	23236
2.64108333333333	35488
2.64441666666667	37072
2.64776666666667	40016
2.65110000000000	34720
2.65443333333333	27812
2.65776666666667	34640
2.66110000000000	34976
2.66445000000000	35312
2.66778333333333	24412
2.67111666666667	36096
2.67445000000000	42304
2.67778333333333	31068
2.68113333333333	29860
2.68446666666667	28652
2.68780000000000	24076
2.69113333333333	35888
2.69446666666667	38544
2.69781666666667	41216
2.70115000000000	34928
2.70448333333333	42496
2.70781666666667	34736
2.71115000000000	26968
2.71450000000000	48096
2.71783333333333	49488
2.72116666666667	36432
2.72450000000000	32348
2.72783333333333	37552
2.73118333333333	32848
2.73451666666667	38608
2.73785000000000	34848
2.74118333333333	31096
2.74451666666667	36928
2.74786666666667	35312
2.75120000000000	33680
2.75453333333333	49344
2.75786666666667	51568
2.76120000000000	55296
2.76455000000000	34704
2.76788333333333	47312
2.77121666666667	43328
2.77455000000000	40560
2.77788333333333	54400
2.78123333333333	53952
2.78456666666667	48256
2.78790000000000	55888
2.79123333333333	41968
2.79456666666667	41904
2.79791666666667	35280
2.80125000000000	49552
2.80458333333333	50544
2.80791666666667	34448
2.81125000000000	40752
2.81460000000000	47056
2.81793333333333	52416
2.82126666666667	43488
2.82460000000000	42896
2.82793333333333	44512
2.83126666666667	46128
2.83461666666667	26264
2.83795000000000	50192
2.84128333333333	32096
2.84461666666667	53664
2.84795000000000	47216
2.85130000000000	39552
2.85463333333333	49824
2.85796666666667	42480
2.86130000000000	43744
2.86463333333333	52976
2.86798333333333	52592
2.87131666666667	43792
2.87465000000000	45696
2.87798333333333	45824
2.88131666666667	43600
2.88466666666667	46976
2.88800000000000	43392
2.89133333333333	39808
2.89466666666667	27936
2.89800000000000	24348
2.90135000000000	29260
2.90468333333333	47328
2.90801666666667	44576
2.91135000000000	41808
2.91468333333333	50896
2.91803333333333	56144
2.92136666666667	32048
2.92470000000000	39616
2.92803333333333	40656
2.93136666666667	41184
2.93471666666667	45520
2.93805000000000	33728
2.94138333333333	34624
2.94471666666667	50016
2.94805000000000	24784
2.95140000000000	54160
2.95473333333333	52688
2.95806666666667	36016
2.96140000000000	42656
2.96473333333333	43728
2.96808333333333	50512
2.97141666666667	47040
2.97475000000000	46640
2.97808333333333	52256
2.98141666666667	51072
2.98476666666667	43696
2.98810000000000	38816
2.99143333333333	44864
2.99476666666667	46560
2.99810000000000	45392
3.00145000000000	44240
3.00478333333333	41040
3.00811666666667	45936
3.01145000000000	47200
3.01478333333333	59104
3.01813333333333	58864
3.02146666666667	56096
3.02480000000000	39584
3.02813333333333	48752
3.03146666666667	25752
3.03481666666667	43376
3.03815000000000	23240
3.04148333333333	41328
3.04481666666667	45632
3.04815000000000	42224
3.05150000000000	37872
3.05483333333333	45296
3.05816666666667	39568
3.06150000000000	36208
3.06483333333333	32848
3.06818333333333	42096
3.07151666666667	36704
3.07485000000000	31312
3.07818333333333	39072
3.08151666666667	43552
3.08486666666667	48048
3.08820000000000	50320
3.09153333333333	40416
3.09486666666667	24236
3.09820000000000	41552
3.10155000000000	36688
3.10488333333333	31924
3.10821666666667	47664
3.11155000000000	53184
3.11488333333333	40880
3.11823333333333	47520
3.12156666666667	45424
3.12490000000000	41552
3.12823333333333	42992
3.13156666666667	40768
3.13491666666667	38528
3.13825000000000	52144
3.14158333333333	54384
3.14491666666667	37392
3.14825000000000	48464
3.15160000000000	34784
3.15493333333333	48064
3.15826666666667	42752
3.16160000000000	43296
3.16493333333333	40048
3.16826666666667	34864
3.17161666666667	33888
3.17495000000000	27972
3.17828333333333	28620
3.18161666666667	29272
3.18495000000000	38960
3.18830000000000	37088
3.19163333333333	35216
3.19496666666667	40880
3.19830000000000	46544
3.20163333333333	53488
3.20498333333333	54496
3.20831666666667	47056
3.21165000000000	54416
3.21498333333333	51168
3.21831666666667	47920
3.22166666666667	39600
3.22500000000000	19212
3.22833333333333	35008
3.23166666666667	34192
3.23500000000000	49760
3.23835000000000	47648
3.24168333333333	44880
3.24501666666667	42112
3.24835000000000	23620
3.25168333333333	42928
3.25503333333333	31916
3.25836666666667	49920
3.26170000000000	62416
3.26503333333333	51248
3.26836666666667	42560
3.27171666666667	36672
3.27505000000000	38656
3.27838333333333	46416
3.28171666666667	29972
3.28505000000000	43392
3.28840000000000	30708
3.29173333333333	36752
3.29506666666667	47232
3.29840000000000	43632
3.30173333333333	40032
3.30508333333333	46208
3.30841666666667	31196
3.31175000000000	39904
3.31508333333333	54240
3.31841666666667	51056
3.32176666666667	52608
3.32510000000000	36896
3.32843333333333	42416
3.33176666666667	35728
3.33510000000000	44016
3.33845000000000	52320
3.34178333333333	50896
3.34511666666667	29652
3.34845000000000	19964
3.35178333333333	48976
3.35513333333333	53392
3.35846666666667	48320
3.36180000000000	64368
3.36513333333333	33088
3.36846666666667	49776
3.37181666666667	43520
3.37515000000000	40768
3.37848333333333	45328
3.38181666666667	54816
3.38515000000000	20452
3.38850000000000	37008
3.39183333333333	58944
3.39516666666667	32504
3.39850000000000	32832
3.40183333333333	21004
3.40518333333333	23592
3.40851666666667	20808
3.41185000000000	27144
3.41518333333333	29500
3.41851666666667	48016
3.42186666666667	44864
3.42520000000000	50016
3.42853333333333	49536
3.43186666666667	43088
3.43520000000000	26664
3.43855000000000	51072
3.44188333333333	41328
3.44521666666667	37920
3.44855000000000	35808
3.45188333333333	33696
3.45523333333333	43520
3.45856666666667	41296
3.46190000000000	39088
3.46523333333333	41616
3.46856666666667	44160
3.47191666666667	45232
3.47525000000000	46288
3.47858333333333	36944
3.48191666666667	35856
3.48525000000000	46160
3.48860000000000	44848
3.49193333333333	43536
3.49526666666667	22160
3.49860000000000	50400
3.50193333333333	54368
3.50526666666667	53248
3.50861666666667	52000
3.51195000000000	43904
3.51528333333333	49616
3.51861666666667	44400
3.52195000000000	39200
3.52530000000000	37584
3.52863333333333	35968
3.53196666666667	32452
3.53530000000000	28932
3.53863333333333	38544
3.54198333333333	53408
3.54531666666667	53552
3.54865000000000	40592
3.55198333333333	58560
3.55531666666667	46528
3.55866666666667	44176
3.56200000000000	50112
3.56533333333333	29696
3.56866666666667	54544
3.57200000000000	68544
3.57535000000000	50064
3.57868333333333	37408
3.58201666666667	38160
3.58535000000000	20784
3.58868333333333	45616
3.59203333333333	50016
3.59536666666667	55136
3.59870000000000	45632
3.60203333333333	55248
3.60536666666667	36592
3.60871666666667	29540
3.61205000000000	44144
3.61538333333333	44016
3.61871666666667	43888
3.62205000000000	45008
3.62540000000000	44608
3.62873333333333	44208
3.63206666666667	42432
3.63540000000000	39776
3.63873333333333	30108
3.64208333333333	28948
3.64541666666667	36192
3.64875000000000	31736
3.65208333333333	27272
3.65541666666667	41088
3.65876666666667	43264
3.66210000000000	45840
3.66543333333333	44336
3.66876666666667	45264
3.67210000000000	45056
3.67545000000000	39808
3.67878333333333	31060
3.68211666666667	40096
3.68545000000000	40672
3.68878333333333	41296
3.69213333333333	46624
3.69546666666667	51936
3.69880000000000	50240
3.70213333333333	31960
3.70546666666667	40080
3.70881666666667	39104
3.71215000000000	40448
3.71548333333333	40304
3.71881666666667	35648
3.72215000000000	36160
3.72550000000000	36672
3.72883333333333	35632
3.73216666666667	34592
3.73550000000000	41280
3.73883333333333	54256
3.74218333333333	52352
3.74551666666667	40400
3.74885000000000	42624
3.75218333333333	26640
3.75551666666667	42368
3.75886666666667	38080
3.76220000000000	29336
3.76553333333333	32784
3.76886666666667	36224
3.77220000000000	33152
3.77555000000000	37568
3.77888333333333	41968
3.78221666666667	40768
3.78555000000000	39552
3.78888333333333	51616
3.79223333333333	45344
3.79556666666667	39072
3.79890000000000	38832
3.80223333333333	35120
3.80556666666667	44640
3.80891666666667	29040
3.81225000000000	43712
3.81558333333333	40000
3.81891666666667	36288
3.82225000000000	36240
3.82560000000000	37920
3.82893333333333	39600
3.83226666666667	44016
3.83560000000000	55312
3.83893333333333	56816
3.84226666666667	34432
3.84561666666667	55216
3.84895000000000	40848
3.85228333333333	47232
3.85561666666667	52496
3.85895000000000	33200
3.86230000000000	54480
3.86563333333333	47168
3.86896666666667	45520
3.87230000000000	55024
3.87563333333333	43728
3.87898333333333	40736
3.88231666666667	44528
3.88565000000000	38272
3.88898333333333	39920
3.89231666666667	41552
3.89566666666667	25028
3.89900000000000	47824
3.90233333333333	53504
3.90566666666667	57984
3.90900000000000	46944
3.91235000000000	27844
3.91568333333333	22140
3.91901666666667	31776
3.92235000000000	57344
3.92568333333333	51824
3.92903333333333	39936
3.93236666666667	49232
3.93570000000000	42448
3.93903333333333	61072
3.94236666666667	21772
3.94571666666667	46992
3.94905000000000	59856
3.95238333333333	47152
3.95571666666667	28396
3.95905000000000	47520
3.96240000000000	41856
3.96573333333333	36192
3.96906666666667	41888
3.97240000000000	47584
3.97573333333333	53024
3.97908333333333	63104
3.98241666666667	57184
3.98575000000000	13728
3.98908333333333	58960
3.99241666666667	37072
3.99576666666667	53408
3.99910000000000	40064
4.00243333333333	55296
4.00576666666667	60368
4.00910000000000	46496
4.01245000000000	29584
4.01578333333333	22064
4.01911666666667	29192
4.02245000000000	38496
4.02578333333333	34480
4.02913333333333	30480
4.03246666666667	30424
4.03580000000000	30368
4.03913333333333	39056
4.04246666666667	35216
4.04581666666667	31380
4.04915000000000	47744
4.05248333333333	49424
4.05581666666667	44496
4.05915000000000	42624
4.06250000000000	40752
4.06583333333333	43312
4.06916666666667	47584
4.07250000000000	51696
4.07583333333333	54048
4.07918333333333	49904
4.08251666666667	41712
4.08585000000000	28752
4.08918333333333	37504
4.09251666666667	46272
4.09586666666667	53680
4.09920000000000	23352
4.10253333333333	44000
4.10586666666667	48512
4.10920000000000	48352
4.11255000000000	42064
4.11588333333333	35776
4.11921666666667	25620
4.12255000000000	30976
4.12588333333333	36704
4.12923333333333	17644
4.13256666666667	51808
4.13590000000000	41696
4.13923333333333	45472
4.14256666666667	47072
4.14591666666667	36480
4.14925000000000	38832
4.15258333333333	41168
4.15591666666667	31180
4.15925000000000	27024
4.16260000000000	51152
4.16593333333333	56464
4.16926666666667	66624
4.17260000000000	35440
4.17593333333333	45072
4.17926666666667	46080
4.18261666666667	40960
4.18595000000000	44368
4.18928333333333	33568
4.19261666666667	37200
4.19595000000000	41552
4.19930000000000	42000
4.20263333333333	45136
4.20596666666667	48288
4.20930000000000	34912
4.21263333333333	39792
4.21598333333333	45760
4.21931666666667	35168
4.22265000000000	35056
4.22598333333333	34960
4.22931666666667	35200
4.23266666666667	35440
4.23600000000000	39152
4.23933333333333	42864
4.24266666666667	41840
4.24600000000000	46960
4.24935000000000	46752
4.25268333333333	46560
4.25601666666667	32028
4.25935000000000	56368
4.26268333333333	53792
4.26603333333333	46416
4.26936666666667	42064
4.27270000000000	37840
4.27603333333333	48864
4.27936666666667	40640
4.28271666666667	58224
4.28605000000000	49824
4.28938333333333	41408
4.29271666666667	46128
4.29605000000000	45088
4.29940000000000	44672
4.30273333333333	49936
4.30606666666667	50080
4.30940000000000	50224
4.31273333333333	34224
4.31608333333333	59680
4.31941666666667	37536
4.32275000000000	37168
4.32608333333333	31300
4.32941666666667	33792
4.33276666666667	36304
4.33610000000000	29324
4.33943333333333	22348
4.34276666666667	44784
4.34610000000000	37184
4.34945000000000	29592
4.35278333333333	42304
4.35611666666667	31200
4.35945000000000	28592
4.36278333333333	35168
4.36613333333333	34992
4.36946666666667	34816
4.37280000000000	37472
4.37613333333333	40128
4.37946666666667	44624
4.38281666666667	37392
4.38615000000000	30180
4.38948333333333	39552
4.39281666666667	41680
4.39615000000000	46288
4.39950000000000	57280
4.40283333333333	24000
4.40616666666667	28792
4.40950000000000	59488
4.41283333333333	49024
4.41618333333333	37184
4.41951666666667	47552
4.42285000000000	39808
4.42618333333333	60112
4.42951666666667	60096
4.43286666666667	35024
4.43620000000000	53840
4.43953333333333	45808
4.44286666666667	42160
4.44620000000000	46752
4.44955000000000	50000
4.45288333333333	49456
4.45621666666667	39744
4.45955000000000	46400
4.46288333333333	40192
4.46623333333333	38976
4.46956666666667	47488
4.47290000000000	37968
4.47623333333333	37056
4.47956666666667	49584
4.48291666666667	43200
4.48625000000000	46752
4.48958333333333	49312
4.49291666666667	52016
4.49625000000000	45856
