1.50331666666667	642
1.50665000000000	0
1.50998333333333	418
1.51331666666667	0
1.51665000000000	12
1.51998333333333	0
1.52331666666667	0
1.52665000000000	0
1.52998333333333	0
1.53331666666667	136
1.53666666666667	68
1.54000000000000	0
1.54333333333333	0
1.54666666666667	0
1.55000000000000	0
1.55335000000000	0
1.55668333333333	0
1.56001666666667	6
1.56335000000000	13
1.56668333333333	6
1.57003333333333	0
1.57336666666667	0
1.57670000000000	0
1.58003333333333	92
1.58336666666667	137
1.58671666666667	183
1.59005000000000	14
1.59338333333333	573
1.59671666666667	657
1.60003333333333	383
1.60338333333333	226
1.60671666666667	370
1.61005000000000	575
1.61338333333333	0
1.61671666666667	0
1.62005000000000	240
1.62340000000000	242
1.62673333333333	0
1.63006666666667	0
1.63340000000000	0
1.63673333333333	0
1.64008333333333	0
1.64341666666667	0
1.64675000000000	0
1.65008333333333	0
1.65341666666667	0
1.65676666666667	0
1.66010000000000	0
1.66343333333333	0
1.66675000000000	0
1.67008333333333	467
1.67343333333333	785
1.67676666666667	770
1.68010000000000	0
1.68343333333333	0
1.68676666666667	288
1.69011666666667	324
1.69345000000000	450
1.69678333333333	0
1.70011666666667	0
1.70345000000000	101
1.70680000000000	202
1.71013333333333	101
1.71346666666667	0
1.71680000000000	107
1.72013333333333	12
1.72348333333333	0
1.72681666666667	0
1.73015000000000	0
1.73348333333333	0
1.73681666666667	0
1.74016666666667	6
1.74350000000000	3
1.74683333333333	0
1.75016666666667	0
1.75350000000000	363
1.75683333333333	181
1.76018333333333	0
1.76351666666667	0
1.76685000000000	0
1.77018333333333	14
1.77351666666667	7
1.77686666666667	0
1.78020000000000	0
1.78353333333333	0
1.78686666666667	12
1.79020000000000	121
1.79355000000000	60
1.79688333333333	0
1.80021666666667	177
1.80355000000000	452
1.80688333333333	440
1.81023333333333	0
1.81356666666667	0
1.81690000000000	0
1.82023333333333	340
1.82356666666667	216
1.82690000000000	91
1.83023333333333	0
1.83356666666667	14
1.83690000000000	0
1.84023333333333	634
1.84358333333333	317
1.84691666666667	0
1.85025000000000	0
1.85358333333333	0
1.85691666666667	0
1.86026666666667	0
1.86360000000000	0
1.86693333333333	0
1.87026666666667	0
1.87360000000000	0
1.87695000000000	164
1.88028333333333	82
1.88361666666667	0
1.88695000000000	395
1.89028333333333	1070
1.89361666666667	1105
1.89696666666667	0
1.90030000000000	223
1.90363333333333	0
1.90696666666667	158
1.91030000000000	388
1.91365000000000	417
1.91698333333333	368
1.92031666666667	222
1.92365000000000	510
1.92698333333333	0
1.93033333333333	358
1.93366666666667	14
1.93700000000000	0
1.94033333333333	176
1.94366666666667	0
1.94701666666667	0
1.95035000000000	0
1.95368333333333	0
1.95701666666667	97
1.96035000000000	194
1.96370000000000	97
1.96703333333333	0
1.97036666666667	46
1.97370000000000	139
1.97703333333333	70
1.98038333333333	0
1.98371666666667	22
1.98705000000000	43
1.99038333333333	22
1.99371666666667	0
1.99706666666667	0
2.00040000000000	0
2.00373333333333	0
2.00706666666667	0
2.01040000000000	0
2.01375000000000	0
2.01708333333333	0
2.02041666666667	0
2.02375000000000	0
2.02708333333333	0
2.03040000000000	0
2.03375000000000	0
2.03708333333333	144
2.04041666666667	72
2.04375000000000	0
2.04708333333333	0
2.05043333333333	0
2.05376666666667	0
2.05710000000000	415
2.06043333333333	489
2.06376666666667	0
2.06711666666667	445
2.07045000000000	0
2.07378333333333	0
2.07711666666667	650
2.08045000000000	407
2.08380000000000	0
2.08713333333333	56
2.09046666666667	0
2.09380000000000	0
2.09713333333333	0
2.10048333333333	0
2.10381666666667	277
2.10715000000000	378
2.11048333333333	479
2.11381666666667	256
2.11716666666667	679
2.12050000000000	0
2.12383333333333	0
2.12716666666667	0
2.13050000000000	0
2.13385000000000	0
2.13718333333333	0
2.14051666666667	0
2.14385000000000	0
2.14718333333333	0
2.15053333333333	0
2.15386666666667	208
2.15720000000000	176
2.16053333333333	293
2.16386666666667	411
2.16720000000000	0
2.17055000000000	596
2.17388333333333	647
2.17721666666667	0
2.18055000000000	942
2.18386666666667	273
2.18721666666667	669
2.19055000000000	0
2.19388333333333	299
2.19721666666667	591
2.20055000000000	530
2.20390000000000	636
2.20723333333333	188
2.21056666666667	0
2.21390000000000	0
2.21723333333333	0
2.22058333333333	0
2.22391666666667	0
2.22725000000000	0
2.23058333333333	0
2.23391666666667	0
2.23726666666667	0
2.24060000000000	0
2.24393333333333	0
2.24726666666667	0
2.25060000000000	394
2.25395000000000	327
2.25728333333333	0
2.26061666666667	478
2.26395000000000	957
2.26728333333333	880
2.27063333333333	278
2.27396666666667	258
2.27730000000000	238
2.28063333333333	480
2.28395000000000	723
2.28730000000000	1413
2.29063333333333	2103
2.29396666666667	2094
2.29730000000000	592
2.30063333333333	1363
2.30396666666667	2135
2.30731666666667	2494
2.31065000000000	1648
2.31398333333333	803
2.31731666666667	2973
2.32065000000000	3394
2.32400000000000	2150
2.32733333333333	4494
2.33066666666667	5844
2.33400000000000	7895
2.33733333333333	7987
2.34068333333333	7272
2.34401666666667	8936
2.34735000000000	8536
2.35068333333333	8432
2.35401666666667	5935
2.35736666666667	7981
2.36070000000000	8576
2.36403333333333	8060
2.36736666666667	7620
2.37070000000000	7180
2.37405000000000	12652
2.37738333333333	12020
2.38071666666667	15188
2.38405000000000	12692
2.38736666666667	11976
2.39071666666667	11648
2.39405000000000	11320
2.39738333333333	22732
2.40071666666667	20172
2.40405000000000	21432
2.40740000000000	20060
2.41073333333333	25112
2.41406666666667	24020
2.41740000000000	16956
2.42073333333333	20172
2.42408333333333	16356
2.42741666666667	23248
2.43075000000000	23832
2.43408333333333	26932
2.43741666666667	27144
2.44075000000000	29832
2.44410000000000	28376
2.44743333333333	24228
2.45076666666667	27496
2.45410000000000	31512
2.45743333333333	32696
2.46078333333333	33888
2.46411666666667	27252
2.46745000000000	36864
2.47078333333333	34848
2.47410000000000	37328
2.47745000000000	36256
2.48078333333333	34960
2.48411666666667	31568
2.48745000000000	29620
2.49078333333333	34896
2.49413333333333	32088
2.49746666666667	29284
2.50080000000000	39296
2.50413333333333	40896
2.50746666666667	23600
2.51081666666667	46736
2.51415000000000	43280
2.51748333333333	44976
2.52081666666667	40848
2.52415000000000	43280
2.52750000000000	36176
2.53083333333333	39024
2.53416666666667	41856
2.53750000000000	46640
2.54083333333333	47248
2.54418333333333	49728
2.54751666666667	44864
2.55085000000000	41616
2.55418333333333	48320
2.55751666666667	45840
2.56086666666667	44448
2.56420000000000	43296
2.56753333333333	44080
2.57086666666667	45904
2.57420000000000	52544
2.57753333333333	52464
2.58088333333333	56800
2.58421666666667	55984
2.58755000000000	35696
2.59086666666667	54288
2.59420000000000	59632
2.59755000000000	49680
2.60088333333333	46048
2.60421666666667	58304
2.60755000000000	49488
2.61088333333333	41920
2.61423333333333	59216
2.61756666666667	57568
2.62090000000000	51616
2.62423333333333	57600
2.62756666666667	60784
2.63091666666667	63984
2.63425000000000	52400
2.63758333333333	65472
2.64091666666667	74160
2.64425000000000	50752
2.64760000000000	43760
2.65093333333333	59584
2.65426666666667	54320
2.65760000000000	55584
2.66093333333333	47824
2.66428333333333	53072
2.66761666666667	44368
2.67095000000000	53296
2.67428333333333	51680
2.67761666666667	59856
2.68096666666667	57232
2.68430000000000	49632
2.68763333333333	62976
2.69096666666667	64304
2.69430000000000	60064
2.69763333333333	41840
2.70096666666667	55984
2.70430000000000	56576
2.70763333333333	57552
2.71096666666667	57104
2.71430000000000	56656
2.71765000000000	55264
2.72098333333333	53856
2.72431666666667	64656
2.72765000000000	63728
2.73098333333333	62720
2.73433333333333	52720
2.73766666666667	67312
2.74100000000000	63568
2.74433333333333	64176
2.74766666666667	60768
2.75101666666667	50736
2.75435000000000	45712
2.75768333333333	66368
2.76101666666667	61280
2.76435000000000	70560
2.76770000000000	71888
2.77103333333333	49584
2.77436666666667	55136
2.77770000000000	65840
2.78103333333333	66080
2.78438333333333	49872
2.78771666666667	57568
2.79105000000000	69184
2.79438333333333	39056
2.79770000000000	65568
2.80105000000000	56048
2.80438333333333	59744
2.80771666666667	57936
2.81105000000000	56576
2.81438333333333	57472
2.81773333333333	63456
2.82106666666667	63056
2.82440000000000	52192
2.82773333333333	56496
2.83106666666667	64704
2.83441666666667	61504
2.83775000000000	64784
2.84108333333333	56768
2.84441666666667	61024
2.84775000000000	51440
2.85108333333333	42320
2.85443333333333	55712
2.85776666666667	53792
2.86110000000000	62704
2.86443333333333	60848
2.86776666666667	66992
2.87111666666667	56784
2.87445000000000	55584
2.87778333333333	60608
2.88111666666667	52768
2.88445000000000	52800
2.88778333333333	55968
2.89111666666667	54704
2.89445000000000	60432
2.89778333333333	42064
2.90111666666667	54656
2.90446666666667	51472
2.90780000000000	48592
2.91113333333333	68384
2.91446666666667	72720
2.91780000000000	42624
2.92115000000000	72448
2.92448333333333	51728
2.92781666666667	46160
2.93115000000000	71088
2.93448333333333	43120
2.93783333333333	66128
2.94116666666667	56608
2.94450000000000	58624
2.94783333333333	58192
2.95116666666667	52080
2.95451666666667	65488
2.95785000000000	62592
2.96118333333333	52624
2.96451666666667	69888
2.96785000000000	62464
2.97120000000000	64064
2.97453333333333	64816
2.97786666666667	44016
2.98120000000000	59856
2.98453333333333	51936
2.98786666666667	57920
2.99121666666667	45152
2.99455000000000	58080
2.99788333333333	56464
3.00121666666667	54832
3.00455000000000	61184
3.00790000000000	59888
3.01123333333333	53056
3.01456666666667	55952
3.01788333333333	56992
3.02121666666667	60752
3.02456666666667	60960
3.02790000000000	61184
3.03123333333333	60640
3.03456666666667	52688
3.03790000000000	60464
3.04125000000000	49328
3.04458333333333	48848
3.04791666666667	48352
3.05125000000000	59312
3.05458333333333	61744
3.05793333333333	51904
3.06126666666667	46736
3.06460000000000	68224
3.06793333333333	58528
3.07126666666667	55136
3.07461666666667	76112
3.07795000000000	72960
3.08128333333333	47728
3.08461666666667	53680
3.08795000000000	49616
3.09130000000000	51264
3.09463333333333	52912
3.09796666666667	57008
3.10130000000000	61104
3.10463333333333	65760
3.10798333333333	68896
3.11131666666667	52768
3.11465000000000	64256
3.11798333333333	57248
3.12131666666667	61088
3.12463333333333	61920
3.12798333333333	65712
3.13131666666667	46768
3.13465000000000	55728
3.13798333333333	47264
3.14131666666667	59600
3.14466666666667	65568
3.14800000000000	46480
3.15133333333333	57024
3.15466666666667	51216
3.15800000000000	62320
3.16135000000000	57856
3.16468333333333	59472
3.16801666666667	61088
3.17135000000000	58352
3.17468333333333	67072
3.17803333333333	66096
3.18136666666667	61504
3.18470000000000	60704
3.18803333333333	55264
3.19136666666667	66944
3.19471666666667	50576
3.19805000000000	60352
3.20138333333333	57920
3.20471666666667	63760
3.20805000000000	52304
3.21140000000000	50000
3.21473333333333	57856
3.21806666666667	59680
3.22140000000000	60720
3.22473333333333	49008
3.22808333333333	50288
3.23141666666667	51552
3.23475000000000	62880
3.23808333333333	60656
3.24140000000000	58432
3.24475000000000	63344
3.24808333333333	57152
3.25141666666667	59952
3.25475000000000	46704
3.25808333333333	67056
3.26141666666667	67680
3.26476666666667	66544
3.26810000000000	70384
3.27143333333333	48608
3.27476666666667	57184
3.27810000000000	60080
3.28145000000000	52288
3.28478333333333	44496
3.28811666666667	48720
3.29145000000000	51792
3.29478333333333	58768
3.29813333333333	56224
3.30146666666667	53664
3.30480000000000	49104
3.30813333333333	44544
3.31146666666667	68624
3.31481666666667	62320
3.31815000000000	65760
3.32148333333333	72496
3.32481666666667	47536
3.32813333333333	71728
3.33148333333333	59712
3.33481666666667	52320
3.33815000000000	59520
3.34148333333333	55056
3.34481666666667	50608
3.34816666666667	66736
3.35150000000000	65296
3.35483333333333	49680
3.35816666666667	60992
3.36150000000000	59808
3.36485000000000	52560
3.36818333333333	58224
3.37151666666667	62304
3.37485000000000	49568
3.37818333333333	65136
3.38153333333333	70784
3.38486666666667	62064
3.38820000000000	63952
3.39153333333333	59936
3.39486666666667	68096
3.39820000000000	67744
3.40155000000000	72480
3.40488333333333	63360
3.40821666666667	57856
3.41155000000000	58480
3.41486666666667	63856
3.41821666666667	69216
3.42155000000000	43600
3.42488333333333	40576
3.42821666666667	65760
3.43155000000000	60928
3.43490000000000	55744
3.43823333333333	52928
3.44156666666667	62576
3.44490000000000	48496
3.44823333333333	69664
3.45158333333333	67968
3.45491666666667	51328
3.45825000000000	65536
3.46158333333333	64064
3.46491666666667	53408
3.46826666666667	59664
3.47160000000000	63712
3.47493333333333	53760
3.47826666666667	65872
3.48160000000000	55168
3.48495000000000	70800
3.48828333333333	71840
3.49161666666667	48336
3.49495000000000	60544
3.49828333333333	69664
3.50163333333333	66944
3.50496666666667	71312
3.50830000000000	61264
3.51163333333333	57120
3.51496666666667	62256
3.51830000000000	61008
3.52163333333333	57120
3.52496666666667	59264
3.52830000000000	64592
3.53163333333333	62608
3.53496666666667	60624
3.53831666666667	65072
3.54165000000000	40512
3.54498333333333	51696
3.54831666666667	72896
3.55165000000000	51376
3.55500000000000	73504
3.55833333333333	64688
3.56166666666667	62592
3.56500000000000	59488
3.56833333333333	64160
3.57168333333333	47440
3.57501666666667	61920
3.57835000000000	67488
3.58168333333333	52768
3.58501666666667	67488
3.58836666666667	52064
3.59170000000000	65120
3.59503333333333	52080
3.59836666666667	52928
3.60168333333333	62176
3.60503333333333	58208
3.60836666666667	60384
3.61170000000000	58336
3.61503333333333	63280
3.61836666666667	61872
3.62171666666667	60464
3.62505000000000	42848
3.62838333333333	64176
3.63171666666667	47776
3.63505000000000	61824
3.63840000000000	64896
3.64173333333333	51760
3.64506666666667	60528
3.64840000000000	52528
3.65173333333333	59168
3.65508333333333	47840
3.65841666666667	57408
3.66175000000000	47664
3.66508333333333	55392
3.66841666666667	57136
3.67175000000000	61632
3.67510000000000	66544
3.67843333333333	64880
3.68176666666667	58608
3.68510000000000	52336
3.68843333333333	73264
3.69178333333333	68288
3.69511666666667	62848
3.69845000000000	63680
3.70178333333333	57552
3.70511666666667	65760
3.70846666666667	58256
3.71180000000000	62736
3.71513333333333	61056
3.71846666666667	62224
3.72180000000000	49664
3.72515000000000	64352
3.72848333333333	49664
3.73181666666667	61984
3.73515000000000	52384
3.73848333333333	55792
3.74181666666667	57968
3.74515000000000	65056
3.74848333333333	66720
3.75181666666667	58496
3.75515000000000	38400
3.75850000000000	43040
3.76183333333333	39920
3.76516666666667	61568
3.76850000000000	58768
3.77183333333333	59648
3.77518333333333	45968
3.77851666666667	69728
3.78185000000000	76272
3.78518333333333	52880
3.78851666666667	56592
3.79186666666667	66048
3.79520000000000	61152
3.79853333333333	64944
3.80186666666667	59232
3.80520000000000	56784
3.80853333333333	56592
3.81188333333333	56400
3.81521666666667	56160
3.81855000000000	56336
3.82188333333333	52784
3.82521666666667	49232
3.82856666666667	67584
3.83190000000000	72080
3.83523333333333	71152
3.83856666666667	44640
3.84188333333333	46880
3.84523333333333	54752
3.84856666666667	58832
3.85190000000000	60352
3.85523333333333	61968
3.85856666666667	53776
3.86191666666667	60432
3.86525000000000	67088
3.86858333333333	45184
3.87191666666667	66640
3.87525000000000	71456
3.87860000000000	48480
3.88193333333333	55888
3.88526666666667	70048
3.88860000000000	61760
3.89193333333333	58224
3.89528333333333	43696
3.89861666666667	48672
3.90195000000000	65760
3.90528333333333	60448
3.90861666666667	61424
3.91196666666667	57840
3.91530000000000	45616
3.91863333333333	60544
3.92196666666667	61584
3.92530000000000	65200
3.92865000000000	63680
3.93198333333333	52208
3.93531666666667	56160
3.93865000000000	50256
3.94196666666667	47808
3.94530000000000	55568
3.94865000000000	60528
3.95198333333333	56976
3.95531666666667	61440
3.95865000000000	70672
3.96198333333333	45984
3.96533333333333	63056
3.96866666666667	56608
3.97200000000000	51088
3.97533333333333	45568
3.97866666666667	63248
3.98201666666667	63040
3.98535000000000	53856
3.98868333333333	50720
3.99201666666667	53104
3.99535000000000	45664
3.99870000000000	44528
4.00203333333333	43392
4.00536666666667	60096
4.00870000000000	70096
4.01203333333333	69504
4.01538333333333	63488
4.01871666666667	65872
4.02205000000000	50240
4.02538333333333	53552
4.02870000000000	55104
4.03205000000000	64144
4.03538333333333	65696
4.03871666666667	62752
4.04205000000000	54320
4.04538333333333	58400
4.04873333333333	62480
4.05206666666667	56080
4.05540000000000	60704
4.05873333333333	47184
4.06206666666667	63392
4.06541666666667	57632
4.06875000000000	63824
4.07208333333333	58048
4.07541666666667	55872
4.07875000000000	62752
4.08208333333333	50656
4.08543333333333	57440
4.08876666666667	59952
4.09210000000000	57120
4.09543333333333	57728
4.09876666666667	56480
4.10211666666667	55216
4.10545000000000	55792
4.10878333333333	51840
4.11211666666667	65952
4.11545000000000	66016
4.11880000000000	67600
4.12213333333333	66192
4.12546666666667	55488
4.12880000000000	64416
4.13211666666667	65632
4.13546666666667	57456
4.13880000000000	52368
4.14213333333333	57200
4.14546666666667	59696
4.14880000000000	49504
4.15215000000000	59360
4.15548333333333	52288
4.15881666666667	56400
4.16215000000000	41344
4.16548333333333	65968
4.16883333333333	56816
4.17216666666667	38112
4.17550000000000	61504
4.17883333333333	68560
4.18216666666667	66656
4.18551666666667	54288
4.18885000000000	61440
4.19218333333333	56576
4.19551666666667	63184
4.19885000000000	57872
4.20220000000000	57536
4.20553333333333	57680
4.20886666666667	57552
4.21220000000000	57424
4.21553333333333	69952
4.21886666666667	70352
4.22221666666667	64192
4.22555000000000	76080
4.22888333333333	57456
4.23221666666667	64096
4.23553333333333	60176
4.23888333333333	53760
4.24221666666667	63808
4.24555000000000	66096
4.24888333333333	51696
4.25221666666667	60960
4.25556666666667	66928
4.25890000000000	60384
4.26223333333333	56816
4.26556666666667	60080
4.26890000000000	54176
4.27225000000000	56656
4.27558333333333	58096
4.27891666666667	59520
4.28225000000000	56848
4.28558333333333	59360
4.28893333333333	58512
4.29226666666667	57664
4.29560000000000	50640
4.29893333333333	55408
4.30226666666667	60160
4.30561666666667	65936
4.30895000000000	61264
4.31228333333333	66688
4.31561666666667	67312
4.31893333333333	52672
4.32228333333333	64016
4.32561666666667	61216
4.32895000000000	59584
4.33228333333333	57968
4.33561666666667	65760
4.33896666666667	44112
4.34230000000000	53872
4.34563333333333	56496
4.34896666666667	64080
4.35230000000000	59600
4.35563333333333	63088
4.35898333333333	66592
4.36231666666667	56064
4.36565000000000	70416
4.36898333333333	72432
4.37231666666667	75440
4.37566666666667	56416
4.37900000000000	49392
4.38233333333333	55616
4.38566666666667	48000
4.38900000000000	39312
4.39235000000000	68480
4.39568333333333	62672
4.39901666666667	55488
4.40235000000000	55040
4.40568333333333	64096
4.40901666666667	42544
4.41235000000000	65792
4.41568333333333	72048
4.41901666666667	75616
4.42235000000000	68736
4.42570000000000	52864
4.42903333333333	70752
4.43236666666667	62368
4.43570000000000	53200
4.43903333333333	61392
4.44238333333333	56016
4.44571666666667	55888
4.44905000000000	55776
4.45238333333333	51984
4.45571666666667	63600
4.45906666666667	44320
4.46240000000000	63568
4.46573333333333	64928
4.46906666666667	58960
4.47240000000000	62144
4.47575000000000	65344
4.47908333333333	59584
4.48241666666667	63424
4.48575000000000	67248
4.48908333333333	65520
4.49240000000000	61536
4.49575000000000	56688
