1.50331666666667	0
1.50665000000000	0
1.50998333333333	0
1.51331666666667	0
1.51665000000000	0
1.52000000000000	0
1.52333333333333	0
1.52666666666667	0
1.53000000000000	0
1.53333333333333	0
1.53668333333333	239
1.54001666666667	478
1.54335000000000	783
1.54668333333333	909
1.55001666666667	203
1.55336666666667	144
1.55670000000000	356
1.56003333333333	0
1.56336666666667	0
1.56670000000000	0
1.57005000000000	126
1.57338333333333	63
1.57671666666667	0
1.58005000000000	14
1.58338333333333	0
1.58673333333333	0
1.59006666666667	0
1.59340000000000	317
1.59673333333333	158
1.60006666666667	0
1.60340000000000	0
1.60673333333333	0
1.61006666666667	0
1.61340000000000	0
1.61673333333333	0
1.62006666666667	0
1.62341666666667	0
1.62675000000000	0
1.63008333333333	136
1.63341666666667	68
1.63675000000000	0
1.64010000000000	0
1.64343333333333	162
1.64676666666667	81
1.65010000000000	0
1.65343333333333	0
1.65678333333333	139
1.66011666666667	89
1.66345000000000	39
1.66678333333333	0
1.67011666666667	0
1.67346666666667	0
1.67680000000000	0
1.68013333333333	0
1.68346666666667	0
1.68678333333333	223
1.69013333333333	697
1.69346666666667	658
1.69680000000000	0
1.70013333333333	12
1.70346666666667	0
1.70681666666667	0
1.71015000000000	0
1.71348333333333	0
1.71681666666667	0
1.72015000000000	0
1.72350000000000	0
1.72683333333333	0
1.73016666666667	0
1.73350000000000	0
1.73683333333333	0
1.74018333333333	0
1.74351666666667	0
1.74685000000000	702
1.75018333333333	908
1.75351666666667	518
1.75685000000000	186
1.76020000000000	0
1.76353333333333	0
1.76686666666667	0
1.77020000000000	0
1.77353333333333	0
1.77688333333333	0
1.78021666666667	0
1.78355000000000	0
1.78688333333333	0
1.79021666666667	0
1.79356666666667	0
1.79690000000000	0
1.80023333333333	0
1.80356666666667	0
1.80690000000000	758
1.81025000000000	575
1.81358333333333	0
1.81691666666667	283
1.82025000000000	0
1.82356666666667	63
1.82691666666667	127
1.83025000000000	0
1.83358333333333	0
1.83691666666667	0
1.84025000000000	0
1.84360000000000	0
1.84693333333333	407
1.85026666666667	499
1.85360000000000	0
1.85693333333333	501
1.86028333333333	0
1.86361666666667	0
1.86695000000000	0
1.87028333333333	0
1.87361666666667	0
1.87696666666667	281
1.88030000000000	375
1.88363333333333	442
1.88696666666667	132
1.89030000000000	379
1.89363333333333	0
1.89698333333333	0
1.90031666666667	14
1.90365000000000	0
1.90698333333333	390
1.91031666666667	502
1.91366666666667	21
1.91700000000000	0
1.92033333333333	0
1.92366666666667	0
1.92700000000000	0
1.93035000000000	6
1.93368333333333	13
1.93701666666667	230
1.94035000000000	115
1.94368333333333	0
1.94703333333333	0
1.95036666666667	0
1.95370000000000	0
1.95703333333333	0
1.96036666666667	250
1.96371666666667	362
1.96705000000000	474
1.97038333333333	0
1.97371666666667	0
1.97705000000000	0
1.98040000000000	54
1.98373333333333	169
1.98706666666667	84
1.99040000000000	0
1.99373333333333	272
1.99708333333333	300
2.00041666666667	273
2.00375000000000	513
2.00708333333333	0
2.01041666666667	390
2.01376666666667	0
2.01710000000000	0
2.02043333333333	73
2.02376666666667	244
2.02710000000000	122
2.03041666666667	0
2.03376666666667	0
2.03710000000000	0
2.04043333333333	184
2.04376666666667	367
2.04710000000000	480
2.05045000000000	0
2.05378333333333	235
2.05711666666667	159
2.06045000000000	209
2.06378333333333	0
2.06713333333333	0
2.07046666666667	0
2.07380000000000	0
2.07713333333333	336
2.08046666666667	403
2.08381666666667	0
2.08715000000000	0
2.09048333333333	433
2.09381666666667	37
2.09715000000000	37
2.10050000000000	0
2.10383333333333	336
2.10716666666667	168
2.11050000000000	0
2.11381666666667	334
2.11716666666667	13
2.12050000000000	0
2.12383333333333	0
2.12716666666667	0
2.13050000000000	0
2.13385000000000	0
2.13718333333333	0
2.14051666666667	0
2.14385000000000	0
2.14718333333333	0
2.15053333333333	14
2.15386666666667	42
2.15720000000000	70
2.16053333333333	179
2.16386666666667	90
2.16720000000000	0
2.17055000000000	0
2.17388333333333	0
2.17721666666667	389
2.18055000000000	443
2.18388333333333	260
2.18723333333333	0
2.19056666666667	77
2.19390000000000	0
2.19723333333333	0
2.20056666666667	0
2.20391666666667	0
2.20725000000000	0
2.21058333333333	0
2.21391666666667	0
2.21723333333333	0
2.22058333333333	153
2.22391666666667	306
2.22725000000000	581
2.23058333333333	446
2.23391666666667	386
2.23726666666667	0
2.24060000000000	724
2.24393333333333	558
2.24726666666667	337
2.25060000000000	320
2.25395000000000	0
2.25728333333333	0
2.26061666666667	0
2.26395000000000	509
2.26728333333333	396
2.27063333333333	982
2.27396666666667	661
2.27730000000000	0
2.28063333333333	0
2.28396666666667	0
2.28731666666667	1347
2.29065000000000	1393
2.29398333333333	993
2.29731666666667	1287
2.30065000000000	1580
2.30398333333333	1929
2.30733333333333	4391
2.31066666666667	2754
2.31400000000000	1116
2.31733333333333	2896
2.32065000000000	3669
2.32400000000000	2285
2.32733333333333	4857
2.33066666666667	4699
2.33400000000000	6353
2.33733333333333	4601
2.34068333333333	4154
2.34401666666667	9380
2.34735000000000	9116
2.35068333333333	7547
2.35401666666667	8144
2.35736666666667	9308
2.36070000000000	6909
2.36403333333333	9496
2.36736666666667	11496
2.37070000000000	11812
2.37405000000000	7136
2.37738333333333	12188
2.38071666666667	13568
2.38405000000000	12112
2.38738333333333	11404
2.39073333333333	19356
2.39406666666667	22308
2.39740000000000	17548
2.40073333333333	20244
2.40405000000000	19440
2.40740000000000	16676
2.41073333333333	18876
2.41406666666667	21072
2.41740000000000	13376
2.42073333333333	16064
2.42408333333333	23148
2.42741666666667	22368
2.43075000000000	24316
2.43408333333333	20816
2.43741666666667	24232
2.44075000000000	27652
2.44410000000000	26208
2.44743333333333	16788
2.45076666666667	22584
2.45410000000000	21404
2.45743333333333	20224
2.46078333333333	26360
2.46411666666667	32500
2.46745000000000	31352
2.47078333333333	26696
2.47411666666667	24908
2.47746666666667	40608
2.48080000000000	38624
2.48413333333333	37664
2.48746666666667	30096
2.49078333333333	37280
2.49413333333333	34656
2.49746666666667	36192
2.50080000000000	38032
2.50413333333333	36368
2.50746666666667	40080
2.51081666666667	32976
2.51415000000000	33936
2.51748333333333	46480
2.52081666666667	50256
2.52415000000000	46720
2.52750000000000	52592
2.53083333333333	40752
2.53416666666667	34112
2.53750000000000	49040
2.54083333333333	47248
2.54418333333333	55056
2.54751666666667	49984
2.55085000000000	56016
2.55418333333333	53184
2.55751666666667	42640
2.56086666666667	40656
2.56420000000000	40400
2.56753333333333	40912
2.57086666666667	41440
2.57420000000000	46800
2.57751666666667	52160
2.58086666666667	50144
2.58420000000000	49280
2.58753333333333	52320
2.59086666666667	42256
2.59420000000000	49376
2.59755000000000	54976
2.60088333333333	35024
2.60421666666667	51088
2.60755000000000	49680
2.61088333333333	53824
2.61423333333333	56192
2.61756666666667	41056
2.62090000000000	66128
2.62423333333333	64576
2.62756666666667	56416
2.63091666666667	39552
2.63425000000000	40704
2.63758333333333	40224
2.64091666666667	60080
2.64425000000000	63600
2.64760000000000	60032
2.65093333333333	45712
2.65426666666667	53840
2.65760000000000	50576
2.66091666666667	46768
2.66426666666667	42960
2.66760000000000	40752
2.67093333333333	66880
2.67426666666667	65568
2.67760000000000	58928
2.68095000000000	50288
2.68428333333333	48656
2.68761666666667	63104
2.69095000000000	66688
2.69428333333333	49552
2.69763333333333	57792
2.70096666666667	59120
2.70430000000000	54032
2.70763333333333	57568
2.71096666666667	49808
2.71430000000000	49504
2.71765000000000	49200
2.72098333333333	47280
2.72431666666667	65008
2.72765000000000	59888
2.73098333333333	54768
2.73433333333333	49552
2.73766666666667	61152
2.74100000000000	62416
2.74433333333333	56400
2.74765000000000	46784
2.75100000000000	63280
2.75433333333333	63392
2.75766666666667	56800
2.76100000000000	55280
2.76433333333333	53776
2.76768333333333	54512
2.77101666666667	55248
2.77435000000000	55552
2.77768333333333	61584
2.78101666666667	64304
2.78436666666667	65104
2.78770000000000	47488
2.79103333333333	58432
2.79436666666667	60544
2.79770000000000	62640
2.80105000000000	57696
2.80438333333333	49024
2.80771666666667	59248
2.81105000000000	56832
2.81438333333333	59808
2.81773333333333	59104
2.82106666666667	58384
2.82440000000000	39904
2.82773333333333	31860
2.83106666666667	60752
2.83440000000000	64576
2.83773333333333	66496
2.84106666666667	66848
2.84440000000000	63760
2.84773333333333	52960
2.85106666666667	57808
2.85441666666667	62064
2.85775000000000	59712
2.86108333333333	57344
2.86441666666667	60352
2.86775000000000	59824
2.87110000000000	59296
2.87443333333333	49152
2.87776666666667	50832
2.88110000000000	56720
2.88443333333333	56640
2.88778333333333	40000
2.89111666666667	66112
2.89445000000000	59024
2.89778333333333	61920
2.90111666666667	60496
2.90446666666667	59072
2.90780000000000	58816
2.91113333333333	59184
2.91446666666667	59568
2.91778333333333	54752
2.92113333333333	49952
2.92446666666667	45648
2.92780000000000	58896
2.93113333333333	66032
2.93446666666667	63920
2.93781666666667	46704
2.94115000000000	62048
2.94448333333333	57200
2.94781666666667	68928
2.95115000000000	53936
2.95450000000000	63168
2.95783333333333	50064
2.96116666666667	67488
2.96450000000000	62352
2.96783333333333	67184
2.97118333333333	56832
2.97451666666667	67296
2.97785000000000	71920
2.98118333333333	58032
2.98451666666667	59312
2.98785000000000	69552
2.99120000000000	48304
2.99453333333333	60400
2.99786666666667	60048
3.00120000000000	58496
3.00453333333333	56960
3.00786666666667	59024
3.01120000000000	61072
3.01453333333333	66192
3.01786666666667	48256
3.02120000000000	63040
3.02455000000000	51168
3.02788333333333	70128
3.03121666666667	62544
3.03455000000000	59888
3.03788333333333	57344
3.04123333333333	68704
3.04456666666667	45424
3.04790000000000	51728
3.05123333333333	48944
3.05456666666667	64560
3.05791666666667	64688
3.06125000000000	65280
3.06458333333333	51840
3.06791666666667	53744
3.07125000000000	64304
3.07460000000000	59264
3.07793333333333	54224
3.08126666666667	55312
3.08460000000000	57232
3.08793333333333	61440
3.09128333333333	56064
3.09461666666667	50704
3.09795000000000	51664
3.10128333333333	31120
3.10461666666667	37376
3.10795000000000	59760
3.11128333333333	69744
3.11461666666667	69152
3.11795000000000	57936
3.12128333333333	67440
3.12461666666667	51936
3.12796666666667	59696
3.13130000000000	55008
3.13463333333333	52768
3.13796666666667	56768
3.14130000000000	60752
3.14465000000000	59072
3.14798333333333	59504
3.15131666666667	49872
3.15465000000000	57216
3.15798333333333	59968
3.16133333333333	55840
3.16466666666667	51712
3.16800000000000	53088
3.17133333333333	54464
3.17466666666667	46560
3.17801666666667	48560
3.18135000000000	62800
3.18468333333333	70944
3.18801666666667	68576
3.19135000000000	54656
3.19470000000000	59152
3.19803333333333	68992
3.20136666666667	55760
3.20470000000000	56848
3.20803333333333	67840
3.21138333333333	56736
3.21471666666667	66320
3.21805000000000	61440
3.22138333333333	46272
3.22471666666667	69088
3.22806666666667	57552
3.23140000000000	69760
3.23473333333333	57840
3.23806666666667	56400
3.24140000000000	62976
3.24475000000000	60576
3.24808333333333	55312
3.25141666666667	52480
3.25475000000000	44272
3.25808333333333	53280
3.26141666666667	54880
3.26476666666667	56480
3.26810000000000	46288
3.27143333333333	72624
3.27476666666667	69520
3.27808333333333	60416
3.28143333333333	62624
3.28476666666667	70112
3.28810000000000	65616
3.29143333333333	61136
3.29476666666667	73472
3.29811666666667	53888
3.30145000000000	60688
3.30478333333333	68528
3.30811666666667	57744
3.31145000000000	57312
3.31480000000000	58880
3.31813333333333	62400
3.32146666666667	71856
3.32480000000000	76400
3.32813333333333	53616
3.33148333333333	56528
3.33481666666667	53248
3.33815000000000	51968
3.34148333333333	58800
3.34481666666667	59568
3.34816666666667	60352
3.35150000000000	57312
3.35483333333333	51712
3.35816666666667	59280
3.36150000000000	56992
3.36483333333333	54688
3.36816666666667	58384
3.37150000000000	62080
3.37483333333333	62928
3.37816666666667	63792
3.38151666666667	47792
3.38485000000000	60496
3.38818333333333	58400
3.39151666666667	59216
3.39485000000000	52000
3.39818333333333	51008
3.40153333333333	50016
3.40486666666667	58336
3.40820000000000	66832
3.41153333333333	67856
3.41486666666667	62096
3.41821666666667	62944
3.42155000000000	51568
3.42488333333333	60432
3.42821666666667	49120
3.43155000000000	54256
3.43490000000000	66320
3.43823333333333	71328
3.44156666666667	65056
3.44490000000000	60704
3.44823333333333	52720
3.45158333333333	58672
3.45491666666667	53472
3.45825000000000	52336
3.46158333333333	51184
3.46491666666667	52112
3.46826666666667	53168
3.47160000000000	57120
3.47493333333333	61056
3.47826666666667	62800
3.48160000000000	62096
3.48495000000000	54880
3.48828333333333	56192
3.49161666666667	57520
3.49495000000000	58192
3.49828333333333	57136
3.50163333333333	56096
3.50496666666667	58368
3.50830000000000	56816
3.51163333333333	55264
3.51495000000000	57376
3.51830000000000	59488
3.52163333333333	58720
3.52496666666667	57936
3.52830000000000	56208
3.53163333333333	54480
3.53496666666667	53488
3.53831666666667	51696
3.54165000000000	49904
3.54498333333333	59360
3.54831666666667	57840
3.55165000000000	34192
3.55500000000000	66752
3.55833333333333	57888
3.56166666666667	73072
3.56500000000000	54176
3.56833333333333	66560
3.57168333333333	65312
3.57501666666667	51984
3.57835000000000	59296
3.58168333333333	66336
3.58501666666667	51904
3.58836666666667	60176
3.59170000000000	56176
3.59503333333333	54896
3.59836666666667	53600
3.60170000000000	65072
3.60505000000000	32084
3.60838333333333	53840
3.61171666666667	51744
3.61505000000000	61360
3.61838333333333	57248
3.62173333333333	53152
3.62506666666667	62336
3.62840000000000	51952
3.63173333333333	45264
3.63506666666667	69024
3.63840000000000	58528
3.64173333333333	70864
3.64506666666667	64384
3.64840000000000	51232
3.65173333333333	65328
3.65508333333333	63744
3.65841666666667	40752
3.66175000000000	57072
3.66508333333333	43920
3.66841666666667	59632
3.67175000000000	64464
3.67510000000000	45968
3.67843333333333	59680
3.68176666666667	55392
3.68510000000000	51104
3.68843333333333	52416
3.69178333333333	71440
3.69511666666667	67168
3.69845000000000	68016
3.70178333333333	68560
3.70511666666667	63024
3.70846666666667	57200
3.71180000000000	31380
3.71513333333333	65824
3.71846666666667	56832
3.72180000000000	65616
3.72515000000000	64048
3.72848333333333	64656
3.73181666666667	64336
3.73515000000000	64032
3.73848333333333	63568
3.74181666666667	63104
3.74515000000000	57376
3.74848333333333	58848
3.75181666666667	57184
3.75515000000000	55504
3.75850000000000	54080
3.76183333333333	44000
3.76516666666667	68368
3.76850000000000	64416
3.77183333333333	69936
3.77518333333333	65328
3.77851666666667	41360
3.78185000000000	66208
3.78518333333333	59968
3.78851666666667	58720
3.79186666666667	49024
3.79520000000000	65712
3.79853333333333	54112
3.80186666666667	54432
3.80520000000000	65152
3.80853333333333	65408
3.81188333333333	68672
3.81521666666667	54528
3.81855000000000	69408
3.82188333333333	56992
3.82521666666667	70000
3.82856666666667	71184
3.83190000000000	70640
3.83523333333333	69984
3.83856666666667	62688
3.84190000000000	72576
3.84525000000000	55056
3.84858333333333	58224
3.85191666666667	61104
3.85525000000000	58464
3.85858333333333	50544
3.86193333333333	47152
3.86526666666667	59312
3.86860000000000	58176
3.87193333333333	57040
3.87526666666667	55040
3.87861666666667	58080
3.88195000000000	61120
3.88528333333333	55520
3.88861666666667	49920
3.89195000000000	62992
3.89530000000000	54880
3.89863333333333	53424
3.90196666666667	51968
3.90530000000000	51616
3.90863333333333	51280
3.91196666666667	49456
3.91530000000000	38848
3.91863333333333	69504
3.92196666666667	68736
3.92530000000000	59520
3.92865000000000	45120
3.93198333333333	64016
3.93531666666667	66800
3.93865000000000	63856
3.94198333333333	65088
3.94531666666667	66304
3.94866666666667	57088
3.95200000000000	53232
3.95533333333333	53008
3.95866666666667	52800
3.96200000000000	57472
3.96535000000000	59568
3.96868333333333	54896
3.97201666666667	50224
3.97535000000000	54992
3.97868333333333	57120
3.98203333333333	59264
3.98536666666667	54944
3.98870000000000	59376
3.99203333333333	58880
3.99536666666667	58368
3.99871666666667	58768
4.00205000000000	54992
4.00538333333333	55232
4.00871666666667	55456
4.01203333333333	56576
4.01538333333333	56112
4.01871666666667	55648
4.02205000000000	63904
4.02538333333333	45680
4.02871666666667	56512
4.03206666666667	55856
4.03540000000000	63488
4.03873333333333	47648
4.04206666666667	35712
4.04540000000000	51744
4.04875000000000	59648
4.05208333333333	58352
4.05541666666667	57040
4.05875000000000	60608
4.06208333333333	63408
4.06543333333333	67328
4.06876666666667	74064
4.07210000000000	50608
4.07543333333333	45120
4.07876666666667	58976
4.08210000000000	51968
4.08545000000000	57328
4.08878333333333	53712
4.09211666666667	50080
4.09545000000000	61376
4.09876666666667	60048
4.10211666666667	64144
4.10545000000000	67536
4.10878333333333	41328
4.11211666666667	60128
4.11545000000000	63584
4.11880000000000	64064
4.12213333333333	66240
4.12546666666667	66944
4.12880000000000	55696
4.13213333333333	58928
4.13548333333333	58608
4.13881666666667	59872
4.14215000000000	61216
4.14548333333333	55024
4.14881666666667	61936
4.15216666666667	61328
4.15550000000000	48096
4.15883333333333	61056
4.16216666666667	64928
4.16548333333333	66864
4.16883333333333	73184
4.17216666666667	43152
4.17550000000000	59984
4.17883333333333	39744
4.18216666666667	51296
4.18551666666667	56480
4.18885000000000	61744
4.19218333333333	52720
4.19551666666667	52832
4.19885000000000	60576
4.20220000000000	59904
4.20553333333333	67680
4.20886666666667	45312
4.21220000000000	62352
4.21553333333333	47936
4.21886666666667	58928
4.22221666666667	53040
4.22555000000000	52912
4.22888333333333	52384
4.23221666666667	57376
4.23555000000000	57872
4.23890000000000	58368
4.24223333333333	47584
4.24556666666667	58912
4.24890000000000	49280
4.25221666666667	52016
4.25556666666667	54512
4.25890000000000	56048
4.26223333333333	57584
4.26556666666667	59408
4.26890000000000	61248
4.27225000000000	63024
4.27558333333333	61504
4.27891666666667	59984
4.28225000000000	49840
4.28558333333333	59824
4.28893333333333	58368
4.29226666666667	55888
4.29560000000000	62752
4.29893333333333	50912
4.30226666666667	51232
4.30561666666667	51568
4.30895000000000	54640
4.31228333333333	57712
4.31561666666667	55696
4.31895000000000	53680
4.32228333333333	56784
4.32561666666667	56864
4.32895000000000	51840
4.33228333333333	46816
4.33561666666667	61616
4.33896666666667	59696
4.34230000000000	61776
4.34563333333333	62384
4.34896666666667	60784
4.35230000000000	61152
4.35563333333333	50048
4.35898333333333	66576
4.36231666666667	54496
4.36565000000000	60512
4.36898333333333	70112
4.37231666666667	61120
4.37566666666667	63696
4.37900000000000	57952
4.38233333333333	65872
4.38566666666667	43728
4.38900000000000	63808
4.39235000000000	67760
4.39568333333333	62048
4.39901666666667	60192
4.40235000000000	44976
4.40568333333333	57792
4.40903333333333	53568
4.41236666666667	59584
4.41570000000000	54544
4.41903333333333	37856
4.42236666666667	66864
4.42571666666667	69376
4.42905000000000	70496
4.43238333333333	64016
4.43571666666667	62560
4.43905000000000	60176
4.44240000000000	30460
4.44573333333333	46576
4.44906666666667	64480
4.45240000000000	59712
4.45571666666667	61648
4.45906666666667	53632
4.46240000000000	62912
4.46573333333333	55920
4.46906666666667	59120
4.47240000000000	62336
4.47575000000000	60160
4.47908333333333	63488
4.48241666666667	66800
4.48575000000000	53456
4.48908333333333	60320
4.49241666666667	65776
4.49576666666667	55312
