1.50331666666667	0
1.50665000000000	0
1.50998333333333	0
1.51331666666667	0
1.51665000000000	0
1.52000000000000	0
1.52333333333333	706
1.52666666666667	702
1.53000000000000	0
1.53333333333333	462
1.53668333333333	0
1.54001666666667	0
1.54335000000000	0
1.54668333333333	0
1.55001666666667	0
1.55336666666667	0
1.55670000000000	0
1.56003333333333	0
1.56336666666667	0
1.56670000000000	0
1.57005000000000	0
1.57338333333333	0
1.57671666666667	0
1.58005000000000	0
1.58338333333333	0
1.58673333333333	0
1.59006666666667	0
1.59340000000000	0
1.59673333333333	0
1.60006666666667	0
1.60341666666667	0
1.60675000000000	0
1.61008333333333	0
1.61341666666667	0
1.61675000000000	0
1.62010000000000	0
1.62343333333333	0
1.62676666666667	0
1.63010000000000	0
1.63343333333333	0
1.63678333333333	0
1.64011666666667	0
1.64345000000000	0
1.64678333333333	0
1.65011666666667	0
1.65346666666667	0
1.65680000000000	0
1.66013333333333	0
1.66346666666667	0
1.66680000000000	0
1.67015000000000	0
1.67348333333333	0
1.67681666666667	0
1.68015000000000	0
1.68348333333333	0
1.68683333333333	0
1.69016666666667	0
1.69350000000000	0
1.69683333333333	0
1.70016666666667	23
1.70351666666667	11
1.70685000000000	0
1.71018333333333	0
1.71351666666667	0
1.71685000000000	0
1.72020000000000	0
1.72353333333333	0
1.72686666666667	0
1.73020000000000	0
1.73353333333333	0
1.73688333333333	0
1.74021666666667	0
1.74355000000000	0
1.74688333333333	0
1.75021666666667	0
1.75356666666667	1439
1.75690000000000	1803
1.76023333333333	0
1.76356666666667	0
1.76690000000000	0
1.77025000000000	0
1.77358333333333	0
1.77691666666667	0
1.78025000000000	0
1.78358333333333	0
1.78693333333333	0
1.79026666666667	0
1.79360000000000	0
1.79693333333333	0
1.80026666666667	0
1.80361666666667	0
1.80695000000000	0
1.81028333333333	0
1.81361666666667	0
1.81695000000000	0
1.82028333333333	0
1.82363333333333	0
1.82696666666667	0
1.83030000000000	0
1.83363333333333	0
1.83696666666667	0
1.84031666666667	0
1.84365000000000	0
1.84698333333333	0
1.85031666666667	0
1.85365000000000	0
1.85700000000000	0
1.86033333333333	0
1.86366666666667	0
1.86700000000000	0
1.87033333333333	0
1.87368333333333	0
1.87701666666667	0
1.88035000000000	0
1.88368333333333	0
1.88701666666667	0
1.89036666666667	0
1.89370000000000	0
1.89703333333333	0
1.90036666666667	0
1.90370000000000	0
1.90705000000000	0
1.91038333333333	0
1.91371666666667	0
1.91705000000000	0
1.92038333333333	0
1.92373333333333	0
1.92706666666667	0
1.93040000000000	0
1.93373333333333	0
1.93706666666667	0
1.94041666666667	0
1.94375000000000	0
1.94708333333333	0
1.95041666666667	0
1.95375000000000	0
1.95710000000000	0
1.96043333333333	0
1.96376666666667	0
1.96710000000000	0
1.97043333333333	0
1.97378333333333	0
1.97711666666667	0
1.98045000000000	0
1.98378333333333	0
1.98711666666667	0
1.99046666666667	0
1.99380000000000	0
1.99713333333333	0
2.00046666666667	0
2.00380000000000	0
2.00715000000000	0
2.01048333333333	0
2.01381666666667	0
2.01715000000000	0
2.02048333333333	0
2.02383333333333	0
2.02716666666667	0
2.03050000000000	0
2.03383333333333	0
2.03716666666667	0
2.04051666666667	0
2.04385000000000	0
2.04718333333333	0
2.05051666666667	0
2.05385000000000	0
2.05720000000000	0
2.06053333333333	0
2.06386666666667	0
2.06720000000000	0
2.07053333333333	0
2.07388333333333	0
2.07721666666667	0
2.08055000000000	0
2.08388333333333	0
2.08721666666667	0
2.09056666666667	0
2.09390000000000	0
2.09723333333333	0
2.10056666666667	0
2.10390000000000	0
2.10725000000000	0
2.11058333333333	0
2.11391666666667	0
2.11725000000000	0
2.12058333333333	0
2.12393333333333	0
2.12726666666667	0
2.13060000000000	0
2.13393333333333	0
2.13726666666667	0
2.14061666666667	0
2.14395000000000	0
2.14728333333333	0
2.15061666666667	0
2.15395000000000	0
2.15728333333333	0
2.16063333333333	0
2.16396666666667	0
2.16730000000000	0
2.17063333333333	0
2.17396666666667	0
2.17731666666667	0
2.18065000000000	0
2.18398333333333	0
2.18731666666667	0
2.19065000000000	0
2.19400000000000	0
2.19733333333333	0
2.20066666666667	0
2.20400000000000	0
2.20733333333333	0
2.21068333333333	0
2.21401666666667	0
2.21735000000000	0
2.22068333333333	0
2.22401666666667	0
2.22736666666667	0
2.23070000000000	0
2.23403333333333	0
2.23736666666667	0
2.24070000000000	0
2.24405000000000	0
2.24738333333333	0
2.25071666666667	575
2.25405000000000	288
2.25738333333333	0
2.26073333333333	0
2.26406666666667	0
2.26740000000000	1055
2.27073333333333	528
2.27406666666667	0
2.27741666666667	360
2.28075000000000	719
2.28408333333333	360
2.28741666666667	0
2.29075000000000	1079
2.29410000000000	2158
2.29743333333333	4959
2.30076666666667	2798
2.30410000000000	636
2.30743333333333	10000
2.31078333333333	11196
2.31411666666667	1972
2.31745000000000	2562
2.32078333333333	3657
2.32411666666667	7809
2.32746666666667	8256
2.33080000000000	4475
2.33413333333333	4063
2.33746666666667	6172
2.34080000000000	9592
2.34415000000000	8292
2.34748333333333	9144
2.35081666666667	6183
2.35415000000000	13168
2.35748333333333	12416
2.36083333333333	11664
2.36416666666667	12572
2.36750000000000	10520
2.37083333333333	10664
2.37416666666667	10812
2.37751666666667	16072
2.38085000000000	14828
2.38418333333333	17860
2.38751666666667	18876
2.39085000000000	19892
2.39420000000000	7854
2.39753333333333	24016
2.40086666666667	17460
2.40420000000000	13532
2.40753333333333	27784
2.41088333333333	21444
2.41421666666667	26208
2.41755000000000	22304
2.42088333333333	33216
2.42421666666667	35424
2.42756666666667	27576
2.43090000000000	25752
2.43423333333333	24328
2.43756666666667	22900
2.44090000000000	27944
2.44425000000000	26292
2.44758333333333	24640
2.45091666666667	42752
2.45425000000000	47008
2.45758333333333	42848
2.46093333333333	40400
2.46426666666667	44112
2.46760000000000	26964
2.47093333333333	40800
2.47426666666667	32084
2.47761666666667	42928
2.48095000000000	26804
2.48428333333333	50768
2.48761666666667	49024
2.49095000000000	48000
2.49428333333333	34576
2.49763333333333	45968
2.50096666666667	48112
2.50430000000000	28636
2.50763333333333	42720
2.51096666666667	33808
2.51431666666667	44160
2.51765000000000	20676
2.52098333333333	45008
2.52431666666667	42448
2.52765000000000	50224
2.53100000000000	37360
2.53433333333333	44000
2.53766666666667	50656
2.54100000000000	57744
2.54433333333333	28832
2.54768333333333	63696
2.55101666666667	65312
2.55435000000000	44016
2.55768333333333	61008
2.56101666666667	62128
2.56436666666667	36272
2.56770000000000	42672
2.57103333333333	45248
2.57436666666667	46272
2.57770000000000	47280
2.58105000000000	53520
2.58438333333333	49392
2.58771666666667	45264
2.59105000000000	24604
2.59438333333333	47424
2.59773333333333	45968
2.60106666666667	43616
2.60440000000000	47088
2.60773333333333	50560
2.61106666666667	48096
2.61441666666667	45616
2.61775000000000	68000
2.62108333333333	74832
2.62441666666667	48960
2.62775000000000	59152
2.63110000000000	49920
2.63443333333333	45968
2.63776666666667	41904
2.64110000000000	45168
2.64443333333333	40288
2.64778333333333	53136
2.65111666666667	54400
2.65445000000000	55680
2.65778333333333	51056
2.66111666666667	57136
2.66446666666667	54064
2.66780000000000	47728
2.67113333333333	41408
2.67446666666667	43632
2.67780000000000	45856
2.68115000000000	60896
2.68448333333333	65776
2.68781666666667	68928
2.69115000000000	71536
2.69448333333333	76896
2.69783333333333	59296
2.70116666666667	39184
2.70450000000000	56592
2.70783333333333	56672
2.71116666666667	29856
2.71451666666667	68048
2.71785000000000	65328
2.72118333333333	59168
2.72451666666667	63424
2.72785000000000	67680
2.73120000000000	65264
2.73453333333333	65856
2.73786666666667	64896
2.74120000000000	66304
2.74453333333333	44576
2.74788333333333	49488
2.75121666666667	63136
2.75455000000000	54688
2.75788333333333	67312
2.76121666666667	51168
2.76456666666667	39424
2.76790000000000	56848
2.77123333333333	37024
2.77456666666667	45328
2.77790000000000	49920
2.78125000000000	54512
2.78458333333333	47504
2.78791666666667	55328
2.79125000000000	54544
2.79458333333333	53776
2.79793333333333	41536
2.80126666666667	46544
2.80460000000000	38688
2.80793333333333	57440
2.81126666666667	65040
2.81461666666667	57008
2.81795000000000	76160
2.82128333333333	76048
2.82461666666667	71504
2.82795000000000	62528
2.83128333333333	66048
2.83463333333333	65440
2.83796666666667	64832
2.84130000000000	44048
2.84463333333333	59456
2.84796666666667	56048
2.85131666666667	52640
2.85465000000000	61008
2.85798333333333	56736
2.86131666666667	52480
2.86465000000000	57744
2.86800000000000	53536
2.87133333333333	49328
2.87466666666667	66784
2.87800000000000	71456
2.88133333333333	74800
2.88468333333333	54320
2.88801666666667	46752
2.89135000000000	64464
2.89468333333333	55488
2.89801666666667	47904
2.90136666666667	49232
2.90470000000000	67808
2.90803333333333	77264
2.91136666666667	67936
2.91470000000000	54784
2.91805000000000	70368
2.92138333333333	65904
2.92471666666667	49456
2.92805000000000	79072
2.93138333333333	43568
2.93473333333333	49344
2.93806666666667	52352
2.94140000000000	48928
2.94473333333333	45520
2.94806666666667	63648
2.95141666666667	58432
2.95475000000000	53232
2.95808333333333	51472
2.96141666666667	50576
2.96475000000000	49680
2.96810000000000	45760
2.97143333333333	55824
2.97476666666667	58624
2.97810000000000	61920
2.98143333333333	61936
2.98478333333333	53760
2.98811666666667	51488
2.99145000000000	57344
2.99478333333333	55568
2.99811666666667	52768
3.00146666666667	75536
3.00480000000000	82176
3.00813333333333	60208
3.01146666666667	51504
3.01480000000000	49344
3.01815000000000	47392
3.02148333333333	44848
3.02481666666667	56224
3.02815000000000	64784
3.03148333333333	58256
3.03483333333333	52992
3.03816666666667	59328
3.04150000000000	61408
3.04483333333333	63504
3.04816666666667	46528
3.05151666666667	37440
3.05485000000000	38368
3.05818333333333	42528
3.06151666666667	40256
3.06485000000000	37984
3.06820000000000	54832
3.07153333333333	58816
3.07486666666667	58928
3.07820000000000	39760
3.08153333333333	65904
3.08488333333333	60480
3.08821666666667	55072
3.09155000000000	53648
3.09488333333333	73696
3.09821666666667	69552
3.10156666666667	30516
3.10490000000000	65152
3.10823333333333	61536
3.11156666666667	79056
3.11490000000000	53728
3.11825000000000	71488
3.12158333333333	89136
3.12491666666667	42976
3.12825000000000	67264
3.13158333333333	59792
3.13493333333333	47472
3.13826666666667	76176
3.14160000000000	58608
3.14493333333333	75648
3.14826666666667	55664
3.15161666666667	41664
3.15495000000000	42496
3.15828333333333	34272
3.16161666666667	45072
3.16495000000000	55872
3.16828333333333	61328
3.17163333333333	63696
3.17496666666667	66048
3.17830000000000	47312
3.18163333333333	33536
3.18496666666667	57808
3.18831666666667	65008
3.19165000000000	34880
3.19498333333333	51936
3.19831666666667	34384
3.20165000000000	41648
3.20500000000000	48912
3.20833333333333	51712
3.21166666666667	54512
3.21500000000000	53920
3.21833333333333	53328
3.22168333333333	45152
3.22501666666667	42672
3.22835000000000	40176
3.23168333333333	53056
3.23501666666667	65488
3.23836666666667	66464
3.24170000000000	56960
3.24503333333333	71904
3.24836666666667	58560
3.25170000000000	46048
3.25505000000000	66400
3.25838333333333	52528
3.26171666666667	47360
3.26505000000000	26448
3.26838333333333	39632
3.27173333333333	52832
3.27506666666667	56368
3.27840000000000	51712
3.28173333333333	44240
3.28506666666667	63088
3.28841666666667	63264
3.29175000000000	55664
3.29508333333333	52096
3.29841666666667	56480
3.30175000000000	56784
3.30510000000000	52880
3.30843333333333	45840
3.31176666666667	38800
3.31510000000000	60368
3.31843333333333	59408
3.32178333333333	48224
3.32511666666667	54112
3.32845000000000	63024
3.33178333333333	50704
3.33511666666667	54496
3.33846666666667	51840
3.34180000000000	49184
3.34513333333333	37904
3.34846666666667	43216
3.35180000000000	43744
3.35515000000000	44272
3.35848333333333	41776
3.36181666666667	39280
3.36515000000000	54464
3.36848333333333	62320
3.37183333333333	57792
3.37516666666667	35488
3.37850000000000	37360
3.38183333333333	45264
3.38516666666667	64992
3.38851666666667	68928
3.39185000000000	73280
3.39518333333333	60592
3.39851666666667	59424
3.40185000000000	54608
3.40520000000000	72464
3.40853333333333	68352
3.41186666666667	64224
3.41520000000000	67984
3.41853333333333	50912
3.42188333333333	43152
3.42521666666667	64448
3.42855000000000	60048
3.43188333333333	77200
3.43521666666667	69648
3.43856666666667	62640
3.44190000000000	70528
3.44523333333333	66592
3.44856666666667	58192
3.45190000000000	49776
3.45525000000000	64720
3.45858333333333	60608
3.46191666666667	60816
3.46525000000000	61024
3.46858333333333	61248
3.47193333333333	56848
3.47526666666667	51280
3.47860000000000	59440
3.48193333333333	54720
3.48526666666667	58560
3.48861666666667	57808
3.49195000000000	57072
3.49528333333333	60768
3.49861666666667	50336
3.50195000000000	55056
3.50528333333333	69024
3.50863333333333	36864
3.51196666666667	45776
3.51530000000000	61552
3.51863333333333	48576
3.52196666666667	55200
3.52531666666667	65888
3.52865000000000	58128
3.53198333333333	67056
3.53531666666667	51008
3.53865000000000	69632
3.54200000000000	51504
3.54533333333333	69584
3.54866666666667	77424
3.55200000000000	54304
3.55533333333333	64560
3.55868333333333	53056
3.56201666666667	62848
3.56535000000000	40720
3.56868333333333	43424
3.57201666666667	74864
3.57536666666667	61152
3.57870000000000	47440
3.58203333333333	69216
3.58536666666667	55504
3.58870000000000	74720
3.59205000000000	54512
3.59538333333333	65600
3.59871666666667	53856
3.60205000000000	68816
3.60538333333333	60592
3.60873333333333	66576
3.61206666666667	65024
3.61540000000000	61328
3.61873333333333	57616
3.62206666666667	53200
3.62541666666667	59136
3.62875000000000	53376
3.63208333333333	61216
3.63541666666667	57808
3.63875000000000	71584
3.64210000000000	31972
3.64543333333333	53488
3.64876666666667	59072
3.65210000000000	76096
3.65543333333333	69840
3.65878333333333	76000
3.66211666666667	56928
3.66545000000000	52640
3.66878333333333	61728
3.67211666666667	40560
3.67546666666667	52048
3.67880000000000	71376
3.68213333333333	56896
3.68546666666667	70896
3.68880000000000	71712
3.69215000000000	49856
3.69548333333333	59104
3.69881666666667	71264
3.70215000000000	61616
3.70548333333333	60416
3.70883333333333	58464
3.71216666666667	65072
3.71550000000000	52720
3.71883333333333	54048
3.72216666666667	71920
3.72551666666667	70160
3.72885000000000	81472
3.73218333333333	51136
3.73551666666667	70992
3.73885000000000	57712
3.74220000000000	63600
3.74553333333333	59872
3.74886666666667	57104
3.75220000000000	54000
3.75553333333333	50896
3.75888333333333	38160
3.76221666666667	76352
3.76555000000000	79248
3.76888333333333	63056
3.77221666666667	68976
3.77556666666667	48080
3.77890000000000	77968
3.78223333333333	67616
3.78556666666667	58832
3.78890000000000	73088
3.79225000000000	63056
3.79558333333333	79280
3.79891666666667	69648
3.80225000000000	67616
3.80558333333333	44832
3.80893333333333	77216
3.81226666666667	41616
3.81560000000000	46544
3.81893333333333	52720
3.82226666666667	50432
3.82561666666667	48160
3.82895000000000	52112
3.83228333333333	54592
3.83561666666667	57088
3.83895000000000	45248
3.84228333333333	57040
3.84563333333333	68592
3.84896666666667	69392
3.85230000000000	48096
3.85563333333333	56272
3.85896666666667	42288
3.86231666666667	48816
3.86565000000000	55344
3.86898333333333	43616
3.87231666666667	40128
3.87565000000000	36640
3.87900000000000	46368
3.88233333333333	56112
3.88566666666667	61328
3.88900000000000	56592
3.89233333333333	51840
3.89568333333333	55296
3.89901666666667	58752
3.90235000000000	57936
3.90568333333333	67664
3.90901666666667	71104
3.91236666666667	64016
3.91570000000000	56928
3.91903333333333	50752
3.92236666666667	48032
3.92570000000000	68000
3.92905000000000	61632
3.93238333333333	55264
3.93571666666667	72496
3.93905000000000	45376
3.94238333333333	70704
3.94573333333333	75920
3.94906666666667	63696
3.95240000000000	43088
3.95573333333333	53648
3.95906666666667	41472
3.96241666666667	61520
3.96575000000000	66704
3.96908333333333	61120
3.97241666666667	51328
3.97575000000000	53760
3.97910000000000	22380
3.98243333333333	50688
3.98576666666667	29808
3.98910000000000	63488
3.99243333333333	41856
3.99578333333333	59328
3.99911666666667	52096
4.00245000000000	44864
4.00578333333333	38880
4.00911666666667	54912
4.01246666666667	50176
4.01580000000000	52464
4.01913333333333	57232
4.02246666666667	60688
4.02580000000000	61120
4.02915000000000	61552
4.03248333333333	58880
4.03581666666667	46832
4.03915000000000	64272
4.04248333333333	65280
4.04583333333333	62864
4.04916666666667	59760
4.05250000000000	67248
4.05583333333333	62032
4.05916666666667	64848
4.06251666666667	67648
4.06585000000000	57040
4.06918333333333	58896
4.07251666666667	60832
4.07585000000000	45840
4.07920000000000	64800
4.08253333333333	63728
4.08586666666667	81760
4.08920000000000	76464
4.09253333333333	31724
4.09588333333333	57376
4.09921666666667	50672
4.10255000000000	60512
4.10588333333333	50544
4.10921666666667	41392
4.11256666666667	40032
4.11590000000000	67104
4.11923333333333	67376
4.12256666666667	69104
4.12590000000000	57984
4.12925000000000	54720
4.13258333333333	49312
4.13591666666667	67184
4.13925000000000	64976
4.14258333333333	44608
4.14593333333333	55664
4.14926666666667	62656
4.15260000000000	58768
4.15593333333333	56992
4.15926666666667	55216
4.16261666666667	62464
4.16595000000000	39728
4.16928333333333	59392
4.17261666666667	59728
4.17595000000000	61168
4.17928333333333	57168
4.18263333333333	47296
4.18596666666667	62656
4.18930000000000	59072
4.19263333333333	55488
4.19596666666667	64752
4.19931666666667	45264
4.20265000000000	75680
4.20598333333333	68496
4.20931666666667	52496
4.21265000000000	51856
4.21600000000000	56560
4.21933333333333	50816
4.22266666666667	60320
4.22600000000000	63872
4.22933333333333	34864
4.23268333333333	80288
4.23601666666667	48480
4.23935000000000	65968
4.24268333333333	60240
4.24601666666667	54576
4.24936666666667	57264
4.25270000000000	59936
4.25603333333333	83616
4.25936666666667	84544
4.26270000000000	50688
4.26605000000000	52800
4.26938333333333	80528
4.27271666666667	50640
4.27605000000000	66752
4.27938333333333	86752
4.28273333333333	52400
4.28606666666667	42640
4.28940000000000	53952
4.29273333333333	59936
4.29606666666667	47104
4.29941666666667	34256
4.30275000000000	71808
4.30608333333333	55600
4.30941666666667	75056
4.31275000000000	38560
4.31610000000000	33840
4.31943333333333	44688
4.32276666666667	58832
4.32610000000000	57776
4.32943333333333	65104
4.33278333333333	66032
4.33611666666667	66960
4.33945000000000	72848
4.34278333333333	52192
4.34611666666667	46768
4.34946666666667	79824
4.35280000000000	70448
4.35613333333333	55936
4.35946666666667	70800
4.36280000000000	66144
4.36615000000000	71152
4.36948333333333	38432
4.37281666666667	50960
4.37615000000000	68752
4.37948333333333	66832
4.38283333333333	51760
4.38616666666667	57040
4.38950000000000	59376
4.39283333333333	61712
4.39616666666667	44976
4.39951666666667	56960
4.40285000000000	53520
4.40618333333333	47184
4.40951666666667	40832
4.41285000000000	42880
4.41620000000000	44240
4.41953333333333	65840
4.42286666666667	61584
4.42620000000000	73792
4.42953333333333	45312
4.43288333333333	70096
4.43621666666667	29920
4.43955000000000	61856
4.44288333333333	61728
4.44621666666667	61376
4.44956666666667	46816
4.45290000000000	55360
4.45623333333333	58240
4.45956666666667	61120
4.46290000000000	53392
4.46625000000000	56448
4.46958333333333	39808
4.47291666666667	48768
4.47625000000000	57728
4.47958333333333	40544
4.48293333333333	49360
4.48626666666667	58192
4.48960000000000	27844
4.49293333333333	50304
4.49626666666667	72512
