1.50330000000000	0
1.50663333333333	0
1.50996666666667	0
1.51330000000000	0
1.51663333333333	0
1.51998333333333	0
1.52331666666667	0
1.52665000000000	0
1.52998333333333	0
1.53331666666667	21
1.53666666666667	42
1.54000000000000	21
1.54333333333333	0
1.54666666666667	0
1.55000000000000	0
1.55335000000000	0
1.55668333333333	0
1.56001666666667	0
1.56335000000000	0
1.56668333333333	0
1.57003333333333	0
1.57336666666667	0
1.57670000000000	0
1.58003333333333	0
1.58336666666667	0
1.58671666666667	0
1.59005000000000	0
1.59338333333333	0
1.59671666666667	0
1.60005000000000	0
1.60340000000000	0
1.60673333333333	0
1.61006666666667	0
1.61340000000000	0
1.61673333333333	0
1.62008333333333	0
1.62341666666667	0
1.62675000000000	0
1.63008333333333	0
1.63341666666667	0
1.63676666666667	0
1.64010000000000	0
1.64343333333333	0
1.64676666666667	22
1.65010000000000	11
1.65345000000000	0
1.65678333333333	0
1.66011666666667	0
1.66345000000000	0
1.66678333333333	0
1.67013333333333	0
1.67346666666667	0
1.67680000000000	0
1.68013333333333	0
1.68346666666667	0
1.68681666666667	0
1.69015000000000	0
1.69348333333333	0
1.69681666666667	0
1.70015000000000	0
1.70350000000000	0
1.70683333333333	0
1.71016666666667	0
1.71350000000000	0
1.71683333333333	0
1.72018333333333	0
1.72351666666667	0
1.72685000000000	0
1.73018333333333	0
1.73351666666667	0
1.73686666666667	0
1.74020000000000	0
1.74353333333333	0
1.74686666666667	0
1.75020000000000	0
1.75355000000000	0
1.75688333333333	0
1.76021666666667	0
1.76355000000000	0
1.76688333333333	0
1.77023333333333	0
1.77356666666667	0
1.77690000000000	0
1.78023333333333	0
1.78356666666667	0
1.78691666666667	0
1.79025000000000	0
1.79358333333333	0
1.79691666666667	0
1.80025000000000	0
1.80360000000000	0
1.80693333333333	0
1.81026666666667	0
1.81360000000000	0
1.81693333333333	0
1.82026666666667	0
1.82361666666667	0
1.82695000000000	0
1.83028333333333	0
1.83361666666667	0
1.83695000000000	0
1.84030000000000	0
1.84363333333333	0
1.84696666666667	0
1.85030000000000	0
1.85363333333333	0
1.85698333333333	0
1.86031666666667	0
1.86365000000000	0
1.86698333333333	0
1.87031666666667	0
1.87366666666667	0
1.87700000000000	0
1.88033333333333	0
1.88366666666667	0
1.88700000000000	0
1.89035000000000	0
1.89368333333333	0
1.89701666666667	0
1.90035000000000	0
1.90368333333333	0
1.90703333333333	0
1.91036666666667	0
1.91370000000000	0
1.91703333333333	0
1.92036666666667	0
1.92371666666667	0
1.92705000000000	0
1.93038333333333	0
1.93371666666667	0
1.93705000000000	0
1.94040000000000	0
1.94373333333333	0
1.94706666666667	0
1.95040000000000	0
1.95373333333333	0
1.95708333333333	0
1.96041666666667	0
1.96375000000000	0
1.96708333333333	0
1.97041666666667	0
1.97376666666667	0
1.97710000000000	0
1.98043333333333	0
1.98376666666667	0
1.98710000000000	0
1.99045000000000	0
1.99378333333333	0
1.99711666666667	0
2.00045000000000	0
2.00378333333333	0
2.00713333333333	0
2.01046666666667	0
2.01380000000000	0
2.01713333333333	0
2.02046666666667	0
2.02381666666667	0
2.02715000000000	0
2.03048333333333	0
2.03381666666667	0
2.03715000000000	0
2.04050000000000	0
2.04383333333333	0
2.04716666666667	0
2.05050000000000	0
2.05383333333333	0
2.05718333333333	0
2.06051666666667	0
2.06385000000000	0
2.06718333333333	0
2.07051666666667	775
2.07386666666667	418
2.07720000000000	61
2.08053333333333	0
2.08386666666667	0
2.08720000000000	0
2.09055000000000	0
2.09388333333333	0
2.09721666666667	0
2.10055000000000	0
2.10388333333333	0
2.10723333333333	0
2.11056666666667	0
2.11390000000000	0
2.11723333333333	0
2.12056666666667	0
2.12391666666667	0
2.12725000000000	0
2.13058333333333	0
2.13391666666667	0
2.13725000000000	0
2.14060000000000	0
2.14393333333333	0
2.14726666666667	0
2.15060000000000	0
2.15393333333333	0
2.15726666666667	0
2.16061666666667	0
2.16395000000000	0
2.16728333333333	0
2.17061666666667	0
2.17395000000000	0
2.17730000000000	0
2.18063333333333	0
2.18396666666667	0
2.18730000000000	0
2.19063333333333	0
2.19398333333333	0
2.19731666666667	0
2.20065000000000	0
2.20398333333333	0
2.20731666666667	0
2.21066666666667	0
2.21400000000000	0
2.21733333333333	0
2.22066666666667	0
2.22400000000000	0
2.22735000000000	0
2.23068333333333	0
2.23401666666667	0
2.23735000000000	0
2.24068333333333	0
2.24403333333333	0
2.24736666666667	0
2.25070000000000	0
2.25403333333333	0
2.25736666666667	0
2.26071666666667	0
2.26405000000000	0
2.26738333333333	0
2.27071666666667	0
2.27405000000000	0
2.27740000000000	0
2.28073333333333	0
2.28406666666667	0
2.28740000000000	0
2.29073333333333	0
2.29408333333333	0
2.29741666666667	0
2.30075000000000	0
2.30408333333333	0
2.30741666666667	0
2.31076666666667	0
2.31410000000000	545
2.31743333333333	272
2.32076666666667	0
2.32410000000000	0
2.32745000000000	0
2.33078333333333	316
2.33411666666667	561
2.33745000000000	806
2.34078333333333	0
2.34413333333333	806
2.34746666666667	1612
2.35080000000000	2269
2.35413333333333	0
2.35746666666667	1835
2.36081666666667	0
2.36415000000000	0
2.36748333333333	0
2.37081666666667	58
2.37415000000000	117
2.37750000000000	1128
2.38083333333333	1004
2.38416666666667	879
2.38750000000000	591
2.39083333333333	800
2.39418333333333	1010
2.39751666666667	2474
2.40085000000000	2767
2.40418333333333	3061
2.40751666666667	1773
2.41086666666667	486
2.41420000000000	2122
2.41753333333333	2068
2.42086666666667	1645
2.42420000000000	2565
2.42755000000000	3486
2.43088333333333	2257
2.43421666666667	1029
2.43755000000000	4168
2.44088333333333	970
2.44423333333333	6679
2.44756666666667	4367
2.45090000000000	1757
2.45423333333333	1263
2.45756666666667	2348
2.46091666666667	2261
2.46425000000000	2543
2.46758333333333	5684
2.47091666666667	6607
2.47425000000000	7719
2.47760000000000	4003
2.48093333333333	1451
2.48426666666667	4219
2.48760000000000	4700
2.49093333333333	7236
2.49426666666667	6514
2.49761666666667	5792
2.50095000000000	1888
2.50428333333333	6207
2.50761666666667	2571
2.51095000000000	3895
2.51430000000000	4363
2.51763333333333	7012
2.52096666666667	5974
2.52430000000000	7069
2.52763333333333	6869
2.53098333333333	6834
2.53431666666667	5708
2.53765000000000	4581
2.54098333333333	6815
2.54431666666667	1704
2.54766666666667	3219
2.55100000000000	3373
2.55433333333333	3527
2.55766666666667	4794
2.56100000000000	5193
2.56435000000000	5157
2.56768333333333	5122
2.57101666666667	2150
2.57435000000000	2411
2.57768333333333	3956
2.58101666666667	3632
2.58435000000000	4954
2.58768333333333	4581
2.59101666666667	4208
2.59435000000000	6319
2.59770000000000	6489
2.60103333333333	5072
2.60436666666667	3654
2.60770000000000	2212
2.61103333333333	769
2.61438333333333	1684
2.61771666666667	6651
2.62105000000000	5257
2.62438333333333	4425
2.62771666666667	6922
2.63106666666667	3826
2.63440000000000	1174
2.63773333333333	4039
2.64106666666667	4402
2.64440000000000	3618
2.64775000000000	5221
2.65108333333333	327
2.65441666666667	3829
2.65775000000000	2187
2.66108333333333	4044
2.66443333333333	5008
2.66776666666667	5972
2.67110000000000	5875
2.67443333333333	5228
2.67776666666667	4581
2.68111666666667	4633
2.68445000000000	4685
2.68778333333333	4397
2.69111666666667	4680
2.69445000000000	4963
2.69780000000000	4648
2.70113333333333	4334
2.70446666666667	5360
2.70780000000000	4982
2.71113333333333	4604
2.71448333333333	4006
2.71781666666667	3407
2.72115000000000	903
2.72448333333333	3325
2.72781666666667	3783
2.73116666666667	9668
2.73450000000000	8688
2.73783333333333	7704
2.74116666666667	6577
2.74450000000000	1163
2.74785000000000	4599
2.75118333333333	7128
2.75451666666667	0
2.75785000000000	9416
2.76118333333333	7862
2.76453333333333	4032
2.76786666666667	2697
2.77120000000000	5234
2.77453333333333	4539
2.77786666666667	3844
2.78121666666667	2939
2.78455000000000	2033
2.78788333333333	4365
2.79121666666667	2107
2.79455000000000	1944
2.79790000000000	2396
2.80123333333333	3082
2.80456666666667	2819
2.80790000000000	2557
2.81123333333333	1541
2.81458333333333	2821
2.81791666666667	5023
2.82125000000000	7093
2.82458333333333	6294
2.82791666666667	6191
2.83125000000000	6087
2.83460000000000	4018
2.83793333333333	4341
2.84126666666667	2557
2.84460000000000	1788
2.84793333333333	1509
2.85128333333333	1229
2.85461666666667	2229
2.85795000000000	3228
2.86128333333333	4253
2.86461666666667	6001
2.86796666666667	7750
2.87130000000000	7928
2.87463333333333	4049
2.87796666666667	2139
2.88130000000000	8079
2.88465000000000	7029
2.88798333333333	2710
2.89131666666667	85
2.89465000000000	6807
2.89798333333333	1708
2.90133333333333	8336
2.90466666666667	3541
2.90800000000000	5205
2.91133333333333	4684
2.91466666666667	9564
2.91801666666667	8884
2.92135000000000	7009
2.92468333333333	2622
2.92801666666667	0
2.93135000000000	4614
2.93470000000000	3548
2.93803333333333	700
2.94136666666667	5796
2.94470000000000	4084
2.94803333333333	3296
2.95138333333333	3145
2.95471666666667	2994
2.95805000000000	3120
2.96138333333333	3243
2.96471666666667	3366
2.96806666666667	1981
2.97140000000000	595
2.97473333333333	3962
2.97806666666667	7329
2.98140000000000	5781
2.98475000000000	4234
2.98808333333333	5929
2.99141666666667	3838
2.99475000000000	5825
2.99808333333333	3361
3.00143333333333	0
3.00476666666667	2066
3.00810000000000	2388
3.01143333333333	2710
3.01476666666667	2251
3.01811666666667	1792
3.02145000000000	1872
3.02478333333333	9444
3.02811666666667	9328
3.03145000000000	3109
3.03480000000000	0
3.03813333333333	7316
3.04146666666667	5964
3.04480000000000	4612
3.04813333333333	8256
3.05148333333333	4590
3.05481666666667	923
3.05815000000000	3919
3.06148333333333	6915
3.06481666666667	4266
3.06816666666667	2577
3.07150000000000	5565
3.07483333333333	5429
3.07816666666667	5292
3.08150000000000	4188
3.08485000000000	4230
3.08818333333333	6327
3.09151666666667	5574
3.09485000000000	4820
3.09818333333333	5609
3.10153333333333	4373
3.10486666666667	3137
3.10820000000000	2543
3.11153333333333	1949
3.11486666666667	1730
3.11821666666667	1512
3.12155000000000	4018
3.12488333333333	6524
3.12821666666667	7271
3.13155000000000	5367
3.13490000000000	4327
3.13823333333333	2422
3.14156666666667	5352
3.14490000000000	3833
3.14823333333333	2774
3.15158333333333	4825
3.15491666666667	4995
3.15825000000000	5548
3.16158333333333	6101
3.16491666666667	2738
3.16825000000000	3171
3.17160000000000	3132
3.17493333333333	3093
3.17826666666667	4957
3.18160000000000	3346
3.18493333333333	1734
3.18828333333333	5525
3.19161666666667	3558
3.19495000000000	10224
3.19828333333333	8492
3.20161666666667	2966
3.20496666666667	3160
3.20830000000000	6538
3.21163333333333	2991
3.21496666666667	498
3.21830000000000	2922
3.22165000000000	2925
3.22498333333333	2928
3.22831666666667	2668
3.23165000000000	2408
3.23498333333333	4080
3.23833333333333	5751
3.24166666666667	4684
3.24500000000000	7080
3.24833333333333	9476
3.25166666666667	9776
3.25501666666667	6807
3.25835000000000	5032
3.26168333333333	5083
3.26501666666667	1971
3.26835000000000	5816
3.27170000000000	7672
3.27503333333333	1093
3.27836666666667	8100
3.28170000000000	1295
3.28503333333333	7067
3.28838333333333	6676
3.29171666666667	6742
3.29505000000000	7148
3.29838333333333	7905
3.30171666666667	8756
3.30506666666667	3324
3.30840000000000	4027
3.31173333333333	11716
3.31506666666667	8568
3.31840000000000	7015
3.32175000000000	3343
3.32508333333333	2141
3.32841666666667	1447
3.33175000000000	3121
3.33508333333333	2967
3.33843333333333	3264
3.34176666666667	3561
3.34510000000000	3509
3.34843333333333	3457
3.35176666666667	1702
3.35511666666667	5573
3.35845000000000	5625
3.36178333333333	8752
3.36511666666667	6330
3.36845000000000	8012
3.37180000000000	3176
3.37513333333333	6709
3.37846666666667	7193
3.38180000000000	4685
3.38513333333333	3887
3.38848333333333	4138
3.39181666666667	3600
3.39515000000000	8102
3.39848333333333	9392
3.40181666666667	10684
3.40516666666667	2867
3.40850000000000	8604
3.41183333333333	10000
3.41516666666667	6522
3.41850000000000	3337
3.42185000000000	5611
3.42518333333333	7449
3.42851666666667	5511
3.43185000000000	4425
3.43518333333333	5631
3.43853333333333	4828
3.44186666666667	4571
3.44520000000000	4315
3.44853333333333	3856
3.45186666666667	3902
3.45521666666667	5027
3.45855000000000	4782
3.46188333333333	4536
3.46521666666667	4470
3.46855000000000	2961
3.47190000000000	3828
3.47523333333333	2657
3.47856666666667	2216
3.48190000000000	2327
3.48523333333333	2438
3.48858333333333	2604
3.49191666666667	4958
3.49525000000000	4891
3.49858333333333	4824
3.50191666666667	3506
3.50525000000000	2187
3.50860000000000	7657
3.51193333333333	8043
3.51526666666667	10616
3.51860000000000	3613
3.52193333333333	7886
3.52528333333333	4374
3.52861666666667	6845
3.53195000000000	8292
3.53528333333333	5085
3.53861666666667	4714
3.54196666666667	4344
3.54530000000000	1408
3.54863333333333	3755
3.55196666666667	3867
3.55530000000000	1440
3.55865000000000	4049
3.56198333333333	7113
3.56531666666667	6399
3.56865000000000	5758
3.57198333333333	6638
3.57533333333333	5967
3.57866666666667	5994
3.58200000000000	8061
3.58533333333333	3712
3.58866666666667	3477
3.59201666666667	1839
3.59535000000000	2903
3.59868333333333	3967
3.60201666666667	3744
3.60535000000000	4754
3.60870000000000	4596
3.61203333333333	4439
3.61536666666667	3862
3.61870000000000	3300
3.62203333333333	3172
3.62538333333333	4902
3.62871666666667	6424
3.63205000000000	5608
3.63538333333333	2891
3.63871666666667	6140
3.64206666666667	8065
3.64540000000000	8404
3.64873333333333	4025
3.65206666666667	4561
3.65540000000000	3677
3.65875000000000	3168
3.66208333333333	2658
3.66541666666667	3237
3.66875000000000	3815
3.67208333333333	4438
3.67543333333333	4083
3.67876666666667	3728
3.68210000000000	4013
3.68543333333333	2468
3.68876666666667	2883
3.69211666666667	2803
3.69545000000000	2723
3.69878333333333	3488
3.70211666666667	3855
3.70545000000000	4221
3.70880000000000	457
3.71213333333333	492
3.71546666666667	4456
3.71880000000000	4887
3.72213333333333	3224
3.72548333333333	1560
3.72881666666667	5569
3.73215000000000	3178
3.73548333333333	787
3.73881666666667	4794
3.74216666666667	5107
3.74550000000000	842
3.74883333333333	4487
3.75216666666667	1817
3.75550000000000	7493
3.75885000000000	7950
3.76218333333333	7974
3.76551666666667	1615
3.76885000000000	3963
3.77218333333333	3250
3.77553333333333	1938
3.77886666666667	4847
3.78220000000000	5247
3.78553333333333	1557
3.78886666666667	4711
3.79221666666667	8264
3.79555000000000	7374
3.79888333333333	2338
3.80221666666667	3952
3.80555000000000	1947
3.80890000000000	3511
3.81223333333333	5075
3.81556666666667	4091
3.81890000000000	4362
3.82223333333333	4634
3.82558333333333	3913
3.82891666666667	4611
3.83225000000000	6386
3.83558333333333	1327
3.83891666666667	2880
3.84225000000000	4434
3.84560000000000	2707
3.84893333333333	4421
3.85226666666667	3563
3.85560000000000	2705
3.85893333333333	2960
3.86228333333333	6639
3.86561666666667	5513
3.86895000000000	4387
3.87228333333333	4411
3.87561666666667	4589
3.87896666666667	1908
3.88230000000000	4359
3.88563333333333	4674
3.88896666666667	7117
3.89230000000000	0
3.89565000000000	1416
3.89898333333333	7365
3.90231666666667	10128
3.90565000000000	5143
3.90898333333333	12720
3.91233333333333	663
3.91566666666667	12244
3.91900000000000	6927
3.92233333333333	3522
3.92566666666667	3273
3.92901666666667	3346
3.93235000000000	4403
3.93568333333333	5459
3.93901666666667	1246
3.94235000000000	7203
3.94570000000000	7554
3.94903333333333	7904
3.95236666666667	9316
3.95570000000000	4447
3.95903333333333	10404
3.96238333333333	4319
3.96571666666667	7251
3.96905000000000	1620
3.97238333333333	5605
3.97571666666667	2883
3.97906666666667	9264
3.98240000000000	6728
3.98573333333333	4193
3.98906666666667	9460
3.99240000000000	6103
3.99575000000000	1420
3.99908333333333	8028
4.00241666666667	6777
4.00575000000000	2787
4.00908333333333	2020
4.01243333333333	1490
4.01576666666667	961
4.01910000000000	9064
4.02243333333333	8260
4.02576666666667	9508
4.02911666666667	8760
4.03245000000000	2606
4.03578333333333	4574
4.03911666666667	6482
4.04245000000000	1637
4.04580000000000	2468
4.04913333333333	1779
4.05246666666667	7733
4.05580000000000	10128
4.05913333333333	6063
4.06248333333333	2079
4.06581666666667	8660
4.06915000000000	4062
4.07248333333333	4294
4.07581666666667	4525
4.07916666666667	3375
4.08250000000000	2637
4.08583333333333	8063
4.08916666666667	6835
4.09250000000000	6213
4.09585000000000	8436
4.09918333333333	6348
4.10251666666667	7529
4.10585000000000	7405
4.10918333333333	9388
4.11253333333333	3092
4.11586666666667	3851
4.11920000000000	2333
4.12253333333333	3611
4.12586666666667	4889
4.12921666666667	593
4.13255000000000	7139
4.13588333333333	4872
4.13921666666667	1434
4.14255000000000	4947
4.14590000000000	3965
4.14923333333333	5424
4.15256666666667	2363
4.15590000000000	10268
4.15923333333333	10788
4.16258333333333	775
4.16591666666667	8224
4.16925000000000	5639
4.17258333333333	2967
4.17591666666667	9776
4.17925000000000	6244
4.18260000000000	2713
4.18593333333333	4233
4.18926666666667	5172
4.19260000000000	3830
4.19593333333333	2324
4.19928333333333	6204
4.20261666666667	4960
4.20595000000000	8256
4.20928333333333	1548
4.21261666666667	6136
4.21596666666667	5967
4.21930000000000	9064
4.22263333333333	6297
4.22596666666667	4552
4.22930000000000	5762
4.23265000000000	5950
4.23598333333333	5114
4.23931666666667	4278
4.24265000000000	6326
4.24598333333333	4367
4.24933333333333	4649
4.25266666666667	1308
4.25600000000000	2907
4.25933333333333	4505
4.26266666666667	1566
4.26601666666667	2317
4.26935000000000	3069
4.27268333333333	5326
4.27601666666667	8340
4.27935000000000	7480
4.28270000000000	3427
4.28603333333333	4835
4.28936666666667	1462
4.29270000000000	5165
4.29603333333333	4388
4.29938333333333	3856
4.30271666666667	3324
4.30605000000000	3028
4.30938333333333	3428
4.31271666666667	3829
4.31606666666667	8912
4.31940000000000	7712
4.32273333333333	4536
4.32606666666667	6967
4.32940000000000	8412
4.33275000000000	7500
4.33608333333333	1837
4.33941666666667	5866
4.34275000000000	4452
4.34608333333333	1467
4.34943333333333	5517
4.35276666666667	4406
4.35610000000000	4216
4.35943333333333	2885
4.36276666666667	4088
4.36611666666667	4513
4.36945000000000	4937
4.37278333333333	4688
4.37611666666667	4235
4.37945000000000	7930
4.38280000000000	7505
4.38613333333333	7281
4.38946666666667	3674
4.39280000000000	4133
4.39613333333333	6575
4.39948333333333	6959
4.40281666666667	7181
4.40615000000000	5581
4.40948333333333	3981
4.41281666666667	4618
4.41616666666667	3408
4.41950000000000	4711
4.42283333333333	4327
4.42616666666667	5023
4.42950000000000	3959
4.43285000000000	6558
4.43618333333333	6383
4.43951666666667	2714
4.44285000000000	8424
4.44618333333333	2878
4.44953333333333	7710
4.45286666666667	7195
4.45620000000000	3882
4.45953333333333	5405
4.46286666666667	8037
4.46621666666667	3811
4.46955000000000	3887
4.47288333333333	2973
4.47621666666667	4057
4.47955000000000	3929
4.48290000000000	4145
4.48623333333333	4360
4.48956666666667	4696
4.49290000000000	4452
4.49623333333333	3118
