1.50331666666667	773
1.50665000000000	0
1.50998333333333	0
1.51331666666667	0
1.51665000000000	0
1.52000000000000	0
1.52333333333333	0
1.52666666666667	0
1.53000000000000	0
1.53331666666667	0
1.53666666666667	0
1.54000000000000	0
1.54333333333333	0
1.54666666666667	0
1.55000000000000	468
1.55335000000000	351
1.55668333333333	321
1.56001666666667	533
1.56335000000000	14
1.56668333333333	306
1.57003333333333	86
1.57336666666667	212
1.57670000000000	176
1.58003333333333	156
1.58336666666667	0
1.58671666666667	0
1.59005000000000	0
1.59338333333333	141
1.59671666666667	282
1.60005000000000	327
1.60340000000000	0
1.60673333333333	0
1.61006666666667	0
1.61340000000000	174
1.61673333333333	317
1.62005000000000	651
1.62340000000000	453
1.62673333333333	572
1.63006666666667	0
1.63340000000000	0
1.63673333333333	0
1.64008333333333	0
1.64341666666667	0
1.64675000000000	0
1.65008333333333	0
1.65341666666667	0
1.65676666666667	0
1.66010000000000	0
1.66343333333333	0
1.66676666666667	0
1.67010000000000	0
1.67345000000000	0
1.67678333333333	424
1.68011666666667	212
1.68345000000000	0
1.68678333333333	0
1.69013333333333	0
1.69346666666667	0
1.69680000000000	0
1.70013333333333	0
1.70345000000000	0
1.70680000000000	0
1.71013333333333	0
1.71346666666667	0
1.71680000000000	96
1.72013333333333	48
1.72348333333333	0
1.72681666666667	6
1.73015000000000	12
1.73348333333333	210
1.73681666666667	944
1.74016666666667	1229
1.74350000000000	0
1.74683333333333	1463
1.75016666666667	0
1.75350000000000	199
1.75683333333333	0
1.76018333333333	0
1.76351666666667	0
1.76685000000000	0
1.77016666666667	0
1.77350000000000	0
1.77685000000000	0
1.78018333333333	0
1.78351666666667	0
1.78685000000000	0
1.79018333333333	0
1.79353333333333	178
1.79686666666667	336
1.80020000000000	279
1.80353333333333	222
1.80686666666667	173
1.81021666666667	124
1.81355000000000	0
1.81688333333333	0
1.82021666666667	0
1.82355000000000	0
1.82690000000000	0
1.83023333333333	0
1.83356666666667	0
1.83690000000000	0
1.84021666666667	136
1.84356666666667	272
1.84690000000000	325
1.85023333333333	0
1.85356666666667	0
1.85690000000000	525
1.86025000000000	571
1.86358333333333	493
1.86691666666667	0
1.87025000000000	0
1.87358333333333	447
1.87693333333333	459
1.88026666666667	106
1.88360000000000	0
1.88693333333333	385
1.89026666666667	0
1.89360000000000	0
1.89695000000000	0
1.90028333333333	0
1.90361666666667	0
1.90695000000000	0
1.91026666666667	0
1.91363333333333	0
1.91696666666667	0
1.92030000000000	0
1.92363333333333	0
1.92696666666667	0
1.93031666666667	0
1.93365000000000	0
1.93698333333333	0
1.94031666666667	0
1.94365000000000	12
1.94700000000000	6
1.95033333333333	0
1.95366666666667	0
1.95698333333333	0
1.96031666666667	0
1.96366666666667	0
1.96700000000000	0
1.97033333333333	0
1.97366666666667	0
1.97700000000000	0
1.98035000000000	232
1.98368333333333	116
1.98701666666667	0
1.99035000000000	0
1.99368333333333	0
1.99703333333333	0
2.00036666666667	0
2.00370000000000	0
2.00703333333333	313
2.01036666666667	389
2.01371666666667	491
2.01705000000000	561
2.02038333333333	0
2.02371666666667	527
2.02705000000000	493
2.03036666666667	307
2.03371666666667	0
2.03705000000000	0
2.04038333333333	13
2.04371666666667	0
2.04705000000000	0
2.05040000000000	0
2.05373333333333	0
2.05706666666667	0
2.06040000000000	0
2.06373333333333	0
2.06708333333333	0
2.07041666666667	0
2.07375000000000	0
2.07708333333333	0
2.08041666666667	0
2.08376666666667	242
2.08710000000000	213
2.09043333333333	107
2.09376666666667	0
2.09710000000000	0
2.10043333333333	0
2.10376666666667	0
2.10710000000000	175
2.11043333333333	169
2.11376666666667	85
2.11711666666667	0
2.12045000000000	0
2.12378333333333	0
2.12711666666667	0
2.13045000000000	0
2.13380000000000	0
2.13713333333333	0
2.14046666666667	0
2.14380000000000	0
2.14713333333333	0
2.15048333333333	0
2.15381666666667	163
2.15715000000000	81
2.16048333333333	0
2.16381666666667	0
2.16715000000000	0
2.17050000000000	0
2.17383333333333	0
2.17716666666667	0
2.18050000000000	0
2.18381666666667	471
2.18716666666667	913
2.19050000000000	1027
2.19383333333333	0
2.19716666666667	0
2.20050000000000	0
2.20385000000000	0
2.20718333333333	577
2.21051666666667	512
2.21385000000000	709
2.21718333333333	274
2.22053333333333	380
2.22386666666667	528
2.22720000000000	0
2.23053333333333	0
2.23386666666667	0
2.23721666666667	180
2.24055000000000	284
2.24388333333333	142
2.24721666666667	0
2.25053333333333	0
2.25388333333333	277
2.25721666666667	138
2.26055000000000	0
2.26388333333333	385
2.26721666666667	259
2.27056666666667	133
2.27390000000000	1517
2.27723333333333	2073
2.28056666666667	2175
2.28390000000000	1987
2.28725000000000	1596
2.29058333333333	1921
2.29391666666667	2246
2.29725000000000	2052
2.30058333333333	2303
2.30391666666667	1316
2.30726666666667	1200
2.31060000000000	1111
2.31393333333333	1416
2.31726666666667	1720
2.32060000000000	4331
2.32395000000000	4510
2.32728333333333	4405
2.33061666666667	1136
2.33395000000000	2203
2.33728333333333	3470
2.34063333333333	5746
2.34396666666667	7265
2.34730000000000	5742
2.35063333333333	4957
2.35396666666667	6155
2.35731666666667	7353
2.36065000000000	7060
2.36398333333333	8170
2.36731666666667	7246
2.37065000000000	6321
2.37398333333333	8168
2.37731666666667	8936
2.38065000000000	9116
2.38398333333333	9300
2.38731666666667	8748
2.39066666666667	9968
2.39400000000000	11188
2.39733333333333	15620
2.40066666666667	18880
2.40400000000000	17092
2.40735000000000	16272
2.41068333333333	13764
2.41401666666667	19500
2.41735000000000	18664
2.42068333333333	11424
2.42403333333333	16600
2.42736666666667	14396
2.43070000000000	16264
2.43403333333333	15292
2.43736666666667	18860
2.44070000000000	20444
2.44405000000000	19192
2.44738333333333	17776
2.45071666666667	16356
2.45405000000000	21512
2.45738333333333	24264
2.46073333333333	23176
2.46406666666667	25760
2.46740000000000	24000
2.47073333333333	22240
2.47406666666667	29324
2.47741666666667	31056
2.48075000000000	28524
2.48408333333333	20920
2.48741666666667	17964
2.49075000000000	28104
2.49410000000000	25648
2.49743333333333	33760
2.50076666666667	31168
2.50410000000000	32580
2.50743333333333	32708
2.51078333333333	29132
2.51411666666667	26036
2.51745000000000	32112
2.52078333333333	25856
2.52410000000000	27472
2.52745000000000	29088
2.53078333333333	26372
2.53411666666667	23660
2.53745000000000	27552
2.54078333333333	31928
2.54413333333333	43824
2.54746666666667	40336
2.55080000000000	37920
2.55413333333333	37168
2.55746666666667	34928
2.56081666666667	34928
2.56415000000000	34928
2.56748333333333	33824
2.57081666666667	32736
2.57415000000000	37728
2.57748333333333	37424
2.58083333333333	39776
2.58416666666667	40416
2.58750000000000	36624
2.59083333333333	41312
2.59416666666667	41536
2.59751666666667	41760
2.60085000000000	41632
2.60418333333333	41504
2.60751666666667	47984
2.61085000000000	24312
2.61420000000000	36752
2.61753333333333	34032
2.62086666666667	41040
2.62420000000000	37616
2.62753333333333	40848
2.63088333333333	36160
2.63421666666667	31452
2.63755000000000	45248
2.64088333333333	46416
2.64421666666667	40448
2.64756666666667	40704
2.65090000000000	44080
2.65423333333333	24216
2.65756666666667	56448
2.66090000000000	46640
2.66425000000000	29316
2.66758333333333	35024
2.67091666666667	47744
2.67425000000000	46192
2.67756666666667	44656
2.68091666666667	48112
2.68425000000000	41328
2.68758333333333	48176
2.69091666666667	27780
2.69425000000000	52736
2.69760000000000	38480
2.70093333333333	50112
2.70426666666667	44624
2.70760000000000	44192
2.71093333333333	52896
2.71426666666667	37120
2.71761666666667	47744
2.72095000000000	51744
2.72428333333333	49584
2.72761666666667	48336
2.73095000000000	49312
2.73430000000000	27340
2.73763333333333	36768
2.74096666666667	47344
2.74430000000000	48368
2.74763333333333	36128
2.75098333333333	46272
2.75431666666667	41328
2.75765000000000	39456
2.76098333333333	42688
2.76430000000000	49968
2.76765000000000	52640
2.77098333333333	34016
2.77431666666667	59088
2.77765000000000	52096
2.78098333333333	54992
2.78433333333333	49648
2.78766666666667	51440
2.79100000000000	52544
2.79433333333333	55216
2.79766666666667	46592
2.80101666666667	49360
2.80435000000000	53840
2.80768333333333	49856
2.81101666666667	45872
2.81435000000000	49680
2.81770000000000	52432
2.82103333333333	52128
2.82436666666667	51840
2.82770000000000	57184
2.83103333333333	41136
2.83438333333333	34992
2.83771666666667	29940
2.84105000000000	46800
2.84438333333333	49936
2.84771666666667	43344
2.85103333333333	32592
2.85438333333333	51872
2.85771666666667	41568
2.86105000000000	49488
2.86438333333333	50096
2.86771666666667	54256
2.87106666666667	47024
2.87440000000000	40720
2.87773333333333	42832
2.88106666666667	42896
2.88440000000000	43568
2.88775000000000	41696
2.89108333333333	48896
2.89441666666667	45808
2.89775000000000	42736
2.90108333333333	53040
2.90443333333333	35840
2.90776666666667	41600
2.91110000000000	56832
2.91443333333333	45280
2.91776666666667	45952
2.92111666666667	47824
2.92445000000000	40144
2.92778333333333	53968
2.93111666666667	49872
2.93445000000000	45376
2.93780000000000	44272
2.94113333333333	44272
2.94446666666667	44480
2.94778333333333	44704
2.95111666666667	46560
2.95446666666667	36480
2.95780000000000	44320
2.96113333333333	38656
2.96446666666667	52768
2.96780000000000	49616
2.97115000000000	48224
2.97448333333333	46992
2.97781666666667	45920
2.98115000000000	45824
2.98448333333333	45712
2.98781666666667	45504
2.99116666666667	45296
2.99450000000000	27440
2.99783333333333	52672
3.00116666666667	46464
3.00450000000000	54480
3.00785000000000	28916
3.01118333333333	42416
3.01451666666667	45648
3.01785000000000	29756
3.02118333333333	40320
3.02453333333333	55936
3.02786666666667	45440
3.03120000000000	26948
3.03451666666667	44560
3.03785000000000	45104
3.04120000000000	55424
3.04453333333333	37760
3.04786666666667	30588
3.05120000000000	46944
3.05453333333333	44032
3.05788333333333	41104
3.06121666666667	46592
3.06455000000000	42864
3.06788333333333	43536
3.07121666666667	44224
3.07456666666667	35488
3.07790000000000	36768
3.08123333333333	38048
3.08456666666667	42320
3.08790000000000	39504
3.09125000000000	36672
3.09458333333333	39552
3.09791666666667	37632
3.10125000000000	35696
3.10458333333333	39152
3.10793333333333	48672
3.11126666666667	53440
3.11460000000000	43232
3.11793333333333	46192
3.12126666666667	55296
3.12458333333333	53488
3.12793333333333	57536
3.13126666666667	36240
3.13460000000000	43824
3.13793333333333	51376
3.14126666666667	53504
3.14461666666667	50576
3.14795000000000	56848
3.15128333333333	43040
3.15461666666667	37152
3.15795000000000	47984
3.16130000000000	50992
3.16463333333333	41920
3.16796666666667	52336
3.17130000000000	56112
3.17463333333333	43024
3.17798333333333	43584
3.18131666666667	37312
3.18465000000000	42736
3.18798333333333	48144
3.19131666666667	45232
3.19466666666667	42320
3.19800000000000	41872
3.20133333333333	41424
3.20466666666667	34832
3.20798333333333	37216
3.21133333333333	39616
3.21466666666667	43440
3.21800000000000	40752
3.22133333333333	44576
3.22466666666667	46912
3.22801666666667	47328
3.23135000000000	45904
3.23468333333333	34464
3.23801666666667	43088
3.24135000000000	41648
3.24470000000000	31520
3.24803333333333	43376
3.25136666666667	52800
3.25470000000000	44992
3.25803333333333	41568
3.26136666666667	40512
3.26471666666667	40528
3.26805000000000	38704
3.27138333333333	38768
3.27471666666667	37440
3.27805000000000	48000
3.28140000000000	53472
3.28473333333333	56656
3.28806666666667	50144
3.29140000000000	46544
3.29473333333333	31776
3.29808333333333	29240
3.30141666666667	43168
3.30475000000000	36432
3.30808333333333	51968
3.31140000000000	46128
3.31475000000000	49760
3.31808333333333	49312
3.32141666666667	48208
3.32475000000000	47104
3.32808333333333	45664
3.33143333333333	44848
3.33476666666667	47296
3.33810000000000	49744
3.34143333333333	46064
3.34476666666667	42368
3.34811666666667	37712
3.35145000000000	23644
3.35478333333333	39040
3.35811666666667	39520
3.36145000000000	52512
3.36480000000000	43984
3.36813333333333	38784
3.37146666666667	45568
3.37480000000000	52720
3.37813333333333	52272
3.38146666666667	43712
3.38480000000000	41008
3.38813333333333	50592
3.39146666666667	50048
3.39480000000000	40160
3.39813333333333	46224
3.40148333333333	46368
3.40481666666667	35904
3.40815000000000	36624
3.41148333333333	41904
3.41481666666667	49296
3.41816666666667	50896
3.42150000000000	34160
3.42483333333333	46224
3.42816666666667	28524
3.43150000000000	43904
3.43485000000000	47776
3.43818333333333	42896
3.44151666666667	46800
3.44485000000000	49392
3.44818333333333	51984
3.45153333333333	53024
3.45486666666667	49616
3.45820000000000	52464
3.46153333333333	41024
3.46486666666667	50960
3.46821666666667	49056
3.47155000000000	47760
3.47488333333333	44272
3.47821666666667	36608
3.48155000000000	36688
3.48490000000000	54128
3.48823333333333	48256
3.49156666666667	44224
3.49490000000000	44896
3.49821666666667	44528
3.50156666666667	45408
3.50490000000000	46288
3.50823333333333	30384
3.51156666666667	32944
3.51490000000000	51456
3.51825000000000	41232
3.52158333333333	50288
3.52491666666667	50992
3.52825000000000	54752
3.53158333333333	46192
3.53491666666667	49600
3.53826666666667	53648
3.54160000000000	44944
3.54493333333333	52144
3.54826666666667	45280
3.55160000000000	49952
3.55495000000000	36784
3.55828333333333	50000
3.56161666666667	41888
3.56495000000000	48240
3.56828333333333	49184
3.57163333333333	47824
3.57496666666667	37776
3.57830000000000	50224
3.58163333333333	49984
3.58496666666667	49968
3.58831666666667	52704
3.59165000000000	39904
3.59498333333333	46096
3.59831666666667	49568
3.60165000000000	38048
3.60500000000000	42112
3.60833333333333	51344
3.61166666666667	44880
3.61500000000000	52000
3.61833333333333	49392
3.62168333333333	47760
3.62501666666667	53120
3.62835000000000	55280
3.63168333333333	53248
3.63501666666667	39840
3.63836666666667	52528
3.64170000000000	50480
3.64503333333333	51616
3.64836666666667	50320
3.65170000000000	49040
3.65505000000000	29500
3.65838333333333	53728
3.66171666666667	47888
3.66505000000000	33504
3.66838333333333	50528
3.67171666666667	51872
3.67506666666667	28940
3.67840000000000	38672
3.68173333333333	49776
3.68505000000000	42656
3.68838333333333	45872
3.69173333333333	50176
3.69506666666667	49120
3.69840000000000	43488
3.70173333333333	46464
3.70506666666667	48000
3.70841666666667	44224
3.71175000000000	44528
3.71508333333333	44832
3.71841666666667	43344
3.72175000000000	44240
3.72510000000000	51872
3.72843333333333	50464
3.73176666666667	51024
3.73510000000000	51568
3.73843333333333	22696
3.74178333333333	50592
3.74511666666667	40480
3.74845000000000	40048
3.75178333333333	46592
3.75511666666667	53056
3.75846666666667	54480
3.76180000000000	42848
3.76513333333333	45360
3.76846666666667	39824
3.77180000000000	43488
3.77515000000000	47152
3.77848333333333	48080
3.78181666666667	46816
3.78515000000000	45552
3.78846666666667	48752
3.79181666666667	49536
3.79515000000000	39696
3.79848333333333	56064
3.80181666666667	40608
3.80515000000000	49136
3.80848333333333	51792
3.81183333333333	42320
3.81516666666667	38608
3.81850000000000	46256
3.82183333333333	48528
3.82516666666667	53680
3.82851666666667	51088
3.83185000000000	50288
3.83518333333333	30392
3.83851666666667	51328
3.84185000000000	41984
3.84520000000000	50768
3.84853333333333	53520
3.85186666666667	49072
3.85520000000000	48608
3.85853333333333	54784
3.86188333333333	51840
3.86521666666667	50208
3.86855000000000	48912
3.87188333333333	42000
3.87521666666667	47648
3.87856666666667	52208
3.88190000000000	52944
3.88523333333333	54496
3.88856666666667	45776
3.89190000000000	46960
3.89525000000000	47520
3.89858333333333	47408
3.90191666666667	47296
3.90525000000000	29608
3.90858333333333	41632
3.91193333333333	43264
3.91526666666667	45808
3.91860000000000	34576
3.92193333333333	48544
3.92526666666667	43776
3.92861666666667	51456
3.93195000000000	54416
3.93528333333333	42752
3.93861666666667	50864
3.94195000000000	56112
3.94528333333333	49776
3.94863333333333	46320
3.95196666666667	47792
3.95528333333333	41360
3.95861666666667	43280
3.96195000000000	45216
3.96530000000000	50704
3.96863333333333	49360
3.97196666666667	48016
3.97530000000000	31444
3.97863333333333	30584
3.98198333333333	50896
3.98531666666667	51824
3.98865000000000	40784
3.99198333333333	55312
3.99531666666667	47632
3.99866666666667	49616
4.00200000000000	32928
4.00533333333333	51808
4.00866666666667	47936
4.01200000000000	27832
4.01535000000000	51280
4.01868333333333	49936
4.02201666666667	48688
4.02535000000000	54944
4.02868333333333	33504
4.03203333333333	36160
4.03536666666667	48144
4.03870000000000	49408
4.04203333333333	56864
4.04536666666667	42928
4.04871666666667	48848
4.05205000000000	54912
4.05538333333333	50064
4.05871666666667	43696
4.06205000000000	51280
4.06540000000000	46608
4.06873333333333	57264
4.07206666666667	57344
4.07540000000000	54592
4.07873333333333	50256
4.08206666666667	52016
4.08541666666667	31520
4.08875000000000	49424
4.09208333333333	51904
4.09541666666667	48320
4.09873333333333	46800
4.10208333333333	45280
4.10541666666667	39952
4.10875000000000	53216
4.11208333333333	54256
4.11541666666667	50640
4.11876666666667	52592
4.12210000000000	27576
4.12543333333333	47264
4.12876666666667	36144
4.13210000000000	52896
4.13545000000000	52176
4.13878333333333	51456
4.14211666666667	46656
4.14545000000000	45552
4.14878333333333	47504
4.15213333333333	49472
4.15546666666667	43472
4.15880000000000	45056
4.16213333333333	46320
4.16546666666667	25632
4.16881666666667	43904
4.17215000000000	50064
4.17548333333333	49920
4.17881666666667	46432
4.18213333333333	42944
4.18548333333333	39648
4.18881666666667	50624
4.19215000000000	48048
4.19548333333333	49328
4.19881666666667	44096
4.20216666666667	49920
4.20550000000000	44640
4.20883333333333	44864
4.21216666666667	45088
4.21550000000000	37376
4.21883333333333	54400
4.22218333333333	50752
4.22551666666667	46704
4.22885000000000	46096
4.23218333333333	46528
4.23551666666667	38480
4.23886666666667	45392
4.24220000000000	36400
4.24553333333333	39888
4.24886666666667	43392
4.25218333333333	45232
4.25553333333333	38208
4.25886666666667	44832
4.26220000000000	49280
4.26553333333333	52480
4.26886666666667	51424
4.27221666666667	38752
4.27555000000000	39360
4.27888333333333	42880
4.28221666666667	38192
4.28555000000000	36736
4.28890000000000	35296
4.29223333333333	37152
4.29556666666667	38608
4.29890000000000	40064
4.30223333333333	44304
4.30558333333333	48544
4.30891666666667	46288
4.31225000000000	44720
4.31558333333333	43136
4.31891666666667	44432
4.32226666666667	27416
4.32560000000000	48944
4.32893333333333	41616
4.33226666666667	51216
4.33560000000000	45824
4.33895000000000	44528
4.34228333333333	31928
4.34561666666667	50656
4.34895000000000	49152
4.35228333333333	43776
4.35561666666667	36864
4.35896666666667	50448
4.36230000000000	53104
4.36563333333333	41696
4.36896666666667	43984
4.37230000000000	50656
4.37565000000000	51104
4.37898333333333	49040
4.38231666666667	52880
4.38565000000000	46576
4.38898333333333	33392
4.39233333333333	45136
4.39566666666667	47072
4.39900000000000	48400
4.40233333333333	33392
4.40566666666667	48544
4.40901666666667	56688
4.41235000000000	48736
4.41568333333333	54368
4.41901666666667	36848
4.42233333333333	37024
4.42568333333333	58080
4.42901666666667	37584
4.43235000000000	45424
4.43568333333333	39648
4.43901666666667	46400
4.44236666666667	37728
4.44570000000000	39104
4.44903333333333	41696
4.45236666666667	32008
4.45570000000000	34512
4.45905000000000	39152
4.46238333333333	50352
4.46571666666667	50896
4.46905000000000	46272
4.47238333333333	35872
4.47573333333333	58176
4.47906666666667	53728
4.48240000000000	35600
4.48573333333333	57584
4.48906666666667	48736
4.49240000000000	45008
4.49575000000000	43248
