1.50331666666667	0
1.50665000000000	1347
1.50998333333333	0
1.51331666666667	0
1.51665000000000	0
1.52000000000000	0
1.52333333333333	0
1.52666666666667	0
1.53000000000000	0
1.53333333333333	0
1.53668333333333	0
1.54001666666667	0
1.54335000000000	0
1.54668333333333	0
1.55001666666667	0
1.55336666666667	0
1.55670000000000	0
1.56003333333333	0
1.56336666666667	0
1.56670000000000	0
1.57005000000000	0
1.57338333333333	0
1.57671666666667	0
1.58005000000000	0
1.58338333333333	0
1.58673333333333	0
1.59006666666667	0
1.59340000000000	0
1.59673333333333	0
1.60006666666667	0
1.60341666666667	0
1.60675000000000	0
1.61008333333333	0
1.61341666666667	0
1.61675000000000	0
1.62010000000000	0
1.62343333333333	0
1.62676666666667	0
1.63010000000000	0
1.63343333333333	0
1.63678333333333	0
1.64011666666667	0
1.64345000000000	0
1.64678333333333	0
1.65011666666667	0
1.65346666666667	0
1.65680000000000	0
1.66013333333333	0
1.66346666666667	0
1.66680000000000	0
1.67015000000000	0
1.67348333333333	0
1.67681666666667	0
1.68015000000000	0
1.68348333333333	0
1.68683333333333	0
1.69016666666667	0
1.69350000000000	0
1.69683333333333	0
1.70016666666667	0
1.70351666666667	0
1.70685000000000	0
1.71018333333333	0
1.71351666666667	0
1.71685000000000	0
1.72020000000000	0
1.72353333333333	0
1.72686666666667	0
1.73020000000000	0
1.73353333333333	0
1.73688333333333	0
1.74021666666667	0
1.74355000000000	0
1.74688333333333	0
1.75021666666667	0
1.75356666666667	0
1.75690000000000	0
1.76023333333333	0
1.76356666666667	0
1.76690000000000	0
1.77025000000000	0
1.77358333333333	0
1.77691666666667	0
1.78025000000000	0
1.78358333333333	0
1.78693333333333	0
1.79026666666667	0
1.79360000000000	0
1.79693333333333	0
1.80026666666667	0
1.80361666666667	0
1.80695000000000	0
1.81028333333333	0
1.81361666666667	0
1.81695000000000	0
1.82028333333333	0
1.82363333333333	0
1.82696666666667	0
1.83030000000000	0
1.83363333333333	0
1.83696666666667	0
1.84031666666667	0
1.84365000000000	0
1.84698333333333	0
1.85031666666667	0
1.85365000000000	0
1.85700000000000	0
1.86033333333333	0
1.86366666666667	0
1.86700000000000	0
1.87033333333333	0
1.87368333333333	0
1.87701666666667	0
1.88035000000000	0
1.88368333333333	0
1.88701666666667	0
1.89036666666667	0
1.89370000000000	0
1.89703333333333	0
1.90036666666667	0
1.90370000000000	0
1.90705000000000	0
1.91038333333333	0
1.91371666666667	0
1.91705000000000	0
1.92038333333333	0
1.92373333333333	0
1.92706666666667	0
1.93040000000000	0
1.93373333333333	0
1.93706666666667	0
1.94041666666667	0
1.94375000000000	0
1.94708333333333	0
1.95041666666667	0
1.95375000000000	0
1.95710000000000	0
1.96043333333333	0
1.96376666666667	0
1.96710000000000	0
1.97043333333333	0
1.97378333333333	0
1.97711666666667	0
1.98045000000000	0
1.98378333333333	0
1.98711666666667	0
1.99046666666667	0
1.99380000000000	0
1.99713333333333	0
2.00046666666667	0
2.00380000000000	0
2.00715000000000	0
2.01048333333333	0
2.01381666666667	0
2.01715000000000	0
2.02048333333333	0
2.02383333333333	0
2.02716666666667	0
2.03050000000000	0
2.03383333333333	0
2.03716666666667	0
2.04051666666667	0
2.04385000000000	0
2.04718333333333	0
2.05051666666667	0
2.05385000000000	0
2.05720000000000	0
2.06053333333333	0
2.06386666666667	0
2.06720000000000	0
2.07053333333333	0
2.07388333333333	0
2.07721666666667	0
2.08055000000000	0
2.08388333333333	0
2.08721666666667	0
2.09056666666667	0
2.09390000000000	0
2.09723333333333	0
2.10056666666667	0
2.10390000000000	0
2.10725000000000	0
2.11058333333333	0
2.11391666666667	0
2.11725000000000	0
2.12058333333333	0
2.12393333333333	0
2.12726666666667	0
2.13060000000000	0
2.13393333333333	0
2.13726666666667	0
2.14061666666667	0
2.14395000000000	0
2.14728333333333	0
2.15061666666667	0
2.15395000000000	0
2.15728333333333	0
2.16063333333333	0
2.16396666666667	0
2.16730000000000	0
2.17063333333333	0
2.17396666666667	0
2.17731666666667	0
2.18065000000000	0
2.18398333333333	0
2.18731666666667	0
2.19065000000000	0
2.19400000000000	0
2.19733333333333	0
2.20066666666667	0
2.20400000000000	0
2.20733333333333	0
2.21068333333333	0
2.21401666666667	0
2.21735000000000	0
2.22068333333333	0
2.22401666666667	0
2.22736666666667	0
2.23070000000000	0
2.23403333333333	0
2.23736666666667	0
2.24070000000000	0
2.24405000000000	0
2.24738333333333	0
2.25071666666667	0
2.25405000000000	0
2.25738333333333	0
2.26073333333333	92
2.26406666666667	46
2.26740000000000	0
2.27073333333333	1555
2.27406666666667	1541
2.27741666666667	1527
2.28075000000000	2069
2.28408333333333	2611
2.28741666666667	0
2.29075000000000	3565
2.29410000000000	3208
2.29743333333333	3710
2.30076666666667	1285
2.30410000000000	6051
2.30743333333333	4581
2.31078333333333	5273
2.31411666666667	4294
2.31745000000000	6069
2.32078333333333	6602
2.32411666666667	2434
2.32746666666667	5171
2.33080000000000	8492
2.33413333333333	6940
2.33746666666667	10120
2.34080000000000	3814
2.34415000000000	12172
2.34748333333333	5509
2.35081666666667	10484
2.35415000000000	12820
2.35748333333333	17236
2.36083333333333	3953
2.36416666666667	14968
2.36750000000000	14932
2.37083333333333	10124
2.37416666666667	11676
2.37751666666667	17868
2.38085000000000	19780
2.38418333333333	15064
2.38751666666667	19328
2.39085000000000	18268
2.39420000000000	17208
2.39753333333333	19336
2.40086666666667	21460
2.40420000000000	23784
2.40753333333333	10416
2.41088333333333	27852
2.41421666666667	18824
2.41755000000000	28324
2.42088333333333	21336
2.42421666666667	29908
2.42756666666667	26064
2.43090000000000	25832
2.43423333333333	25600
2.43756666666667	25572
2.44090000000000	27716
2.44425000000000	29864
2.44758333333333	35504
2.45091666666667	39856
2.45425000000000	44720
2.45758333333333	22536
2.46093333333333	24336
2.46426666666667	43040
2.46760000000000	29236
2.47093333333333	23332
2.47426666666667	34736
2.47761666666667	37248
2.48095000000000	45168
2.48428333333333	43968
2.48761666666667	42784
2.49095000000000	38768
2.49428333333333	31124
2.49763333333333	28656
2.50096666666667	26060
2.50430000000000	47376
2.50763333333333	51008
2.51096666666667	53632
2.51431666666667	34832
2.51765000000000	41648
2.52098333333333	61360
2.52431666666667	50992
2.52765000000000	54224
2.53100000000000	36800
2.53433333333333	36032
2.53766666666667	49584
2.54100000000000	49552
2.54433333333333	49520
2.54768333333333	37216
2.55101666666667	43056
2.55435000000000	48880
2.55768333333333	48672
2.56101666666667	48480
2.56436666666667	39552
2.56770000000000	53456
2.57103333333333	48976
2.57436666666667	44496
2.57770000000000	40576
2.58105000000000	61520
2.58438333333333	62368
2.58771666666667	44720
2.59105000000000	63408
2.59438333333333	65024
2.59773333333333	51824
2.60106666666667	52336
2.60440000000000	53392
2.60773333333333	48736
2.61106666666667	65584
2.61441666666667	20684
2.61775000000000	63904
2.62108333333333	60256
2.62441666666667	49072
2.62775000000000	41008
2.63110000000000	39328
2.63443333333333	37632
2.63776666666667	37360
2.64110000000000	37072
2.64443333333333	46768
2.64778333333333	52176
2.65111666666667	44560
2.65445000000000	36928
2.65778333333333	58672
2.66111666666667	60592
2.66446666666667	56736
2.66780000000000	57632
2.67113333333333	58528
2.67446666666667	41120
2.67780000000000	61440
2.68115000000000	61968
2.68448333333333	62496
2.68781666666667	67248
2.69115000000000	31200
2.69448333333333	41648
2.69783333333333	69872
2.70116666666667	83632
2.70450000000000	56336
2.70783333333333	40784
2.71116666666667	38512
2.71451666666667	48624
2.71785000000000	58736
2.72118333333333	48816
2.72451666666667	38912
2.72785000000000	63712
2.73120000000000	60832
2.73453333333333	62048
2.73786666666667	58256
2.74120000000000	61936
2.74453333333333	65376
2.74788333333333	41600
2.75121666666667	59408
2.75455000000000	45776
2.75788333333333	40784
2.76121666666667	39616
2.76456666666667	54432
2.76790000000000	61376
2.77123333333333	32928
2.77456666666667	53424
2.77790000000000	55152
2.78125000000000	60464
2.78458333333333	68944
2.78791666666667	42256
2.79125000000000	37744
2.79458333333333	65360
2.79793333333333	61376
2.80126666666667	57392
2.80460000000000	52800
2.80793333333333	53584
2.81126666666667	52816
2.81461666666667	52048
2.81795000000000	48528
2.82128333333333	49248
2.82461666666667	49968
2.82795000000000	61344
2.83128333333333	64272
2.83463333333333	73392
2.83796666666667	67200
2.84130000000000	67776
2.84463333333333	68336
2.84796666666667	55808
2.85131666666667	60112
2.85465000000000	64432
2.85798333333333	40960
2.86131666666667	45344
2.86465000000000	64768
2.86800000000000	44656
2.87133333333333	59392
2.87466666666667	72384
2.87800000000000	53760
2.88133333333333	51376
2.88468333333333	41072
2.88801666666667	61552
2.89135000000000	61600
2.89468333333333	49568
2.89801666666667	55872
2.90136666666667	44768
2.90470000000000	45904
2.90803333333333	51456
2.91136666666667	47840
2.91470000000000	44224
2.91805000000000	59904
2.92138333333333	53056
2.92471666666667	46224
2.92805000000000	58112
2.93138333333333	57360
2.93473333333333	64416
2.93806666666667	62224
2.94140000000000	60016
2.94473333333333	51280
2.94806666666667	59552
2.95141666666667	62928
2.95475000000000	52448
2.95808333333333	55920
2.96141666666667	59392
2.96475000000000	68016
2.96810000000000	64016
2.97143333333333	60016
2.97476666666667	65776
2.97810000000000	71536
2.98143333333333	51376
2.98478333333333	62592
2.98811666666667	42480
2.99145000000000	58912
2.99478333333333	75552
2.99811666666667	59424
3.00146666666667	53488
3.00480000000000	58336
3.00813333333333	47424
3.01146666666667	73600
3.01480000000000	75648
3.01815000000000	19992
3.02148333333333	71936
3.02481666666667	60080
3.02815000000000	70672
3.03148333333333	53936
3.03483333333333	59952
3.03816666666667	50672
3.04150000000000	48080
3.04483333333333	38400
3.04816666666667	35696
3.05151666666667	43936
3.05485000000000	52192
3.05818333333333	53216
3.06151666666667	51888
3.06485000000000	54768
3.06820000000000	58384
3.07153333333333	62000
3.07486666666667	63968
3.07820000000000	52208
3.08153333333333	57408
3.08488333333333	62624
3.08821666666667	57424
3.09155000000000	67120
3.09488333333333	63440
3.09821666666667	59760
3.10156666666667	71472
3.10490000000000	37840
3.10823333333333	42048
3.11156666666667	45632
3.11490000000000	46352
3.11825000000000	35392
3.12158333333333	40288
3.12491666666667	48192
3.12825000000000	56080
3.13158333333333	58944
3.13493333333333	63248
3.13826666666667	59984
3.14160000000000	63232
3.14493333333333	57376
3.14826666666667	51536
3.15161666666667	60496
3.15495000000000	68144
3.15828333333333	62336
3.16161666666667	44544
3.16495000000000	65024
3.16828333333333	53648
3.17163333333333	57120
3.17496666666667	60592
3.17830000000000	55392
3.18163333333333	61888
3.18496666666667	76784
3.18831666666667	80992
3.19165000000000	45840
3.19498333333333	50928
3.19831666666667	68240
3.20165000000000	58640
3.20500000000000	52640
3.20833333333333	55760
3.21166666666667	50832
3.21500000000000	56448
3.21833333333333	53760
3.22168333333333	51072
3.22501666666667	49872
3.22835000000000	52816
3.23168333333333	62928
3.23501666666667	36592
3.23836666666667	49536
3.24170000000000	62480
3.24503333333333	42720
3.24836666666667	62768
3.25170000000000	43952
3.25505000000000	63680
3.25838333333333	55376
3.26171666666667	40304
3.26505000000000	52080
3.26838333333333	57712
3.27173333333333	59392
3.27506666666667	61056
3.27840000000000	63008
3.28173333333333	61040
3.28506666666667	60048
3.28841666666667	56768
3.29175000000000	53488
3.29508333333333	59744
3.29841666666667	44688
3.30175000000000	46768
3.30510000000000	55440
3.30843333333333	56592
3.31176666666667	59680
3.31510000000000	62160
3.31843333333333	60432
3.32178333333333	58768
3.32511666666667	57104
3.32845000000000	55680
3.33178333333333	54240
3.33511666666667	49456
3.33846666666667	44656
3.34180000000000	66544
3.34513333333333	62752
3.34846666666667	62928
3.35180000000000	63104
3.35515000000000	56592
3.35848333333333	58336
3.36181666666667	60080
3.36515000000000	57440
3.36848333333333	57232
3.37183333333333	57120
3.37516666666667	41776
3.37850000000000	26580
3.38183333333333	65056
3.38516666666667	74256
3.38851666666667	74384
3.39185000000000	66176
3.39518333333333	57984
3.39851666666667	66992
3.40185000000000	64272
3.40520000000000	33984
3.40853333333333	63136
3.41186666666667	38400
3.41520000000000	53472
3.41853333333333	34208
3.42188333333333	35808
3.42521666666667	72512
3.42855000000000	71456
3.43188333333333	59072
3.43521666666667	61232
3.43856666666667	72816
3.44190000000000	40016
3.44523333333333	60624
3.44856666666667	62576
3.45190000000000	71504
3.45525000000000	68448
3.45858333333333	48128
3.46191666666667	57248
3.46525000000000	66864
3.46858333333333	58976
3.47193333333333	51104
3.47526666666667	37568
3.47860000000000	66816
3.48193333333333	48256
3.48526666666667	57184
3.48861666666667	55680
3.49195000000000	54592
3.49528333333333	53504
3.49861666666667	52608
3.50195000000000	66704
3.50528333333333	66064
3.50863333333333	65424
3.51196666666667	61776
3.51530000000000	58112
3.51863333333333	52768
3.52196666666667	56256
3.52531666666667	59728
3.52865000000000	58384
3.53198333333333	57024
3.53531666666667	67360
3.53865000000000	65008
3.54200000000000	62656
3.54533333333333	64976
3.54866666666667	74320
3.55200000000000	44272
3.55533333333333	66656
3.55868333333333	80896
3.56201666666667	51664
3.56535000000000	75040
3.56868333333333	45712
3.57201666666667	50928
3.57536666666667	70144
3.57870000000000	55136
3.58203333333333	59184
3.58536666666667	46432
3.58870000000000	53936
3.59205000000000	61424
3.59538333333333	59056
3.59871666666667	36528
3.60205000000000	48480
3.60538333333333	54032
3.60873333333333	63280
3.61206666666667	90064
3.61540000000000	82432
3.61873333333333	33040
3.62206666666667	63408
3.62541666666667	77104
3.62875000000000	67200
3.63208333333333	42112
3.63541666666667	52784
3.63875000000000	42000
3.64210000000000	76544
3.64543333333333	71072
3.64876666666667	53456
3.65210000000000	77552
3.65543333333333	59424
3.65878333333333	31916
3.66211666666667	54336
3.66545000000000	72144
3.66878333333333	55280
3.67211666666667	78576
3.67546666666667	45456
3.67880000000000	66832
3.68213333333333	55568
3.68546666666667	57632
3.68880000000000	55312
3.69215000000000	48656
3.69548333333333	44400
3.69881666666667	60896
3.70215000000000	34224
3.70548333333333	46080
3.70883333333333	52512
3.71216666666667	58080
3.71550000000000	46688
3.71883333333333	57408
3.72216666666667	56752
3.72551666666667	38528
3.72885000000000	37984
3.73218333333333	61040
3.73551666666667	63648
3.73885000000000	73648
3.74220000000000	59648
3.74553333333333	46784
3.74886666666667	68560
3.75220000000000	43104
3.75553333333333	79488
3.75888333333333	76352
3.76221666666667	83856
3.76555000000000	66272
3.76888333333333	55808
3.77221666666667	59728
3.77556666666667	66816
3.77890000000000	60848
3.78223333333333	54896
3.78556666666667	43264
3.78890000000000	48320
3.79225000000000	54512
3.79558333333333	42784
3.79891666666667	54192
3.80225000000000	63632
3.80558333333333	57440
3.80893333333333	51264
3.81226666666667	44224
3.81560000000000	43440
3.81893333333333	42656
3.82226666666667	42976
3.82561666666667	43312
3.82895000000000	49072
3.83228333333333	54832
3.83561666666667	58448
3.83895000000000	62080
3.84228333333333	44896
3.84563333333333	69744
3.84896666666667	51856
3.85230000000000	37792
3.85563333333333	69008
3.85896666666667	72160
3.86231666666667	58224
3.86565000000000	54320
3.86898333333333	71232
3.87231666666667	70528
3.87565000000000	51408
3.87900000000000	54016
3.88233333333333	52464
3.88566666666667	55568
3.88900000000000	56528
3.89233333333333	57488
3.89568333333333	49744
3.89901666666667	55392
3.90235000000000	61024
3.90568333333333	61200
3.90901666666667	61392
3.91236666666667	49024
3.91570000000000	53456
3.91903333333333	49312
3.92236666666667	51584
3.92570000000000	53856
3.92905000000000	75200
3.93238333333333	72144
3.93571666666667	47456
3.93905000000000	58352
3.94238333333333	66384
3.94573333333333	61760
3.94906666666667	57136
3.95240000000000	68416
3.95573333333333	58400
3.95906666666667	70112
3.96241666666667	63392
3.96575000000000	56672
3.96908333333333	59504
3.97241666666667	62320
3.97575000000000	57952
3.97910000000000	40352
3.98243333333333	28760
3.98576666666667	64640
3.98910000000000	59296
3.99243333333333	36976
3.99578333333333	29708
3.99911666666667	55856
4.00245000000000	36512
4.00578333333333	58048
4.00911666666667	71456
4.01246666666667	59328
4.01580000000000	66432
4.01913333333333	38224
4.02246666666667	53440
4.02580000000000	60256
4.02915000000000	60048
4.03248333333333	55664
4.03581666666667	51280
4.03915000000000	61600
4.04248333333333	59888
4.04583333333333	58160
4.04916666666667	53648
4.05250000000000	45712
4.05583333333333	58016
4.05916666666667	36448
4.06251666666667	49504
4.06585000000000	54368
4.06918333333333	69264
4.07251666666667	64816
4.07585000000000	61888
4.07920000000000	59632
4.08253333333333	57392
4.08586666666667	59376
4.08920000000000	58672
4.09253333333333	50448
4.09588333333333	59824
4.09921666666667	69216
4.10255000000000	71328
4.10588333333333	73888
4.10921666666667	40400
4.11256666666667	51152
4.11590000000000	76448
4.11923333333333	49344
4.12256666666667	35728
4.12590000000000	50496
4.12925000000000	72896
4.13258333333333	71424
4.13591666666667	56816
4.13925000000000	40464
4.14258333333333	71808
4.14593333333333	49152
4.14926666666667	48480
4.15260000000000	67152
4.15593333333333	64480
4.15926666666667	34832
4.16261666666667	65728
4.16595000000000	67344
4.16928333333333	34288
4.17261666666667	54496
4.17595000000000	47808
4.17928333333333	60816
4.18263333333333	53984
4.18596666666667	47152
4.18930000000000	46864
4.19263333333333	46560
4.19596666666667	69152
4.19931666666667	64672
4.20265000000000	57840
4.20598333333333	65184
4.20931666666667	59536
4.21265000000000	59216
4.21600000000000	58896
4.21933333333333	44560
4.22266666666667	48704
4.22600000000000	54112
4.22933333333333	59520
4.23268333333333	56416
4.23601666666667	48080
4.23935000000000	44128
4.24268333333333	40160
4.24601666666667	53904
4.24936666666667	58288
4.25270000000000	56480
4.25603333333333	54688
4.25936666666667	71696
4.26270000000000	71632
4.26605000000000	45344
4.26938333333333	70144
4.27271666666667	67968
4.27605000000000	63280
4.27938333333333	64288
4.28273333333333	47088
4.28606666666667	70176
4.28940000000000	47424
4.29273333333333	66784
4.29606666666667	55712
4.29941666666667	53776
4.30275000000000	51840
4.30608333333333	67296
4.30941666666667	67312
4.31275000000000	67888
4.31610000000000	33696
4.31943333333333	40336
4.32276666666667	55776
4.32610000000000	56832
4.32943333333333	61088
4.33278333333333	65344
4.33611666666667	50480
4.33945000000000	78784
4.34278333333333	83872
4.34611666666667	58272
4.34946666666667	51328
4.35280000000000	41216
4.35613333333333	41664
4.35946666666667	42112
4.36280000000000	68848
4.36615000000000	67520
4.36948333333333	66192
4.37281666666667	64800
4.37615000000000	63392
4.37948333333333	64112
4.38283333333333	64816
4.38616666666667	58688
4.38950000000000	60608
4.39283333333333	62544
4.39616666666667	47472
4.39951666666667	65712
4.40285000000000	73456
4.40618333333333	83664
4.40951666666667	43280
4.41285000000000	54384
4.41620000000000	62656
4.41953333333333	42448
4.42286666666667	61904
4.42620000000000	70976
4.42953333333333	64528
4.43288333333333	67152
4.43621666666667	64608
4.43955000000000	79056
4.44288333333333	47920
4.44621666666667	59424
4.44956666666667	61040
4.45290000000000	59680
4.45623333333333	49776
4.45956666666667	60880
4.46290000000000	45984
4.46625000000000	60752
4.46958333333333	44240
4.47291666666667	48240
4.47625000000000	52240
4.47958333333333	71456
4.48293333333333	66160
4.48626666666667	42496
4.48960000000000	68752
4.49293333333333	73872
4.49626666666667	47680
