1.50081666666667	158
1.50165000000000	284
1.50248333333333	284
1.50331666666667	317
1.50415000000000	350
1.50498333333333	193
1.50581666666667	0
1.50665000000000	433
1.50748333333333	0
1.50831666666667	181
1.50915000000000	363
1.50998333333333	0
1.51081666666667	406
1.51165000000000	0
1.51248333333333	0
1.51331666666667	1033
1.51415000000000	1241
1.51498333333333	0
1.51581666666667	0
1.51665000000000	276
1.51748333333333	0
1.51833333333333	0
1.51916666666667	278
1.52000000000000	303
1.52083333333333	328
1.52166666666667	774
1.52250000000000	714
1.52333333333333	357
1.52416666666667	0
1.52500000000000	0
1.52583333333333	367
1.52666666666667	0
1.52750000000000	0
1.52833333333333	0
1.52916666666667	0
1.53000000000000	189
1.53083333333333	377
1.53166666666667	295
1.53250000000000	0
1.53333333333333	372
1.53415000000000	0
1.53500000000000	0
1.53583333333333	270
1.53666666666667	0
1.53750000000000	200
1.53833333333333	312
1.53916666666667	423
1.54000000000000	755
1.54083333333333	825
1.54166666666667	835
1.54250000000000	407
1.54333333333333	0
1.54416666666667	1178
1.54500000000000	659
1.54583333333333	0
1.54666666666667	198
1.54750000000000	0
1.54833333333333	0
1.54916666666667	0
1.55000000000000	0
1.55083333333333	0
1.55166666666667	0
1.55251666666667	0
1.55335000000000	237
1.55418333333333	475
1.55501666666667	564
1.55585000000000	392
1.55668333333333	221
1.55751666666667	0
1.55835000000000	405
1.55918333333333	13
1.56001666666667	6
1.56085000000000	0
1.56168333333333	0
1.56251666666667	0
1.56335000000000	0
1.56418333333333	0
1.56501666666667	0
1.56585000000000	0
1.56668333333333	0
1.56751666666667	0
1.56835000000000	0
1.56920000000000	0
1.57003333333333	0
1.57086666666667	15
1.57170000000000	309
1.57253333333333	297
1.57336666666667	0
1.57420000000000	203
1.57503333333333	561
1.57586666666667	774
1.57670000000000	559
1.57753333333333	240
1.57836666666667	42
1.57920000000000	436
1.58003333333333	666
1.58086666666667	407
1.58170000000000	274
1.58253333333333	0
1.58336666666667	478
1.58420000000000	0
1.58503333333333	0
1.58586666666667	0
1.58671666666667	0
1.58755000000000	0
1.58838333333333	0
1.58921666666667	0
1.59005000000000	0
1.59088333333333	0
1.59171666666667	0
1.59255000000000	231
1.59338333333333	286
1.59421666666667	341
1.59505000000000	0
1.59588333333333	18
1.59671666666667	389
1.59755000000000	434
1.59838333333333	488
1.59921666666667	0
1.60005000000000	0
1.60088333333333	0
1.60171666666667	0
1.60255000000000	0
1.60340000000000	1397
1.60423333333333	1682
1.60506666666667	1144
1.60590000000000	0
1.60673333333333	999
1.60756666666667	0
1.60840000000000	0
1.60923333333333	299
1.61006666666667	304
1.61090000000000	152
1.61173333333333	0
1.61256666666667	13
1.61340000000000	0
1.61423333333333	0
1.61506666666667	0
1.61590000000000	74
1.61673333333333	37
1.61756666666667	0
1.61838333333333	0
1.61921666666667	0
1.62005000000000	0
1.62090000000000	0
1.62173333333333	0
1.62256666666667	100
1.62340000000000	50
1.62423333333333	0
1.62506666666667	0
1.62590000000000	0
1.62673333333333	0
1.62756666666667	0
1.62840000000000	0
1.62923333333333	0
1.63006666666667	0
1.63090000000000	0
1.63173333333333	0
1.63256666666667	0
1.63340000000000	0
1.63423333333333	0
1.63506666666667	0
1.63590000000000	162
1.63673333333333	567
1.63758333333333	637
1.63841666666667	0
1.63925000000000	268
1.64008333333333	0
1.64091666666667	0
1.64175000000000	0
1.64258333333333	0
1.64341666666667	653
1.64425000000000	333
1.64508333333333	13
1.64591666666667	33
1.64675000000000	0
1.64758333333333	2080
1.64841666666667	1586
1.64925000000000	0
1.65008333333333	0
1.65091666666667	629
1.65175000000000	0
1.65258333333333	0
1.65341666666667	0
1.65425000000000	410
1.65510000000000	205
1.65593333333333	0
1.65676666666667	27
1.65760000000000	116
1.65843333333333	58
1.65926666666667	0
1.66010000000000	0
1.66093333333333	128
1.66176666666667	64
1.66260000000000	0
1.66343333333333	193
1.66426666666667	96
1.66510000000000	0
1.66593333333333	0
1.66676666666667	0
1.66760000000000	0
1.66843333333333	0
1.66926666666667	0
1.67010000000000	0
1.67093333333333	0
1.67178333333333	0
1.67261666666667	0
1.67345000000000	0
1.67428333333333	0
1.67511666666667	382
1.67595000000000	303
1.67678333333333	224
1.67761666666667	63
1.67845000000000	0
1.67928333333333	0
1.68011666666667	25
1.68095000000000	19
1.68178333333333	13
1.68261666666667	0
1.68345000000000	0
1.68428333333333	81
1.68511666666667	41
1.68595000000000	0
1.68678333333333	0
1.68761666666667	58
1.68845000000000	29
1.68930000000000	0
1.69013333333333	0
1.69096666666667	0
1.69180000000000	435
1.69263333333333	583
1.69346666666667	118
1.69430000000000	0
1.69513333333333	516
1.69596666666667	79
1.69680000000000	0
1.69763333333333	127
1.69846666666667	254
1.69930000000000	260
1.70013333333333	0
1.70096666666667	0
1.70180000000000	0
1.70263333333333	0
1.70346666666667	154
1.70430000000000	77
1.70513333333333	0
1.70598333333333	0
1.70681666666667	0
1.70765000000000	0
1.70848333333333	0
1.70931666666667	156
1.71015000000000	311
1.71098333333333	382
1.71181666666667	453
1.71265000000000	206
1.71348333333333	0
1.71431666666667	170
1.71515000000000	0
1.71598333333333	38
1.71681666666667	76
1.71765000000000	519
1.71848333333333	670
1.71931666666667	0
1.72015000000000	0
1.72096666666667	497
1.72180000000000	0
1.72263333333333	235
1.72348333333333	450
1.72431666666667	0
1.72515000000000	0
1.72598333333333	0
1.72681666666667	0
1.72765000000000	0
1.72848333333333	0
1.72931666666667	0
1.73015000000000	0
1.73098333333333	0
1.73181666666667	7
1.73265000000000	13
1.73348333333333	260
1.73431666666667	130
1.73515000000000	0
1.73598333333333	0
1.73681666666667	0
1.73765000000000	0
1.73848333333333	22
1.73931666666667	11
1.74016666666667	0
1.74100000000000	0
1.74183333333333	0
1.74266666666667	0
1.74350000000000	0
1.74433333333333	0
1.74516666666667	0
1.74600000000000	0
1.74683333333333	0
1.74766666666667	0
1.74850000000000	75
1.74933333333333	38
1.75016666666667	0
1.75100000000000	0
1.75183333333333	240
1.75266666666667	120
1.75350000000000	0
1.75433333333333	13
1.75516666666667	361
1.75600000000000	395
1.75683333333333	0
1.75768333333333	0
1.75851666666667	0
1.75935000000000	0
1.76018333333333	0
1.76101666666667	0
1.76185000000000	300
1.76268333333333	600
1.76351666666667	300
1.76435000000000	0
1.76518333333333	164
1.76601666666667	771
1.76685000000000	876
1.76768333333333	343
1.76851666666667	1191
1.76935000000000	228
1.77018333333333	0
1.77101666666667	13
1.77185000000000	0
1.77268333333333	0
1.77351666666667	0
1.77436666666667	0
1.77520000000000	0
1.77603333333333	0
1.77686666666667	0
1.77770000000000	0
1.77853333333333	0
1.77936666666667	377
1.78020000000000	562
1.78103333333333	365
1.78186666666667	0
1.78270000000000	0
1.78353333333333	0
1.78436666666667	0
1.78520000000000	139
1.78603333333333	69
1.78686666666667	0
1.78770000000000	0
1.78853333333333	0
1.78936666666667	0
1.79020000000000	0
1.79103333333333	0
1.79188333333333	0
1.79271666666667	0
1.79355000000000	0
1.79438333333333	0
1.79521666666667	0
1.79605000000000	0
1.79688333333333	0
1.79771666666667	0
1.79855000000000	430
1.79938333333333	378
1.80021666666667	325
1.80105000000000	0
1.80188333333333	535
1.80271666666667	0
1.80355000000000	49
1.80438333333333	0
1.80521666666667	0
1.80605000000000	0
1.80688333333333	0
1.80771666666667	0
1.80856666666667	389
1.80940000000000	687
1.81023333333333	558
1.81106666666667	410
1.81190000000000	0
1.81273333333333	0
1.81356666666667	13
1.81440000000000	0
1.81523333333333	0
1.81606666666667	207
1.81690000000000	104
1.81773333333333	0
1.81856666666667	0
1.81940000000000	0
1.82023333333333	0
1.82105000000000	118
1.82188333333333	59
1.82271666666667	0
1.82355000000000	0
1.82438333333333	0
1.82521666666667	72
1.82606666666667	145
1.82690000000000	72
1.82773333333333	0
1.82856666666667	643
1.82940000000000	1012
1.83023333333333	760
1.83106666666667	144
1.83190000000000	497
1.83273333333333	639
1.83356666666667	0
1.83440000000000	0
1.83523333333333	0
1.83606666666667	0
1.83690000000000	0
1.83773333333333	276
1.83856666666667	138
1.83940000000000	0
1.84023333333333	0
1.84106666666667	595
1.84190000000000	452
1.84275000000000	0
1.84358333333333	0
1.84441666666667	0
1.84525000000000	527
1.84608333333333	531
1.84691666666667	0
1.84775000000000	459
1.84858333333333	0
1.84941666666667	0
1.85025000000000	0
1.85108333333333	0
1.85191666666667	338
1.85275000000000	169
1.85358333333333	0
1.85441666666667	0
1.85525000000000	0
1.85608333333333	0
1.85691666666667	0
1.85775000000000	0
1.85858333333333	14
1.85941666666667	146
1.86026666666667	73
1.86110000000000	0
1.86193333333333	0
1.86276666666667	225
1.86360000000000	112
1.86443333333333	0
1.86526666666667	308
1.86610000000000	0
1.86693333333333	317
1.86776666666667	152
1.86860000000000	0
1.86943333333333	92
1.87026666666667	184
1.87110000000000	165
1.87193333333333	146
1.87276666666667	0
1.87360000000000	280
1.87443333333333	140
1.87526666666667	0
1.87610000000000	0
1.87695000000000	0
1.87778333333333	0
1.87861666666667	0
1.87945000000000	0
1.88028333333333	0
1.88111666666667	0
1.88195000000000	0
1.88278333333333	0
1.88361666666667	214
1.88445000000000	428
1.88528333333333	214
1.88611666666667	0
1.88695000000000	538
1.88778333333333	0
1.88861666666667	55
1.88945000000000	111
1.89028333333333	132
1.89111666666667	154
1.89195000000000	242
1.89278333333333	0
1.89361666666667	0
1.89446666666667	0
1.89530000000000	0
1.89613333333333	0
1.89696666666667	235
1.89780000000000	279
1.89863333333333	323
1.89946666666667	399
1.90030000000000	0
1.90113333333333	0
1.90196666666667	0
1.90280000000000	0
1.90363333333333	0
1.90446666666667	0
1.90530000000000	0
1.90613333333333	0
1.90696666666667	0
1.90778333333333	0
1.90861666666667	0
1.90945000000000	0
1.91028333333333	0
1.91115000000000	0
1.91198333333333	0
1.91281666666667	0
1.91365000000000	0
1.91448333333333	361
1.91531666666667	674
1.91615000000000	414
1.91698333333333	212
1.91781666666667	538
1.91865000000000	539
1.91948333333333	215
1.92031666666667	349
1.92115000000000	0
1.92198333333333	0
1.92281666666667	0
1.92365000000000	181
1.92448333333333	144
1.92531666666667	0
1.92615000000000	490
1.92698333333333	517
1.92781666666667	0
1.92866666666667	0
1.92950000000000	0
1.93033333333333	0
1.93116666666667	0
1.93200000000000	0
1.93283333333333	119
1.93366666666667	59
1.93450000000000	0
1.93533333333333	0
1.93616666666667	0
1.93700000000000	0
1.93783333333333	0
1.93866666666667	430
1.93950000000000	439
1.94033333333333	655
1.94116666666667	0
1.94200000000000	0
1.94283333333333	0
1.94366666666667	0
1.94450000000000	0
1.94535000000000	0
1.94618333333333	0
1.94701666666667	0
1.94785000000000	149
1.94868333333333	399
1.94951666666667	199
1.95035000000000	0
1.95118333333333	698
1.95201666666667	613
1.95285000000000	0
1.95368333333333	637
1.95451666666667	637
1.95535000000000	0
1.95618333333333	637
1.95701666666667	14
1.95785000000000	0
1.95868333333333	0
1.95951666666667	0
1.96035000000000	0
1.96118333333333	0
1.96201666666667	0
1.96286666666667	0
1.96370000000000	0
1.96453333333333	0
1.96536666666667	0
1.96620000000000	0
1.96703333333333	0
1.96786666666667	324
1.96870000000000	390
1.96953333333333	0
1.97036666666667	0
1.97120000000000	0
1.97203333333333	0
1.97286666666667	0
1.97370000000000	125
1.97453333333333	249
1.97536666666667	641
1.97618333333333	703
1.97701666666667	0
1.97785000000000	723
1.97868333333333	0
1.97953333333333	435
1.98036666666667	0
1.98120000000000	161
1.98203333333333	0
1.98286666666667	13
1.98370000000000	0
1.98453333333333	0
1.98536666666667	0
1.98620000000000	0
1.98703333333333	0
1.98786666666667	0
1.98870000000000	0
1.98953333333333	0
1.99036666666667	0
1.99120000000000	0
1.99203333333333	0
1.99286666666667	0
1.99370000000000	0
1.99453333333333	0
1.99536666666667	337
1.99620000000000	169
1.99705000000000	0
1.99788333333333	0
1.99871666666667	0
1.99955000000000	0
2.00038333333333	15
2.00121666666667	91
2.00205000000000	168
2.00288333333333	84
2.00371666666667	0
2.00455000000000	0
2.00538333333333	0
2.00621666666667	0
2.00705000000000	233
2.00788333333333	695
2.00871666666667	611
2.00955000000000	0
2.01038333333333	354
2.01121666666667	13
2.01205000000000	7
2.01288333333333	0
2.01373333333333	0
2.01456666666667	0
2.01540000000000	0
2.01623333333333	0
2.01706666666667	0
2.01790000000000	502
2.01873333333333	488
2.01956666666667	283
2.02040000000000	13
2.02123333333333	0
2.02206666666667	0
2.02290000000000	149
2.02373333333333	277
2.02456666666667	322
2.02540000000000	0
2.02623333333333	0
2.02706666666667	0
2.02790000000000	0
2.02873333333333	0
2.02956666666667	0
2.03040000000000	0
2.03125000000000	510
2.03208333333333	477
2.03291666666667	246
2.03375000000000	0
2.03458333333333	0
2.03541666666667	0
2.03625000000000	0
2.03708333333333	0
2.03791666666667	131
2.03875000000000	262
2.03958333333333	1035
2.04041666666667	524
2.04125000000000	13
2.04208333333333	22
2.04291666666667	687
2.04375000000000	302
2.04458333333333	849
2.04541666666667	0
2.04625000000000	0
2.04708333333333	526
2.04793333333333	603
2.04876666666667	218
2.04960000000000	299
2.05043333333333	0
2.05126666666667	0
2.05210000000000	0
2.05293333333333	0
2.05376666666667	0
2.05460000000000	0
2.05543333333333	0
2.05626666666667	0
2.05710000000000	0
2.05793333333333	0
2.05876666666667	0
2.05960000000000	0
2.06043333333333	0
2.06126666666667	0
2.06210000000000	0
2.06293333333333	0
2.06376666666667	0
2.06460000000000	0
2.06545000000000	0
2.06628333333333	206
2.06711666666667	276
2.06795000000000	0
2.06878333333333	164
2.06961666666667	327
2.07045000000000	0
2.07128333333333	0
2.07211666666667	313
2.07295000000000	276
2.07378333333333	0
2.07461666666667	0
2.07545000000000	0
2.07628333333333	0
2.07711666666667	0
2.07795000000000	0
2.07878333333333	0
2.07961666666667	0
2.08045000000000	0
2.08128333333333	7
2.08213333333333	3
2.08296666666667	0
2.08380000000000	104
2.08463333333333	208
2.08546666666667	206
2.08630000000000	203
2.08713333333333	102
2.08796666666667	0
2.08880000000000	0
2.08963333333333	0
2.09046666666667	0
2.09130000000000	0
2.09213333333333	162
2.09296666666667	81
2.09380000000000	0
2.09463333333333	0
2.09546666666667	0
2.09630000000000	0
2.09711666666667	0
2.09795000000000	0
2.09878333333333	129
2.09963333333333	65
2.10048333333333	0
2.10130000000000	0
2.10213333333333	0
2.10296666666667	0
2.10380000000000	0
2.10463333333333	0
2.10546666666667	0
2.10630000000000	0
2.10713333333333	0
2.10796666666667	0
2.10880000000000	0
2.10963333333333	552
2.11046666666667	276
2.11130000000000	0
2.11213333333333	397
2.11296666666667	330
2.11380000000000	93
2.11463333333333	508
2.11546666666667	283
2.11631666666667	263
2.11715000000000	0
2.11798333333333	0
2.11881666666667	0
2.11965000000000	0
2.12048333333333	0
2.12131666666667	0
2.12215000000000	0
2.12298333333333	0
2.12381666666667	0
2.12465000000000	0
2.12548333333333	0
2.12631666666667	0
2.12715000000000	0
2.12798333333333	0
2.12881666666667	0
2.12965000000000	60
2.13048333333333	30
2.13131666666667	0
2.13215000000000	0
2.13298333333333	0
2.13383333333333	0
2.13466666666667	0
2.13550000000000	0
2.13633333333333	0
2.13716666666667	138
2.13800000000000	69
2.13883333333333	0
2.13966666666667	102
2.14050000000000	0
2.14133333333333	0
2.14216666666667	0
2.14300000000000	0
2.14383333333333	0
2.14466666666667	0
2.14550000000000	0
2.14633333333333	0
2.14716666666667	0
2.14800000000000	0
2.14883333333333	0
2.14966666666667	0
2.15051666666667	0
2.15135000000000	0
2.15218333333333	0
2.15301666666667	0
2.15385000000000	0
2.15468333333333	0
2.15551666666667	0
2.15635000000000	0
2.15718333333333	174
2.15801666666667	87
2.15885000000000	0
2.15968333333333	216
2.16051666666667	0
2.16135000000000	0
2.16218333333333	0
2.16301666666667	0
2.16385000000000	0
2.16468333333333	0
2.16551666666667	0
2.16635000000000	105
2.16718333333333	210
2.16803333333333	340
2.16886666666667	469
2.16970000000000	0
2.17053333333333	0
2.17136666666667	0
2.17220000000000	0
2.17303333333333	0
2.17386666666667	0
2.17470000000000	0
2.17553333333333	0
2.17636666666667	0
2.17720000000000	0
2.17803333333333	239
2.17886666666667	120
2.17970000000000	0
2.18053333333333	0
2.18136666666667	0
2.18220000000000	0
2.18303333333333	0
2.18386666666667	0
2.18471666666667	153
2.18555000000000	76
2.18638333333333	0
2.18721666666667	0
2.18805000000000	0
2.18888333333333	604
2.18971666666667	475
2.19055000000000	437
2.19138333333333	0
2.19221666666667	22
2.19305000000000	248
2.19388333333333	0
2.19471666666667	0
2.19555000000000	0
2.19638333333333	0
2.19721666666667	0
2.19805000000000	0
2.19888333333333	0
2.19971666666667	8
2.20055000000000	4
2.20138333333333	0
2.20223333333333	28
2.20306666666667	130
2.20390000000000	656
2.20473333333333	328
2.20556666666667	0
2.20640000000000	0
2.20723333333333	0
2.20806666666667	0
2.20890000000000	275
2.20973333333333	144
2.21056666666667	13
2.21140000000000	0
2.21223333333333	440
2.21306666666667	523
2.21390000000000	546
2.21473333333333	513
2.21556666666667	0
2.21640000000000	661
2.21723333333333	0
2.21806666666667	553
2.21891666666667	328
2.21975000000000	0
2.22058333333333	0
2.22141666666667	0
2.22225000000000	0
2.22308333333333	7
2.22391666666667	3
2.22475000000000	0
2.22558333333333	0
2.22641666666667	0
2.22725000000000	0
2.22808333333333	0
2.22891666666667	0
2.22975000000000	0
2.23058333333333	0
2.23141666666667	0
2.23225000000000	0
2.23308333333333	0
2.23391666666667	0
2.23473333333333	0
2.23556666666667	0
2.23641666666667	0
2.23725000000000	0
2.23808333333333	424
2.23891666666667	373
2.23975000000000	529
2.24058333333333	0
2.24141666666667	146
2.24225000000000	341
2.24308333333333	335
2.24391666666667	0
2.24475000000000	0
2.24558333333333	0
2.24641666666667	113
2.24725000000000	226
2.24808333333333	419
2.24891666666667	368
2.24975000000000	0
2.25058333333333	721
2.25141666666667	525
2.25225000000000	0
2.25310000000000	407
2.25393333333333	0
2.25476666666667	459
2.25560000000000	0
2.25643333333333	158
2.25726666666667	279
2.25810000000000	400
2.25893333333333	1354
2.25976666666667	1131
2.26060000000000	670
2.26143333333333	751
2.26226666666667	822
2.26310000000000	1318
2.26393333333333	0
2.26476666666667	0
2.26560000000000	181
2.26643333333333	739
2.26726666666667	1418
2.26810000000000	1029
2.26893333333333	0
2.26976666666667	1373
2.27061666666667	655
2.27145000000000	328
2.27228333333333	0
2.27311666666667	466
2.27395000000000	587
2.27478333333333	709
2.27561666666667	0
2.27645000000000	487
2.27728333333333	1236
2.27811666666667	784
2.27895000000000	862
2.27978333333333	940
2.28061666666667	928
2.28145000000000	1116
2.28228333333333	928
2.28311666666667	740
2.28395000000000	762
2.28478333333333	1628
2.28561666666667	1265
2.28645000000000	902
2.28730000000000	1013
2.28813333333333	1125
2.28896666666667	2001
2.28980000000000	1860
2.29063333333333	1578
2.29146666666667	1663
2.29230000000000	1749
2.29313333333333	1404
2.29396666666667	1060
2.29480000000000	869
2.29563333333333	1140
2.29646666666667	1411
2.29730000000000	2543
2.29813333333333	2586
2.29896666666667	2103
2.29980000000000	2342
2.30063333333333	1101
2.30146666666667	1977
2.30230000000000	2208
2.30313333333333	2440
2.30396666666667	2074
2.30481666666667	1708
2.30565000000000	2833
2.30648333333333	2743
2.30731666666667	2681
2.30815000000000	2618
2.30898333333333	2707
2.30981666666667	3383
2.31065000000000	3415
2.31148333333333	3447
2.31231666666667	3536
2.31315000000000	3259
2.31398333333333	3259
2.31481666666667	3901
2.31565000000000	2453
2.31648333333333	3890
2.31731666666667	2366
2.31815000000000	3303
2.31898333333333	4443
2.31981666666667	4054
2.32065000000000	4420
2.32150000000000	2188
2.32233333333333	2931
2.32316666666667	3675
2.32400000000000	3720
2.32483333333333	3766
2.32566666666667	3628
2.32650000000000	3491
2.32733333333333	3911
2.32816666666667	4332
2.32900000000000	5678
2.32983333333333	5975
2.33066666666667	4602
2.33150000000000	6725
2.33233333333333	6330
2.33316666666667	5935
2.33400000000000	4459
2.33483333333333	2598
2.33566666666667	5216
2.33650000000000	5426
2.33733333333333	5635
2.33816666666667	6255
2.33901666666667	6874
2.33985000000000	6439
2.34068333333333	6448
2.34151666666667	6456
2.34235000000000	6179
2.34318333333333	6558
2.34401666666667	3136
2.34485000000000	9084
2.34568333333333	8544
2.34651666666667	10780
2.34735000000000	6574
2.34818333333333	11012
2.34901666666667	8252
2.34985000000000	10288
2.35068333333333	4724
2.35151666666667	5235
2.35235000000000	7156
2.35318333333333	5961
2.35401666666667	7717
2.35485000000000	6890
2.35570000000000	6064
2.35653333333333	9228
2.35736666666667	9036
2.35820000000000	10408
2.35903333333333	8600
2.35986666666667	7371
2.36070000000000	3776
2.36153333333333	12140
2.36236666666667	13596
2.36320000000000	8268
2.36403333333333	7152
2.36486666666667	9772
2.36570000000000	7952
2.36653333333333	11176
2.36736666666667	13200
2.36820000000000	14152
2.36903333333333	13460
2.36986666666667	7746
2.37070000000000	11328
2.37153333333333	9680
2.37236666666667	12260
2.37321666666667	9896
2.37405000000000	14144
2.37488333333333	12320
2.37571666666667	11252
2.37655000000000	14820
2.37738333333333	14936
2.37821666666667	15052
2.37905000000000	16580
2.37988333333333	8456
2.38071666666667	11312
2.38155000000000	10172
2.38238333333333	9184
2.38321666666667	10012
2.38405000000000	10836
2.38488333333333	15196
2.38571666666667	15440
2.38655000000000	9844
2.38738333333333	11464
2.38821666666667	14248
2.38905000000000	11304
2.38990000000000	20312
2.39073333333333	17984
2.39156666666667	15804
2.39240000000000	13032
2.39323333333333	15460
2.39406666666667	13780
2.39490000000000	15420
2.39573333333333	17080
2.39656666666667	18740
2.39740000000000	16528
2.39823333333333	15568
2.39906666666667	12696
2.39990000000000	16680
2.40073333333333	21092
2.40156666666667	19760
2.40240000000000	18692
2.40323333333333	17744
2.40406666666667	16796
2.40490000000000	22156
2.40573333333333	21836
2.40656666666667	19588
2.40741666666667	19688
2.40825000000000	13820
2.40908333333333	17568
2.40991666666667	17380
2.41075000000000	19444
2.41158333333333	17056
2.41241666666667	11436
2.41325000000000	21716
2.41408333333333	21300
2.41491666666667	19708
2.41575000000000	16952
2.41658333333333	13400
2.41741666666667	17448
2.41825000000000	17240
2.41908333333333	17036
2.41991666666667	16232
2.42075000000000	15424
2.42158333333333	24444
2.42241666666667	24556
2.42325000000000	25356
2.42410000000000	24408
2.42493333333333	24756
2.42576666666667	25816
2.42660000000000	25996
2.42743333333333	26176
2.42826666666667	20112
2.42910000000000	24708
2.42993333333333	21744
2.43076666666667	28632
2.43160000000000	26088
2.43243333333333	22376
2.43326666666667	25996
2.43410000000000	24860
2.43493333333333	19656
2.43576666666667	27608
2.43660000000000	27056
2.43743333333333	29032
2.43826666666667	27072
2.43910000000000	25116
2.43993333333333	23088
2.44076666666667	30340
2.44161666666667	28880
2.44245000000000	27424
2.44328333333333	29732
2.44411666666667	31436
2.44495000000000	31192
2.44578333333333	22388
2.44661666666667	16452
2.44745000000000	19060
2.44828333333333	23636
2.44911666666667	28240
2.44995000000000	30004
2.45078333333333	26656
2.45161666666667	21796
2.45245000000000	20244
2.45328333333333	21004
2.45411666666667	21764
2.45495000000000	38976
2.45578333333333	35104
2.45661666666667	23780
2.45745000000000	39328
2.45830000000000	36192
2.45913333333333	36736
2.45996666666667	20060
2.46080000000000	28188
2.46163333333333	26904
2.46246666666667	37504
2.46330000000000	37520
2.46413333333333	31920
2.46496666666667	25532
2.46580000000000	21684
2.46663333333333	34528
2.46746666666667	29084
2.46830000000000	36688
2.46913333333333	34032
2.46996666666667	31100
2.47080000000000	36416
2.47163333333333	38352
2.47246666666667	38992
2.47330000000000	30916
2.47413333333333	27024
2.47496666666667	37936
2.47581666666667	37472
2.47665000000000	32756
2.47748333333333	37984
2.47831666666667	33600
2.47915000000000	25440
2.47998333333333	27928
2.48081666666667	30416
2.48165000000000	27952
2.48248333333333	31344
2.48331666666667	31888
2.48415000000000	32428
2.48498333333333	35936
2.48581666666667	45232
2.48665000000000	44528
2.48748333333333	40720
2.48831666666667	33392
2.48915000000000	42736
2.48998333333333	28616
2.49081666666667	43952
2.49165000000000	27092
2.49250000000000	40640
2.49333333333333	37952
2.49416666666667	36032
2.49500000000000	31444
2.49583333333333	27296
2.49666666666667	32144
2.49750000000000	21492
2.49833333333333	35456
2.49916666666667	40624
2.50000000000000	41920
2.50083333333333	41360
2.50166666666667	41056
2.50250000000000	40768
2.50333333333333	43056
2.50416666666667	45344
2.50500000000000	31716
2.50583333333333	48320
2.50666666666667	46240
2.50750000000000	39904
2.50833333333333	46192
2.50916666666667	41504
2.51001666666667	36976
2.51085000000000	50800
2.51168333333333	53024
2.51251666666667	39968
2.51335000000000	41616
2.51418333333333	44928
2.51501666666667	37680
2.51585000000000	46288
2.51668333333333	43504
2.51751666666667	40736
2.51835000000000	43280
2.51918333333333	44576
2.52001666666667	37760
2.52085000000000	45616
2.52168333333333	43072
2.52251666666667	34656
2.52335000000000	33984
2.52418333333333	42112
2.52501666666667	42848
2.52585000000000	43584
2.52670000000000	46096
2.52753333333333	48624
2.52836666666667	52144
2.52920000000000	57008
2.53003333333333	54016
2.53086666666667	51648
2.53170000000000	46880
2.53253333333333	49040
2.53336666666667	44304
2.53420000000000	45344
2.53503333333333	39152
2.53586666666667	46272
2.53670000000000	47152
2.53753333333333	48032
2.53836666666667	28072
2.53920000000000	53248
2.54003333333333	53280
2.54086666666667	39440
2.54170000000000	56240
2.54253333333333	51488
2.54336666666667	52112
2.54421666666667	46928
2.54505000000000	53792
2.54588333333333	45552
2.54671666666667	40704
2.54755000000000	54800
2.54838333333333	57280
2.54921666666667	49312
2.55005000000000	52560
2.55088333333333	48720
2.55171666666667	45024
2.55255000000000	50688
2.55338333333333	41088
2.55421666666667	57920
2.55505000000000	52576
2.55588333333333	45392
2.55671666666667	56832
2.55755000000000	43264
2.55838333333333	60240
2.55921666666667	46880
2.56005000000000	42816
2.56090000000000	50320
2.56173333333333	46000
2.56256666666667	50528
2.56340000000000	52960
2.56423333333333	47296
2.56506666666667	43040
2.56590000000000	38784
2.56673333333333	49696
2.56756666666667	45952
2.56840000000000	53200
2.56923333333333	46224
2.57006666666667	48384
2.57090000000000	47104
2.57173333333333	46336
2.57256666666667	45568
2.57340000000000	50480
2.57423333333333	49520
2.57506666666667	48544
2.57590000000000	48480
2.57673333333333	50576
2.57756666666667	42384
2.57841666666667	52192
2.57925000000000	50960
2.58008333333333	37456
2.58091666666667	52784
2.58175000000000	43312
2.58258333333333	52208
2.58341666666667	52256
2.58425000000000	47728
2.58508333333333	47360
2.58591666666667	46144
2.58675000000000	53344
2.58758333333333	57600
2.58841666666667	59648
2.58925000000000	58704
2.59008333333333	54880
2.59091666666667	57488
2.59175000000000	44000
2.59258333333333	44432
2.59341666666667	39632
2.59425000000000	37184
2.59510000000000	54688
2.59593333333333	57856
2.59676666666667	50880
2.59760000000000	55408
2.59843333333333	59808
2.59926666666667	52192
2.60010000000000	52256
2.60093333333333	57904
2.60176666666667	52032
2.60260000000000	59280
2.60343333333333	48064
2.60426666666667	58160
2.60510000000000	58624
2.60593333333333	64192
2.60676666666667	56944
2.60760000000000	60944
2.60843333333333	60336
2.60926666666667	54000
2.61010000000000	57296
2.61093333333333	60832
2.61176666666667	62992
2.61261666666667	49904
2.61345000000000	54384
2.61428333333333	64192
2.61511666666667	59104
2.61595000000000	50832
2.61678333333333	62960
2.61761666666667	61216
2.61845000000000	43744
2.61928333333333	54528
2.62011666666667	65568
2.62095000000000	56528
2.62178333333333	59600
2.62261666666667	68864
2.62345000000000	67424
2.62428333333333	46960
2.62511666666667	57472
2.62595000000000	53664
2.62678333333333	63936
2.62761666666667	62304
2.62845000000000	61888
2.62930000000000	57840
2.63013333333333	33360
2.63096666666667	44528
2.63180000000000	57824
2.63263333333333	47776
2.63346666666667	51280
2.63430000000000	64432
2.63513333333333	58352
2.63596666666667	51072
2.63680000000000	54592
2.63763333333333	58352
2.63846666666667	40736
2.63930000000000	39968
2.64013333333333	54944
2.64096666666667	52560
2.64178333333333	59600
2.64261666666667	55552
2.64345000000000	54256
2.64428333333333	60480
2.64511666666667	59184
2.64595000000000	57888
2.64680000000000	47696
2.64763333333333	58256
2.64846666666667	52608
2.64930000000000	51088
2.65013333333333	46400
2.65096666666667	45984
2.65180000000000	54864
2.65263333333333	55888
2.65346666666667	54416
2.65430000000000	59584
2.65513333333333	57184
2.65596666666667	54800
2.65680000000000	52720
2.65763333333333	50640
2.65846666666667	64384
2.65930000000000	61056
2.66013333333333	57728
2.66096666666667	62016
2.66180000000000	56224
2.66263333333333	61856
2.66348333333333	65152
2.66431666666667	52864
2.66515000000000	65840
2.66598333333333	62192
2.66681666666667	60336
2.66765000000000	48128
2.66848333333333	52656
2.66931666666667	51056
2.67015000000000	57136
2.67098333333333	54304
2.67181666666667	50160
2.67265000000000	59632
2.67348333333333	62224
2.67431666666667	56928
2.67515000000000	51136
2.67598333333333	60656
2.67681666666667	47904
2.67765000000000	59136
2.67848333333333	61440
2.67931666666667	54048
2.68015000000000	47024
2.68100000000000	59008
2.68183333333333	65408
2.68266666666667	70112
2.68350000000000	55520
2.68433333333333	63568
2.68516666666667	47328
2.68600000000000	67152
2.68683333333333	52992
2.68766666666667	50400
2.68850000000000	46416
2.68933333333333	55760
2.69016666666667	50096
2.69100000000000	51440
2.69183333333333	50192
2.69266666666667	53504
2.69350000000000	56016
2.69433333333333	58544
2.69516666666667	62480
2.69600000000000	67312
2.69683333333333	47024
2.69768333333333	64592
2.69851666666667	60672
2.69935000000000	64960
2.70018333333333	53328
2.70101666666667	59328
2.70185000000000	45184
2.70268333333333	52864
2.70351666666667	60544
2.70435000000000	36432
2.70518333333333	67440
2.70601666666667	64352
2.70685000000000	62320
2.70768333333333	49568
2.70851666666667	47280
2.70935000000000	49680
2.71018333333333	53904
2.71101666666667	58208
2.71185000000000	62512
2.71268333333333	64208
2.71351666666667	35520
2.71435000000000	56592
2.71520000000000	66384
2.71603333333333	57664
2.71686666666667	40640
2.71770000000000	42624
2.71853333333333	62272
2.71936666666667	70256
2.72020000000000	55152
2.72103333333333	46656
2.72186666666667	46192
2.72270000000000	47152
2.72353333333333	51792
2.72436666666667	47232
2.72520000000000	42688
2.72603333333333	58368
2.72686666666667	64064
2.72770000000000	57536
2.72853333333333	57760
2.72936666666667	57728
2.73018333333333	47168
2.73101666666667	67792
2.73186666666667	66992
2.73270000000000	59536
2.73353333333333	66112
2.73436666666667	57200
2.73520000000000	57744
2.73603333333333	67232
2.73686666666667	54080
2.73770000000000	40448
2.73853333333333	56000
2.73936666666667	64432
2.74020000000000	61024
2.74103333333333	57616
2.74186666666667	48928
2.74270000000000	55760
2.74353333333333	62176
2.74436666666667	65968
2.74520000000000	47840
2.74603333333333	67936
2.74686666666667	59280
2.74770000000000	54384
2.74853333333333	59408
2.74938333333333	54864
2.75021666666667	55056
2.75105000000000	42576
2.75188333333333	59600
2.75271666666667	54176
2.75355000000000	56848
2.75438333333333	66432
2.75521666666667	65168
2.75605000000000	63920
2.75688333333333	63120
2.75771666666667	62304
2.75855000000000	57984
2.75938333333333	64352
2.76021666666667	71744
2.76105000000000	44016
2.76188333333333	43552
2.76271666666667	47504
2.76355000000000	68400
2.76438333333333	69616
2.76521666666667	66256
2.76606666666667	68864
2.76690000000000	66768
2.76773333333333	61680
2.76856666666667	65920
2.76940000000000	60736
2.77023333333333	63504
2.77106666666667	66416
2.77190000000000	64672
2.77273333333333	66704
2.77356666666667	61840
2.77440000000000	73328
2.77523333333333	52272
2.77606666666667	61248
2.77690000000000	68256
2.77773333333333	63872
2.77856666666667	55536
2.77940000000000	60656
2.78023333333333	59936
2.78106666666667	50624
2.78190000000000	58208
2.78273333333333	65680
2.78358333333333	64736
2.78441666666667	70272
2.78525000000000	66592
2.78608333333333	64784
2.78691666666667	58960
2.78775000000000	63168
2.78858333333333	68560
2.78941666666667	56240
2.79025000000000	46288
2.79108333333333	68688
2.79191666666667	55296
2.79275000000000	33984
2.79358333333333	44736
2.79441666666667	46592
2.79525000000000	51056
2.79608333333333	53936
2.79691666666667	56816
2.79775000000000	60848
2.79858333333333	63136
2.79941666666667	65424
2.80026666666667	51024
2.80110000000000	45856
2.80193333333333	45536
2.80276666666667	46288
2.80360000000000	47040
2.80443333333333	76256
2.80526666666667	70864
2.80610000000000	67072
2.80693333333333	65520
2.80776666666667	57056
2.80860000000000	53472
2.80943333333333	71808
2.81026666666667	67952
2.81110000000000	58720
2.81193333333333	57712
2.81276666666667	62560
2.81360000000000	48816
2.81443333333333	66880
2.81526666666667	66352
2.81610000000000	53744
2.81693333333333	55168
2.81778333333333	59776
2.81861666666667	32444
2.81945000000000	59856
2.82028333333333	63600
2.82111666666667	37232
2.82195000000000	55680
2.82278333333333	51424
2.82361666666667	55632
2.82445000000000	51488
2.82528333333333	47360
2.82611666666667	50688
2.82695000000000	54016
2.82778333333333	56848
2.82861666666667	59680
2.82945000000000	59376
2.83028333333333	59072
2.83111666666667	53728
2.83195000000000	60976
2.83278333333333	51952
2.83361666666667	61360
2.83446666666667	58704
2.83530000000000	58192
2.83613333333333	68208
2.83696666666667	68320
2.83780000000000	53584
2.83863333333333	67184
2.83946666666667	54384
2.84030000000000	66240
2.84113333333333	56944
2.84196666666667	38928
2.84280000000000	70000
2.84363333333333	78480
2.84446666666667	51824
2.84530000000000	48480
2.84613333333333	64736
2.84696666666667	61504
2.84780000000000	50256
2.84863333333333	55424
2.84946666666667	49536
2.85028333333333	57552
2.85111666666667	47296
2.85196666666667	62320
2.85280000000000	59600
2.85363333333333	63744
2.85446666666667	65360
2.85530000000000	59552
2.85613333333333	65760
2.85696666666667	64672
2.85780000000000	65360
2.85863333333333	66320
2.85946666666667	66160
2.86030000000000	53648
2.86113333333333	42176
2.86196666666667	61264
2.86280000000000	65248
2.86363333333333	57024
2.86446666666667	58240
2.86530000000000	65088
2.86613333333333	59424
2.86696666666667	53248
2.86780000000000	57072
2.86865000000000	51968
2.86948333333333	47008
2.87031666666667	59632
2.87115000000000	48368
2.87198333333333	61552
2.87281666666667	64656
2.87365000000000	55024
2.87448333333333	54928
2.87531666666667	61072
2.87615000000000	60208
2.87698333333333	62912
2.87781666666667	60304
2.87865000000000	66752
2.87948333333333	72288
2.88031666666667	44208
2.88115000000000	62272
2.88198333333333	53120
2.88281666666667	52192
2.88365000000000	62592
2.88448333333333	61040
2.88531666666667	59504
2.88616666666667	58256
2.88700000000000	62992
2.88783333333333	64960
2.88866666666667	66928
2.88950000000000	48976
2.89033333333333	60080
2.89116666666667	70864
2.89200000000000	66560
2.89283333333333	65744
2.89366666666667	67008
2.89450000000000	70000
2.89533333333333	73008
2.89616666666667	62192
2.89700000000000	69968
2.89783333333333	58352
2.89866666666667	65984
2.89950000000000	65488
2.90033333333333	61856
2.90116666666667	58224
2.90200000000000	71040
2.90285000000000	49760
2.90368333333333	48688
2.90451666666667	67744
2.90535000000000	63856
2.90618333333333	61936
2.90701666666667	67728
2.90785000000000	55296
2.90868333333333	65200
2.90951666666667	60736
2.91035000000000	45696
2.91118333333333	62320
2.91201666666667	60000
2.91285000000000	44784
2.91368333333333	67632
2.91451666666667	66576
2.91535000000000	53680
2.91618333333333	61488
2.91701666666667	68704
2.91785000000000	48224
2.91868333333333	67424
2.91951666666667	61056
2.92036666666667	50672
2.92120000000000	49248
2.92203333333333	60144
2.92286666666667	61072
2.92370000000000	52912
2.92453333333333	52256
2.92536666666667	60848
2.92620000000000	52832
2.92703333333333	60464
2.92786666666667	48896
2.92870000000000	61584
2.92953333333333	58912
2.93036666666667	60480
2.93120000000000	60688
2.93203333333333	61056
2.93286666666667	60288
2.93370000000000	59408
2.93453333333333	60896
2.93536666666667	62384
2.93620000000000	56160
2.93705000000000	56752
2.93788333333333	67392
2.93871666666667	68176
2.93955000000000	72064
2.94038333333333	57872
2.94121666666667	49840
2.94205000000000	53616
2.94288333333333	58384
2.94371666666667	58128
2.94455000000000	70768
2.94538333333333	69136
2.94621666666667	60432
2.94705000000000	61392
2.94788333333333	67104
2.94871666666667	48576
2.94955000000000	67584
2.95038333333333	66400
2.95121666666667	62736
2.95205000000000	62880
2.95288333333333	56960
2.95371666666667	59888
2.95456666666667	62800
2.95540000000000	56656
2.95623333333333	61456
2.95706666666667	63008
2.95790000000000	57968
2.95873333333333	56896
2.95956666666667	53568
2.96040000000000	58896
2.96123333333333	64224
2.96206666666667	61760
2.96290000000000	59616
2.96373333333333	58816
2.96456666666667	43648
2.96540000000000	48880
2.96623333333333	51088
2.96706666666667	53296
2.96790000000000	71136
2.96873333333333	71728
2.96956666666667	58928
2.97040000000000	65600
2.97125000000000	70256
2.97208333333333	62592
2.97291666666667	53520
2.97375000000000	71600
2.97458333333333	41712
2.97541666666667	59840
2.97625000000000	46672
2.97708333333333	66528
2.97791666666667	66032
2.97875000000000	54304
2.97958333333333	68384
2.98041666666667	64640
2.98125000000000	66720
2.98208333333333	64736
2.98291666666667	53728
2.98375000000000	50896
2.98458333333333	66992
2.98541666666667	58096
2.98625000000000	43728
2.98708333333333	67104
2.98791666666667	73200
2.98876666666667	48352
2.98960000000000	62752
2.99043333333333	63184
2.99126666666667	72816
2.99210000000000	68800
2.99293333333333	51504
2.99376666666667	70080
2.99460000000000	61232
2.99543333333333	43888
2.99626666666667	61184
2.99710000000000	68832
2.99793333333333	40880
2.99876666666667	48496
2.99960000000000	64864
3.00043333333333	54176
3.00126666666667	53856
3.00210000000000	53536
3.00293333333333	55952
3.00376666666667	58368
3.00460000000000	49888
3.00545000000000	63248
3.00628333333333	64064
3.00711666666667	57408
3.00795000000000	54368
3.00878333333333	56784
3.00961666666667	67088
3.01045000000000	65344
3.01128333333333	63600
3.01211666666667	51360
3.01295000000000	53808
3.01378333333333	47328
3.01461666666667	45072
3.01545000000000	60272
3.01628333333333	57120
3.01711666666667	65824
3.01795000000000	69712
3.01878333333333	70864
3.01961666666667	54496
3.02045000000000	56736
3.02128333333333	69824
3.02211666666667	49936
3.02296666666667	66960
3.02380000000000	62784
3.02463333333333	70928
3.02546666666667	64176
3.02630000000000	66368
3.02713333333333	67072
3.02796666666667	62352
3.02880000000000	62976
3.02963333333333	52960
3.03046666666667	55840
3.03130000000000	74832
3.03213333333333	81264
3.03296666666667	65536
3.03380000000000	69744
3.03463333333333	65424
3.03546666666667	61232
3.03630000000000	47584
3.03713333333333	74688
3.03796666666667	69216
3.03880000000000	62816
3.03965000000000	63712
3.04048333333333	56160
3.04131666666667	65728
3.04215000000000	61344
3.04298333333333	61552
3.04381666666667	66864
3.04465000000000	62608
3.04548333333333	73120
3.04631666666667	41648
3.04715000000000	65360
3.04798333333333	43520
3.04881666666667	65520
3.04965000000000	62496
3.05048333333333	58800
3.05131666666667	51840
3.05215000000000	53392
3.05298333333333	62912
3.05381666666667	62064
3.05465000000000	66432
3.05548333333333	64160
3.05631666666667	61888
3.05716666666667	60032
3.05800000000000	64304
3.05883333333333	57760
3.05966666666667	63328
3.06050000000000	66752
3.06133333333333	54560
3.06216666666667	58368
3.06300000000000	59280
3.06383333333333	60736
3.06466666666667	54816
3.06550000000000	61440
3.06633333333333	68416
3.06716666666667	69440
3.06800000000000	63184
3.06883333333333	52624
3.06966666666667	61376
3.07050000000000	52128
3.07133333333333	57568
3.07216666666667	45408
3.07300000000000	58448
3.07385000000000	63168
3.07468333333333	67904
3.07551666666667	72352
3.07635000000000	67536
3.07718333333333	67952
3.07801666666667	63632
3.07885000000000	53840
3.07968333333333	57520
3.08051666666667	60752
3.08135000000000	55424
3.08218333333333	53632
3.08301666666667	51824
3.08385000000000	65920
3.08468333333333	69488
3.08551666666667	59856
3.08635000000000	68576
3.08718333333333	59040
3.08800000000000	62272
3.08883333333333	71504
3.08966666666667	61024
3.09050000000000	50688
3.09135000000000	48464
3.09218333333333	53472
3.09301666666667	58496
3.09385000000000	65408
3.09468333333333	65680
3.09551666666667	51632
3.09635000000000	67888
3.09718333333333	60096
3.09801666666667	59856
3.09885000000000	61712
3.09968333333333	43264
3.10051666666667	37952
3.10135000000000	63856
3.10218333333333	63936
3.10301666666667	54032
3.10385000000000	57872
3.10468333333333	59936
3.10551666666667	50496
3.10635000000000	49776
3.10718333333333	49040
3.10803333333333	69712
3.10886666666667	65968
3.10970000000000	46608
3.11053333333333	66560
3.11136666666667	84560
3.11220000000000	76096
3.11303333333333	72576
3.11386666666667	68064
3.11470000000000	67296
3.11553333333333	64720
3.11636666666667	61984
3.11720000000000	56336
3.11803333333333	63056
3.11886666666667	44400
3.11970000000000	53264
3.12053333333333	62144
3.12136666666667	55104
3.12220000000000	58928
3.12303333333333	62768
3.12386666666667	59584
3.12470000000000	53760
3.12555000000000	60384
3.12638333333333	67088
3.12721666666667	70480
3.12805000000000	69216
3.12888333333333	48848
3.12971666666667	43808
3.13055000000000	61360
3.13138333333333	67152
3.13221666666667	67392
3.13305000000000	58272
3.13388333333333	56576
3.13471666666667	61264
3.13555000000000	47808
3.13638333333333	56176
3.13721666666667	64528
3.13805000000000	57552
3.13888333333333	53504
3.13971666666667	49440
3.14055000000000	57056
3.14138333333333	56912
3.14223333333333	57232
3.14306666666667	65136
3.14390000000000	64400
3.14473333333333	47488
3.14556666666667	68960
3.14640000000000	63728
3.14723333333333	63328
3.14806666666667	63600
3.14890000000000	51952
3.14973333333333	50208
3.15056666666667	51232
3.15140000000000	64816
3.15223333333333	65792
3.15306666666667	57520
3.15390000000000	70816
3.15473333333333	57456
3.15556666666667	49744
3.15640000000000	58688
3.15721666666667	56752
3.15805000000000	52304
3.15888333333333	47856
3.15973333333333	46176
3.16056666666667	66448
3.16140000000000	61440
3.16223333333333	56432
3.16306666666667	63360
3.16390000000000	62096
3.16473333333333	60848
3.16556666666667	61424
3.16640000000000	62000
3.16723333333333	59712
3.16806666666667	57424
3.16890000000000	62992
3.16973333333333	60784
3.17056666666667	59120
3.17140000000000	57456
3.17223333333333	61904
3.17306666666667	66032
3.17390000000000	48528
3.17473333333333	74336
3.17556666666667	63536
3.17641666666667	53584
3.17725000000000	50960
3.17808333333333	63456
3.17891666666667	59680
3.17975000000000	55920
3.18058333333333	55744
3.18141666666667	60336
3.18225000000000	65840
3.18308333333333	67568
3.18391666666667	47584
3.18475000000000	61232
3.18558333333333	68336
3.18641666666667	73120
3.18725000000000	58592
3.18808333333333	54960
3.18891666666667	57552
3.18975000000000	55344
3.19058333333333	65040
3.19141666666667	62912
3.19225000000000	40720
3.19308333333333	44752
3.19393333333333	66368
3.19476666666667	66976
3.19560000000000	49072
3.19643333333333	54528
3.19726666666667	60816
3.19810000000000	62992
3.19893333333333	59152
3.19976666666667	60992
3.20060000000000	62832
3.20143333333333	54848
3.20226666666667	52848
3.20310000000000	50832
3.20393333333333	61744
3.20476666666667	66256
3.20560000000000	70544
3.20643333333333	60016
3.20726666666667	63200
3.20810000000000	58160
3.20893333333333	65344
3.20976666666667	65184
3.21061666666667	61872
3.21145000000000	58560
3.21228333333333	65760
3.21311666666667	64112
3.21395000000000	56992
3.21478333333333	48112
3.21561666666667	66896
3.21645000000000	50704
3.21728333333333	62256
3.21811666666667	65440
3.21895000000000	61024
3.21978333333333	56864
3.22061666666667	61904
3.22145000000000	58624
3.22228333333333	58432
3.22311666666667	61824
3.22395000000000	54080
3.22478333333333	67744
3.22561666666667	63360
3.22645000000000	58160
3.22728333333333	58000
3.22813333333333	70960
3.22896666666667	70080
3.22980000000000	50960
3.23063333333333	52736
3.23146666666667	66912
3.23230000000000	55728
3.23313333333333	62832
3.23396666666667	68432
3.23480000000000	68784
3.23563333333333	63936
3.23646666666667	73184
3.23730000000000	61424
3.23813333333333	54992
3.23896666666667	63344
3.23980000000000	68448
3.24061666666667	50832
3.24145000000000	49104
3.24228333333333	61936
3.24311666666667	37568
3.24395000000000	39392
3.24480000000000	58480
3.24563333333333	68544
3.24646666666667	52352
3.24730000000000	59920
3.24813333333333	60160
3.24896666666667	45552
3.24980000000000	55472
3.25063333333333	45680
3.25146666666667	59216
3.25230000000000	53232
3.25313333333333	54832
3.25396666666667	61136
3.25480000000000	40256
3.25563333333333	53984
3.25646666666667	65808
3.25730000000000	68960
3.25813333333333	64576
3.25896666666667	55264
3.25980000000000	37312
3.26063333333333	60512
3.26146666666667	70272
3.26231666666667	74144
3.26315000000000	69456
3.26398333333333	57760
3.26481666666667	62368
3.26565000000000	62784
3.26648333333333	55504
3.26731666666667	49968
3.26815000000000	60768
3.26898333333333	68976
3.26981666666667	64320
3.27065000000000	71712
3.27148333333333	57920
3.27231666666667	67936
3.27315000000000	55440
3.27398333333333	37504
3.27481666666667	45760
3.27565000000000	60272
3.27648333333333	59504
3.27731666666667	66208
3.27815000000000	55584
3.27900000000000	58288
3.27983333333333	46064
3.28066666666667	58352
3.28150000000000	67632
3.28233333333333	66304
3.28316666666667	67600
3.28400000000000	49712
3.28483333333333	61280
3.28566666666667	63600
3.28650000000000	59392
3.28733333333333	72304
3.28816666666667	71104
3.28900000000000	54480
3.28983333333333	39712
3.29066666666667	68560
3.29150000000000	54288
3.29233333333333	69312
3.29316666666667	45824
3.29400000000000	62192
3.29483333333333	71936
3.29566666666667	63648
3.29651666666667	50240
3.29735000000000	70640
3.29818333333333	67392
3.29901666666667	61440
3.29985000000000	59248
3.30068333333333	53520
3.30151666666667	52496
3.30235000000000	35024
3.30318333333333	60368
3.30401666666667	50048
3.30485000000000	65792
3.30568333333333	58928
3.30651666666667	68736
3.30735000000000	64928
3.30818333333333	61120
3.30901666666667	62016
3.30985000000000	59072
3.31068333333333	64624
3.31151666666667	52368
3.31235000000000	62784
3.31320000000000	62688
3.31403333333333	68384
3.31486666666667	70272
3.31570000000000	55680
3.31653333333333	59472
3.31736666666667	52864
3.31820000000000	52528
3.31903333333333	52176
3.31986666666667	68224
3.32070000000000	71072
3.32153333333333	57952
3.32236666666667	61760
3.32320000000000	56704
3.32403333333333	74832
3.32486666666667	76464
3.32570000000000	65344
3.32653333333333	71136
3.32736666666667	71872
3.32820000000000	60192
3.32903333333333	58960
3.32986666666667	54560
3.33071666666667	57008
3.33155000000000	56544
3.33238333333333	66240
3.33321666666667	68352
3.33405000000000	65664
3.33488333333333	59328
3.33571666666667	52896
3.33655000000000	47520
3.33738333333333	61200
3.33821666666667	62416
3.33905000000000	56992
3.33988333333333	48608
3.34071666666667	62960
3.34155000000000	69040
3.34238333333333	70096
3.34321666666667	70544
3.34405000000000	55936
3.34488333333333	57776
3.34571666666667	70944
3.34655000000000	67168
3.34740000000000	65440
3.34823333333333	57904
3.34906666666667	48032
3.34990000000000	54320
3.35073333333333	54912
3.35156666666667	55520
3.35240000000000	65888
3.35323333333333	67040
3.35406666666667	58256
3.35490000000000	68080
3.35573333333333	63456
3.35656666666667	67392
3.35740000000000	58208
3.35823333333333	49024
3.35906666666667	58384
3.35990000000000	61488
3.36073333333333	58352
3.36156666666667	61696
3.36240000000000	52224
3.36323333333333	56304
3.36406666666667	46960
3.36491666666667	54112
3.36575000000000	62160
3.36658333333333	62368
3.36741666666667	62560
3.36825000000000	57312
3.36908333333333	68384
3.36991666666667	50560
3.37075000000000	62320
3.37158333333333	66176
3.37241666666667	65840
3.37325000000000	65504
3.37408333333333	63808
3.37491666666667	64352
3.37575000000000	49328
3.37658333333333	56000
3.37741666666667	50832
3.37825000000000	63488
3.37908333333333	39664
3.37990000000000	56784
3.38073333333333	61792
3.38158333333333	72528
3.38241666666667	59824
3.38325000000000	56720
3.38408333333333	51120
3.38491666666667	55056
3.38575000000000	67808
3.38658333333333	64064
3.38741666666667	64992
3.38825000000000	53760
3.38908333333333	67200
3.38991666666667	54608
3.39075000000000	70608
3.39158333333333	62752
3.39241666666667	70384
3.39325000000000	55600
3.39408333333333	61024
3.39491666666667	66320
3.39575000000000	64688
3.39658333333333	64832
3.39741666666667	64976
3.39825000000000	59584
3.39910000000000	60576
3.39993333333333	67696
3.40076666666667	64768
3.40160000000000	67360
3.40243333333333	68336
3.40326666666667	63936
3.40410000000000	63408
3.40493333333333	46976
3.40576666666667	62224
3.40660000000000	62576
3.40743333333333	63152
3.40826666666667	64064
3.40910000000000	60496
3.40993333333333	63536
3.41076666666667	59872
3.41160000000000	56224
3.41243333333333	49104
3.41326666666667	58400
3.41410000000000	60000
3.41493333333333	61600
3.41578333333333	58816
3.41661666666667	62768
3.41745000000000	61984
3.41828333333333	61184
3.41911666666667	59568
3.41995000000000	68352
3.42078333333333	41552
3.42161666666667	65712
3.42245000000000	62368
3.42328333333333	64160
3.42411666666667	65056
3.42495000000000	64704
3.42578333333333	64368
3.42661666666667	64160
3.42745000000000	53936
3.42828333333333	67856
3.42911666666667	65504
3.42995000000000	70512
3.43078333333333	58672
3.43161666666667	57424
3.43245000000000	53888
3.43330000000000	60544
3.43413333333333	59392
3.43496666666667	58224
3.43580000000000	58960
3.43663333333333	59680
3.43746666666667	64096
3.43830000000000	51136
3.43913333333333	61248
3.43996666666667	63952
3.44080000000000	66672
3.44163333333333	62144
3.44246666666667	60512
3.44330000000000	65552
3.44413333333333	62816
3.44496666666667	62384
3.44580000000000	61952
3.44663333333333	57648
3.44746666666667	64800
3.44830000000000	66272
3.44913333333333	63136
3.44998333333333	62816
3.45081666666667	51104
3.45165000000000	60576
3.45248333333333	66704
3.45331666666667	66400
3.45415000000000	63408
3.45498333333333	38912
3.45581666666667	73904
3.45665000000000	66672
3.45748333333333	62928
3.45831666666667	37760
3.45915000000000	63888
3.45998333333333	60592
3.46081666666667	57136
3.46165000000000	64544
3.46248333333333	57312
3.46331666666667	60384
3.46415000000000	54960
3.46498333333333	56320
3.46581666666667	64608
3.46665000000000	60928
3.46750000000000	49360
3.46833333333333	41872
3.46916666666667	52720
3.47000000000000	54240
3.47083333333333	55760
3.47166666666667	50384
3.47250000000000	44992
3.47333333333333	54864
3.47416666666667	64736
3.47500000000000	62816
3.47583333333333	51216
3.47666666666667	35408
3.47750000000000	56432
3.47833333333333	59024
3.47916666666667	49392
3.48000000000000	52080
3.48083333333333	54784
3.48166666666667	57808
3.48250000000000	66720
3.48333333333333	69680
3.48418333333333	46736
3.48501666666667	70192
3.48585000000000	48544
3.48668333333333	55072
3.48751666666667	62576
3.48835000000000	62880
3.48918333333333	63488
3.49001666666667	39264
3.49085000000000	68704
3.49168333333333	51200
3.49251666666667	68688
3.49335000000000	49408
3.49418333333333	54304
3.49501666666667	67072
3.49585000000000	66320
3.49668333333333	61504
3.49751666666667	64256
3.49835000000000	60544
3.49916666666667	65312
3.50000000000000	64480
3.50083333333333	65712
3.50168333333333	52544
3.50251666666667	64576
3.50335000000000	61952
3.50418333333333	62544
3.50501666666667	69120
3.50585000000000	50176
3.50668333333333	67408
3.50751666666667	59152
3.50835000000000	73248
3.50918333333333	52928
3.51001666666667	68224
3.51085000000000	67344
3.51168333333333	65024
3.51251666666667	72400
3.51335000000000	48544
3.51418333333333	55072
3.51501666666667	63040
3.51585000000000	69344
3.51668333333333	71328
3.51751666666667	66960
3.51836666666667	54672
3.51920000000000	64224
3.52003333333333	46272
3.52086666666667	38560
3.52170000000000	59984
3.52253333333333	66416
3.52336666666667	56384
3.52420000000000	60656
3.52503333333333	50640
3.52586666666667	63184
3.52670000000000	69648
3.52753333333333	64064
3.52836666666667	69120
3.52920000000000	64240
3.53003333333333	59360
3.53086666666667	56912
3.53170000000000	64144
3.53253333333333	60592
3.53336666666667	56000
3.53420000000000	57632
3.53503333333333	62560
3.53588333333333	67264
3.53671666666667	70432
3.53755000000000	59504
3.53838333333333	44480
3.53921666666667	57104
3.54005000000000	73216
3.54088333333333	63984
3.54171666666667	58720
3.54255000000000	63344
3.54338333333333	42656
3.54421666666667	48976
3.54505000000000	56304
3.54588333333333	63088
3.54671666666667	69792
3.54755000000000	73344
3.54838333333333	50944
3.54921666666667	66080
3.55005000000000	46592
3.55088333333333	52368
3.55171666666667	53184
3.55256666666667	57728
3.55340000000000	55424
3.55423333333333	53136
3.55506666666667	51952
3.55590000000000	46512
3.55673333333333	42272
3.55756666666667	57632
3.55840000000000	65344
3.55923333333333	67968
3.56006666666667	55104
3.56090000000000	52976
3.56173333333333	64480
3.56256666666667	63808
3.56340000000000	69520
3.56423333333333	68000
3.56506666666667	66480
3.56590000000000	51312
3.56673333333333	47424
3.56756666666667	61024
3.56840000000000	73264
3.56923333333333	66432
3.57008333333333	69232
3.57091666666667	55440
3.57175000000000	59056
3.57258333333333	43936
3.57341666666667	57744
3.57425000000000	63632
3.57508333333333	69376
3.57591666666667	65296
3.57675000000000	67520
3.57758333333333	58272
3.57841666666667	64992
3.57925000000000	59920
3.58008333333333	63840
3.58091666666667	67744
3.58175000000000	52576
3.58258333333333	48688
3.58341666666667	47344
3.58425000000000	40688
3.58508333333333	57232
3.58591666666667	51712
3.58676666666667	59184
3.58760000000000	65792
3.58843333333333	69872
3.58926666666667	77984
3.59010000000000	71312
3.59093333333333	50928
3.59176666666667	71792
3.59260000000000	55840
3.59343333333333	65856
3.59426666666667	69952
3.59510000000000	55984
3.59593333333333	50688
3.59676666666667	59328
3.59760000000000	66608
3.59843333333333	65424
3.59926666666667	61024
3.60010000000000	56624
3.60093333333333	56192
3.60176666666667	66928
3.60260000000000	65728
3.60343333333333	64528
3.60428333333333	70048
3.60511666666667	52064
3.60595000000000	54496
3.60678333333333	52928
3.60761666666667	55296
3.60845000000000	57680
3.60928333333333	66176
3.61011666666667	61456
3.61095000000000	56752
3.61178333333333	70400
3.61261666666667	63200
3.61345000000000	54432
3.61428333333333	51696
3.61511666666667	55488
3.61595000000000	58624
3.61678333333333	44208
3.61761666666667	66592
3.61845000000000	63552
3.61928333333333	52704
3.62011666666667	69360
3.62096666666667	59248
3.62180000000000	53072
3.62263333333333	69056
3.62346666666667	48720
3.62430000000000	68128
3.62513333333333	71456
3.62596666666667	63680
3.62680000000000	54880
3.62763333333333	58672
3.62846666666667	45520
3.62930000000000	53680
3.63013333333333	54736
3.63096666666667	55776
3.63180000000000	65872
3.63263333333333	69088
3.63346666666667	64112
3.63430000000000	68096
3.63513333333333	60688
3.63596666666667	44256
3.63680000000000	70976
3.63763333333333	55520
3.63848333333333	60432
3.63931666666667	55424
3.64015000000000	50000
3.64098333333333	70208
3.64181666666667	74880
3.64265000000000	58496
3.64348333333333	65616
3.64431666666667	61056
3.64515000000000	65840
3.64598333333333	39184
3.64681666666667	72016
3.64765000000000	36176
3.64848333333333	61984
3.64931666666667	45424
3.65015000000000	69808
3.65098333333333	46016
3.65181666666667	53984
3.65265000000000	64176
3.65348333333333	61888
3.65431666666667	68992
3.65516666666667	61808
3.65600000000000	61920
3.65683333333333	58720
3.65766666666667	62864
3.65850000000000	53344
3.65933333333333	56000
3.66016666666667	60480
3.66100000000000	60544
3.66183333333333	60624
3.66266666666667	63360
3.66350000000000	42768
3.66433333333333	59216
3.66516666666667	66144
3.66600000000000	71680
3.66683333333333	59360
3.66766666666667	53872
3.66850000000000	63120
3.66933333333333	59184
3.67016666666667	42064
3.67100000000000	45536
3.67183333333333	66112
3.67268333333333	58640
3.67351666666667	58688
3.67435000000000	58736
3.67518333333333	64176
3.67601666666667	63648
3.67685000000000	59264
3.67768333333333	68128
3.67851666666667	68032
3.67935000000000	67936
3.68018333333333	55552
3.68101666666667	60096
3.68185000000000	58416
3.68268333333333	53680
3.68351666666667	59216
3.68435000000000	50992
3.68518333333333	51360
3.68601666666667	61824
3.68683333333333	55008
3.68766666666667	53440
3.68850000000000	51856
3.68935000000000	63984
3.69018333333333	63504
3.69101666666667	58048
3.69185000000000	60128
3.69268333333333	62272
3.69351666666667	66080
3.69435000000000	66304
3.69518333333333	66528
3.69601666666667	65936
3.69685000000000	62560
3.69768333333333	68112
3.69851666666667	65744
3.69935000000000	68096
3.70018333333333	52144
3.70101666666667	63824
3.70185000000000	73856
3.70268333333333	56800
3.70351666666667	58800
3.70435000000000	52176
3.70518333333333	48608
3.70601666666667	56800
3.70686666666667	56448
3.70770000000000	56080
3.70853333333333	57248
3.70936666666667	60688
3.71020000000000	64128
3.71103333333333	66112
3.71186666666667	67168
3.71270000000000	68208
3.71353333333333	65328
3.71436666666667	71376
3.71520000000000	70288
3.71603333333333	69216
3.71686666666667	63728
3.71770000000000	58512
3.71853333333333	71536
3.71936666666667	55664
3.72020000000000	63008
3.72103333333333	52000
3.72186666666667	60640
3.72270000000000	69296
3.72355000000000	70224
3.72438333333333	62128
3.72521666666667	61984
3.72605000000000	70016
3.72688333333333	58032
3.72771666666667	74304
3.72855000000000	58192
3.72938333333333	53984
3.73021666666667	69776
3.73105000000000	62944
3.73188333333333	45520
3.73271666666667	67952
3.73355000000000	57168
3.73438333333333	66736
3.73521666666667	48800
3.73605000000000	67584
3.73688333333333	65696
3.73771666666667	63344
3.73855000000000	54160
3.73938333333333	68224
3.74021666666667	68272
3.74106666666667	61936
3.74190000000000	66400
3.74273333333333	60416
3.74356666666667	65280
3.74440000000000	68256
3.74523333333333	68416
3.74606666666667	75056
3.74690000000000	75568
3.74773333333333	65152
3.74856666666667	65040
3.74940000000000	54464
3.75023333333333	65072
3.75106666666667	59728
3.75190000000000	63168
3.75273333333333	62080
3.75356666666667	60976
3.75440000000000	67024
3.75523333333333	65360
3.75606666666667	63696
3.75690000000000	62288
3.75775000000000	53280
3.75858333333333	55280
3.75941666666667	55872
3.76025000000000	56464
3.76108333333333	54448
3.76191666666667	52784
3.76275000000000	66560
3.76358333333333	63152
3.76441666666667	59728
3.76525000000000	50544
3.76608333333333	75088
3.76691666666667	66816
3.76775000000000	49392
3.76858333333333	73600
3.76941666666667	60208
3.77025000000000	52064
3.77108333333333	69904
3.77191666666667	66016
3.77275000000000	65168
3.77358333333333	73760
3.77441666666667	58080
3.77526666666667	63104
3.77610000000000	59376
3.77693333333333	63312
3.77776666666667	61040
3.77860000000000	58768
3.77943333333333	63216
3.78026666666667	48768
3.78110000000000	54480
3.78193333333333	58016
3.78276666666667	53808
3.78360000000000	56608
3.78443333333333	59424
3.78526666666667	60464
3.78610000000000	66272
3.78693333333333	76208
3.78776666666667	76160
3.78860000000000	59984
3.78943333333333	61840
3.79026666666667	69168
3.79110000000000	64944
3.79195000000000	61440
3.79278333333333	57680
3.79361666666667	67360
3.79445000000000	70016
3.79528333333333	68992
3.79611666666667	57520
3.79695000000000	40672
3.79778333333333	39152
3.79861666666667	47648
3.79945000000000	48992
3.80028333333333	50320
3.80111666666667	64752
3.80195000000000	70608
3.80278333333333	57728
3.80361666666667	75168
3.80445000000000	58448
3.80528333333333	63792
3.80611666666667	56912
3.80695000000000	59536
3.80778333333333	45440
3.80861666666667	68720
3.80946666666667	63856
3.81030000000000	51808
3.81113333333333	61056
3.81196666666667	61744
3.81280000000000	64048
3.81363333333333	45728
3.81446666666667	71200
3.81530000000000	62816
3.81613333333333	64512
3.81696666666667	45424
3.81780000000000	60864
3.81863333333333	63920
3.81946666666667	68560
3.82030000000000	71312
3.82113333333333	64784
3.82196666666667	71168
3.82280000000000	56992
3.82363333333333	33056
3.82446666666667	61504
3.82530000000000	64096
3.82615000000000	51456
3.82698333333333	59632
3.82781666666667	60880
3.82865000000000	63552
3.82948333333333	63728
3.83031666666667	68128
3.83115000000000	67632
3.83198333333333	67136
3.83281666666667	54848
3.83365000000000	70864
3.83448333333333	67904
3.83531666666667	64608
3.83615000000000	70128
3.83698333333333	76384
3.83781666666667	57120
3.83865000000000	38336
3.83948333333333	40176
3.84031666666667	57824
3.84115000000000	60464
3.84198333333333	61568
3.84281666666667	67312
3.84366666666667	66928
3.84450000000000	61088
3.84533333333333	67424
3.84616666666667	64624
3.84700000000000	59936
3.84783333333333	45104
3.84866666666667	63808
3.84950000000000	47568
3.85033333333333	51008
3.85116666666667	49760
3.85200000000000	64800
3.85283333333333	65376
3.85366666666667	46864
3.85450000000000	71216
3.85533333333333	55760
3.85616666666667	54912
3.85700000000000	68160
3.85783333333333	59312
3.85866666666667	73456
3.85950000000000	68272
3.86035000000000	69776
3.86118333333333	56400
3.86201666666667	73264
3.86285000000000	65504
3.86368333333333	60720
3.86451666666667	44224
3.86535000000000	64960
3.86618333333333	60592
3.86701666666667	63536
3.86785000000000	60672
3.86868333333333	41568
3.86951666666667	53264
3.87035000000000	68176
3.87118333333333	48736
3.87201666666667	62064
3.87285000000000	66816
3.87368333333333	62768
3.87451666666667	65664
3.87535000000000	54432
3.87618333333333	57120
3.87701666666667	59808
3.87786666666667	63392
3.87870000000000	60208
3.87953333333333	57008
3.88036666666667	66224
3.88120000000000	62320
3.88203333333333	61872
3.88286666666667	61424
3.88370000000000	70624
3.88453333333333	64080
3.88536666666667	57536
3.88620000000000	69216
3.88703333333333	67712
3.88786666666667	42288
3.88870000000000	70032
3.88953333333333	55520
3.89036666666667	61104
3.89120000000000	72720
3.89203333333333	46192
3.89286666666667	64288
3.89370000000000	62400
3.89455000000000	60496
3.89538333333333	39888
3.89621666666667	75392
3.89705000000000	73856
3.89788333333333	56000
3.89871666666667	42944
3.89955000000000	52192
3.90038333333333	55408
3.90121666666667	50480
3.90205000000000	45552
3.90288333333333	58144
3.90371666666667	70608
3.90455000000000	72512
3.90538333333333	75536
3.90621666666667	72192
3.90705000000000	57632
3.90788333333333	58400
3.90871666666667	60688
3.90955000000000	53824
3.91038333333333	57200
3.91121666666667	60576
3.91206666666667	54608
3.91290000000000	59408
3.91373333333333	64192
3.91456666666667	60608
3.91540000000000	57328
3.91623333333333	34752
3.91706666666667	75008
3.91790000000000	66944
3.91873333333333	62592
3.91956666666667	61248
3.92040000000000	51392
3.92123333333333	57360
3.92206666666667	59296
3.92290000000000	62336
3.92373333333333	59408
3.92456666666667	57856
3.92540000000000	56304
3.92623333333333	68688
3.92706666666667	69536
3.92790000000000	44544
3.92873333333333	52960
3.92956666666667	59840
3.93040000000000	50720
3.93123333333333	49120
3.93206666666667	47504
3.93290000000000	51072
3.93373333333333	54656
3.93456666666667	56496
3.93540000000000	47792
3.93623333333333	66512
3.93706666666667	61408
3.93790000000000	71696
3.93873333333333	65616
3.93956666666667	59552
3.94040000000000	59296
3.94123333333333	58288
3.94206666666667	57664
3.94290000000000	57040
3.94373333333333	52592
3.94456666666667	48144
3.94540000000000	53296
3.94625000000000	58448
3.94708333333333	62800
3.94791666666667	63552
3.94875000000000	65952
3.94958333333333	44288
3.95041666666667	60896
3.95125000000000	71424
3.95208333333333	54672
3.95291666666667	63264
3.95375000000000	72496
3.95458333333333	46944
3.95541666666667	72544
3.95625000000000	59072
3.95708333333333	37824
3.95791666666667	59376
3.95875000000000	61984
3.95958333333333	65584
3.96041666666667	49744
3.96125000000000	63200
3.96208333333333	53344
3.96293333333333	65792
3.96376666666667	61392
3.96460000000000	51056
3.96543333333333	55216
3.96626666666667	59376
3.96710000000000	51536
3.96793333333333	62624
3.96876666666667	58448
3.96960000000000	51536
3.97043333333333	61856
3.97126666666667	63856
3.97210000000000	58208
3.97293333333333	56240
3.97376666666667	31444
3.97460000000000	54464
3.97543333333333	70096
3.97626666666667	56688
3.97710000000000	50096
3.97793333333333	52544
3.97876666666667	49840
3.97960000000000	46208
3.98045000000000	51520
3.98128333333333	56816
3.98211666666667	55472
3.98295000000000	54112
3.98378333333333	72592
3.98461666666667	74736
3.98545000000000	68688
3.98628333333333	67840
3.98711666666667	66528
3.98795000000000	66576
3.98878333333333	60464
3.98961666666667	67056
3.99045000000000	56688
3.99128333333333	59824
3.99211666666667	61456
3.99295000000000	63104
3.99378333333333	61600
3.99461666666667	60096
3.99545000000000	57280
3.99628333333333	58800
3.99713333333333	57232
3.99796666666667	55664
3.99880000000000	53696
3.99963333333333	55184
4.00046666666667	46880
4.00130000000000	69504
4.00213333333333	68608
4.00296666666667	45376
4.00380000000000	58304
4.00463333333333	65408
4.00546666666667	60096
4.00630000000000	59984
4.00713333333333	59872
4.00796666666667	65920
4.00880000000000	50304
4.00963333333333	64640
4.01046666666667	58816
4.01130000000000	55840
4.01213333333333	61280
4.01296666666667	51440
4.01380000000000	64336
4.01465000000000	67904
4.01548333333333	57664
4.01631666666667	60832
4.01715000000000	62112
4.01798333333333	54160
4.01881666666667	65632
4.01965000000000	61968
4.02048333333333	65024
4.02131666666667	49872
4.02215000000000	69200
4.02298333333333	56096
4.02381666666667	61312
4.02465000000000	60224
4.02548333333333	54848
4.02631666666667	55344
4.02715000000000	64240
4.02798333333333	58400
4.02881666666667	52560
4.02965000000000	53040
4.03048333333333	62336
4.03133333333333	61936
4.03216666666667	61552
4.03300000000000	61856
4.03383333333333	55616
4.03466666666667	65408
4.03550000000000	61008
4.03633333333333	56608
4.03716666666667	70624
4.03800000000000	69952
4.03883333333333	53312
4.03966666666667	53280
4.04050000000000	66784
4.04133333333333	57504
4.04216666666667	74736
4.04300000000000	65472
4.04383333333333	35712
4.04466666666667	57584
4.04550000000000	53472
4.04633333333333	47040
4.04716666666667	57424
4.04800000000000	58320
4.04885000000000	59216
4.04968333333333	65936
4.05051666666667	67696
4.05135000000000	74800
4.05218333333333	54912
4.05301666666667	61216
4.05385000000000	60272
4.05468333333333	64064
4.05551666666667	61904
4.05635000000000	64752
4.05718333333333	51968
4.05801666666667	54176
4.05885000000000	56384
4.05968333333333	65184
4.06051666666667	62688
4.06135000000000	64672
4.06218333333333	63920
4.06301666666667	58416
4.06385000000000	69792
4.06468333333333	55936
4.06553333333333	69568
4.06636666666667	52928
4.06720000000000	58992
4.06803333333333	50672
4.06886666666667	56976
4.06970000000000	50528
4.07053333333333	52432
4.07136666666667	54336
4.07220000000000	45824
4.07303333333333	37312
4.07386666666667	64032
4.07470000000000	54992
4.07553333333333	63488
4.07636666666667	61600
4.07720000000000	59728
4.07803333333333	66016
4.07886666666667	69168
4.07970000000000	50128
4.08053333333333	70736
4.08136666666667	60592
4.08220000000000	63392
4.08305000000000	59616
4.08388333333333	56544
4.08471666666667	44784
4.08555000000000	64880
4.08638333333333	49184
4.08721666666667	51872
4.08805000000000	63344
4.08888333333333	61200
4.08971666666667	59040
4.09055000000000	55536
4.09138333333333	49680
4.09221666666667	49296
4.09305000000000	66400
4.09388333333333	35040
4.09471666666667	54112
4.09555000000000	41856
4.09638333333333	48464
4.09721666666667	54208
4.09805000000000	50080
4.09888333333333	67392
4.09973333333333	67408
4.10056666666667	66992
4.10140000000000	63216
4.10223333333333	59440
4.10306666666667	53296
4.10390000000000	50624
4.10473333333333	51344
4.10556666666667	52064
4.10640000000000	56832
4.10723333333333	72896
4.10806666666667	67376
4.10890000000000	63136
4.10973333333333	49200
4.11056666666667	48480
4.11140000000000	65584
4.11223333333333	69696
4.11306666666667	69952
4.11390000000000	49008
4.11473333333333	66848
4.11556666666667	60688
4.11638333333333	63904
4.11723333333333	66848
4.11806666666667	68912
4.11890000000000	66688
4.11973333333333	64480
4.12056666666667	62224
4.12140000000000	57488
4.12223333333333	65328
4.12306666666667	60576
4.12390000000000	61360
4.12473333333333	70112
4.12556666666667	48464
4.12640000000000	60304
4.12723333333333	44224
4.12806666666667	30532
4.12890000000000	63152
4.12973333333333	63200
4.13056666666667	58000
4.13140000000000	63712
4.13223333333333	58640
4.13306666666667	63024
4.13391666666667	60736
4.13475000000000	58432
4.13558333333333	63088
4.13641666666667	62544
4.13725000000000	50800
4.13808333333333	64672
4.13891666666667	51232
4.13975000000000	61888
4.14058333333333	58480
4.14141666666667	62816
4.14225000000000	68464
4.14308333333333	65488
4.14391666666667	67952
4.14475000000000	39328
4.14558333333333	55872
4.14641666666667	53248
4.14725000000000	48784
4.14808333333333	49952
4.14891666666667	54592
4.14975000000000	54688
4.15058333333333	54768
4.15143333333333	65536
4.15226666666667	64592
4.15310000000000	58160
4.15393333333333	69696
4.15476666666667	63232
4.15560000000000	57904
4.15643333333333	52768
4.15726666666667	51648
4.15810000000000	56944
4.15893333333333	62224
4.15976666666667	61680
4.16060000000000	61136
4.16143333333333	48800
4.16226666666667	63520
4.16310000000000	49456
4.16393333333333	56368
4.16476666666667	62880
4.16560000000000	62928
4.16643333333333	56208
4.16726666666667	61600
4.16811666666667	38272
4.16895000000000	54624
4.16978333333333	62160
4.17061666666667	61712
4.17145000000000	62816
4.17228333333333	65728
4.17311666666667	68656
4.17395000000000	66144
4.17478333333333	63616
4.17561666666667	55696
4.17645000000000	69952
4.17728333333333	53088
4.17811666666667	65744
4.17895000000000	57088
4.17978333333333	49520
4.18061666666667	52976
4.18145000000000	56416
4.18228333333333	65680
4.18311666666667	64464
4.18395000000000	63360
4.18478333333333	67904
4.18563333333333	58192
4.18646666666667	65120
4.18730000000000	52512
4.18813333333333	64272
4.18896666666667	59856
4.18980000000000	53824
4.19063333333333	58848
4.19146666666667	63888
4.19230000000000	59744
4.19313333333333	55616
4.19396666666667	68560
4.19480000000000	69424
4.19563333333333	63168
4.19646666666667	72464
4.19730000000000	75072
4.19813333333333	69856
4.19896666666667	62976
4.19980000000000	60576
4.20063333333333	55680
4.20146666666667	58016
4.20231666666667	76368
4.20315000000000	73904
4.20398333333333	66880
4.20481666666667	59840
4.20565000000000	58768
4.20648333333333	47376
4.20731666666667	57280
4.20815000000000	61040
4.20898333333333	50960
4.20981666666667	66784
4.21065000000000	47728
4.21148333333333	52016
4.21231666666667	64416
4.21315000000000	62416
4.21398333333333	61728
4.21481666666667	57344
4.21565000000000	62272
4.21648333333333	57760
4.21731666666667	54608
4.21815000000000	50864
4.21898333333333	54352
4.21983333333333	57840
4.22066666666667	54752
4.22150000000000	51664
4.22233333333333	55760
4.22316666666667	55072
4.22400000000000	54368
4.22483333333333	60640
4.22566666666667	66896
4.22650000000000	64928
4.22733333333333	46480
4.22816666666667	65344
4.22900000000000	74160
4.22983333333333	64896
4.23066666666667	56080
4.23150000000000	57424
4.23233333333333	34832
4.23316666666667	63968
4.23400000000000	46768
4.23483333333333	50304
4.23566666666667	71200
4.23650000000000	70208
4.23733333333333	52912
4.23816666666667	66928
4.23900000000000	59104
4.23983333333333	66960
4.24066666666667	70144
4.24150000000000	64960
4.24233333333333	68384
4.24316666666667	70752
4.24400000000000	61568
4.24483333333333	60912
4.24566666666667	52880
4.24650000000000	59056
4.24733333333333	55040
4.24816666666667	53440
4.24900000000000	54816
4.24983333333333	56944
4.25066666666667	68048
4.25150000000000	65728
4.25233333333333	65584
4.25316666666667	68240
4.25401666666667	56304
4.25485000000000	76528
4.25568333333333	69216
4.25651666666667	56320
4.25735000000000	57312
4.25818333333333	66736
4.25901666666667	51104
4.25985000000000	71424
4.26068333333333	53872
4.26151666666667	58944
4.26235000000000	59984
4.26318333333333	55536
4.26401666666667	59552
4.26485000000000	63584
4.26568333333333	59408
4.26651666666667	55248
4.26735000000000	45968
4.26818333333333	48048
4.26901666666667	51872
4.26985000000000	55712
4.27070000000000	66288
4.27153333333333	65248
4.27236666666667	56128
4.27320000000000	64720
4.27403333333333	64176
4.27486666666667	57184
4.27570000000000	50208
4.27653333333333	68304
4.27736666666667	71152
4.27820000000000	46128
4.27903333333333	64768
4.27986666666667	51504
4.28070000000000	52784
4.28153333333333	46752
4.28236666666667	54080
4.28320000000000	61392
4.28403333333333	36768
4.28486666666667	69760
4.28570000000000	75536
4.28653333333333	63584
4.28736666666667	33824
4.28821666666667	63424
4.28905000000000	68688
4.28988333333333	73248
4.29071666666667	56208
4.29155000000000	58496
4.29238333333333	63072
4.29321666666667	60112
4.29405000000000	57616
4.29488333333333	42016
4.29571666666667	41920
4.29655000000000	51184
4.29738333333333	60432
4.29821666666667	71888
4.29905000000000	74192
4.29988333333333	70432
4.30071666666667	60624
4.30155000000000	67200
4.30238333333333	62160
4.30321666666667	54800
4.30405000000000	53584
4.30490000000000	68656
4.30573333333333	65136
4.30656666666667	54176
4.30740000000000	75952
4.30823333333333	74320
4.30906666666667	60816
4.30990000000000	61632
4.31073333333333	51136
4.31156666666667	54224
4.31240000000000	54368
4.31323333333333	64256
4.31406666666667	65648
4.31490000000000	63792
4.31573333333333	49328
4.31656666666667	62160
4.31740000000000	50640
4.31823333333333	46048
4.31906666666667	45936
4.31990000000000	50560
4.32073333333333	50512
4.32156666666667	57200
4.32241666666667	50576
4.32325000000000	43968
4.32408333333333	53616
4.32491666666667	52544
4.32575000000000	55648
4.32658333333333	58832
4.32741666666667	57504
4.32825000000000	65520
4.32908333333333	67168
4.32991666666667	60736
4.33075000000000	36944
4.33158333333333	63280
4.33241666666667	62064
4.33325000000000	45536
4.33408333333333	51920
4.33491666666667	53712
4.33575000000000	55488
4.33658333333333	47440
4.33741666666667	49952
4.33825000000000	52448
4.33910000000000	62240
4.33993333333333	65168
4.34076666666667	52832
4.34160000000000	61424
4.34243333333333	66992
4.34326666666667	66720
4.34410000000000	65696
4.34493333333333	56800
4.34576666666667	52960
4.34660000000000	57600
4.34743333333333	61552
4.34826666666667	65504
4.34910000000000	62816
4.34993333333333	60144
4.35076666666667	54192
4.35160000000000	68560
4.35243333333333	63696
4.35326666666667	63824
4.35410000000000	54928
4.35493333333333	50496
4.35576666666667	47280
4.35661666666667	61104
4.35745000000000	67456
4.35828333333333	61568
4.35911666666667	65632
4.35995000000000	70432
4.36078333333333	59840
4.36161666666667	50208
4.36245000000000	77984
4.36328333333333	44256
4.36411666666667	43792
4.36495000000000	66464
4.36578333333333	60640
4.36661666666667	51424
4.36745000000000	62400
4.36828333333333	66800
4.36911666666667	68864
4.36995000000000	63488
4.37078333333333	48240
4.37161666666667	47792
4.37245000000000	48832
4.37330000000000	48656
4.37413333333333	49168
4.37496666666667	73616
4.37580000000000	71328
4.37663333333333	62672
4.37746666666667	70976
4.37830000000000	55088
4.37913333333333	72032
4.37996666666667	71136
4.38080000000000	53264
4.38163333333333	60944
4.38246666666667	49328
4.38330000000000	61264
4.38413333333333	56000
4.38496666666667	52080
4.38580000000000	51104
4.38663333333333	52576
4.38746666666667	60400
4.38830000000000	55920
4.38911666666667	51456
4.38995000000000	52896
4.39080000000000	55760
4.39163333333333	61888
4.39246666666667	59920
4.39330000000000	62208
4.39413333333333	59920
4.39496666666667	58784
4.39580000000000	57648
4.39663333333333	67776
4.39746666666667	63376
4.39830000000000	58976
4.39913333333333	67536
4.39996666666667	48688
4.40080000000000	72800
4.40163333333333	62464
4.40246666666667	49936
4.40330000000000	56832
4.40413333333333	50496
4.40496666666667	55248
4.40580000000000	60000
4.40663333333333	58992
4.40748333333333	57376
4.40831666666667	55760
4.40915000000000	54528
4.40998333333333	53312
4.41081666666667	52736
4.41165000000000	52160
4.41248333333333	55968
4.41331666666667	59776
4.41415000000000	62224
4.41498333333333	61104
4.41581666666667	57568
4.41665000000000	56752
4.41748333333333	58176
4.41831666666667	56176
4.41915000000000	54160
4.41998333333333	56048
4.42081666666667	55760
4.42165000000000	55472
4.42248333333333	61488
4.42331666666667	62256
4.42415000000000	60512
4.42500000000000	50256
4.42583333333333	56496
4.42666666666667	56896
4.42750000000000	57728
4.42833333333333	62928
4.42916666666667	66640
4.43000000000000	64000
4.43083333333333	57728
4.43166666666667	51200
4.43250000000000	67264
4.43333333333333	65280
4.43416666666667	66368
4.43500000000000	68320
4.43583333333333	60192
4.43666666666667	51088
4.43750000000000	60368
4.43833333333333	61104
4.43916666666667	61280
4.44000000000000	53888
4.44083333333333	65664
4.44168333333333	70688
4.44251666666667	54896
4.44335000000000	53152
4.44418333333333	45472
4.44501666666667	54864
4.44585000000000	58160
4.44668333333333	58912
4.44751666666667	59648
4.44835000000000	61680
4.44918333333333	61344
4.45001666666667	60992
4.45085000000000	58336
4.45168333333333	55776
4.45251666666667	59344
4.45335000000000	62912
4.45418333333333	51200
4.45501666666667	47424
4.45585000000000	62864
4.45668333333333	60288
4.45751666666667	47904
4.45835000000000	64544
4.45920000000000	60672
4.46003333333333	60032
4.46086666666667	67440
4.46170000000000	66768
4.46253333333333	66080
4.46336666666667	60032
4.46420000000000	70336
4.46503333333333	64032
4.46586666666667	58400
4.46670000000000	61168
4.46753333333333	61376
4.46836666666667	61600
4.46920000000000	56672
4.47003333333333	64896
4.47086666666667	57504
4.47170000000000	46032
4.47253333333333	50576
4.47336666666667	55120
4.47420000000000	64624
4.47503333333333	63744
4.47588333333333	62864
4.47671666666667	51184
4.47755000000000	51104
4.47838333333333	61792
4.47921666666667	54592
4.48005000000000	61680
4.48088333333333	56976
4.48171666666667	59536
4.48255000000000	64208
4.48338333333333	68480
4.48421666666667	66208
4.48505000000000	68112
4.48588333333333	60736
4.48671666666667	62224
4.48755000000000	63888
4.48838333333333	62128
4.48921666666667	62416
4.49005000000000	62704
4.49088333333333	56560
4.49171666666667	52096
4.49255000000000	56608
4.49340000000000	72720
4.49423333333333	68368
4.49506666666667	70288
4.49590000000000	49152
4.49673333333333	70464
4.49756666666667	48640
4.49840000000000	65056
4.49923333333333	50864
