1.50330000000000	0
1.50663333333333	0
1.50996666666667	0
1.51330000000000	0
1.51663333333333	0
1.51998333333333	0
1.52331666666667	0
1.52665000000000	0
1.52998333333333	0
1.53331666666667	0
1.53666666666667	0
1.54000000000000	0
1.54333333333333	0
1.54666666666667	0
1.55000000000000	0
1.55335000000000	0
1.55668333333333	0
1.56001666666667	0
1.56335000000000	0
1.56668333333333	0
1.57003333333333	0
1.57336666666667	0
1.57670000000000	0
1.58003333333333	0
1.58336666666667	0
1.58671666666667	0
1.59005000000000	0
1.59338333333333	0
1.59671666666667	0
1.60005000000000	0
1.60340000000000	0
1.60673333333333	0
1.61006666666667	0
1.61340000000000	0
1.61673333333333	0
1.62008333333333	0
1.62341666666667	0
1.62675000000000	0
1.63008333333333	0
1.63341666666667	0
1.63676666666667	0
1.64010000000000	0
1.64343333333333	0
1.64676666666667	0
1.65010000000000	0
1.65345000000000	0
1.65678333333333	0
1.66011666666667	0
1.66345000000000	0
1.66678333333333	0
1.67013333333333	0
1.67346666666667	0
1.67680000000000	0
1.68013333333333	0
1.68346666666667	0
1.68681666666667	0
1.69015000000000	0
1.69348333333333	0
1.69681666666667	0
1.70015000000000	0
1.70350000000000	693
1.70683333333333	347
1.71016666666667	0
1.71350000000000	0
1.71683333333333	31
1.72018333333333	16
1.72351666666667	0
1.72685000000000	0
1.73018333333333	0
1.73351666666667	0
1.73686666666667	0
1.74020000000000	0
1.74353333333333	0
1.74686666666667	0
1.75020000000000	0
1.75355000000000	0
1.75688333333333	0
1.76021666666667	0
1.76355000000000	0
1.76688333333333	0
1.77023333333333	0
1.77356666666667	0
1.77690000000000	0
1.78023333333333	0
1.78356666666667	0
1.78691666666667	0
1.79025000000000	0
1.79358333333333	0
1.79691666666667	0
1.80025000000000	0
1.80360000000000	0
1.80693333333333	0
1.81026666666667	0
1.81360000000000	0
1.81693333333333	0
1.82026666666667	0
1.82361666666667	0
1.82695000000000	0
1.83028333333333	0
1.83361666666667	0
1.83695000000000	0
1.84030000000000	0
1.84363333333333	0
1.84696666666667	0
1.85030000000000	0
1.85363333333333	0
1.85698333333333	0
1.86031666666667	0
1.86365000000000	0
1.86698333333333	0
1.87031666666667	0
1.87366666666667	0
1.87700000000000	0
1.88033333333333	0
1.88366666666667	0
1.88700000000000	0
1.89035000000000	0
1.89368333333333	0
1.89701666666667	0
1.90035000000000	0
1.90368333333333	0
1.90703333333333	0
1.91036666666667	0
1.91370000000000	0
1.91703333333333	0
1.92036666666667	0
1.92371666666667	0
1.92705000000000	0
1.93038333333333	0
1.93371666666667	0
1.93705000000000	0
1.94040000000000	0
1.94373333333333	0
1.94706666666667	0
1.95040000000000	0
1.95373333333333	0
1.95708333333333	0
1.96041666666667	0
1.96375000000000	0
1.96708333333333	0
1.97041666666667	0
1.97376666666667	0
1.97710000000000	0
1.98043333333333	0
1.98376666666667	0
1.98710000000000	0
1.99045000000000	0
1.99378333333333	0
1.99711666666667	0
2.00045000000000	0
2.00378333333333	0
2.00713333333333	0
2.01046666666667	0
2.01380000000000	0
2.01713333333333	0
2.02046666666667	0
2.02381666666667	0
2.02715000000000	0
2.03048333333333	0
2.03381666666667	0
2.03715000000000	0
2.04050000000000	0
2.04383333333333	0
2.04716666666667	0
2.05050000000000	0
2.05383333333333	0
2.05718333333333	0
2.06051666666667	0
2.06385000000000	0
2.06718333333333	0
2.07051666666667	0
2.07386666666667	0
2.07720000000000	0
2.08053333333333	0
2.08386666666667	0
2.08720000000000	0
2.09055000000000	0
2.09388333333333	0
2.09721666666667	0
2.10055000000000	0
2.10388333333333	0
2.10723333333333	0
2.11056666666667	0
2.11390000000000	0
2.11723333333333	0
2.12056666666667	0
2.12391666666667	0
2.12725000000000	0
2.13058333333333	0
2.13391666666667	0
2.13725000000000	0
2.14060000000000	0
2.14393333333333	0
2.14726666666667	0
2.15060000000000	0
2.15393333333333	0
2.15726666666667	0
2.16061666666667	0
2.16395000000000	0
2.16728333333333	0
2.17061666666667	0
2.17395000000000	0
2.17730000000000	0
2.18063333333333	0
2.18396666666667	0
2.18730000000000	0
2.19063333333333	0
2.19398333333333	0
2.19731666666667	0
2.20065000000000	0
2.20398333333333	0
2.20731666666667	0
2.21066666666667	0
2.21400000000000	0
2.21733333333333	0
2.22066666666667	0
2.22400000000000	0
2.22735000000000	0
2.23068333333333	0
2.23401666666667	0
2.23735000000000	0
2.24068333333333	0
2.24403333333333	0
2.24736666666667	0
2.25070000000000	0
2.25403333333333	0
2.25736666666667	0
2.26071666666667	0
2.26405000000000	0
2.26738333333333	0
2.27071666666667	0
2.27405000000000	0
2.27740000000000	0
2.28073333333333	0
2.28406666666667	0
2.28740000000000	0
2.29073333333333	0
2.29408333333333	0
2.29741666666667	0
2.30075000000000	0
2.30408333333333	0
2.30741666666667	0
2.31076666666667	656
2.31410000000000	328
2.31743333333333	0
2.32076666666667	656
2.32410000000000	1313
2.32745000000000	2124
2.33078333333333	1828
2.33411666666667	0
2.33745000000000	1340
2.34078333333333	0
2.34413333333333	0
2.34746666666667	989
2.35080000000000	1179
2.35413333333333	1502
2.35746666666667	1266
2.36081666666667	0
2.36415000000000	1729
2.36748333333333	1682
2.37081666666667	2028
2.37415000000000	816
2.37750000000000	1868
2.38083333333333	1909
2.38416666666667	587
2.38750000000000	0
2.39083333333333	2233
2.39418333333333	2091
2.39751666666667	998
2.40085000000000	2889
2.40418333333333	3301
2.40751666666667	1551
2.41086666666667	2126
2.41420000000000	2702
2.41753333333333	2547
2.42086666666667	3101
2.42420000000000	0
2.42755000000000	2542
2.43088333333333	2521
2.43421666666667	0
2.43755000000000	0
2.44088333333333	4007
2.44423333333333	5471
2.44756666666667	5236
2.45090000000000	5328
2.45423333333333	4131
2.45756666666667	8147
2.46091666666667	7959
2.46425000000000	0
2.46758333333333	3448
2.47091666666667	6961
2.47425000000000	2790
2.47760000000000	6363
2.48093333333333	3682
2.48426666666667	2781
2.48760000000000	6237
2.49093333333333	918
2.49426666666667	4798
2.49761666666667	3197
2.50095000000000	2616
2.50428333333333	3106
2.50761666666667	2700
2.51095000000000	100
2.51430000000000	1492
2.51763333333333	2330
2.52096666666667	3168
2.52430000000000	2335
2.52763333333333	1502
2.53098333333333	1476
2.53431666666667	884
2.53765000000000	666
2.54098333333333	448
2.54431666666667	1554
2.54766666666667	3879
2.55100000000000	3274
2.55433333333333	2668
2.55766666666667	2112
2.56100000000000	1818
2.56435000000000	1159
2.56768333333333	499
2.57101666666667	2527
2.57435000000000	2593
2.57768333333333	2658
2.58103333333333	2299
2.58436666666667	2601
2.58770000000000	2902
2.59103333333333	4469
2.59436666666667	4925
2.59771666666667	5381
2.60105000000000	1558
2.60438333333333	1481
2.60771666666667	3020
2.61105000000000	3538
2.61440000000000	4056
2.61773333333333	2456
2.62106666666667	3277
2.62440000000000	5853
2.62773333333333	5258
2.63108333333333	1304
2.63441666666667	3714
2.63775000000000	780
2.64108333333333	2236
2.64441666666667	0
2.64776666666667	1513
2.65110000000000	3026
2.65443333333333	4059
2.65776666666667	3489
2.66110000000000	9384
2.66445000000000	9208
2.66778333333333	7219
2.67111666666667	3969
2.67445000000000	4610
2.67778333333333	8137
2.68113333333333	5567
2.68446666666667	5602
2.68780000000000	1359
2.69113333333333	6783
2.69446666666667	8027
2.69781666666667	3760
2.70115000000000	8464
2.70448333333333	770
2.70781666666667	2005
2.71115000000000	2289
2.71450000000000	2574
2.71783333333333	3055
2.72116666666667	4384
2.72450000000000	5646
2.72783333333333	4516
2.73118333333333	1968
2.73451666666667	2981
2.73785000000000	3995
2.74118333333333	4001
2.74451666666667	5238
2.74786666666667	1473
2.75120000000000	1761
2.75453333333333	4964
2.75786666666667	289
2.76120000000000	8133
2.76455000000000	6878
2.76788333333333	4769
2.77121666666667	2794
2.77455000000000	1893
2.77788333333333	2023
2.78123333333333	3342
2.78456666666667	4281
2.78790000000000	747
2.79123333333333	5003
2.79456666666667	2228
2.79791666666667	2392
2.80125000000000	2557
2.80458333333333	3301
2.80791666666667	3089
2.81125000000000	2877
2.81460000000000	7313
2.81793333333333	6337
2.82126666666667	9584
2.82460000000000	0
2.82793333333333	4756
2.83126666666667	7454
2.83461666666667	5815
2.83795000000000	2158
2.84128333333333	7162
2.84461666666667	1895
2.84795000000000	3859
2.85130000000000	2983
2.85463333333333	8524
2.85796666666667	5729
2.86130000000000	2932
2.86463333333333	1754
2.86798333333333	3647
2.87131666666667	5540
2.87465000000000	10228
2.87798333333333	8176
2.88131666666667	10108
2.88466666666667	4051
2.88800000000000	3419
2.89133333333333	6381
2.89466666666667	1882
2.89800000000000	2203
2.90135000000000	2523
2.90468333333333	2170
2.90801666666667	2009
2.91135000000000	1849
2.91468333333333	4118
2.91803333333333	6564
2.92136666666667	6890
2.92470000000000	3732
2.92803333333333	5292
2.93136666666667	6539
2.93471666666667	3497
2.93805000000000	0
2.94138333333333	2711
2.94471666666667	2522
2.94805000000000	2332
2.95140000000000	6490
2.95473333333333	8708
2.95806666666667	5543
2.96140000000000	7276
2.96473333333333	5176
2.96808333333333	4084
2.97141666666667	4747
2.97475000000000	3099
2.97808333333333	5450
2.98141666666667	5237
2.98476666666667	2181
2.98810000000000	3239
2.99143333333333	4442
2.99476666666667	5971
2.99810000000000	5403
3.00145000000000	2894
3.00478333333333	5108
3.00811666666667	1477
3.01145000000000	9376
3.01478333333333	8416
3.01813333333333	3076
3.02146666666667	6690
3.02480000000000	6995
3.02813333333333	5011
3.03146666666667	230
3.03481666666667	9276
3.03815000000000	8396
3.04148333333333	6126
3.04481666666667	7723
3.04815000000000	5249
3.05150000000000	4841
3.05483333333333	3978
3.05816666666667	3116
3.06150000000000	7392
3.06483333333333	6795
3.06818333333333	6198
3.07151666666667	6975
3.07485000000000	6990
3.07818333333333	7004
3.08151666666667	3409
3.08486666666667	1847
3.08820000000000	7035
3.09153333333333	6836
3.09486666666667	6833
3.09820000000000	0
3.10155000000000	9484
3.10488333333333	5198
3.10821666666667	5656
3.11155000000000	7939
3.11488333333333	4926
3.11823333333333	6727
3.12156666666667	5488
3.12490000000000	4571
3.12823333333333	6212
3.13156666666667	3515
3.13491666666667	4032
3.13825000000000	4914
3.14158333333333	4848
3.14491666666667	4782
3.14825000000000	4020
3.15160000000000	3258
3.15493333333333	5237
3.15826666666667	4380
3.16160000000000	3524
3.16493333333333	2937
3.16826666666667	4777
3.17161666666667	1303
3.17495000000000	4682
3.17828333333333	4874
3.18161666666667	5066
3.18495000000000	4747
3.18830000000000	4429
3.19163333333333	4801
3.19496666666667	5174
3.19830000000000	5070
3.20163333333333	2117
3.20498333333333	3366
3.20831666666667	3620
3.21165000000000	3874
3.21498333333333	2005
3.21831666666667	3926
3.22166666666667	3946
3.22500000000000	1718
3.22833333333333	4838
3.23166666666667	3152
3.23500000000000	5237
3.23835000000000	5320
3.24168333333333	3017
3.24501666666667	1842
3.24835000000000	3634
3.25168333333333	4560
3.25503333333333	3591
3.25836666666667	2622
3.26170000000000	3186
3.26503333333333	3751
3.26836666666667	4215
3.27171666666667	2485
3.27505000000000	4685
3.27838333333333	6885
3.28171666666667	197
3.28505000000000	5872
3.28840000000000	3159
3.29173333333333	3192
3.29506666666667	2357
3.29840000000000	2863
3.30173333333333	6597
3.30508333333333	4653
3.30841666666667	2710
3.31175000000000	6910
3.31508333333333	5321
3.31841666666667	9040
3.32176666666667	1680
3.32510000000000	4157
3.32843333333333	6198
3.33176666666667	6051
3.33510000000000	5903
3.33845000000000	1132
3.34178333333333	3730
3.34511666666667	4551
3.34845000000000	3362
3.35178333333333	2174
3.35513333333333	2978
3.35846666666667	3783
3.36180000000000	2618
3.36513333333333	1453
3.36846666666667	4507
3.37181666666667	4246
3.37515000000000	4453
3.37848333333333	5534
3.38181666666667	3420
3.38515000000000	1306
3.38850000000000	4847
3.39183333333333	3543
3.39516666666667	3234
3.39850000000000	2925
3.40183333333333	4127
3.40518333333333	0
3.40851666666667	6871
3.41185000000000	4441
3.41518333333333	4127
3.41851666666667	5083
3.42186666666667	4279
3.42520000000000	4391
3.42853333333333	4503
3.43186666666667	5609
3.43520000000000	6715
3.43855000000000	1347
3.44188333333333	4829
3.44521666666667	8312
3.44855000000000	10320
3.45188333333333	3296
3.45523333333333	8504
3.45856666666667	8528
3.46190000000000	3673
3.46523333333333	6148
3.46856666666667	2573
3.47191666666667	2971
3.47525000000000	2005
3.47858333333333	2205
3.48191666666667	2406
3.48525000000000	3146
3.48860000000000	2933
3.49193333333333	2721
3.49526666666667	937
3.49860000000000	6568
3.50193333333333	5960
3.50526666666667	3714
3.50861666666667	1673
3.51195000000000	8592
3.51528333333333	6410
3.51861666666667	10008
3.52195000000000	6285
3.52530000000000	6263
3.52863333333333	4432
3.53196666666667	6998
3.53530000000000	9772
3.53863333333333	9752
3.54198333333333	7600
3.54531666666667	5373
3.54865000000000	5878
3.55198333333333	3751
3.55531666666667	1505
3.55866666666667	2382
3.56200000000000	8504
3.56533333333333	7398
3.56866666666667	3393
3.57200000000000	3796
3.57535000000000	5736
3.57868333333333	5343
3.58201666666667	4950
3.58535000000000	4040
3.58868333333333	5888
3.59203333333333	4645
3.59536666666667	3524
3.59870000000000	4193
3.60203333333333	4861
3.60536666666667	4845
3.60871666666667	4829
3.61205000000000	6772
3.61538333333333	2334
3.61871666666667	3708
3.62205000000000	3988
3.62540000000000	5242
3.62873333333333	4013
3.63206666666667	2784
3.63540000000000	3817
3.63873333333333	3588
3.64208333333333	3359
3.64541666666667	4439
3.64875000000000	4056
3.65208333333333	3673
3.65541666666667	2878
3.65876666666667	3288
3.66210000000000	3698
3.66543333333333	6469
3.66876666666667	8556
3.67210000000000	7847
3.67545000000000	6034
3.67878333333333	4128
3.68211666666667	7149
3.68545000000000	5713
3.68878333333333	2412
3.69213333333333	7261
3.69546666666667	8976
3.69880000000000	5969
3.70213333333333	5920
3.70546666666667	4372
3.70881666666667	1732
3.71215000000000	1929
3.71548333333333	6250
3.71881666666667	4883
3.72215000000000	7891
3.72550000000000	7381
3.72883333333333	1248
3.73216666666667	5145
3.73550000000000	2663
3.73883333333333	2050
3.74218333333333	11056
3.74551666666667	14708
3.74885000000000	12504
3.75218333333333	2215
3.75551666666667	6075
3.75886666666667	7358
3.76220000000000	1112
3.76553333333333	2642
3.76886666666667	1495
3.77220000000000	2322
3.77555000000000	3148
3.77888333333333	3102
3.78221666666667	3055
3.78555000000000	4882
3.78888333333333	6709
3.79223333333333	5470
3.79556666666667	4231
3.79890000000000	4065
3.80223333333333	606
3.80556666666667	2534
3.80891666666667	4462
3.81225000000000	581
3.81558333333333	5825
3.81891666666667	3011
3.82225000000000	2455
3.82560000000000	6926
3.82893333333333	5011
3.83226666666667	2913
3.83560000000000	815
3.83893333333333	6548
3.84226666666667	5221
3.84561666666667	6041
3.84895000000000	1139
3.85228333333333	3847
3.85561666666667	1576
3.85895000000000	7435
3.86230000000000	6413
3.86563333333333	5392
3.86896666666667	3988
3.87230000000000	2585
3.87563333333333	3037
3.87898333333333	4003
3.88231666666667	6718
3.88565000000000	6307
3.88898333333333	6926
3.89231666666667	3248
3.89566666666667	3513
3.89900000000000	6163
3.90233333333333	6789
3.90566666666667	6286
3.90900000000000	6805
3.91235000000000	7323
3.91568333333333	3778
3.91901666666667	5584
3.92235000000000	7389
3.92568333333333	1320
3.92903333333333	4269
3.93236666666667	7218
3.93570000000000	4564
3.93903333333333	3564
3.94236666666667	2564
3.94571666666667	1019
3.94905000000000	3071
3.95238333333333	5124
3.95571666666667	4877
3.95905000000000	4809
3.96240000000000	4741
3.96573333333333	4066
3.96906666666667	2977
3.97240000000000	0
3.97573333333333	4181
3.97908333333333	3638
3.98241666666667	6649
3.98575000000000	6384
3.98908333333333	6119
3.99241666666667	6012
3.99576666666667	3355
3.99910000000000	0
4.00243333333333	6498
4.00576666666667	4330
4.00910000000000	4476
4.01245000000000	3238
4.01578333333333	3365
4.01911666666667	3492
4.02245000000000	5966
4.02578333333333	4844
4.02913333333333	3721
4.03246666666667	2540
4.03580000000000	2238
4.03913333333333	1597
4.04246666666667	1269
4.04581666666667	1059
4.04915000000000	850
4.05248333333333	1864
4.05581666666667	2878
4.05915000000000	3045
4.06250000000000	3212
4.06583333333333	2794
4.06916666666667	3320
4.07250000000000	3845
4.07583333333333	3918
4.07918333333333	2272
4.08251666666667	5245
4.08585000000000	1677
4.08918333333333	3886
4.09251666666667	4196
4.09586666666667	4507
4.09920000000000	0
4.10253333333333	7655
4.10586666666667	4790
4.10920000000000	1148
4.11255000000000	9216
4.11588333333333	4675
4.11921666666667	1741
4.12255000000000	4665
4.12588333333333	1465
4.12923333333333	4554
4.13256666666667	5576
4.13590000000000	3282
4.13923333333333	5445
4.14256666666667	3948
4.14591666666667	2451
4.14925000000000	3124
4.15258333333333	3798
4.15591666666667	4402
4.15925000000000	1311
4.16260000000000	6519
4.16593333333333	6726
4.16926666666667	745
4.17260000000000	1673
4.17593333333333	3165
4.17926666666667	8176
4.18261666666667	9424
4.18595000000000	10392
4.18928333333333	9440
4.19261666666667	3055
4.19595000000000	3259
4.19930000000000	6400
4.20263333333333	5759
4.20596666666667	4254
4.20930000000000	3830
4.21263333333333	4278
4.21598333333333	6035
4.21931666666667	5080
4.22265000000000	4126
4.22598333333333	3708
4.22931666666667	1394
4.23266666666667	2689
4.23600000000000	3984
4.23933333333333	7778
4.24266666666667	6056
4.24600000000000	4339
4.24935000000000	2735
4.25268333333333	4272
4.25601666666667	7532
4.25935000000000	6475
4.26268333333333	3397
4.26603333333333	7326
4.26936666666667	6809
4.27270000000000	5109
4.27603333333333	4773
4.27936666666667	4405
4.28271666666667	4036
4.28605000000000	2981
4.28938333333333	5597
4.29271666666667	4896
4.29605000000000	3349
4.29940000000000	6263
4.30273333333333	3912
4.30606666666667	2017
4.30940000000000	2791
4.31273333333333	5355
4.31608333333333	4926
4.31941666666667	4496
4.32275000000000	0
4.32608333333333	2370
4.32941666666667	5178
4.33276666666667	2242
4.33610000000000	4468
4.33943333333333	4184
4.34276666666667	4936
4.34610000000000	5688
4.34945000000000	6748
4.35278333333333	7419
4.35611666666667	4091
4.35945000000000	4270
4.36278333333333	3025
4.36613333333333	1513
4.36946666666667	2592
4.37280000000000	3672
4.37613333333333	2929
4.37946666666667	2187
4.38281666666667	4310
4.38615000000000	3561
4.38948333333333	2812
4.39281666666667	5292
4.39615000000000	6438
4.39950000000000	7584
4.40283333333333	1509
4.40616666666667	4695
4.40950000000000	4251
4.41283333333333	8057
4.41618333333333	8768
4.41951666666667	6659
4.42285000000000	4599
4.42618333333333	1999
4.42951666666667	8364
4.43286666666667	5715
4.43620000000000	4566
4.43953333333333	2535
4.44286666666667	2006
4.44620000000000	1478
4.44955000000000	3859
4.45288333333333	2593
4.45621666666667	1328
4.45955000000000	1718
4.46288333333333	2109
4.46623333333333	2945
4.46956666666667	3589
4.47290000000000	4234
4.47623333333333	903
4.47956666666667	5333
4.48291666666667	8884
4.48625000000000	6425
4.48958333333333	3161
4.49291666666667	7806
4.49625000000000	6499
