1.50330000000000	565
1.50663333333333	0
1.50996666666667	662
1.51330000000000	1104
1.51663333333333	999
1.51998333333333	298
1.52331666666667	655
1.52665000000000	447
1.52998333333333	239
1.53331666666667	0
1.53666666666667	354
1.54000000000000	557
1.54333333333333	761
1.54666666666667	13
1.55000000000000	0
1.55335000000000	0
1.55668333333333	0
1.56001666666667	0
1.56335000000000	29
1.56668333333333	57
1.57003333333333	1354
1.57336666666667	1624
1.57670000000000	486
1.58003333333333	1186
1.58336666666667	355
1.58671666666667	143
1.59005000000000	297
1.59338333333333	546
1.59671666666667	0
1.60005000000000	142
1.60340000000000	283
1.60673333333333	0
1.61006666666667	247
1.61340000000000	188
1.61671666666667	1767
1.62005000000000	1450
1.62340000000000	142
1.62673333333333	542
1.63006666666667	284
1.63340000000000	69
1.63673333333333	717
1.64008333333333	604
1.64341666666667	0
1.64675000000000	673
1.65008333333333	314
1.65341666666667	275
1.65676666666667	498
1.66010000000000	635
1.66343333333333	771
1.66676666666667	777
1.67010000000000	1214
1.67345000000000	1528
1.67678333333333	1207
1.68011666666667	35
1.68345000000000	0
1.68678333333333	1612
1.69013333333333	289
1.69346666666667	1685
1.69680000000000	847
1.70013333333333	12
1.70346666666667	83
1.70681666666667	1096
1.71015000000000	717
1.71348333333333	910
1.71681666666667	655
1.72013333333333	401
1.72348333333333	15
1.72681666666667	282
1.73015000000000	333
1.73348333333333	358
1.73681666666667	773
1.74016666666667	476
1.74350000000000	178
1.74683333333333	397
1.75016666666667	592
1.75350000000000	313
1.75683333333333	864
1.76018333333333	794
1.76351666666667	380
1.76685000000000	1014
1.77018333333333	535
1.77351666666667	80
1.77686666666667	0
1.78020000000000	438
1.78353333333333	383
1.78686666666667	325
1.79020000000000	421
1.79355000000000	0
1.79688333333333	12
1.80021666666667	565
1.80355000000000	283
1.80688333333333	0
1.81023333333333	160
1.81356666666667	320
1.81690000000000	157
1.82023333333333	78
1.82356666666667	0
1.82690000000000	196
1.83023333333333	12
1.83356666666667	6
1.83690000000000	0
1.84023333333333	296
1.84358333333333	148
1.84691666666667	0
1.85025000000000	158
1.85358333333333	316
1.85691666666667	586
1.86026666666667	460
1.86360000000000	333
1.86693333333333	341
1.87026666666667	401
1.87360000000000	125
1.87695000000000	1073
1.88028333333333	1042
1.88361666666667	1270
1.88695000000000	379
1.89028333333333	236
1.89361666666667	30
1.89696666666667	385
1.90030000000000	12
1.90363333333333	212
1.90696666666667	235
1.91030000000000	258
1.91365000000000	129
1.91698333333333	0
1.92031666666667	79
1.92365000000000	347
1.92698333333333	506
1.93033333333333	253
1.93366666666667	0
1.93700000000000	593
1.94033333333333	277
1.94366666666667	376
1.94701666666667	475
1.95035000000000	423
1.95368333333333	551
1.95701666666667	446
1.96035000000000	342
1.96370000000000	618
1.96703333333333	472
1.97036666666667	327
1.97370000000000	354
1.97703333333333	386
1.98038333333333	193
1.98371666666667	0
1.98705000000000	78
1.99038333333333	46
1.99371666666667	14
1.99705000000000	32
2.00038333333333	0
2.00371666666667	409
2.00705000000000	818
2.01038333333333	470
2.01373333333333	123
2.01706666666667	449
2.02040000000000	562
2.02373333333333	0
2.02706666666667	437
2.03040000000000	0
2.03375000000000	129
2.03708333333333	339
2.04041666666667	181
2.04375000000000	355
2.04708333333333	447
2.05043333333333	540
2.05376666666667	0
2.05710000000000	199
2.06043333333333	195
2.06376666666667	98
2.06711666666667	0
2.07045000000000	81
2.07378333333333	162
2.07711666666667	81
2.08045000000000	0
2.08380000000000	47
2.08713333333333	94
2.09046666666667	0
2.09380000000000	0
2.09711666666667	0
2.10046666666667	0
2.10380000000000	557
2.10713333333333	279
2.11046666666667	0
2.11380000000000	0
2.11715000000000	0
2.12048333333333	0
2.12381666666667	0
2.12715000000000	0
2.13048333333333	0
2.13383333333333	0
2.13716666666667	588
2.14050000000000	294
2.14383333333333	0
2.14716666666667	698
2.15051666666667	734
2.15385000000000	0
2.15718333333333	582
2.16051666666667	0
2.16385000000000	0
2.16718333333333	513
2.17053333333333	151
2.17386666666667	0
2.17720000000000	468
2.18053333333333	378
2.18385000000000	807
2.18720000000000	468
2.19053333333333	1489
2.19386666666667	1202
2.19720000000000	1212
2.20053333333333	990
2.20388333333333	0
2.20721666666667	0
2.21055000000000	875
2.21388333333333	859
2.21721666666667	0
2.22056666666667	390
2.22390000000000	686
2.22723333333333	372
2.23056666666667	1591
2.23390000000000	1279
2.23725000000000	564
2.24058333333333	1011
2.24391666666667	767
2.24725000000000	523
2.25056666666667	1561
2.25391666666667	2268
2.25725000000000	2975
2.26058333333333	2641
2.26391666666667	2293
2.26725000000000	3911
2.27060000000000	5846
2.27393333333333	7376
2.27726666666667	5912
2.28060000000000	7673
2.28393333333333	8368
2.28728333333333	7993
2.29061666666667	7618
2.29395000000000	9176
2.29728333333333	13892
2.30061666666667	12328
2.30395000000000	14536
2.30730000000000	14540
2.31063333333333	14288
2.31396666666667	14036
2.31730000000000	20488
2.32063333333333	19260
2.32398333333333	24660
2.32731666666667	25160
2.33065000000000	26604
2.33398333333333	27404
2.33731666666667	28204
2.34066666666667	35296
2.34400000000000	35808
2.34733333333333	33424
2.35066666666667	31996
2.35400000000000	36112
2.35735000000000	36992
2.36068333333333	37872
2.36401666666667	30340
2.36733333333333	41424
2.37066666666667	46128
2.37401666666667	52800
2.37735000000000	53744
2.38068333333333	54704
2.38401666666667	51952
2.38735000000000	55200
2.39070000000000	58432
2.39403333333333	62608
2.39736666666667	66768
2.40070000000000	66112
2.40403333333333	59184
2.40738333333333	65312
2.41071666666667	76864
2.41405000000000	84368
2.41738333333333	86592
2.42071666666667	83824
2.42406666666667	76400
2.42740000000000	98672
2.43073333333333	101712
2.43406666666667	89008
2.43740000000000	102720
2.44073333333333	107184
2.44408333333333	66640
2.44741666666667	88368
2.45075000000000	110832
2.45408333333333	97360
2.45741666666667	116000
2.46076666666667	122384
2.46410000000000	112560
2.46743333333333	108160
2.47076666666667	125952
2.47408333333333	120928
2.47743333333333	131776
2.48076666666667	120784
2.48410000000000	145600
2.48743333333333	151360
2.49076666666667	119808
2.49411666666667	127632
2.49745000000000	92368
2.50078333333333	144256
2.50411666666667	121504
2.50745000000000	133440
2.51080000000000	97568
2.51413333333333	128720
2.51746666666667	136256
2.52080000000000	109744
2.52413333333333	126112
2.52748333333333	161856
2.53081666666667	151296
2.53415000000000	151936
2.53748333333333	153728
2.54080000000000	162368
2.54415000000000	140608
2.54748333333333	140672
2.55081666666667	169088
2.55415000000000	158464
2.55748333333333	139136
2.56083333333333	135680
2.56416666666667	142144
2.56750000000000	125584
2.57083333333333	134592
2.57416666666667	130192
2.57750000000000	125824
2.58085000000000	155392
2.58418333333333	157248
2.58751666666667	143104
2.59085000000000	165952
2.59418333333333	183040
2.59753333333333	98768
2.60086666666667	172928
2.60420000000000	135360
2.60753333333333	168128
2.61086666666667	153536
2.61421666666667	148608
2.61755000000000	177728
2.62088333333333	140160
2.62420000000000	144896
2.62753333333333	174464
2.63088333333333	157248
2.63421666666667	157952
2.63755000000000	138880
2.64088333333333	149888
2.64421666666667	160384
2.64756666666667	157120
2.65090000000000	153920
2.65423333333333	128720
2.65756666666667	137344
2.66090000000000	171520
2.66425000000000	176000
2.66758333333333	154944
2.67091666666667	134848
2.67425000000000	175744
2.67758333333333	174848
2.68093333333333	168064
2.68426666666667	183616
2.68760000000000	148480
2.69091666666667	155328
2.69425000000000	191168
2.69760000000000	144768
2.70093333333333	173568
2.70426666666667	166080
2.70760000000000	187392
2.71093333333333	158336
2.71426666666667	156800
2.71761666666667	178112
2.72095000000000	164352
2.72428333333333	158912
2.72761666666667	183168
2.73095000000000	161984
2.73430000000000	177280
2.73763333333333	173248
2.74096666666667	191104
2.74430000000000	150144
2.74763333333333	149952
2.75098333333333	166912
2.75431666666667	153856
2.75765000000000	128800
2.76098333333333	156480
2.76431666666667	173504
2.76766666666667	185536
2.77100000000000	130576
2.77433333333333	123520
2.77766666666667	172608
2.78100000000000	165120
2.78435000000000	186560
2.78768333333333	167424
2.79101666666667	184896
2.79435000000000	187264
2.79768333333333	189248
2.80103333333333	183872
2.80436666666667	178432
2.80770000000000	183104
2.81103333333333	182336
2.81436666666667	172800
2.81771666666667	185088
2.82105000000000	180480
2.82438333333333	168576
2.82771666666667	117152
2.83105000000000	154496
2.83438333333333	197440
2.83771666666667	163840
2.84105000000000	162560
2.84438333333333	178368
2.84771666666667	172608
2.85105000000000	166912
2.85440000000000	192128
2.85773333333333	145024
2.86106666666667	175040
2.86440000000000	110752
2.86773333333333	182784
2.87108333333333	164736
2.87441666666667	191680
2.87775000000000	174528
2.88108333333333	174592
2.88441666666667	181824
2.88776666666667	158720
2.89110000000000	140160
2.89443333333333	153792
2.89776666666667	182592
2.90110000000000	184832
2.90445000000000	176576
2.90778333333333	201088
2.91111666666667	154880
2.91445000000000	188288
2.91778333333333	168640
2.92113333333333	181568
2.92446666666667	180736
2.92780000000000	166656
2.93113333333333	174976
2.93446666666667	149312
2.93781666666667	163328
2.94115000000000	197632
2.94448333333333	182016
2.94781666666667	168704
2.95115000000000	169728
2.95450000000000	173568
2.95783333333333	175040
2.96116666666667	176512
2.96450000000000	184000
2.96781666666667	195136
2.97116666666667	149632
2.97450000000000	192320
2.97783333333333	165632
2.98116666666667	152768
2.98450000000000	194560
2.98783333333333	168000
2.99118333333333	177408
2.99451666666667	170752
2.99785000000000	128096
3.00118333333333	141760
3.00451666666667	146496
3.00786666666667	151232
3.01120000000000	162176
3.01453333333333	177536
3.01786666666667	170752
3.02120000000000	163968
3.02455000000000	179712
3.02788333333333	195520
3.03121666666667	190848
3.03455000000000	157248
3.03788333333333	185792
3.04123333333333	131072
3.04456666666667	202496
3.04790000000000	169216
3.05123333333333	188992
3.05456666666667	184576
3.05791666666667	181312
3.06125000000000	152000
3.06458333333333	209280
3.06791666666667	188544
3.07125000000000	156800
3.07460000000000	163712
3.07793333333333	177408
3.08126666666667	172288
3.08460000000000	121888
3.08793333333333	203584
3.09128333333333	107248
3.09461666666667	169152
3.09795000000000	168512
3.10128333333333	173952
3.10461666666667	189248
3.10795000000000	129616
3.11128333333333	153024
3.11461666666667	166016
3.11795000000000	143872
3.12128333333333	192704
3.12461666666667	113424
3.12796666666667	152448
3.13130000000000	196160
3.13463333333333	179392
3.13796666666667	193152
3.14130000000000	200640
3.14465000000000	141056
3.14798333333333	175680
3.15131666666667	182464
3.15465000000000	172992
3.15798333333333	181440
3.16133333333333	169280
3.16466666666667	172352
3.16800000000000	136256
3.17133333333333	155264
3.17466666666667	185664
3.17801666666667	170496
3.18135000000000	177088
3.18468333333333	183296
3.18801666666667	160256
3.19135000000000	160896
3.19470000000000	176384
3.19803333333333	163776
3.20136666666667	182848
3.20470000000000	187776
3.20801666666667	183552
3.21136666666667	184064
3.21470000000000	170624
3.21803333333333	176384
3.22136666666667	164480
3.22470000000000	176960
3.22805000000000	153728
3.23138333333333	159872
3.23471666666667	166208
3.23805000000000	172032
3.24138333333333	168576
3.24473333333333	165056
3.24806666666667	162752
3.25140000000000	167744
3.25473333333333	172672
3.25806666666667	149760
3.26140000000000	159104
3.26475000000000	189248
3.26808333333333	183360
3.27141666666667	187200
3.27475000000000	139200
3.27808333333333	187136
3.28143333333333	195776
3.28476666666667	158336
3.28810000000000	195392
3.29143333333333	164544
3.29476666666667	154880
3.29811666666667	190272
3.30145000000000	146880
3.30478333333333	197056
3.30811666666667	181312
3.31145000000000	187648
3.31480000000000	195072
3.31813333333333	179072
3.32146666666667	194304
3.32480000000000	128752
3.32813333333333	160064
3.33148333333333	191424
3.33481666666667	168512
3.33815000000000	181120
3.34148333333333	179968
3.34481666666667	164672
3.34816666666667	191552
3.35150000000000	114624
3.35483333333333	174912
3.35816666666667	185088
3.36150000000000	212544
3.36485000000000	161728
3.36818333333333	129776
3.37151666666667	169984
3.37485000000000	169920
3.37818333333333	183552
3.38151666666667	189056
3.38485000000000	189120
3.38818333333333	151040
3.39151666666667	208000
3.39485000000000	202880
3.39818333333333	186496
3.40153333333333	176064
3.40486666666667	188544
3.40820000000000	190592
3.41153333333333	174976
3.41486666666667	178048
3.41821666666667	180864
3.42155000000000	145472
3.42488333333333	162560
3.42821666666667	151168
3.43155000000000	163456
3.43490000000000	175680
3.43823333333333	169792
3.44156666666667	132480
3.44490000000000	184448
3.44823333333333	190016
3.45158333333333	182912
3.45491666666667	175168
3.45825000000000	173376
3.46158333333333	179840
3.46490000000000	172544
3.46825000000000	165248
3.47158333333333	170368
3.47491666666667	175488
3.47825000000000	140800
3.48158333333333	150784
3.48493333333333	160704
3.48826666666667	186048
3.49160000000000	189632
3.49493333333333	155200
3.49826666666667	206016
3.50161666666667	135104
3.50495000000000	151040
3.50828333333333	189632
3.51161666666667	180800
3.51495000000000	172032
3.51830000000000	180288
3.52163333333333	172160
3.52496666666667	164096
3.52830000000000	157184
3.53163333333333	163520
3.53496666666667	196608
3.53831666666667	191040
3.54165000000000	206272
3.54498333333333	168768
3.54831666666667	182848
3.55163333333333	133312
3.55498333333333	180224
3.55831666666667	131200
3.56165000000000	191360
3.56498333333333	173376
3.56831666666667	200640
3.57166666666667	190912
3.57500000000000	143808
3.57833333333333	207168
3.58166666666667	177984
3.58500000000000	171456
3.58835000000000	152704
3.59168333333333	173952
3.59501666666667	182208
3.59835000000000	178816
3.60168333333333	175424
3.60503333333333	167936
3.60836666666667	181952
3.61170000000000	174912
3.61503333333333	186048
3.61836666666667	163712
3.62171666666667	164672
3.62505000000000	184768
3.62838333333333	153600
3.63171666666667	192832
3.63505000000000	161984
3.63840000000000	145984
3.64173333333333	192576
3.64506666666667	191744
3.64840000000000	204544
3.65173333333333	161216
3.65508333333333	178432
3.65841666666667	176832
3.66175000000000	139776
3.66508333333333	171584
3.66841666666667	155008
3.67173333333333	121664
3.67508333333333	192640
3.67841666666667	175808
3.68175000000000	203712
3.68508333333333	198016
3.68841666666667	155264
3.69176666666667	146816
3.69510000000000	196928
3.69843333333333	166784
3.70176666666667	162304
3.70510000000000	176064
3.70845000000000	162752
3.71178333333333	165440
3.71511666666667	168128
3.71845000000000	163328
3.72178333333333	158528
3.72513333333333	159168
3.72846666666667	159872
3.73180000000000	134208
3.73513333333333	149312
3.73846666666667	164352
3.74181666666667	153152
3.74515000000000	141952
3.74848333333333	184000
3.75181666666667	196096
3.75515000000000	154624
3.75848333333333	174528
3.76181666666667	158848
3.76515000000000	160896
3.76848333333333	149632
3.77181666666667	145280
3.77516666666667	177088
3.77850000000000	197504
3.78183333333333	193856
3.78516666666667	135936
3.78850000000000	167424
3.79185000000000	144448
3.79518333333333	145664
3.79851666666667	146880
3.80185000000000	178816
3.80518333333333	171456
3.80851666666667	182144
3.81186666666667	168768
3.81520000000000	140992
3.81853333333333	166016
3.82185000000000	166976
3.82518333333333	167616
3.82853333333333	167104
3.83186666666667	140928
3.83520000000000	169216
3.83853333333333	154432
3.84186666666667	160000
3.84521666666667	174528
3.84855000000000	186880
3.85188333333333	177280
3.85521666666667	190912
3.85855000000000	158272
3.86190000000000	158976
3.86523333333333	161856
3.86856666666667	168704
3.87190000000000	159232
3.87523333333333	149696
3.87858333333333	192192
3.88191666666667	190400
3.88525000000000	188736
3.88858333333333	193088
3.89191666666667	179904
3.89526666666667	189120
3.89860000000000	187968
3.90193333333333	186816
3.90526666666667	190720
3.90860000000000	144000
3.91193333333333	186368
3.91526666666667	131328
3.91860000000000	164160
3.92193333333333	134976
3.92526666666667	140480
3.92861666666667	145984
3.93195000000000	148160
3.93528333333333	195072
3.93861666666667	192640
3.94195000000000	191680
3.94528333333333	142848
3.94863333333333	195328
3.95196666666667	185152
3.95530000000000	171840
3.95863333333333	192512
3.96196666666667	180736
3.96531666666667	186304
3.96865000000000	159552
3.97198333333333	153920
3.97531666666667	164736
3.97865000000000	163264
3.98200000000000	161728
3.98533333333333	153408
3.98866666666667	194560
3.99200000000000	197120
3.99531666666667	143744
3.99866666666667	161856
4.00200000000000	179712
4.00533333333333	204224
4.00866666666667	186496
4.01200000000000	149632
4.01535000000000	188992
4.01868333333333	161280
4.02201666666667	189952
4.02535000000000	161920
4.02868333333333	176384
4.03203333333333	150656
4.03536666666667	181824
4.03870000000000	158720
4.04203333333333	184192
4.04536666666667	158912
4.04871666666667	145728
4.05205000000000	151424
4.05538333333333	149952
4.05871666666667	149120
4.06205000000000	148352
4.06540000000000	170880
4.06873333333333	169472
4.07206666666667	140928
4.07538333333333	174272
4.07871666666667	159744
4.08205000000000	159104
4.08540000000000	175616
4.08873333333333	178944
4.09206666666667	130368
4.09540000000000	179840
4.09873333333333	187904
4.10208333333333	191168
4.10541666666667	190848
4.10875000000000	191680
4.11208333333333	192640
4.11541666666667	193600
4.11876666666667	171456
4.12210000000000	144960
4.12543333333333	166912
4.12876666666667	145856
4.13210000000000	146624
4.13545000000000	147456
4.13878333333333	149056
4.14211666666667	152320
4.14545000000000	154304
4.14878333333333	181568
4.15213333333333	192320
4.15546666666667	165824
4.15880000000000	140864
4.16213333333333	180416
4.16546666666667	150464
4.16881666666667	179712
4.17215000000000	154048
4.17548333333333	128160
4.17880000000000	131648
4.18213333333333	193344
4.18548333333333	184640
4.18881666666667	160832
4.19215000000000	147072
4.19548333333333	176960
4.19881666666667	162752
4.20216666666667	150656
4.20550000000000	171840
4.20883333333333	183808
4.21216666666667	183104
4.21550000000000	165632
4.21883333333333	170176
4.22218333333333	130544
4.22551666666667	181696
4.22885000000000	150336
4.23218333333333	138560
4.23551666666667	185856
4.23886666666667	181184
4.24220000000000	187456
4.24553333333333	151936
4.24886666666667	182336
4.25220000000000	199552
4.25555000000000	153088
4.25888333333333	168128
4.26221666666667	143296
4.26555000000000	121888
4.26888333333333	185600
4.27223333333333	195072
4.27556666666667	176896
4.27890000000000	183936
4.28223333333333	186048
4.28555000000000	174592
4.28890000000000	177984
4.29223333333333	191424
4.29556666666667	162944
4.29890000000000	148800
4.30223333333333	136384
4.30558333333333	148032
4.30891666666667	197376
4.31225000000000	185280
4.31558333333333	159552
4.31891666666667	149696
4.32226666666667	158784
4.32560000000000	173312
4.32893333333333	167296
4.33226666666667	161216
4.33560000000000	177216
4.33895000000000	177600
4.34228333333333	155008
4.34561666666667	186368
4.34895000000000	188096
4.35226666666667	189312
4.35560000000000	188608
4.35895000000000	187968
4.36228333333333	172480
4.36561666666667	150592
4.36895000000000	191936
4.37228333333333	176448
4.37563333333333	180608
4.37896666666667	134400
4.38230000000000	187520
4.38563333333333	105296
4.38896666666667	199680
4.39231666666667	186688
4.39565000000000	171648
4.39898333333333	187072
4.40231666666667	197312
4.40565000000000	120272
4.40900000000000	131968
4.41233333333333	200192
4.41566666666667	122448
4.41900000000000	190976
4.42233333333333	161856
4.42568333333333	180992
4.42901666666667	179904
4.43235000000000	160640
4.43568333333333	142784
4.43901666666667	172736
4.44236666666667	143744
4.44570000000000	133696
4.44903333333333	174528
4.45236666666667	175232
4.45570000000000	161664
4.45905000000000	177280
4.46238333333333	178432
4.46571666666667	179584
4.46905000000000	193408
4.47238333333333	190016
4.47573333333333	176192
4.47906666666667	161792
4.48240000000000	174208
4.48573333333333	170496
4.48905000000000	189568
4.49238333333333	181504
4.49573333333333	149440
