1.50081666666667	1834
1.50165000000000	0
1.50248333333333	950
1.50331666666667	0
1.50415000000000	557
1.50498333333333	181
1.50581666666667	305
1.50665000000000	176
1.50748333333333	47
1.50831666666667	0
1.50915000000000	0
1.50998333333333	86
1.51081666666667	43
1.51165000000000	0
1.51248333333333	0
1.51331666666667	0
1.51415000000000	21
1.51498333333333	41
1.51581666666667	21
1.51663333333333	0
1.51746666666667	0
1.51831666666667	468
1.51915000000000	516
1.51998333333333	975
1.52081666666667	783
1.52165000000000	0
1.52248333333333	0
1.52331666666667	164
1.52415000000000	82
1.52498333333333	0
1.52581666666667	221
1.52665000000000	0
1.52748333333333	270
1.52831666666667	475
1.52915000000000	351
1.52998333333333	494
1.53081666666667	531
1.53165000000000	569
1.53248333333333	0
1.53331666666667	0
1.53415000000000	583
1.53500000000000	106
1.53583333333333	53
1.53666666666667	0
1.53750000000000	247
1.53833333333333	446
1.53916666666667	305
1.54000000000000	0
1.54083333333333	193
1.54166666666667	97
1.54250000000000	0
1.54333333333333	106
1.54416666666667	53
1.54500000000000	0
1.54583333333333	0
1.54666666666667	50
1.54750000000000	100
1.54833333333333	57
1.54916666666667	13
1.55000000000000	66
1.55083333333333	33
1.55166666666667	0
1.55251666666667	0
1.55335000000000	0
1.55418333333333	0
1.55501666666667	0
1.55585000000000	0
1.55668333333333	0
1.55751666666667	0
1.55835000000000	0
1.55918333333333	0
1.56001666666667	0
1.56085000000000	0
1.56168333333333	0
1.56251666666667	0
1.56335000000000	0
1.56418333333333	0
1.56501666666667	0
1.56585000000000	0
1.56668333333333	0
1.56751666666667	248
1.56835000000000	124
1.56920000000000	0
1.57003333333333	0
1.57086666666667	128
1.57170000000000	257
1.57253333333333	285
1.57336666666667	313
1.57420000000000	0
1.57503333333333	383
1.57586666666667	0
1.57670000000000	461
1.57753333333333	296
1.57836666666667	121
1.57920000000000	0
1.58003333333333	225
1.58086666666667	174
1.58170000000000	113
1.58253333333333	614
1.58336666666667	653
1.58420000000000	0
1.58503333333333	0
1.58586666666667	190
1.58671666666667	95
1.58755000000000	0
1.58838333333333	56
1.58921666666667	114
1.59005000000000	31
1.59088333333333	76
1.59171666666667	121
1.59255000000000	75
1.59338333333333	29
1.59421666666667	0
1.59505000000000	0
1.59588333333333	0
1.59671666666667	0
1.59755000000000	0
1.59838333333333	0
1.59921666666667	0
1.60005000000000	0
1.60088333333333	0
1.60171666666667	0
1.60255000000000	434
1.60338333333333	408
1.60421666666667	0
1.60505000000000	0
1.60588333333333	286
1.60671666666667	306
1.60755000000000	326
1.60838333333333	0
1.60921666666667	0
1.61005000000000	0
1.61088333333333	0
1.61171666666667	21
1.61255000000000	10
1.61338333333333	0
1.61421666666667	0
1.61505000000000	0
1.61588333333333	0
1.61671666666667	0
1.61755000000000	7
1.61838333333333	3
1.61921666666667	0
1.62005000000000	0
1.62090000000000	0
1.62173333333333	0
1.62256666666667	0
1.62340000000000	0
1.62423333333333	142
1.62506666666667	71
1.62590000000000	0
1.62673333333333	0
1.62756666666667	0
1.62840000000000	0
1.62923333333333	0
1.63006666666667	57
1.63090000000000	29
1.63173333333333	0
1.63256666666667	0
1.63340000000000	0
1.63423333333333	0
1.63506666666667	0
1.63590000000000	0
1.63673333333333	0
1.63758333333333	0
1.63841666666667	0
1.63925000000000	0
1.64008333333333	0
1.64091666666667	203
1.64175000000000	101
1.64258333333333	0
1.64341666666667	343
1.64425000000000	455
1.64508333333333	0
1.64591666666667	0
1.64675000000000	348
1.64758333333333	295
1.64841666666667	0
1.64925000000000	0
1.65008333333333	367
1.65091666666667	191
1.65175000000000	0
1.65258333333333	0
1.65341666666667	0
1.65425000000000	0
1.65510000000000	0
1.65593333333333	162
1.65676666666667	175
1.65760000000000	87
1.65843333333333	0
1.65926666666667	0
1.66010000000000	0
1.66093333333333	0
1.66176666666667	0
1.66260000000000	0
1.66343333333333	0
1.66426666666667	0
1.66510000000000	0
1.66593333333333	0
1.66676666666667	0
1.66760000000000	0
1.66843333333333	0
1.66926666666667	0
1.67010000000000	0
1.67093333333333	0
1.67178333333333	0
1.67261666666667	151
1.67345000000000	302
1.67428333333333	293
1.67511666666667	188
1.67595000000000	0
1.67678333333333	0
1.67761666666667	0
1.67845000000000	83
1.67928333333333	167
1.68011666666667	83
1.68095000000000	0
1.68178333333333	200
1.68261666666667	400
1.68343333333333	296
1.68426666666667	0
1.68510000000000	0
1.68593333333333	0
1.68676666666667	0
1.68760000000000	678
1.68843333333333	782
1.68928333333333	435
1.69011666666667	0
1.69095000000000	0
1.69178333333333	12
1.69261666666667	45
1.69345000000000	366
1.69428333333333	320
1.69511666666667	224
1.69595000000000	0
1.69678333333333	0
1.69761666666667	0
1.69845000000000	0
1.69928333333333	0
1.70011666666667	0
1.70095000000000	0
1.70178333333333	0
1.70261666666667	0
1.70345000000000	131
1.70428333333333	191
1.70511666666667	251
1.70596666666667	0
1.70680000000000	0
1.70763333333333	0
1.70846666666667	443
1.70930000000000	221
1.71013333333333	0
1.71096666666667	0
1.71180000000000	0
1.71263333333333	0
1.71346666666667	0
1.71430000000000	0
1.71513333333333	0
1.71596666666667	0
1.71680000000000	0
1.71763333333333	0
1.71846666666667	0
1.71930000000000	0
1.72013333333333	0
1.72096666666667	0
1.72180000000000	12
1.72263333333333	213
1.72348333333333	197
1.72431666666667	181
1.72515000000000	681
1.72598333333333	715
1.72681666666667	0
1.72765000000000	0
1.72848333333333	203
1.72931666666667	198
1.73015000000000	193
1.73098333333333	317
1.73181666666667	0
1.73265000000000	0
1.73348333333333	0
1.73431666666667	0
1.73515000000000	0
1.73598333333333	182
1.73681666666667	551
1.73765000000000	699
1.73848333333333	730
1.73931666666667	610
1.74016666666667	490
1.74100000000000	0
1.74183333333333	319
1.74266666666667	0
1.74350000000000	212
1.74433333333333	424
1.74516666666667	400
1.74600000000000	0
1.74683333333333	0
1.74766666666667	0
1.74850000000000	0
1.74933333333333	0
1.75016666666667	0
1.75100000000000	0
1.75183333333333	0
1.75266666666667	0
1.75350000000000	0
1.75433333333333	59
1.75516666666667	118
1.75600000000000	65
1.75683333333333	13
1.75768333333333	6
1.75851666666667	0
1.75935000000000	0
1.76018333333333	0
1.76101666666667	0
1.76185000000000	0
1.76268333333333	0
1.76351666666667	0
1.76435000000000	0
1.76518333333333	0
1.76601666666667	0
1.76685000000000	0
1.76768333333333	0
1.76851666666667	0
1.76935000000000	0
1.77018333333333	0
1.77101666666667	0
1.77185000000000	0
1.77268333333333	0
1.77351666666667	0
1.77436666666667	38
1.77520000000000	76
1.77603333333333	38
1.77686666666667	0
1.77770000000000	351
1.77853333333333	176
1.77936666666667	0
1.78020000000000	0
1.78103333333333	0
1.78186666666667	558
1.78270000000000	504
1.78353333333333	252
1.78436666666667	0
1.78520000000000	0
1.78603333333333	19
1.78686666666667	10
1.78770000000000	0
1.78853333333333	0
1.78936666666667	575
1.79020000000000	288
1.79103333333333	0
1.79188333333333	0
1.79271666666667	0
1.79355000000000	0
1.79438333333333	0
1.79521666666667	17
1.79605000000000	8
1.79688333333333	0
1.79771666666667	0
1.79855000000000	0
1.79938333333333	0
1.80021666666667	0
1.80105000000000	0
1.80188333333333	0
1.80271666666667	294
1.80355000000000	147
1.80438333333333	0
1.80521666666667	0
1.80605000000000	129
1.80688333333333	0
1.80771666666667	0
1.80856666666667	0
1.80940000000000	0
1.81023333333333	0
1.81106666666667	0
1.81190000000000	85
1.81273333333333	305
1.81356666666667	152
1.81440000000000	0
1.81523333333333	182
1.81606666666667	0
1.81690000000000	565
1.81773333333333	282
1.81856666666667	0
1.81940000000000	229
1.82023333333333	521
1.82106666666667	395
1.82190000000000	357
1.82271666666667	0
1.82355000000000	0
1.82438333333333	0
1.82521666666667	0
1.82606666666667	0
1.82690000000000	0
1.82773333333333	0
1.82856666666667	0
1.82940000000000	0
1.83023333333333	0
1.83106666666667	0
1.83190000000000	105
1.83273333333333	52
1.83356666666667	0
1.83440000000000	0
1.83523333333333	0
1.83606666666667	0
1.83690000000000	0
1.83773333333333	0
1.83856666666667	0
1.83940000000000	0
1.84023333333333	0
1.84106666666667	0
1.84190000000000	0
1.84275000000000	245
1.84358333333333	123
1.84441666666667	0
1.84525000000000	0
1.84608333333333	232
1.84691666666667	116
1.84775000000000	0
1.84858333333333	0
1.84941666666667	0
1.85025000000000	0
1.85108333333333	0
1.85191666666667	0
1.85275000000000	0
1.85358333333333	189
1.85441666666667	379
1.85525000000000	458
1.85608333333333	453
1.85691666666667	0
1.85775000000000	0
1.85858333333333	0
1.85941666666667	0
1.86026666666667	0
1.86110000000000	0
1.86193333333333	0
1.86276666666667	138
1.86360000000000	276
1.86443333333333	333
1.86526666666667	0
1.86610000000000	0
1.86693333333333	0
1.86776666666667	0
1.86860000000000	814
1.86943333333333	752
1.87026666666667	281
1.87110000000000	0
1.87193333333333	0
1.87276666666667	0
1.87360000000000	0
1.87443333333333	0
1.87526666666667	0
1.87610000000000	0
1.87695000000000	0
1.87778333333333	0
1.87861666666667	0
1.87945000000000	0
1.88028333333333	0
1.88111666666667	0
1.88195000000000	0
1.88278333333333	0
1.88361666666667	0
1.88445000000000	909
1.88528333333333	703
1.88611666666667	0
1.88695000000000	0
1.88778333333333	0
1.88861666666667	0
1.88945000000000	401
1.89028333333333	350
1.89111666666667	242
1.89195000000000	150
1.89278333333333	93
1.89361666666667	36
1.89446666666667	0
1.89530000000000	0
1.89613333333333	0
1.89696666666667	0
1.89780000000000	0
1.89863333333333	0
1.89946666666667	0
1.90030000000000	0
1.90113333333333	0
1.90196666666667	0
1.90280000000000	0
1.90363333333333	84
1.90446666666667	42
1.90530000000000	0
1.90613333333333	95
1.90696666666667	0
1.90780000000000	0
1.90861666666667	0
1.90945000000000	0
1.91028333333333	0
1.91115000000000	0
1.91198333333333	0
1.91281666666667	0
1.91365000000000	0
1.91448333333333	0
1.91531666666667	0
1.91615000000000	0
1.91698333333333	0
1.91781666666667	148
1.91865000000000	74
1.91948333333333	0
1.92031666666667	0
1.92115000000000	271
1.92198333333333	420
1.92281666666667	401
1.92365000000000	382
1.92448333333333	203
1.92531666666667	14
1.92615000000000	407
1.92698333333333	0
1.92781666666667	0
1.92866666666667	0
1.92950000000000	177
1.93033333333333	89
1.93116666666667	0
1.93200000000000	0
1.93283333333333	0
1.93366666666667	0
1.93450000000000	0
1.93533333333333	0
1.93616666666667	0
1.93700000000000	0
1.93783333333333	0
1.93866666666667	0
1.93950000000000	0
1.94033333333333	0
1.94116666666667	0
1.94200000000000	0
1.94283333333333	319
1.94366666666667	713
1.94450000000000	356
1.94535000000000	0
1.94618333333333	601
1.94701666666667	0
1.94785000000000	708
1.94868333333333	413
1.94951666666667	0
1.95035000000000	688
1.95118333333333	0
1.95201666666667	96
1.95285000000000	193
1.95368333333333	0
1.95451666666667	114
1.95535000000000	227
1.95618333333333	0
1.95701666666667	203
1.95785000000000	268
1.95868333333333	0
1.95951666666667	404
1.96035000000000	202
1.96118333333333	0
1.96201666666667	0
1.96286666666667	0
1.96370000000000	0
1.96453333333333	0
1.96536666666667	277
1.96620000000000	139
1.96703333333333	0
1.96786666666667	0
1.96870000000000	0
1.96953333333333	0
1.97036666666667	0
1.97120000000000	0
1.97203333333333	0
1.97286666666667	0
1.97370000000000	0
1.97453333333333	0
1.97536666666667	0
1.97620000000000	0
1.97701666666667	0
1.97785000000000	0
1.97868333333333	0
1.97953333333333	0
1.98036666666667	410
1.98120000000000	623
1.98203333333333	312
1.98286666666667	0
1.98370000000000	0
1.98453333333333	0
1.98536666666667	386
1.98620000000000	381
1.98703333333333	0
1.98786666666667	304
1.98870000000000	0
1.98953333333333	0
1.99036666666667	498
1.99120000000000	644
1.99203333333333	351
1.99286666666667	0
1.99370000000000	140
1.99453333333333	0
1.99536666666667	305
1.99620000000000	153
1.99705000000000	0
1.99788333333333	0
1.99871666666667	0
1.99955000000000	0
2.00038333333333	0
2.00121666666667	0
2.00205000000000	0
2.00288333333333	0
2.00371666666667	0
2.00455000000000	0
2.00538333333333	0
2.00621666666667	0
2.00705000000000	0
2.00788333333333	169
2.00871666666667	85
2.00955000000000	0
2.01038333333333	187
2.01121666666667	94
2.01205000000000	0
2.01288333333333	0
2.01373333333333	0
2.01456666666667	214
2.01540000000000	107
2.01623333333333	0
2.01706666666667	0
2.01790000000000	0
2.01873333333333	0
2.01956666666667	0
2.02040000000000	0
2.02123333333333	506
2.02206666666667	570
2.02290000000000	635
2.02373333333333	0
2.02456666666667	562
2.02540000000000	0
2.02623333333333	0
2.02706666666667	57
2.02790000000000	0
2.02873333333333	0
2.02956666666667	0
2.03040000000000	44
2.03125000000000	22
2.03208333333333	0
2.03291666666667	0
2.03375000000000	0
2.03458333333333	29
2.03541666666667	14
2.03625000000000	0
2.03708333333333	0
2.03791666666667	115
2.03875000000000	139
2.03958333333333	164
2.04041666666667	0
2.04125000000000	668
2.04208333333333	334
2.04291666666667	0
2.04375000000000	0
2.04458333333333	352
2.04541666666667	0
2.04625000000000	0
2.04708333333333	223
2.04793333333333	385
2.04876666666667	391
2.04960000000000	398
2.05043333333333	345
2.05126666666667	483
2.05210000000000	453
2.05293333333333	422
2.05376666666667	497
2.05460000000000	0
2.05543333333333	429
2.05626666666667	214
2.05710000000000	0
2.05793333333333	478
2.05876666666667	297
2.05958333333333	0
2.06041666666667	0
2.06125000000000	138
2.06208333333333	0
2.06291666666667	0
2.06375000000000	0
2.06458333333333	0
2.06543333333333	0
2.06626666666667	0
2.06710000000000	0
2.06793333333333	0
2.06876666666667	0
2.06960000000000	0
2.07043333333333	0
2.07126666666667	0
2.07210000000000	0
2.07293333333333	0
2.07376666666667	0
2.07460000000000	0
2.07543333333333	0
2.07626666666667	0
2.07710000000000	0
2.07793333333333	0
2.07876666666667	0
2.07960000000000	0
2.08043333333333	0
2.08126666666667	6
2.08211666666667	3
2.08295000000000	0
2.08378333333333	0
2.08461666666667	278
2.08545000000000	273
2.08628333333333	137
2.08711666666667	0
2.08795000000000	0
2.08878333333333	0
2.08961666666667	0
2.09045000000000	0
2.09128333333333	0
2.09211666666667	0
2.09295000000000	0
2.09378333333333	0
2.09461666666667	0
2.09545000000000	0
2.09628333333333	13
2.09711666666667	7
2.09795000000000	0
2.09878333333333	168
2.09963333333333	258
2.10046666666667	129
2.10130000000000	0
2.10213333333333	12
2.10296666666667	0
2.10380000000000	469
2.10463333333333	384
2.10546666666667	0
2.10630000000000	0
2.10713333333333	0
2.10796666666667	0
2.10880000000000	149
2.10963333333333	75
2.11046666666667	0
2.11130000000000	0
2.11213333333333	0
2.11296666666667	0
2.11380000000000	0
2.11463333333333	136
2.11546666666667	272
2.11631666666667	311
2.11715000000000	381
2.11798333333333	317
2.11881666666667	0
2.11965000000000	0
2.12048333333333	473
2.12131666666667	629
2.12215000000000	0
2.12298333333333	85
2.12381666666667	0
2.12465000000000	0
2.12548333333333	0
2.12631666666667	0
2.12715000000000	0
2.12798333333333	0
2.12881666666667	0
2.12965000000000	0
2.13048333333333	409
2.13131666666667	420
2.13215000000000	574
2.13298333333333	580
2.13383333333333	0
2.13466666666667	0
2.13550000000000	0
2.13633333333333	194
2.13716666666667	97
2.13800000000000	0
2.13883333333333	12
2.13966666666667	0
2.14050000000000	0
2.14133333333333	0
2.14216666666667	75
2.14300000000000	38
2.14383333333333	0
2.14466666666667	0
2.14550000000000	0
2.14633333333333	0
2.14716666666667	0
2.14800000000000	0
2.14883333333333	0
2.14966666666667	0
2.15051666666667	0
2.15135000000000	139
2.15218333333333	378
2.15301666666667	423
2.15385000000000	468
2.15468333333333	458
2.15551666666667	0
2.15635000000000	525
2.15718333333333	415
2.15801666666667	305
2.15885000000000	932
2.15968333333333	983
2.16051666666667	0
2.16135000000000	245
2.16218333333333	974
2.16301666666667	0
2.16385000000000	12
2.16468333333333	982
2.16551666666667	847
2.16635000000000	22
2.16718333333333	0
2.16803333333333	12
2.16886666666667	284
2.16970000000000	271
2.17053333333333	232
2.17136666666667	193
2.17220000000000	0
2.17303333333333	0
2.17386666666667	9
2.17470000000000	18
2.17553333333333	404
2.17636666666667	326
2.17720000000000	248
2.17803333333333	0
2.17886666666667	0
2.17970000000000	0
2.18053333333333	474
2.18135000000000	278
2.18218333333333	82
2.18301666666667	0
2.18385000000000	0
2.18470000000000	0
2.18553333333333	0
2.18636666666667	0
2.18720000000000	0
2.18803333333333	0
2.18886666666667	362
2.18970000000000	525
2.19053333333333	355
2.19136666666667	707
2.19220000000000	0
2.19303333333333	0
2.19386666666667	469
2.19470000000000	165
2.19553333333333	385
2.19636666666667	0
2.19720000000000	0
2.19803333333333	0
2.19886666666667	0
2.19970000000000	0
2.20053333333333	0
2.20136666666667	445
2.20221666666667	576
2.20305000000000	0
2.20388333333333	142
2.20471666666667	231
2.20555000000000	320
2.20638333333333	160
2.20721666666667	0
2.20805000000000	0
2.20888333333333	0
2.20971666666667	0
2.21055000000000	0
2.21138333333333	0
2.21221666666667	0
2.21305000000000	0
2.21388333333333	0
2.21471666666667	0
2.21555000000000	0
2.21638333333333	0
2.21721666666667	0
2.21805000000000	106
2.21890000000000	212
2.21973333333333	386
2.22056666666667	385
2.22140000000000	192
2.22223333333333	0
2.22306666666667	355
2.22390000000000	0
2.22473333333333	441
2.22556666666667	145
2.22640000000000	0
2.22723333333333	0
2.22806666666667	0
2.22890000000000	0
2.22973333333333	517
2.23056666666667	440
2.23140000000000	189
2.23223333333333	290
2.23306666666667	500
2.23390000000000	0
2.23473333333333	0
2.23556666666667	13
2.23641666666667	0
2.23725000000000	0
2.23808333333333	13
2.23891666666667	0
2.23975000000000	208
2.24058333333333	104
2.24141666666667	0
2.24225000000000	0
2.24308333333333	180
2.24391666666667	90
2.24475000000000	0
2.24558333333333	148
2.24641666666667	295
2.24725000000000	148
2.24808333333333	0
2.24891666666667	31
2.24973333333333	0
2.25056666666667	6
2.25140000000000	12
2.25223333333333	0
2.25308333333333	89
2.25391666666667	178
2.25475000000000	271
2.25558333333333	363
2.25641666666667	12
2.25725000000000	522
2.25808333333333	0
2.25891666666667	215
2.25975000000000	429
2.26058333333333	1028
2.26141666666667	689
2.26225000000000	350
2.26308333333333	362
2.26391666666667	779
2.26475000000000	498
2.26558333333333	542
2.26641666666667	537
2.26725000000000	531
2.26808333333333	0
2.26891666666667	1512
2.26975000000000	1732
2.27060000000000	0
2.27143333333333	402
2.27226666666667	630
2.27310000000000	858
2.27393333333333	1072
2.27476666666667	1045
2.27560000000000	1018
2.27643333333333	1781
2.27726666666667	2018
2.27810000000000	2236
2.27893333333333	629
2.27976666666667	910
2.28060000000000	1304
2.28143333333333	676
2.28226666666667	750
2.28310000000000	1231
2.28393333333333	275
2.28476666666667	1322
2.28560000000000	1520
2.28643333333333	1333
2.28728333333333	1427
2.28811666666667	1521
2.28895000000000	1441
2.28978333333333	1362
2.29061666666667	1629
2.29145000000000	2139
2.29228333333333	2164
2.29311666666667	2014
2.29395000000000	761
2.29478333333333	1414
2.29561666666667	3061
2.29645000000000	2552
2.29728333333333	2541
2.29811666666667	3335
2.29895000000000	2656
2.29978333333333	1977
2.30061666666667	2669
2.30145000000000	1649
2.30228333333333	630
2.30311666666667	1841
2.30395000000000	2178
2.30480000000000	2240
2.30563333333333	2467
2.30646666666667	1828
2.30730000000000	1189
2.30813333333333	2093
2.30896666666667	2961
2.30980000000000	2933
2.31063333333333	3801
2.31146666666667	3445
2.31230000000000	5113
2.31313333333333	4501
2.31396666666667	1433
2.31480000000000	5786
2.31563333333333	2281
2.31646666666667	5473
2.31730000000000	1197
2.31813333333333	3130
2.31896666666667	2110
2.31980000000000	2314
2.32063333333333	2518
2.32148333333333	3056
2.32231666666667	3594
2.32315000000000	3860
2.32398333333333	4126
2.32481666666667	4539
2.32565000000000	2236
2.32648333333333	5177
2.32731666666667	3460
2.32815000000000	3179
2.32898333333333	5620
2.32981666666667	5154
2.33065000000000	5047
2.33148333333333	3251
2.33231666666667	5912
2.33315000000000	668
2.33398333333333	3466
2.33481666666667	2546
2.33565000000000	4670
2.33648333333333	5147
2.33731666666667	5704
2.33815000000000	4616
2.33900000000000	7519
2.33983333333333	2479
2.34066666666667	5063
2.34150000000000	5806
2.34233333333333	8187
2.34316666666667	7883
2.34400000000000	7110
2.34483333333333	6030
2.34566666666667	8716
2.34650000000000	8700
2.34733333333333	6337
2.34816666666667	11064
2.34900000000000	9240
2.34983333333333	5472
2.35066666666667	2747
2.35150000000000	3970
2.35233333333333	8912
2.35316666666667	8828
2.35400000000000	5267
2.35483333333333	6485
2.35568333333333	6074
2.35651666666667	6075
2.35735000000000	6076
2.35818333333333	7858
2.35901666666667	7644
2.35985000000000	7430
2.36068333333333	7162
2.36151666666667	5143
2.36235000000000	7164
2.36318333333333	6071
2.36401666666667	4979
2.36485000000000	9020
2.36568333333333	9096
2.36651666666667	9848
2.36735000000000	11512
2.36818333333333	6408
2.36901666666667	9464
2.36983333333333	14236
2.37066666666667	14556
2.37150000000000	9740
2.37233333333333	11560
2.37318333333333	11812
2.37401666666667	11140
2.37485000000000	10204
2.37568333333333	9268
2.37651666666667	5444
2.37735000000000	11008
2.37818333333333	9232
2.37901666666667	7452
2.37985000000000	11204
2.38068333333333	9488
2.38151666666667	10268
2.38235000000000	13212
2.38318333333333	12768
2.38401666666667	10488
2.38485000000000	10828
2.38568333333333	11184
2.38651666666667	10384
2.38735000000000	9588
2.38818333333333	11124
2.38901666666667	11792
2.38986666666667	12464
2.39070000000000	12680
2.39153333333333	12896
2.39236666666667	12920
2.39320000000000	12944
2.39403333333333	14416
2.39486666666667	15472
2.39570000000000	18248
2.39653333333333	10132
2.39736666666667	8372
2.39820000000000	13876
2.39903333333333	17668
2.39986666666667	14940
2.40070000000000	10336
2.40153333333333	12224
2.40236666666667	13420
2.40320000000000	17588
2.40403333333333	16192
2.40486666666667	14464
2.40570000000000	15372
2.40653333333333	15440
2.40738333333333	11888
2.40821666666667	15848
2.40905000000000	12276
2.40988333333333	15640
2.41071666666667	16460
2.41155000000000	16296
2.41238333333333	16128
2.41321666666667	15756
2.41405000000000	15384
2.41488333333333	15392
2.41571666666667	11452
2.41655000000000	15456
2.41738333333333	17212
2.41821666666667	16736
2.41905000000000	16260
2.41988333333333	19604
2.42071666666667	19272
2.42155000000000	15268
2.42238333333333	23428
2.42321666666667	22884
2.42406666666667	23468
2.42490000000000	18896
2.42573333333333	20936
2.42656666666667	18880
2.42740000000000	21192
2.42823333333333	17852
2.42906666666667	19192
2.42990000000000	19564
2.43073333333333	16952
2.43156666666667	18668
2.43240000000000	20384
2.43323333333333	17772
2.43406666666667	21036
2.43490000000000	19320
2.43573333333333	17604
2.43656666666667	17892
2.43740000000000	18176
2.43823333333333	14764
2.43906666666667	19048
2.43990000000000	16172
2.44073333333333	18896
2.44158333333333	21416
2.44241666666667	20600
2.44325000000000	19784
2.44408333333333	19352
2.44491666666667	18920
2.44575000000000	20384
2.44658333333333	21848
2.44741666666667	21736
2.44825000000000	21628
2.44908333333333	28016
2.44991666666667	29416
2.45075000000000	20652
2.45158333333333	18748
2.45241666666667	28252
2.45325000000000	19992
2.45408333333333	28140
2.45491666666667	31852
2.45575000000000	22776
2.45658333333333	27400
2.45740000000000	18108
2.45825000000000	28276
2.45908333333333	32960
2.45991666666667	23564
2.46075000000000	15240
2.46158333333333	21820
2.46241666666667	24820
2.46325000000000	30588
2.46408333333333	32644
2.46491666666667	25256
2.46575000000000	19512
2.46658333333333	28420
2.46741666666667	25024
2.46825000000000	31292
2.46908333333333	28012
2.46991666666667	24592
2.47075000000000	23592
2.47158333333333	25172
2.47241666666667	27768
2.47325000000000	29848
2.47408333333333	27632
2.47491666666667	26292
2.47576666666667	26552
2.47660000000000	30316
2.47743333333333	29860
2.47826666666667	26504
2.47910000000000	23152
2.47993333333333	30252
2.48076666666667	20792
2.48160000000000	27732
2.48243333333333	28040
2.48326666666667	25372
2.48410000000000	27516
2.48493333333333	28628
2.48576666666667	26064
2.48660000000000	25736
2.48743333333333	25412
2.48826666666667	36912
2.48910000000000	36432
2.48993333333333	30212
2.49076666666667	28864
2.49160000000000	27092
2.49245000000000	25316
2.49328333333333	16240
2.49411666666667	34144
2.49495000000000	30844
2.49578333333333	33360
2.49661666666667	30812
2.49745000000000	26956
2.49828333333333	28612
2.49911666666667	26528
2.49995000000000	24444
2.50078333333333	28000
2.50161666666667	31556
2.50245000000000	36752
2.50328333333333	34688
2.50411666666667	32636
2.50495000000000	37504
2.50578333333333	32832
2.50661666666667	32976
2.50745000000000	33696
2.50828333333333	34400
2.50911666666667	37184
2.50996666666667	27936
2.51080000000000	32784
2.51163333333333	28436
2.51246666666667	34448
2.51330000000000	35632
2.51413333333333	21660
2.51496666666667	32756
2.51580000000000	38480
2.51663333333333	30720
2.51746666666667	27128
2.51830000000000	35024
2.51913333333333	30052
2.51996666666667	33584
2.52080000000000	22164
2.52163333333333	24996
2.52246666666667	23616
2.52330000000000	22240
2.52413333333333	23188
2.52496666666667	24136
2.52580000000000	43392
2.52665000000000	38896
2.52748333333333	36496
2.52831666666667	34320
2.52915000000000	36816
2.52998333333333	37984
2.53081666666667	39328
2.53165000000000	32424
2.53248333333333	29404
2.53331666666667	39472
2.53415000000000	36704
2.53498333333333	42976
2.53581666666667	29112
2.53665000000000	33616
2.53746666666667	41696
2.53830000000000	40320
2.53913333333333	38960
2.53996666666667	41216
2.54080000000000	34160
2.54163333333333	44832
2.54246666666667	42032
2.54330000000000	36608
2.54415000000000	34000
2.54498333333333	40384
2.54581666666667	37744
2.54665000000000	35104
2.54748333333333	30344
2.54831666666667	35136
2.54915000000000	30700
2.54998333333333	40624
2.55081666666667	39824
2.55165000000000	41776
2.55248333333333	42768
2.55331666666667	35968
2.55415000000000	43264
2.55498333333333	34128
2.55581666666667	30048
2.55665000000000	46944
2.55748333333333	26456
2.55831666666667	45712
2.55915000000000	47136
2.55998333333333	29416
2.56083333333333	30004
2.56166666666667	42448
2.56250000000000	37376
2.56333333333333	35264
2.56416666666667	44448
2.56500000000000	43264
2.56583333333333	30832
2.56666666666667	37440
2.56750000000000	52368
2.56833333333333	47584
2.56916666666667	35296
2.57000000000000	39024
2.57083333333333	39568
2.57166666666667	27036
2.57250000000000	42576
2.57333333333333	43632
2.57416666666667	35760
2.57500000000000	47344
2.57583333333333	47760
2.57666666666667	48592
2.57750000000000	41072
2.57835000000000	35952
2.57918333333333	44864
2.58001666666667	43248
2.58085000000000	39296
2.58168333333333	42416
2.58251666666667	37536
2.58335000000000	38592
2.58418333333333	44880
2.58501666666667	32648
2.58585000000000	47024
2.58668333333333	40672
2.58751666666667	38112
2.58835000000000	39952
2.58918333333333	40528
2.59001666666667	41088
2.59085000000000	35504
2.59168333333333	36336
2.59251666666667	43280
2.59335000000000	33568
2.59418333333333	31808
2.59503333333333	33376
2.59586666666667	29128
2.59670000000000	43104
2.59753333333333	41616
2.59836666666667	51616
2.59920000000000	45552
2.60003333333333	47936
2.60086666666667	47152
2.60170000000000	39472
2.60253333333333	36928
2.60336666666667	38496
2.60420000000000	38176
2.60503333333333	37856
2.60586666666667	37392
2.60670000000000	33680
2.60753333333333	39776
2.60836666666667	32912
2.60920000000000	40752
2.61001666666667	42464
2.61085000000000	44192
2.61168333333333	42752
2.61253333333333	36096
2.61336666666667	31012
2.61420000000000	43040
2.61503333333333	42816
2.61586666666667	39376
2.61670000000000	35952
2.61753333333333	47024
2.61836666666667	47216
2.61920000000000	49184
2.62003333333333	41168
2.62086666666667	48944
2.62170000000000	45280
2.62253333333333	43984
2.62336666666667	42688
2.62420000000000	37440
2.62503333333333	44096
2.62586666666667	35248
2.62670000000000	43936
2.62753333333333	39200
2.62836666666667	44256
2.62921666666667	36624
2.63005000000000	39248
2.63088333333333	40016
2.63171666666667	40720
2.63255000000000	48096
2.63338333333333	54032
2.63421666666667	49728
2.63505000000000	41248
2.63588333333333	46432
2.63671666666667	46608
2.63755000000000	41760
2.63838333333333	41120
2.63921666666667	42784
2.64005000000000	47200
2.64088333333333	33632
2.64171666666667	42304
2.64255000000000	40320
2.64338333333333	35568
2.64421666666667	47488
2.64505000000000	47600
2.64588333333333	45168
2.64673333333333	47744
2.64756666666667	49248
2.64840000000000	44096
2.64923333333333	40528
2.65006666666667	35376
2.65090000000000	44144
2.65173333333333	45488
2.65256666666667	28080
2.65340000000000	48912
2.65423333333333	43424
2.65506666666667	51136
2.65590000000000	47200
2.65673333333333	47952
2.65756666666667	49920
2.65840000000000	51872
2.65923333333333	51920
2.66006666666667	44544
2.66090000000000	38592
2.66173333333333	26452
2.66256666666667	42560
2.66341666666667	46256
2.66425000000000	41952
2.66508333333333	44624
2.66591666666667	47296
2.66675000000000	53408
2.66758333333333	34464
2.66841666666667	45456
2.66925000000000	52352
2.67008333333333	48960
2.67091666666667	33792
2.67175000000000	35264
2.67258333333333	39264
2.67341666666667	34608
2.67425000000000	35168
2.67508333333333	35712
2.67591666666667	41408
2.67675000000000	46912
2.67758333333333	50176
2.67841666666667	46256
2.67925000000000	43920
2.68008333333333	47264
2.68093333333333	46544
2.68176666666667	37888
2.68260000000000	43584
2.68343333333333	37920
2.68426666666667	43920
2.68510000000000	45776
2.68593333333333	48000
2.68676666666667	42624
2.68760000000000	44752
2.68843333333333	44496
2.68926666666667	42928
2.69010000000000	41376
2.69093333333333	43872
2.69176666666667	43760
2.69260000000000	43632
2.69343333333333	28276
2.69426666666667	43120
2.69510000000000	48464
2.69593333333333	41200
2.69676666666667	41168
2.69761666666667	36496
2.69845000000000	36192
2.69928333333333	35872
2.70011666666667	35184
2.70095000000000	39504
2.70178333333333	39584
2.70261666666667	39664
2.70345000000000	39120
2.70428333333333	38560
2.70511666666667	42560
2.70595000000000	47472
2.70678333333333	51344
2.70761666666667	52224
2.70845000000000	33840
2.70928333333333	52304
2.71011666666667	39472
2.71095000000000	39120
2.71178333333333	50848
2.71261666666667	42160
2.71345000000000	50240
2.71428333333333	44976
2.71513333333333	50960
2.71596666666667	39904
2.71680000000000	44576
2.71763333333333	44304
2.71846666666667	45872
2.71930000000000	44320
2.72013333333333	47408
2.72096666666667	48000
2.72180000000000	48592
2.72263333333333	42496
2.72346666666667	33984
2.72430000000000	49792
2.72513333333333	45664
2.72596666666667	41552
2.72680000000000	30700
2.72761666666667	34944
2.72845000000000	50144
2.72928333333333	52720
2.73011666666667	51040
2.73095000000000	50016
2.73180000000000	42064
2.73263333333333	44352
2.73346666666667	48048
2.73430000000000	51184
2.73513333333333	51168
2.73596666666667	47504
2.73680000000000	40912
2.73763333333333	52352
2.73846666666667	46704
2.73930000000000	44656
2.74013333333333	49120
2.74096666666667	43552
2.74180000000000	38768
2.74263333333333	36960
2.74346666666667	41648
2.74430000000000	43552
2.74513333333333	46096
2.74596666666667	32512
2.74680000000000	29844
2.74763333333333	38576
2.74846666666667	49760
2.74931666666667	44880
2.75015000000000	55200
2.75098333333333	56464
2.75181666666667	38912
2.75265000000000	34192
2.75348333333333	39104
2.75431666666667	50064
2.75515000000000	51120
2.75598333333333	53952
2.75681666666667	48272
2.75765000000000	47504
2.75848333333333	34464
2.75931666666667	31232
2.76015000000000	37536
2.76098333333333	36128
2.76181666666667	39360
2.76265000000000	42576
2.76348333333333	40432
2.76431666666667	38272
2.76515000000000	36352
2.76600000000000	34432
2.76683333333333	26764
2.76766666666667	41744
2.76850000000000	39424
2.76933333333333	48080
2.77016666666667	43536
2.77100000000000	41712
2.77183333333333	44944
2.77266666666667	39872
2.77350000000000	34448
2.77433333333333	36480
2.77516666666667	38512
2.77600000000000	40512
2.77683333333333	42512
2.77766666666667	42048
2.77850000000000	23952
2.77933333333333	30016
2.78016666666667	42864
2.78100000000000	51536
2.78183333333333	45216
2.78266666666667	39744
2.78351666666667	49792
2.78435000000000	46928
2.78518333333333	45696
2.78601666666667	49824
2.78685000000000	50096
2.78768333333333	50352
2.78851666666667	50368
2.78935000000000	43072
2.79018333333333	50768
2.79101666666667	39872
2.79185000000000	54160
2.79268333333333	43424
2.79351666666667	47696
2.79435000000000	45888
2.79518333333333	41520
2.79601666666667	48016
2.79685000000000	54896
2.79768333333333	52928
2.79851666666667	53056
2.79935000000000	44272
2.80020000000000	53296
2.80103333333333	50080
2.80186666666667	59200
2.80270000000000	52816
2.80353333333333	40800
2.80436666666667	46176
2.80520000000000	44576
2.80603333333333	38528
2.80686666666667	39712
2.80770000000000	39712
2.80853333333333	39712
2.80936666666667	49184
2.81020000000000	46992
2.81103333333333	47664
2.81186666666667	47680
2.81270000000000	47680
2.81353333333333	37920
2.81436666666667	53024
2.81520000000000	44464
2.81603333333333	47440
2.81686666666667	47552
2.81771666666667	47680
2.81855000000000	51808
2.81938333333333	51216
2.82021666666667	50640
2.82105000000000	45424
2.82188333333333	47840
2.82271666666667	41936
2.82355000000000	51616
2.82438333333333	48720
2.82521666666667	45200
2.82605000000000	41696
2.82688333333333	44704
2.82771666666667	40320
2.82853333333333	52112
2.82936666666667	53280
2.83020000000000	42960
2.83103333333333	40800
2.83186666666667	39824
2.83270000000000	47760
2.83353333333333	42944
2.83438333333333	38128
2.83521666666667	50464
2.83605000000000	46864
2.83688333333333	41200
2.83771666666667	54304
2.83855000000000	40320
2.83938333333333	35104
2.84021666666667	38832
2.84105000000000	38896
2.84188333333333	38976
2.84271666666667	42368
2.84355000000000	43920
2.84438333333333	34208
2.84521666666667	53808
2.84605000000000	47504
2.84688333333333	43920
2.84771666666667	48656
2.84855000000000	51104
2.84938333333333	46016
2.85021666666667	40944
2.85105000000000	33536
2.85190000000000	44528
2.85273333333333	44800
2.85356666666667	46416
2.85440000000000	45264
2.85523333333333	48288
2.85606666666667	52000
2.85690000000000	32756
2.85773333333333	51840
2.85856666666667	46624
2.85940000000000	43040
2.86023333333333	37904
2.86106666666667	43200
2.86190000000000	46592
2.86273333333333	33520
2.86356666666667	50736
2.86440000000000	56752
2.86523333333333	42000
2.86606666666667	37344
2.86690000000000	58336
2.86773333333333	34112
2.86858333333333	44672
2.86941666666667	40624
2.87025000000000	32352
2.87108333333333	39680
2.87191666666667	40144
2.87275000000000	40592
2.87358333333333	45984
2.87441666666667	48640
2.87525000000000	47120
2.87608333333333	45616
2.87691666666667	48480
2.87775000000000	37152
2.87858333333333	28504
2.87941666666667	46256
2.88025000000000	47824
2.88108333333333	37472
2.88191666666667	43184
2.88275000000000	48880
2.88358333333333	38064
2.88441666666667	48768
2.88525000000000	38480
2.88610000000000	49488
2.88693333333333	48592
2.88776666666667	48416
2.88860000000000	48256
2.88943333333333	43808
2.89026666666667	44896
2.89110000000000	41600
2.89193333333333	44416
2.89276666666667	42944
2.89360000000000	41408
2.89443333333333	39872
2.89526666666667	55040
2.89610000000000	52640
2.89693333333333	44544
2.89776666666667	53456
2.89860000000000	52736
2.89943333333333	39360
2.90026666666667	37312
2.90110000000000	49104
2.90193333333333	53152
2.90278333333333	47760
2.90361666666667	49776
2.90445000000000	47680
2.90528333333333	41616
2.90611666666667	43248
2.90695000000000	42496
2.90778333333333	44624
2.90861666666667	45696
2.90945000000000	50112
2.91028333333333	51008
2.91111666666667	39232
2.91195000000000	41920
2.91278333333333	51616
2.91361666666667	44944
2.91445000000000	42336
2.91528333333333	50256
2.91611666666667	48272
2.91695000000000	43952
2.91778333333333	39616
2.91861666666667	38832
2.91945000000000	42512
2.92030000000000	46192
2.92113333333333	45632
2.92196666666667	41008
2.92280000000000	37056
2.92363333333333	33120
2.92446666666667	41616
2.92530000000000	50080
2.92613333333333	44784
2.92696666666667	40704
2.92780000000000	33648
2.92863333333333	28116
2.92946666666667	40656
2.93030000000000	48768
2.93113333333333	53376
2.93196666666667	39136
2.93280000000000	51168
2.93363333333333	43680
2.93446666666667	56192
2.93528333333333	47360
2.93611666666667	54160
2.93696666666667	41136
2.93780000000000	53824
2.93863333333333	43696
2.93946666666667	27444
2.94030000000000	36800
2.94113333333333	36304
2.94196666666667	41952
2.94280000000000	45744
2.94363333333333	42032
2.94446666666667	39344
2.94530000000000	43360
2.94613333333333	47376
2.94696666666667	43632
2.94780000000000	39888
2.94863333333333	52176
2.94946666666667	32412
2.95030000000000	34352
2.95113333333333	34432
2.95196666666667	46976
2.95280000000000	46896
2.95363333333333	45248
2.95448333333333	42752
2.95531666666667	40256
2.95615000000000	57664
2.95698333333333	54304
2.95781666666667	52384
2.95865000000000	58864
2.95948333333333	51088
2.96031666666667	54560
2.96115000000000	50416
2.96198333333333	48496
2.96281666666667	46800
2.96365000000000	49088
2.96448333333333	50128
2.96531666666667	45392
2.96615000000000	45824
2.96698333333333	52544
2.96781666666667	41056
2.96865000000000	51072
2.96948333333333	47904
2.97031666666667	44720
2.97116666666667	44528
2.97200000000000	42592
2.97283333333333	34960
2.97366666666667	46832
2.97450000000000	39728
2.97533333333333	46272
2.97616666666667	37776
2.97700000000000	43312
2.97783333333333	45312
2.97866666666667	29724
2.97950000000000	46384
2.98033333333333	37248
2.98116666666667	54832
2.98200000000000	45632
2.98283333333333	43408
2.98366666666667	49440
2.98450000000000	44544
2.98533333333333	44288
2.98616666666667	44944
2.98700000000000	45376
2.98783333333333	36400
2.98868333333333	53072
2.98951666666667	48016
2.99035000000000	61520
2.99118333333333	55184
2.99201666666667	40064
2.99285000000000	44832
2.99368333333333	51824
2.99451666666667	43248
2.99535000000000	36576
2.99618333333333	50896
2.99701666666667	30016
2.99785000000000	34720
2.99868333333333	25284
2.99951666666667	34960
3.00033333333333	38704
3.00116666666667	42448
3.00200000000000	41520
3.00283333333333	40608
3.00366666666667	41632
3.00450000000000	42640
3.00535000000000	43824
3.00618333333333	45024
3.00701666666667	50992
3.00785000000000	52048
3.00868333333333	47152
3.00951666666667	55808
3.01035000000000	54048
3.01118333333333	35088
3.01201666666667	52464
3.01285000000000	42336
3.01368333333333	47936
3.01451666666667	48480
3.01535000000000	43296
3.01618333333333	46432
3.01701666666667	39264
3.01785000000000	39808
3.01868333333333	50336
3.01951666666667	49184
3.02035000000000	49888
3.02118333333333	49888
3.02201666666667	49648
3.02286666666667	44800
3.02370000000000	45552
3.02453333333333	49600
3.02536666666667	47568
3.02620000000000	45536
3.02703333333333	45184
3.02786666666667	43328
3.02870000000000	38656
3.02953333333333	51520
3.03036666666667	49440
3.03120000000000	26224
3.03203333333333	37280
3.03286666666667	45120
3.03370000000000	45808
3.03453333333333	45552
3.03536666666667	45296
3.03620000000000	51696
3.03703333333333	34256
3.03786666666667	52800
3.03870000000000	44192
3.03955000000000	45440
3.04038333333333	45264
3.04121666666667	43952
3.04205000000000	42640
3.04288333333333	49984
3.04371666666667	47648
3.04455000000000	45296
3.04538333333333	47696
3.04621666666667	48464
3.04705000000000	35664
3.04788333333333	46960
3.04871666666667	37200
3.04955000000000	49024
3.05038333333333	30272
3.05121666666667	53488
3.05205000000000	48736
3.05288333333333	49328
3.05371666666667	54064
3.05455000000000	52176
3.05538333333333	49168
3.05621666666667	50448
3.05706666666667	43072
3.05790000000000	52064
3.05873333333333	44432
3.05956666666667	39984
3.06040000000000	49056
3.06123333333333	47088
3.06206666666667	54112
3.06290000000000	50880
3.06373333333333	33968
3.06456666666667	55952
3.06540000000000	46624
3.06623333333333	49952
3.06706666666667	52960
3.06790000000000	28864
3.06873333333333	43872
3.06956666666667	47232
3.07040000000000	38912
3.07123333333333	49664
3.07206666666667	43616
3.07290000000000	44368
3.07375000000000	40864
3.07458333333333	50880
3.07541666666667	54448
3.07625000000000	46288
3.07708333333333	41568
3.07791666666667	57056
3.07875000000000	51360
3.07958333333333	41296
3.08041666666667	61648
3.08125000000000	51600
3.08208333333333	39696
3.08291666666667	51792
3.08375000000000	54144
3.08458333333333	44064
3.08541666666667	28568
3.08625000000000	37808
3.08708333333333	42304
3.08791666666667	50240
3.08875000000000	46944
3.08958333333333	47680
3.09041666666667	50160
3.09126666666667	48016
3.09210000000000	46160
3.09293333333333	51360
3.09376666666667	47472
3.09460000000000	33968
3.09543333333333	52048
3.09626666666667	43808
3.09710000000000	45360
3.09793333333333	34656
3.09876666666667	38896
3.09960000000000	37216
3.10043333333333	35520
3.10126666666667	26692
3.10210000000000	54416
3.10293333333333	49184
3.10376666666667	50992
3.10460000000000	42592
3.10543333333333	45520
3.10626666666667	48448
3.10710000000000	46048
3.10795000000000	44912
3.10878333333333	47392
3.10961666666667	49568
3.11045000000000	51888
3.11128333333333	49456
3.11211666666667	47024
3.11295000000000	41680
3.11378333333333	51856
3.11461666666667	41952
3.11545000000000	50176
3.11628333333333	49584
3.11711666666667	57008
3.11795000000000	56416
3.11878333333333	45744
3.11961666666667	30832
3.12045000000000	41472
3.12128333333333	52960
3.12211666666667	43584
3.12295000000000	53216
3.12378333333333	51280
3.12461666666667	54208
3.12546666666667	40208
3.12630000000000	44192
3.12713333333333	37040
3.12796666666667	49264
3.12880000000000	45856
3.12963333333333	54624
3.13046666666667	56096
3.13130000000000	55408
3.13213333333333	53728
3.13295000000000	41328
3.13378333333333	53600
3.13461666666667	40240
3.13545000000000	47120
3.13628333333333	49968
3.13711666666667	54336
3.13795000000000	54096
3.13878333333333	44880
3.13961666666667	37888
3.14045000000000	45968
3.14128333333333	37728
3.14213333333333	45232
3.14296666666667	48592
3.14380000000000	51536
3.14463333333333	45632
3.14546666666667	44240
3.14630000000000	53888
3.14713333333333	47776
3.14796666666667	49920
3.14880000000000	51520
3.14963333333333	37264
3.15046666666667	31860
3.15130000000000	50512
3.15213333333333	46192
3.15296666666667	41856
3.15380000000000	49328
3.15463333333333	40656
3.15546666666667	53920
3.15630000000000	54800
3.15713333333333	44752
3.15796666666667	56832
3.15880000000000	50800
3.15965000000000	52096
3.16048333333333	45584
3.16131666666667	47648
3.16215000000000	49712
3.16298333333333	38736
3.16381666666667	38528
3.16465000000000	44928
3.16548333333333	49280
3.16631666666667	49360
3.16715000000000	41616
3.16798333333333	49984
3.16881666666667	46720
3.16965000000000	52592
3.17048333333333	47424
3.17131666666667	43424
3.17215000000000	50192
3.17298333333333	43088
3.17381666666667	46560
3.17465000000000	38992
3.17548333333333	45568
3.17633333333333	44928
3.17716666666667	38176
3.17800000000000	56368
3.17883333333333	54368
3.17966666666667	42976
3.18050000000000	48592
3.18133333333333	53232
3.18216666666667	56336
3.18300000000000	44608
3.18383333333333	45584
3.18466666666667	39184
3.18550000000000	37232
3.18633333333333	41408
3.18716666666667	42992
3.18800000000000	48512
3.18883333333333	49680
3.18966666666667	45984
3.19050000000000	51728
3.19133333333333	49728
3.19216666666667	41920
3.19300000000000	47376
3.19385000000000	34160
3.19468333333333	32504
3.19551666666667	48352
3.19635000000000	52768
3.19718333333333	35888
3.19801666666667	40800
3.19885000000000	48880
3.19968333333333	41008
3.20051666666667	39440
3.20135000000000	41392
3.20218333333333	31816
3.20301666666667	36576
3.20385000000000	38480
3.20468333333333	40368
3.20551666666667	35184
3.20635000000000	44384
3.20718333333333	44192
3.20801666666667	44000
3.20885000000000	41104
3.20968333333333	42304
3.21053333333333	43520
3.21136666666667	42752
3.21220000000000	36064
3.21303333333333	43328
3.21386666666667	39632
3.21470000000000	42032
3.21553333333333	45136
3.21636666666667	48224
3.21720000000000	45888
3.21803333333333	42752
3.21886666666667	39616
3.21970000000000	42192
3.22053333333333	41040
3.22136666666667	44944
3.22220000000000	48864
3.22303333333333	27020
3.22386666666667	52528
3.22470000000000	44800
3.22553333333333	48272
3.22636666666667	42752
3.22720000000000	31100
3.22805000000000	44928
3.22888333333333	50656
3.22971666666667	50240
3.23055000000000	35168
3.23138333333333	60864
3.23221666666667	59232
3.23305000000000	46928
3.23388333333333	49088
3.23471666666667	58976
3.23555000000000	41040
3.23638333333333	40960
3.23721666666667	47680
3.23805000000000	33184
3.23888333333333	48464
3.23971666666667	37264
3.24055000000000	38576
3.24136666666667	34080
3.24220000000000	52352
3.24303333333333	49696
3.24386666666667	47024
3.24471666666667	47488
3.24555000000000	47104
3.24638333333333	46576
3.24721666666667	48720
3.24805000000000	41632
3.24888333333333	46992
3.24971666666667	41920
3.25055000000000	40416
3.25138333333333	41696
3.25221666666667	42976
3.25305000000000	49680
3.25388333333333	56384
3.25471666666667	54912
3.25555000000000	42096
3.25638333333333	46400
3.25721666666667	48336
3.25805000000000	32364
3.25888333333333	49472
3.25971666666667	44928
3.26055000000000	52736
3.26138333333333	48432
3.26223333333333	55360
3.26306666666667	51312
3.26390000000000	46848
3.26473333333333	49856
3.26556666666667	51152
3.26640000000000	47200
3.26723333333333	48880
3.26806666666667	40000
3.26890000000000	46400
3.26973333333333	52816
3.27056666666667	34624
3.27140000000000	43824
3.27223333333333	29444
3.27306666666667	40592
3.27390000000000	42336
3.27473333333333	38784
3.27556666666667	41104
3.27640000000000	40992
3.27723333333333	40864
3.27806666666667	39280
3.27891666666667	37680
3.27975000000000	41824
3.28058333333333	31352
3.28141666666667	57328
3.28225000000000	56000
3.28308333333333	42272
3.28391666666667	58768
3.28475000000000	47344
3.28558333333333	51536
3.28641666666667	57648
3.28725000000000	33744
3.28808333333333	38192
3.28891666666667	56224
3.28975000000000	45152
3.29058333333333	47280
3.29141666666667	43552
3.29225000000000	44880
3.29308333333333	48000
3.29391666666667	48336
3.29475000000000	48688
3.29558333333333	46144
3.29643333333333	48944
3.29726666666667	30836
3.29810000000000	43152
3.29893333333333	47600
3.29976666666667	52736
3.30060000000000	33808
3.30143333333333	49376
3.30226666666667	48416
3.30310000000000	39168
3.30393333333333	43024
3.30476666666667	43456
3.30560000000000	47296
3.30643333333333	51136
3.30726666666667	51936
3.30810000000000	48480
3.30893333333333	49472
3.30976666666667	49808
3.31060000000000	31964
3.31143333333333	52832
3.31226666666667	59248
3.31311666666667	46080
3.31395000000000	37584
3.31478333333333	45040
3.31561666666667	48720
3.31645000000000	47200
3.31728333333333	45680
3.31811666666667	46208
3.31895000000000	44864
3.31978333333333	50672
3.32061666666667	37024
3.32145000000000	29088
3.32228333333333	46752
3.32311666666667	41920
3.32395000000000	48304
3.32478333333333	33072
3.32561666666667	32196
3.32645000000000	50192
3.32728333333333	32072
3.32811666666667	51488
3.32895000000000	46160
3.32978333333333	44288
3.33063333333333	48864
3.33146666666667	46096
3.33230000000000	43424
3.33313333333333	40752
3.33396666666667	42864
3.33480000000000	42672
3.33563333333333	42464
3.33646666666667	42256
3.33730000000000	41216
3.33813333333333	40176
3.33896666666667	39296
3.33980000000000	49216
3.34063333333333	49568
3.34146666666667	51872
3.34230000000000	48672
3.34313333333333	22360
3.34396666666667	44736
3.34480000000000	42352
3.34563333333333	47664
3.34646666666667	46992
3.34731666666667	47968
3.34815000000000	48960
3.34898333333333	45056
3.34981666666667	48064
3.35065000000000	46480
3.35148333333333	45456
3.35231666666667	39136
3.35315000000000	49040
3.35398333333333	52448
3.35481666666667	53856
3.35565000000000	30560
3.35648333333333	39984
3.35731666666667	57840
3.35815000000000	48224
3.35898333333333	38768
3.35981666666667	34048
3.36065000000000	44448
3.36148333333333	41872
3.36231666666667	39296
3.36313333333333	42176
3.36396666666667	38240
3.36481666666667	51680
3.36565000000000	49104
3.36648333333333	37408
3.36731666666667	45536
3.36815000000000	53360
3.36898333333333	40352
3.36981666666667	30608
3.37065000000000	59408
3.37148333333333	47520
3.37231666666667	60976
3.37315000000000	47536
3.37398333333333	43712
3.37481666666667	39600
3.37565000000000	48688
3.37648333333333	36320
3.37731666666667	50880
3.37815000000000	51856
3.37898333333333	53424
3.37981666666667	52592
3.38065000000000	45008
3.38150000000000	49120
3.38233333333333	47920
3.38316666666667	46720
3.38400000000000	48112
3.38483333333333	48160
3.38566666666667	48208
3.38650000000000	36928
3.38733333333333	47040
3.38816666666667	50448
3.38900000000000	41712
3.38983333333333	41584
3.39066666666667	41152
3.39150000000000	40736
3.39233333333333	40576
3.39316666666667	36480
3.39400000000000	41984
3.39483333333333	47488
3.39566666666667	50752
3.39650000000000	48192
3.39733333333333	46048
3.39816666666667	45184
3.39901666666667	51856
3.39985000000000	53440
3.40068333333333	52032
3.40151666666667	49696
3.40235000000000	55920
3.40318333333333	39824
3.40401666666667	40624
3.40485000000000	48576
3.40568333333333	41856
3.40651666666667	40368
3.40735000000000	43552
3.40818333333333	44496
3.40901666666667	44864
3.40985000000000	45248
3.41068333333333	47360
3.41151666666667	48112
3.41235000000000	41984
3.41318333333333	50032
3.41401666666667	54608
3.41485000000000	54688
3.41570000000000	41664
3.41653333333333	47712
3.41736666666667	48768
3.41820000000000	40064
3.41903333333333	53216
3.41986666666667	52128
3.42070000000000	48480
3.42153333333333	57792
3.42236666666667	34064
3.42320000000000	33616
3.42403333333333	35040
3.42486666666667	40560
3.42570000000000	42048
3.42653333333333	56384
3.42736666666667	59040
3.42820000000000	45712
3.42903333333333	44480
3.42986666666667	51104
3.43070000000000	48976
3.43153333333333	44992
3.43236666666667	51232
3.43321666666667	52896
3.43405000000000	35056
3.43488333333333	57888
3.43571666666667	49040
3.43655000000000	47120
3.43738333333333	54592
3.43821666666667	41792
3.43905000000000	45152
3.43988333333333	46416
3.44071666666667	39968
3.44155000000000	51776
3.44238333333333	56368
3.44321666666667	47648
3.44405000000000	54864
3.44488333333333	35952
3.44571666666667	49744
3.44655000000000	49616
3.44738333333333	52080
3.44820000000000	28676
3.44903333333333	41104
3.44988333333333	52976
3.45071666666667	45216
3.45155000000000	48544
3.45238333333333	42144
3.45321666666667	45040
3.45405000000000	47936
3.45488333333333	49712
3.45571666666667	41104
3.45655000000000	47616
3.45738333333333	47088
3.45821666666667	47264
3.45905000000000	49072
3.45988333333333	50880
3.46071666666667	33488
3.46155000000000	30584
3.46238333333333	37344
3.46321666666667	38240
3.46405000000000	39136
3.46488333333333	43248
3.46571666666667	47408
3.46655000000000	48272
3.46740000000000	49600
3.46823333333333	43552
3.46906666666667	44432
3.46990000000000	45280
3.47073333333333	46144
3.47156666666667	57520
3.47240000000000	56336
3.47323333333333	46752
3.47406666666667	55712
3.47490000000000	44992
3.47573333333333	39904
3.47656666666667	54240
3.47740000000000	45632
3.47823333333333	41376
3.47906666666667	56128
3.47990000000000	44656
3.48073333333333	43312
3.48156666666667	38400
3.48240000000000	42096
3.48323333333333	45792
3.48408333333333	39072
3.48491666666667	32332
3.48575000000000	31696
3.48658333333333	35024
3.48741666666667	35808
3.48825000000000	36592
3.48908333333333	40432
3.48991666666667	44272
3.49075000000000	42704
3.49158333333333	38288
3.49241666666667	46896
3.49325000000000	50896
3.49408333333333	51728
3.49491666666667	40736
3.49575000000000	44528
3.49658333333333	48304
3.49741666666667	46864
3.49825000000000	45440
3.49908333333333	46368
3.49991666666667	47280
3.50075000000000	47920
3.50160000000000	48336
3.50243333333333	46048
3.50326666666667	43776
3.50410000000000	58304
3.50493333333333	55424
3.50576666666667	45712
3.50660000000000	32536
3.50743333333333	43968
3.50826666666667	52128
3.50910000000000	45008
3.50993333333333	41696
3.51076666666667	31120
3.51160000000000	44272
3.51243333333333	46736
3.51326666666667	49664
3.51410000000000	45872
3.51493333333333	47152
3.51576666666667	52240
3.51660000000000	50416
3.51743333333333	46224
3.51828333333333	46672
3.51911666666667	29000
3.51995000000000	57248
3.52078333333333	43936
3.52161666666667	45936
3.52245000000000	48096
3.52328333333333	49648
3.52411666666667	51216
3.52495000000000	41344
3.52578333333333	50048
3.52661666666667	32864
3.52745000000000	43312
3.52828333333333	54080
3.52911666666667	46368
3.52995000000000	48016
3.53078333333333	48544
3.53161666666667	44096
3.53245000000000	39648
3.53328333333333	45584
3.53411666666667	36048
3.53495000000000	44880
3.53580000000000	54400
3.53663333333333	58672
3.53746666666667	49904
3.53830000000000	57424
3.53913333333333	39136
3.53996666666667	57904
3.54080000000000	50272
3.54163333333333	50112
3.54246666666667	37664
3.54330000000000	41376
3.54413333333333	59440
3.54496666666667	59488
3.54580000000000	45280
3.54663333333333	47232
3.54746666666667	43760
3.54830000000000	44976
3.54913333333333	53280
3.54996666666667	55088
3.55080000000000	43488
3.55161666666667	47408
3.55246666666667	51056
3.55330000000000	44832
3.55413333333333	41664
3.55496666666667	37680
3.55580000000000	49872
3.55663333333333	52592
3.55746666666667	51344
3.55830000000000	48400
3.55913333333333	48400
3.55996666666667	49424
3.56080000000000	46112
3.56163333333333	48368
3.56246666666667	50624
3.56330000000000	44208
3.56413333333333	45904
3.56496666666667	38304
3.56580000000000	48448
3.56663333333333	46224
3.56746666666667	49440
3.56830000000000	53616
3.56913333333333	52736
3.56998333333333	51840
3.57081666666667	44144
3.57165000000000	45168
3.57248333333333	53296
3.57331666666667	42400
3.57415000000000	42080
3.57498333333333	41744
3.57581666666667	57856
3.57665000000000	59424
3.57748333333333	45728
3.57831666666667	44352
3.57915000000000	53712
3.57998333333333	37136
3.58081666666667	45152
3.58165000000000	55040
3.58248333333333	45072
3.58331666666667	34464
3.58415000000000	46544
3.58498333333333	31528
3.58581666666667	44784
3.58666666666667	39152
3.58750000000000	48160
3.58833333333333	42544
3.58916666666667	60560
3.59000000000000	56544
3.59083333333333	46976
3.59166666666667	45056
3.59250000000000	33088
3.59333333333333	50016
3.59416666666667	51504
3.59500000000000	49376
3.59583333333333	44608
3.59666666666667	46352
3.59750000000000	42448
3.59833333333333	38544
3.59916666666667	50384
3.60000000000000	35824
3.60083333333333	50592
3.60166666666667	46112
3.60250000000000	49648
3.60333333333333	41072
3.60418333333333	54816
3.60501666666667	51888
3.60585000000000	51408
3.60668333333333	49600
3.60751666666667	55424
3.60835000000000	36704
3.60918333333333	57744
3.61001666666667	50208
3.61085000000000	41584
3.61168333333333	57424
3.61251666666667	42928
3.61335000000000	54320
3.61418333333333	50592
3.61501666666667	55312
3.61585000000000	57008
3.61668333333333	48672
3.61751666666667	46192
3.61835000000000	46096
3.61918333333333	46464
3.62001666666667	46848
3.62086666666667	51600
3.62170000000000	36560
3.62253333333333	45136
3.62336666666667	38880
3.62420000000000	53440
3.62503333333333	54304
3.62586666666667	46592
3.62670000000000	34736
3.62753333333333	40848
3.62836666666667	50448
3.62920000000000	61744
3.63003333333333	56416
3.63086666666667	44048
3.63170000000000	50176
3.63253333333333	56928
3.63336666666667	57568
3.63420000000000	53504
3.63503333333333	48640
3.63586666666667	46656
3.63670000000000	42784
3.63753333333333	41424
3.63838333333333	42880
3.63921666666667	44336
3.64005000000000	49552
3.64088333333333	50144
3.64171666666667	44176
3.64255000000000	50944
3.64338333333333	46496
3.64421666666667	42064
3.64505000000000	51616
3.64588333333333	48672
3.64671666666667	43760
3.64755000000000	37808
3.64838333333333	52704
3.64921666666667	38352
3.65005000000000	48592
3.65088333333333	43664
3.65170000000000	47632
3.65253333333333	43792
3.65336666666667	43264
3.65420000000000	42720
3.65505000000000	39920
3.65588333333333	39184
3.65671666666667	38448
3.65755000000000	43184
3.65838333333333	58128
3.65921666666667	54176
3.66005000000000	50704
3.66088333333333	46768
3.66171666666667	54176
3.66255000000000	56176
3.66338333333333	36112
3.66421666666667	43808
3.66505000000000	30920
3.66588333333333	47696
3.66671666666667	47120
3.66755000000000	41760
3.66838333333333	48048
3.66921666666667	45040
3.67005000000000	51216
3.67088333333333	37792
3.67171666666667	42688
3.67256666666667	50352
3.67340000000000	42880
3.67423333333333	44176
3.67506666666667	43888
3.67590000000000	39456
3.67673333333333	29076
3.67756666666667	43600
3.67840000000000	42368
3.67923333333333	39568
3.68006666666667	36768
3.68090000000000	38848
3.68173333333333	40944
3.68256666666667	30912
3.68340000000000	33920
3.68423333333333	49296
3.68506666666667	47152
3.68590000000000	44400
3.68673333333333	42208
3.68756666666667	48496
3.68840000000000	41488
3.68925000000000	36912
3.69008333333333	46272
3.69091666666667	50704
3.69175000000000	57504
3.69258333333333	48576
3.69341666666667	49568
3.69425000000000	52160
3.69508333333333	49088
3.69591666666667	46016
3.69675000000000	48864
3.69758333333333	36256
3.69841666666667	30776
3.69925000000000	51184
3.70008333333333	45504
3.70091666666667	50944
3.70175000000000	47824
3.70258333333333	44688
3.70341666666667	46528
3.70425000000000	48384
3.70508333333333	52400
3.70591666666667	28500
3.70676666666667	44400
3.70760000000000	34768
3.70843333333333	42432
3.70926666666667	50800
3.71010000000000	53456
3.71093333333333	56416
3.71176666666667	48912
3.71260000000000	43680
3.71343333333333	37648
3.71426666666667	51392
3.71510000000000	47200
3.71593333333333	56400
3.71676666666667	44864
3.71760000000000	59824
3.71843333333333	51808
3.71926666666667	46800
3.72010000000000	51552
3.72091666666667	35696
3.72175000000000	56144
3.72258333333333	39184
3.72343333333333	38160
3.72426666666667	42192
3.72510000000000	44768
3.72593333333333	47360
3.72676666666667	48832
3.72760000000000	54192
3.72843333333333	53696
3.72926666666667	38352
3.73010000000000	43568
3.73093333333333	45296
3.73176666666667	39424
3.73260000000000	43872
3.73343333333333	40272
3.73426666666667	44384
3.73510000000000	43360
3.73593333333333	42352
3.73676666666667	40352
3.73760000000000	38352
3.73843333333333	36672
3.73926666666667	35392
3.74010000000000	34096
3.74095000000000	36240
3.74178333333333	38384
3.74261666666667	38224
3.74345000000000	49056
3.74428333333333	46112
3.74511666666667	51328
3.74595000000000	45104
3.74678333333333	45360
3.74761666666667	50448
3.74845000000000	50240
3.74928333333333	44448
3.75011666666667	37600
3.75095000000000	45920
3.75178333333333	54096
3.75261666666667	50080
3.75345000000000	50000
3.75428333333333	36736
3.75511666666667	48944
3.75595000000000	35776
3.75678333333333	42448
3.75763333333333	51984
3.75846666666667	42528
3.75930000000000	38608
3.76013333333333	53808
3.76096666666667	51680
3.76180000000000	55520
3.76263333333333	53616
3.76346666666667	48160
3.76430000000000	45280
3.76513333333333	55792
3.76596666666667	54736
3.76680000000000	44192
3.76763333333333	39184
3.76846666666667	49824
3.76930000000000	38560
3.77013333333333	45424
3.77096666666667	44480
3.77180000000000	44336
3.77263333333333	35024
3.77346666666667	46800
3.77430000000000	46064
3.77515000000000	42448
3.77598333333333	38832
3.77681666666667	46976
3.77765000000000	38160
3.77848333333333	49216
3.77931666666667	39520
3.78015000000000	39264
3.78098333333333	46496
3.78181666666667	48752
3.78265000000000	32192
3.78348333333333	41408
3.78431666666667	46544
3.78515000000000	41648
3.78598333333333	32744
3.78681666666667	54624
3.78765000000000	53424
3.78848333333333	44368
3.78931666666667	43968
3.79015000000000	46608
3.79098333333333	49248
3.79183333333333	53648
3.79266666666667	36240
3.79350000000000	36112
3.79433333333333	55408
3.79516666666667	46320
3.79600000000000	54816
3.79683333333333	51200
3.79766666666667	50144
3.79850000000000	50080
3.79933333333333	45184
3.80016666666667	47600
3.80100000000000	52256
3.80183333333333	42672
3.80266666666667	37856
3.80350000000000	37520
3.80433333333333	35904
3.80516666666667	37504
3.80600000000000	39088
3.80683333333333	50240
3.80766666666667	53200
3.80850000000000	45232
3.80935000000000	48560
3.81018333333333	29064
3.81101666666667	46448
3.81185000000000	41776
3.81268333333333	50320
3.81351666666667	45392
3.81435000000000	44576
3.81518333333333	38160
3.81601666666667	48688
3.81685000000000	46816
3.81768333333333	50880
3.81851666666667	35120
3.81935000000000	47312
3.82018333333333	44832
3.82101666666667	52848
3.82185000000000	40304
3.82266666666667	43056
3.82350000000000	33760
3.82433333333333	38784
3.82516666666667	39248
3.82601666666667	39696
3.82685000000000	41456
3.82768333333333	43200
3.82851666666667	55520
3.82935000000000	51616
3.83018333333333	42944
3.83101666666667	54784
3.83185000000000	46064
3.83268333333333	46992
3.83351666666667	41328
3.83435000000000	48096
3.83518333333333	46544
3.83601666666667	32484
3.83685000000000	36608
3.83768333333333	39168
3.83851666666667	41744
3.83935000000000	42944
3.84018333333333	36496
3.84101666666667	43664
3.84185000000000	35024
3.84268333333333	44320
3.84353333333333	42016
3.84436666666667	39728
3.84520000000000	40192
3.84603333333333	46160
3.84686666666667	54240
3.84770000000000	51408
3.84853333333333	48384
3.84936666666667	27884
3.85020000000000	45632
3.85103333333333	46176
3.85186666666667	50224
3.85270000000000	47440
3.85353333333333	45744
3.85436666666667	45008
3.85520000000000	35760
3.85603333333333	36208
3.85686666666667	37488
3.85770000000000	42128
3.85853333333333	46768
3.85936666666667	48192
3.86021666666667	46416
3.86105000000000	44960
3.86188333333333	43664
3.86271666666667	47184
3.86355000000000	50688
3.86438333333333	51184
3.86521666666667	48896
3.86605000000000	36304
3.86688333333333	42672
3.86771666666667	50752
3.86855000000000	29528
3.86938333333333	38528
3.87021666666667	41536
3.87105000000000	40208
3.87188333333333	38880
3.87271666666667	42944
3.87355000000000	33280
3.87438333333333	49008
3.87521666666667	51264
3.87605000000000	32592
3.87688333333333	47408
3.87773333333333	49168
3.87856666666667	46784
3.87940000000000	54448
3.88023333333333	55072
3.88106666666667	54768
3.88190000000000	45728
3.88273333333333	54576
3.88356666666667	49296
3.88440000000000	42416
3.88523333333333	47488
3.88606666666667	39968
3.88690000000000	44816
3.88773333333333	46736
3.88856666666667	48656
3.88938333333333	44432
3.89021666666667	36144
3.89105000000000	47712
3.89188333333333	43984
3.89271666666667	53264
3.89355000000000	36224
3.89440000000000	58096
3.89523333333333	40336
3.89606666666667	51296
3.89690000000000	46928
3.89773333333333	50176
3.89856666666667	42608
3.89940000000000	53200
3.90023333333333	42160
3.90106666666667	43472
3.90190000000000	47392
3.90273333333333	44544
3.90356666666667	41696
3.90440000000000	42064
3.90523333333333	35552
3.90606666666667	46384
3.90690000000000	41984
3.90773333333333	42672
3.90856666666667	47120
3.90940000000000	44896
3.91023333333333	40624
3.91106666666667	48832
3.91191666666667	45584
3.91275000000000	43328
3.91358333333333	47712
3.91441666666667	46272
3.91525000000000	44832
3.91608333333333	48656
3.91691666666667	32228
3.91775000000000	50944
3.91858333333333	39584
3.91941666666667	47024
3.92025000000000	41520
3.92108333333333	41712
3.92191666666667	49408
3.92275000000000	45856
3.92358333333333	52592
3.92441666666667	50288
3.92525000000000	52336
3.92608333333333	41952
3.92691666666667	37856
3.92775000000000	44736
3.92860000000000	46464
3.92943333333333	48064
3.93026666666667	40768
3.93110000000000	45984
3.93193333333333	38048
3.93276666666667	46496
3.93360000000000	39408
3.93443333333333	46208
3.93526666666667	38400
3.93610000000000	41488
3.93693333333333	40304
3.93776666666667	39136
3.93860000000000	36320
3.93943333333333	41328
3.94026666666667	46352
3.94110000000000	46752
3.94193333333333	39808
3.94276666666667	46144
3.94360000000000	53536
3.94443333333333	56496
3.94526666666667	38112
3.94611666666667	49568
3.94695000000000	48336
3.94778333333333	48560
3.94861666666667	48272
3.94945000000000	47984
3.95028333333333	48624
3.95111666666667	53984
3.95195000000000	34432
3.95278333333333	48368
3.95361666666667	46848
3.95445000000000	55968
3.95528333333333	49280
3.95611666666667	47664
3.95695000000000	50400
3.95778333333333	45840
3.95861666666667	46048
3.95943333333333	46528
3.96026666666667	43664
3.96110000000000	40160
3.96193333333333	44304
3.96278333333333	43184
3.96361666666667	42048
3.96445000000000	49648
3.96528333333333	48112
3.96611666666667	51104
3.96695000000000	50416
3.96778333333333	49712
3.96861666666667	39296
3.96945000000000	43728
3.97028333333333	37184
3.97111666666667	42736
3.97195000000000	41904
3.97278333333333	38160
3.97361666666667	47840
3.97445000000000	44384
3.97528333333333	40912
3.97611666666667	50528
3.97695000000000	51664
3.97778333333333	52784
3.97861666666667	48176
3.97945000000000	48560
3.98030000000000	48960
3.98113333333333	49408
3.98196666666667	46816
3.98280000000000	38320
3.98363333333333	42144
3.98446666666667	37696
3.98530000000000	38368
3.98613333333333	39728
3.98696666666667	41104
3.98780000000000	45136
3.98863333333333	31668
3.98946666666667	54400
3.99030000000000	49216
3.99113333333333	47344
3.99196666666667	52560
3.99280000000000	46288
3.99363333333333	38848
3.99446666666667	51840
3.99530000000000	49472
3.99613333333333	56192
3.99698333333333	49440
3.99781666666667	53952
3.99865000000000	53280
3.99948333333333	50416
4.00031666666667	52880
4.00115000000000	49312
4.00198333333333	55424
4.00281666666667	56192
4.00365000000000	36256
4.00448333333333	48160
4.00531666666667	54576
4.00615000000000	54208
4.00698333333333	48032
4.00781666666667	39408
4.00865000000000	36256
4.00948333333333	46496
4.01031666666667	29556
4.01115000000000	62592
4.01198333333333	54512
4.01281666666667	44432
4.01365000000000	36944
4.01450000000000	40240
4.01533333333333	43136
4.01616666666667	46032
4.01700000000000	46016
4.01783333333333	55312
4.01866666666667	58384
4.01950000000000	39968
4.02033333333333	38880
4.02116666666667	44912
4.02200000000000	48240
4.02283333333333	48800
4.02366666666667	40720
4.02450000000000	42480
4.02533333333333	49504
4.02616666666667	42352
4.02700000000000	48512
4.02783333333333	47856
4.02866666666667	48304
4.02950000000000	47696
4.03033333333333	41088
4.03118333333333	46288
4.03201666666667	61280
4.03285000000000	59728
4.03368333333333	49840
4.03451666666667	49936
4.03535000000000	53344
4.03618333333333	54016
4.03701666666667	60544
4.03785000000000	39152
4.03868333333333	36128
4.03951666666667	50752
4.04035000000000	54672
4.04118333333333	42112
4.04201666666667	44528
4.04285000000000	46432
4.04368333333333	45488
4.04451666666667	44368
4.04535000000000	43232
4.04616666666667	43920
4.04700000000000	47360
4.04783333333333	44576
4.04868333333333	41792
4.04951666666667	42416
4.05035000000000	39280
4.05118333333333	42880
4.05201666666667	39664
4.05285000000000	36464
4.05368333333333	36144
4.05451666666667	35808
4.05535000000000	47312
4.05618333333333	38624
4.05701666666667	29932
4.05785000000000	46960
4.05868333333333	54720
4.05951666666667	49616
4.06035000000000	58000
4.06118333333333	51808
4.06201666666667	36288
4.06285000000000	58832
4.06368333333333	43200
4.06451666666667	42320
4.06536666666667	43376
4.06620000000000	39248
4.06703333333333	40016
4.06786666666667	38640
4.06870000000000	37248
4.06953333333333	56480
4.07036666666667	52112
4.07120000000000	30996
4.07203333333333	42512
4.07286666666667	36912
4.07370000000000	33424
4.07453333333333	45168
4.07536666666667	41024
4.07620000000000	36896
4.07703333333333	28316
4.07786666666667	44912
4.07870000000000	44624
4.07953333333333	53104
4.08036666666667	49392
4.08120000000000	48384
4.08203333333333	48000
4.08288333333333	44880
4.08371666666667	47232
4.08455000000000	49568
4.08538333333333	45264
4.08621666666667	40960
4.08705000000000	46912
4.08788333333333	46000
4.08871666666667	44160
4.08955000000000	36464
4.09038333333333	41904
4.09121666666667	42816
4.09205000000000	46624
4.09288333333333	45088
4.09371666666667	43536
4.09455000000000	46208
4.09538333333333	46544
4.09621666666667	46864
4.09705000000000	32676
4.09788333333333	39088
4.09871666666667	39888
4.09956666666667	42832
4.10040000000000	41648
4.10123333333333	43472
4.10206666666667	45280
4.10290000000000	52480
4.10373333333333	44880
4.10456666666667	37280
4.10540000000000	41040
4.10623333333333	54768
4.10706666666667	59104
4.10790000000000	43984
4.10873333333333	48240
4.10956666666667	58768
4.11040000000000	52448
4.11123333333333	31768
4.11206666666667	39584
4.11290000000000	49664
4.11373333333333	40672
4.11456666666667	36656
4.11540000000000	44560
4.11623333333333	38976
4.11708333333333	46288
4.11791666666667	48480
4.11875000000000	45520
4.11958333333333	45536
4.12041666666667	32432
4.12125000000000	46352
4.12208333333333	43216
4.12291666666667	40080
4.12375000000000	45888
4.12458333333333	39056
4.12541666666667	43696
4.12623333333333	51936
4.12706666666667	48896
4.12790000000000	48320
4.12873333333333	52112
4.12956666666667	39712
4.13040000000000	47824
4.13123333333333	40384
4.13206666666667	52528
4.13290000000000	46816
4.13375000000000	44512
4.13458333333333	44080
4.13541666666667	43648
4.13625000000000	44880
4.13708333333333	46112
4.13791666666667	38512
4.13875000000000	42080
4.13958333333333	50832
4.14041666666667	34496
4.14125000000000	49600
4.14208333333333	34224
4.14291666666667	50784
4.14375000000000	49488
4.14458333333333	28692
4.14541666666667	35568
4.14625000000000	54096
4.14708333333333	41808
4.14791666666667	48560
4.14875000000000	26160
4.14958333333333	45968
4.15041666666667	52848
4.15126666666667	54144
4.15210000000000	52160
4.15293333333333	42304
4.15376666666667	51056
4.15460000000000	42352
4.15543333333333	47888
4.15626666666667	46496
4.15710000000000	31636
4.15793333333333	44816
4.15876666666667	50960
4.15960000000000	46160
4.16043333333333	48224
4.16126666666667	44656
4.16210000000000	45760
4.16293333333333	46864
4.16376666666667	46272
4.16460000000000	45664
4.16543333333333	45744
4.16626666666667	40848
4.16710000000000	42528
4.16795000000000	40480
4.16878333333333	38432
4.16961666666667	30264
4.17045000000000	42640
4.17128333333333	46000
4.17211666666667	53584
4.17295000000000	47536
4.17378333333333	50224
4.17461666666667	43328
4.17545000000000	46800
4.17628333333333	50672
4.17711666666667	50256
4.17795000000000	52656
4.17878333333333	36816
4.17961666666667	28264
4.18045000000000	49536
4.18128333333333	50656
4.18211666666667	44608
4.18295000000000	44720
4.18378333333333	56208
4.18461666666667	53248
4.18546666666667	49744
4.18630000000000	50624
4.18713333333333	52432
4.18796666666667	32768
4.18880000000000	55888
4.18963333333333	46752
4.19046666666667	48416
4.19130000000000	30740
4.19213333333333	46144
4.19296666666667	44304
4.19380000000000	40816
4.19463333333333	48000
4.19546666666667	46304
4.19630000000000	44608
4.19713333333333	49680
4.19796666666667	42176
4.19880000000000	48496
4.19963333333333	48080
4.20046666666667	47648
4.20130000000000	32720
4.20215000000000	40032
4.20298333333333	36912
4.20381666666667	38208
4.20465000000000	39248
4.20548333333333	37568
4.20631666666667	26116
4.20715000000000	43264
4.20798333333333	46032
4.20881666666667	31776
4.20965000000000	43872
4.21048333333333	48528
4.21131666666667	46848
4.21215000000000	45088
4.21298333333333	46432
4.21381666666667	43168
4.21465000000000	39920
4.21548333333333	49728
4.21631666666667	45184
4.21715000000000	54240
4.21798333333333	47840
4.21881666666667	51520
4.21966666666667	42896
4.22050000000000	47152
4.22133333333333	54128
4.22216666666667	41280
4.22300000000000	36032
4.22383333333333	58480
4.22466666666667	44064
4.22550000000000	51728
4.22633333333333	40064
4.22716666666667	48928
4.22800000000000	41488
4.22883333333333	44080
4.22966666666667	46656
4.23050000000000	47664
4.23133333333333	48672
4.23216666666667	47840
4.23300000000000	47920
4.23383333333333	45648
4.23466666666667	42464
4.23550000000000	23592
4.23635000000000	50896
4.23718333333333	46752
4.23801666666667	52512
4.23885000000000	51936
4.23968333333333	50560
4.24051666666667	49184
4.24135000000000	45408
4.24218333333333	38064
4.24301666666667	45600
4.24385000000000	55728
4.24468333333333	57088
4.24551666666667	43712
4.24635000000000	54464
4.24718333333333	30892
4.24801666666667	55520
4.24885000000000	43840
4.24968333333333	45184
4.25051666666667	46496
4.25135000000000	43584
4.25218333333333	55232
4.25301666666667	31300
4.25386666666667	49536
4.25470000000000	47776
4.25553333333333	47168
4.25636666666667	46528
4.25720000000000	45872
4.25803333333333	42032
4.25886666666667	38192
4.25970000000000	53632
4.26053333333333	59088
4.26136666666667	35104
4.26220000000000	41376
4.26303333333333	60800
4.26386666666667	47376
4.26470000000000	47664
4.26553333333333	45808
4.26636666666667	46080
4.26720000000000	46352
4.26803333333333	47680
4.26886666666667	38432
4.26970000000000	44208
4.27055000000000	45360
4.27138333333333	46736
4.27221666666667	48112
4.27305000000000	48480
4.27388333333333	54304
4.27471666666667	52448
4.27555000000000	41200
4.27638333333333	43136
4.27721666666667	45776
4.27805000000000	49648
4.27888333333333	46944
4.27971666666667	48864
4.28055000000000	39472
4.28138333333333	48768
4.28221666666667	46464
4.28303333333333	52096
4.28386666666667	33936
4.28470000000000	51088
4.28553333333333	40704
4.28636666666667	51968
4.28720000000000	55904
4.28805000000000	54256
4.28888333333333	46880
4.28971666666667	53408
4.29055000000000	52768
4.29138333333333	52128
4.29221666666667	52768
4.29305000000000	45392
4.29388333333333	36928
4.29471666666667	38656
4.29555000000000	59744
4.29638333333333	55440
4.29721666666667	36960
4.29805000000000	41312
4.29888333333333	44336
4.29971666666667	38368
4.30055000000000	24096
4.30138333333333	42608
4.30221666666667	44208
4.30305000000000	45792
4.30388333333333	55056
4.30473333333333	30300
4.30556666666667	53344
4.30640000000000	46368
4.30723333333333	53872
4.30806666666667	47952
4.30890000000000	49616
4.30973333333333	40496
4.31056666666667	47696
4.31140000000000	49552
4.31223333333333	43456
4.31306666666667	41536
4.31390000000000	48320
4.31473333333333	51376
4.31556666666667	52816
4.31640000000000	25820
4.31723333333333	54192
4.31806666666667	48528
4.31890000000000	50832
4.31973333333333	52624
4.32056666666667	50016
4.32140000000000	46096
4.32225000000000	47056
4.32308333333333	40960
4.32391666666667	46848
4.32475000000000	53040
4.32558333333333	50384
4.32641666666667	24000
4.32725000000000	43104
4.32808333333333	49520
4.32891666666667	52128
4.32975000000000	51056
4.33058333333333	41616
4.33141666666667	47216
4.33225000000000	54688
4.33308333333333	45936
4.33391666666667	44384
4.33475000000000	47408
4.33558333333333	49104
4.33641666666667	34192
4.33725000000000	58768
4.33808333333333	59248
4.33893333333333	52432
4.33976666666667	47904
4.34060000000000	42176
4.34143333333333	53920
4.34226666666667	48544
4.34310000000000	54144
4.34393333333333	46928
4.34476666666667	40448
4.34560000000000	40144
4.34643333333333	41328
4.34726666666667	42512
4.34810000000000	43104
4.34893333333333	50080
4.34976666666667	49248
4.35060000000000	44720
4.35143333333333	47312
4.35226666666667	49904
4.35310000000000	46080
4.35393333333333	49248
4.35476666666667	47776
4.35560000000000	52832
4.35645000000000	51472
4.35728333333333	50112
4.35811666666667	43904
4.35895000000000	49312
4.35978333333333	45520
4.36061666666667	49632
4.36145000000000	47712
4.36228333333333	46144
4.36311666666667	44576
4.36395000000000	38192
4.36478333333333	50496
4.36561666666667	37840
4.36645000000000	44752
4.36728333333333	31544
4.36811666666667	46208
4.36895000000000	52736
4.36978333333333	57968
4.37061666666667	43712
4.37145000000000	35392
4.37228333333333	42464
4.37313333333333	48800
4.37396666666667	50304
4.37480000000000	41056
4.37563333333333	44544
4.37646666666667	50720
4.37730000000000	38240
4.37813333333333	34368
4.37896666666667	51312
4.37980000000000	44864
4.38063333333333	40608
4.38146666666667	46640
4.38230000000000	32280
4.38313333333333	45632
4.38396666666667	50512
4.38480000000000	51344
4.38561666666667	42768
4.38645000000000	49696
4.38728333333333	27488
4.38811666666667	53360
4.38895000000000	54544
4.38978333333333	50784
4.39063333333333	48032
4.39146666666667	40096
4.39230000000000	44800
4.39313333333333	40448
4.39396666666667	47728
4.39480000000000	30476
4.39563333333333	38096
4.39646666666667	54912
4.39730000000000	41136
4.39813333333333	45472
4.39896666666667	45248
4.39980000000000	35920
4.40063333333333	51552
4.40146666666667	45392
4.40230000000000	38272
4.40313333333333	46976
4.40396666666667	41296
4.40480000000000	44288
4.40563333333333	47328
4.40646666666667	48928
4.40731666666667	50384
4.40815000000000	33088
4.40898333333333	50896
4.40981666666667	56736
4.41065000000000	58384
4.41148333333333	31944
4.41231666666667	44464
4.41315000000000	46992
4.41398333333333	52112
4.41481666666667	47104
4.41565000000000	48848
4.41648333333333	50592
4.41731666666667	51936
4.41815000000000	32976
4.41898333333333	37904
4.41981666666667	48688
4.42065000000000	49696
4.42148333333333	46576
4.42231666666667	47936
4.42315000000000	49296
4.42398333333333	43024
4.42483333333333	46240
4.42566666666667	48320
4.42650000000000	51600
4.42733333333333	32088
4.42816666666667	37296
4.42900000000000	40592
4.42983333333333	36528
4.43066666666667	42384
4.43150000000000	40064
4.43233333333333	33728
4.43316666666667	45392
4.43400000000000	55344
4.43483333333333	49280
4.43566666666667	45216
4.43650000000000	52592
4.43733333333333	43504
4.43816666666667	50416
4.43900000000000	45424
4.43983333333333	47824
4.44066666666667	49008
4.44151666666667	48080
4.44235000000000	47136
4.44318333333333	47680
4.44401666666667	43840
4.44485000000000	42176
4.44568333333333	33216
4.44651666666667	47184
4.44735000000000	42912
4.44818333333333	58864
4.44901666666667	51616
4.44985000000000	51648
4.45068333333333	49280
4.45151666666667	43760
4.45235000000000	52864
4.45318333333333	46080
4.45401666666667	43568
4.45485000000000	47696
4.45568333333333	49296
4.45651666666667	41920
4.45735000000000	49280
4.45816666666667	48464
4.45901666666667	47648
4.45985000000000	51136
4.46068333333333	43248
4.46151666666667	44960
4.46235000000000	44128
4.46318333333333	43280
4.46401666666667	47392
4.46485000000000	47936
4.46568333333333	48480
4.46651666666667	43120
4.46735000000000	50704
4.46818333333333	37392
4.46901666666667	43200
4.46985000000000	43072
4.47068333333333	42944
4.47151666666667	51360
4.47235000000000	31332
4.47318333333333	41744
4.47401666666667	40960
4.47485000000000	47536
4.47570000000000	49600
4.47653333333333	33248
4.47736666666667	41808
4.47820000000000	51040
4.47903333333333	38304
4.47986666666667	43872
4.48070000000000	52320
4.48153333333333	53440
4.48236666666667	53648
4.48320000000000	47808
4.48403333333333	54576
4.48486666666667	51600
4.48570000000000	48240
4.48653333333333	30920
4.48736666666667	56816
4.48820000000000	35344
4.48903333333333	51776
4.48986666666667	54496
4.49070000000000	49984
4.49153333333333	45472
4.49236666666667	58272
4.49321666666667	55184
4.49405000000000	40944
4.49488333333333	47040
4.49571666666667	52576
4.49655000000000	49552
4.49738333333333	52448
4.49821666666667	44416
4.49905000000000	48960
