1.50330000000000	1729
1.50663333333333	1551
1.50996666666667	0
1.51330000000000	519
1.51663333333333	879
1.51998333333333	1971
1.52331666666667	986
1.52665000000000	0
1.52998333333333	3597
1.53331666666667	3936
1.53666666666667	854
1.54000000000000	0
1.54333333333333	301
1.54666666666667	0
1.55000000000000	0
1.55335000000000	0
1.55668333333333	0
1.56001666666667	0
1.56335000000000	0
1.56668333333333	0
1.57003333333333	0
1.57336666666667	0
1.57670000000000	0
1.58003333333333	0
1.58336666666667	0
1.58671666666667	42
1.59005000000000	21
1.59338333333333	0
1.59671666666667	0
1.60005000000000	0
1.60340000000000	0
1.60673333333333	274
1.61006666666667	548
1.61340000000000	274
1.61671666666667	0
1.62006666666667	0
1.62340000000000	434
1.62673333333333	217
1.63006666666667	0
1.63340000000000	0
1.63675000000000	560
1.64008333333333	280
1.64341666666667	0
1.64675000000000	680
1.65008333333333	340
1.65343333333333	0
1.65676666666667	0
1.66010000000000	0
1.66343333333333	0
1.66676666666667	0
1.67011666666667	94
1.67345000000000	47
1.67678333333333	0
1.68011666666667	0
1.68345000000000	0
1.68680000000000	0
1.69013333333333	0
1.69346666666667	44
1.69680000000000	1476
1.70013333333333	738
1.70348333333333	0
1.70681666666667	0
1.71015000000000	57
1.71348333333333	0
1.71681666666667	0
1.72016666666667	21
1.72350000000000	42
1.72683333333333	21
1.73016666666667	0
1.73350000000000	0
1.73685000000000	0
1.74018333333333	0
1.74351666666667	0
1.74685000000000	0
1.75018333333333	0
1.75353333333333	0
1.75686666666667	315
1.76020000000000	157
1.76353333333333	0
1.76686666666667	44
1.77021666666667	0
1.77355000000000	0
1.77688333333333	0
1.78021666666667	0
1.78355000000000	0
1.78690000000000	0
1.79023333333333	0
1.79356666666667	0
1.79690000000000	0
1.80023333333333	0
1.80358333333333	0
1.80691666666667	0
1.81025000000000	322
1.81358333333333	644
1.81691666666667	322
1.82025000000000	0
1.82360000000000	0
1.82693333333333	0
1.83026666666667	0
1.83360000000000	0
1.83693333333333	0
1.84028333333333	0
1.84361666666667	0
1.84695000000000	0
1.85028333333333	1556
1.85361666666667	1959
1.85696666666667	0
1.86030000000000	0
1.86363333333333	0
1.86696666666667	0
1.87030000000000	505
1.87365000000000	252
1.87698333333333	0
1.88031666666667	1255
1.88365000000000	1260
1.88698333333333	0
1.89033333333333	0
1.89366666666667	0
1.89700000000000	0
1.90033333333333	0
1.90366666666667	0
1.90701666666667	853
1.91035000000000	427
1.91368333333333	0
1.91701666666667	0
1.92035000000000	572
1.92370000000000	0
1.92703333333333	0
1.93036666666667	0
1.93370000000000	1348
1.93703333333333	1010
1.94038333333333	0
1.94371666666667	0
1.94705000000000	685
1.95038333333333	0
1.95371666666667	0
1.95706666666667	0
1.96040000000000	0
1.96373333333333	0
1.96706666666667	0
1.97040000000000	0
1.97375000000000	0
1.97708333333333	1016
1.98041666666667	508
1.98375000000000	0
1.98708333333333	49
1.99043333333333	0
1.99376666666667	0
1.99710000000000	0
2.00043333333333	0
2.00376666666667	0
2.00711666666667	0
2.01045000000000	0
2.01378333333333	0
2.01711666666667	0
2.02045000000000	0
2.02380000000000	0
2.02713333333333	0
2.03046666666667	0
2.03380000000000	0
2.03713333333333	0
2.04048333333333	0
2.04381666666667	380
2.04715000000000	190
2.05048333333333	0
2.05381666666667	0
2.05716666666667	1203
2.06050000000000	1301
2.06383333333333	2714
2.06716666666667	1357
2.07050000000000	0
2.07385000000000	0
2.07718333333333	46
2.08051666666667	0
2.08385000000000	0
2.08718333333333	0
2.09053333333333	0
2.09386666666667	0
2.09720000000000	0
2.10053333333333	0
2.10386666666667	0
2.10721666666667	0
2.11055000000000	0
2.11388333333333	0
2.11721666666667	0
2.12055000000000	0
2.12390000000000	0
2.12723333333333	0
2.13056666666667	0
2.13390000000000	0
2.13723333333333	0
2.14058333333333	0
2.14391666666667	0
2.14725000000000	0
2.15058333333333	0
2.15391666666667	400
2.15725000000000	200
2.16060000000000	0
2.16393333333333	0
2.16726666666667	0
2.17060000000000	0
2.17393333333333	0
2.17728333333333	0
2.18061666666667	0
2.18395000000000	0
2.18728333333333	30
2.19061666666667	15
2.19396666666667	0
2.19730000000000	0
2.20063333333333	0
2.20396666666667	0
2.20730000000000	0
2.21065000000000	0
2.21398333333333	0
2.21731666666667	0
2.22065000000000	0
2.22398333333333	0
2.22733333333333	0
2.23066666666667	1992
2.23400000000000	1773
2.23733333333333	886
2.24066666666667	0
2.24401666666667	2426
2.24735000000000	3028
2.25068333333333	3630
2.25401666666667	2319
2.25735000000000	6522
2.26070000000000	6223
2.26403333333333	4437
2.26736666666667	3778
2.27070000000000	3568
2.27403333333333	3358
2.27738333333333	5787
2.28071666666667	8864
2.28405000000000	8224
2.28738333333333	7582
2.29071666666667	6937
2.29406666666667	9676
2.29740000000000	12412
2.30073333333333	11616
2.30406666666667	10216
2.30740000000000	8812
2.31075000000000	24664
2.31408333333333	19640
2.31741666666667	14616
2.32075000000000	19868
2.32408333333333	25124
2.32743333333333	30144
2.33076666666667	34288
2.33410000000000	38496
2.33743333333333	36720
2.34076666666667	44816
2.34411666666667	42272
2.34745000000000	52224
2.35078333333333	44864
2.35411666666667	37504
2.35745000000000	39504
2.36080000000000	41520
2.36413333333333	59680
2.36746666666667	63392
2.37080000000000	68720
2.37413333333333	72192
2.37748333333333	75664
2.38081666666667	76336
2.38415000000000	63504
2.38748333333333	76656
2.39081666666667	81520
2.39416666666667	86384
2.39750000000000	93856
2.40083333333333	44240
2.40416666666667	59008
2.40750000000000	103536
2.41085000000000	55200
2.41418333333333	94432
2.41751666666667	82976
2.42085000000000	95648
2.42418333333333	123760
2.42753333333333	113488
2.43086666666667	109104
2.43420000000000	104816
2.43753333333333	127280
2.44086666666667	49216
2.44421666666667	107792
2.44755000000000	101280
2.45088333333333	97600
2.45421666666667	80512
2.45755000000000	121296
2.46090000000000	123600
2.46423333333333	145600
2.46756666666667	117200
2.47090000000000	126240
2.47423333333333	137920
2.47758333333333	134656
2.48091666666667	130480
2.48425000000000	121600
2.48758333333333	112720
2.49091666666667	133632
2.49425000000000	109744
2.49760000000000	132736
2.50093333333333	82896
2.50426666666667	132160
2.50760000000000	112864
2.51093333333333	153920
2.51428333333333	130064
2.51761666666667	99936
2.52095000000000	163456
2.52428333333333	167552
2.52761666666667	142528
2.53096666666667	139264
2.53430000000000	143808
2.53763333333333	138944
2.54096666666667	146688
2.54430000000000	145600
2.54765000000000	139520
2.55098333333333	133440
2.55431666666667	127008
2.55765000000000	154048
2.56098333333333	184256
2.56433333333333	172224
2.56766666666667	146496
2.57100000000000	77728
2.57433333333333	206336
2.57766666666667	154048
2.58101666666667	219520
2.58435000000000	175424
2.58768333333333	113120
2.59101666666667	152576
2.59435000000000	103776
2.59770000000000	104912
2.60103333333333	78272
2.60436666666667	161536
2.60770000000000	146944
2.61103333333333	136512
2.61438333333333	140416
2.61771666666667	185024
2.62105000000000	198464
2.62438333333333	164672
2.62771666666667	156096
2.63106666666667	149248
2.63440000000000	154304
2.63773333333333	159360
2.64106666666667	158720
2.64440000000000	178816
2.64775000000000	180608
2.65108333333333	185344
2.65441666666667	155520
2.65775000000000	172736
2.66108333333333	124112
2.66443333333333	189248
2.66776666666667	233024
2.67110000000000	104896
2.67443333333333	129504
2.67776666666667	170752
2.68111666666667	180608
2.68445000000000	201600
2.68778333333333	124896
2.69111666666667	193664
2.69445000000000	172032
2.69780000000000	137728
2.70113333333333	147264
2.70446666666667	178688
2.70780000000000	161472
2.71113333333333	142656
2.71448333333333	159296
2.71781666666667	156736
2.72115000000000	149312
2.72448333333333	139968
2.72781666666667	113264
2.73116666666667	198912
2.73450000000000	184512
2.73783333333333	203072
2.74116666666667	183040
2.74450000000000	177088
2.74785000000000	172480
2.75118333333333	194624
2.75451666666667	218496
2.75785000000000	219136
2.76118333333333	169408
2.76453333333333	135872
2.76786666666667	174016
2.77120000000000	194688
2.77453333333333	146112
2.77786666666667	157824
2.78121666666667	160768
2.78455000000000	175232
2.78788333333333	191360
2.79121666666667	177216
2.79455000000000	163136
2.79790000000000	190400
2.80123333333333	163840
2.80456666666667	147264
2.80790000000000	206528
2.81123333333333	206144
2.81458333333333	192448
2.81791666666667	140288
2.82125000000000	182528
2.82458333333333	154048
2.82791666666667	176640
2.83125000000000	185792
2.83460000000000	195456
2.83793333333333	187136
2.84126666666667	178752
2.84460000000000	160448
2.84793333333333	125664
2.85128333333333	197184
2.85461666666667	146880
2.85795000000000	187712
2.86128333333333	176384
2.86461666666667	205056
2.86796666666667	203328
2.87130000000000	154304
2.87463333333333	188608
2.87796666666667	191808
2.88130000000000	128096
2.88465000000000	112480
2.88798333333333	187456
2.89131666666667	188352
2.89465000000000	184768
2.89798333333333	136768
2.90133333333333	150272
2.90466666666667	160320
2.90800000000000	129024
2.91133333333333	97744
2.91466666666667	166784
2.91801666666667	188096
2.92135000000000	127760
2.92468333333333	208384
2.92801666666667	177984
2.93135000000000	191808
2.93470000000000	152832
2.93803333333333	159424
2.94136666666667	149888
2.94470000000000	140352
2.94803333333333	146368
2.95138333333333	152320
2.95471666666667	160000
2.95805000000000	167680
2.96138333333333	177920
2.96471666666667	181824
2.96806666666667	185792
2.97140000000000	153792
2.97473333333333	161344
2.97806666666667	168896
2.98140000000000	164672
2.98475000000000	153280
2.98808333333333	150336
2.99141666666667	120176
2.99475000000000	170688
2.99808333333333	163072
3.00143333333333	165184
3.00476666666667	116416
3.00810000000000	199680
3.01143333333333	184704
3.01476666666667	182784
3.01811666666667	166848
3.02145000000000	191040
3.02478333333333	176000
3.02811666666667	207808
3.03145000000000	122192
3.03480000000000	170496
3.03813333333333	171328
3.04146666666667	154880
3.04480000000000	170560
3.04813333333333	171328
3.05148333333333	168768
3.05481666666667	174208
3.05815000000000	153984
3.06148333333333	176896
3.06481666666667	168960
3.06816666666667	110304
3.07150000000000	171584
3.07483333333333	155520
3.07816666666667	132416
3.08150000000000	132224
3.08485000000000	195200
3.08818333333333	187520
3.09151666666667	135872
3.09485000000000	152512
3.09818333333333	152064
3.10153333333333	187904
3.10486666666667	185600
3.10820000000000	195008
3.11153333333333	164032
3.11486666666667	182720
3.11821666666667	156608
3.12155000000000	187200
3.12488333333333	96608
3.12821666666667	198336
3.13155000000000	116224
3.13490000000000	137536
3.13823333333333	161536
3.14156666666667	179584
3.14490000000000	156928
3.14823333333333	209408
3.15156666666667	216896
3.15490000000000	159232
3.15823333333333	176768
3.16156666666667	174272
3.16490000000000	174848
3.16823333333333	190784
3.17158333333333	187008
3.17491666666667	182848
3.17825000000000	169984
3.18158333333333	138880
3.18491666666667	181632
3.18826666666667	109264
3.19160000000000	133760
3.19493333333333	142400
3.19826666666667	180544
3.20160000000000	181504
3.20495000000000	164096
3.20828333333333	98224
3.21161666666667	193920
3.21495000000000	164736
3.21828333333333	187008
3.22163333333333	142528
3.22496666666667	196288
3.22830000000000	85056
3.23163333333333	193600
3.23496666666667	184000
3.23831666666667	166208
3.24165000000000	165248
3.24498333333333	179904
3.24831666666667	206528
3.25165000000000	213568
3.25500000000000	150976
3.25833333333333	159168
3.26166666666667	140160
3.26500000000000	182144
3.26833333333333	150592
3.27168333333333	119040
3.27501666666667	174912
3.27835000000000	192512
3.28168333333333	147520
3.28501666666667	165248
3.28836666666667	182720
3.29170000000000	186304
3.29503333333333	161216
3.29836666666667	192384
3.30170000000000	189120
3.30505000000000	204864
3.30838333333333	190976
3.31171666666667	149568
3.31505000000000	179584
3.31838333333333	176576
3.32173333333333	194048
3.32506666666667	170816
3.32840000000000	153664
3.33173333333333	156544
3.33506666666667	115712
3.33841666666667	163584
3.34175000000000	197184
3.34508333333333	183488
3.34841666666667	153984
3.35175000000000	196288
3.35510000000000	189760
3.35843333333333	142720
3.36176666666667	166080
3.36510000000000	165504
3.36843333333333	164928
3.37178333333333	200512
3.37511666666667	197824
3.37845000000000	175168
3.38178333333333	186048
3.38511666666667	162752
3.38846666666667	170432
3.39180000000000	189696
3.39513333333333	172480
3.39846666666667	190208
3.40180000000000	135808
3.40515000000000	138048
3.40848333333333	199680
3.41181666666667	193088
3.41515000000000	191168
3.41848333333333	166144
3.42181666666667	109616
3.42515000000000	167424
3.42848333333333	167680
3.43181666666667	162432
3.43515000000000	179072
3.43850000000000	164800
3.44183333333333	150528
3.44516666666667	141056
3.44850000000000	164160
3.45183333333333	200704
3.45518333333333	189632
3.45851666666667	158464
3.46185000000000	187520
3.46518333333333	188864
3.46851666666667	203264
3.47186666666667	170880
3.47520000000000	146176
3.47853333333333	150016
3.48186666666667	162880
3.48520000000000	175744
3.48855000000000	180992
3.49188333333333	179008
3.49521666666667	172288
3.49855000000000	184960
3.50188333333333	136000
3.50521666666667	181760
3.50856666666667	210944
3.51190000000000	213440
3.51523333333333	180096
3.51856666666667	168832
3.52190000000000	195520
3.52525000000000	191424
3.52858333333333	167872
3.53191666666667	152896
3.53525000000000	166272
3.53858333333333	172224
3.54193333333333	178112
3.54526666666667	173120
3.54860000000000	192384
3.55193333333333	178688
3.55526666666667	165056
3.55861666666667	158848
3.56195000000000	153088
3.56528333333333	169984
3.56861666666667	186944
3.57195000000000	193920
3.57530000000000	122400
3.57863333333333	134016
3.58196666666667	159424
3.58530000000000	151488
3.58863333333333	158528
3.59198333333333	189952
3.59531666666667	190848
3.59865000000000	108016
3.60198333333333	185408
3.60531666666667	164672
3.60866666666667	203712
3.61200000000000	155072
3.61533333333333	146688
3.61866666666667	194624
3.62200000000000	150528
3.62535000000000	193728
3.62868333333333	181568
3.63201666666667	161216
3.63535000000000	177664
3.63868333333333	177088
3.64203333333333	200320
3.64536666666667	188608
3.64870000000000	166656
3.65203333333333	127392
3.65536666666667	180416
3.65871666666667	172352
3.66205000000000	172992
3.66538333333333	191680
3.66871666666667	198784
3.67205000000000	201856
3.67540000000000	179200
3.67873333333333	156608
3.68206666666667	182656
3.68540000000000	176256
3.68873333333333	169920
3.69208333333333	126688
3.69541666666667	202368
3.69875000000000	172352
3.70208333333333	190592
3.70541666666667	133568
3.70876666666667	204480
3.71210000000000	182336
3.71543333333333	155712
3.71876666666667	141184
3.72210000000000	136960
3.72545000000000	143872
3.72878333333333	157440
3.73211666666667	164928
3.73545000000000	127984
3.73878333333333	147200
3.74213333333333	166400
3.74546666666667	185728
3.74880000000000	194816
3.75213333333333	158976
3.75546666666667	195200
3.75881666666667	141696
3.76215000000000	149056
3.76548333333333	123168
3.76881666666667	215680
3.77215000000000	196608
3.77550000000000	154240
3.77883333333333	215616
3.78216666666667	176832
3.78550000000000	142848
3.78883333333333	183680
3.79218333333333	182016
3.79551666666667	211328
3.79885000000000	213120
3.80218333333333	177280
3.80551666666667	145152
3.80886666666667	147520
3.81220000000000	135680
3.81553333333333	123776
3.81886666666667	170944
3.82220000000000	182272
3.82555000000000	149184
3.82888333333333	150336
3.83221666666667	199104
3.83555000000000	175040
3.83888333333333	191872
3.84221666666667	159616
3.84556666666667	166464
3.84890000000000	165632
3.85223333333333	189376
3.85556666666667	203520
3.85890000000000	207296
3.86225000000000	180608
3.86558333333333	164096
3.86891666666667	152320
3.87225000000000	208320
3.87558333333333	87936
3.87893333333333	198208
3.88226666666667	151168
3.88560000000000	122944
3.88893333333333	167040
3.89226666666667	189120
3.89561666666667	172800
3.89895000000000	138752
3.90228333333333	178688
3.90561666666667	174336
3.90895000000000	172160
3.91230000000000	169984
3.91563333333333	160320
3.91896666666667	150592
3.92230000000000	165376
3.92563333333333	114352
3.92898333333333	128288
3.93231666666667	138048
3.93565000000000	147840
3.93898333333333	154752
3.94231666666667	189248
3.94566666666667	183488
3.94900000000000	177984
3.95233333333333	161472
3.95566666666667	175424
3.95900000000000	156992
3.96235000000000	188416
3.96568333333333	192768
3.96901666666667	184640
3.97235000000000	136704
3.97568333333333	174016
3.97903333333333	207488
3.98236666666667	192384
3.98570000000000	160000
3.98903333333333	190208
3.99236666666667	169216
3.99571666666667	171712
3.99905000000000	174208
4.00238333333333	163136
4.00571666666667	124896
4.00905000000000	199936
4.01240000000000	188288
4.01573333333333	149376
4.01906666666667	189120
4.02240000000000	170432
4.02573333333333	149888
4.02908333333333	202048
4.03241666666667	99344
4.03575000000000	194752
4.03908333333333	159296
4.04241666666667	152000
4.04576666666667	169280
4.04910000000000	159936
4.05243333333333	150528
4.05576666666667	157248
4.05910000000000	174336
4.06245000000000	198912
4.06578333333333	218176
4.06911666666667	147776
4.07245000000000	196864
4.07578333333333	200320
4.07913333333333	131264
4.08246666666667	206208
4.08580000000000	189504
4.08913333333333	195776
4.09246666666667	181952
4.09581666666667	141632
4.09915000000000	148544
4.10248333333333	139648
4.10581666666667	118400
4.10915000000000	161920
4.11250000000000	163392
4.11583333333333	164800
4.11916666666667	175424
4.12250000000000	142336
4.12583333333333	131200
4.12918333333333	114400
4.13251666666667	146368
4.13585000000000	163008
4.13918333333333	179648
4.14251666666667	163840
4.14586666666667	148032
4.14920000000000	159104
4.15253333333333	132544
4.15586666666667	153344
4.15920000000000	119264
4.16255000000000	186432
4.16588333333333	184832
4.16921666666667	127168
4.17255000000000	190336
4.17588333333333	175168
4.17921666666667	171776
4.18256666666667	186688
4.18590000000000	140928
4.18923333333333	156096
4.19256666666667	200512
4.19590000000000	140160
4.19925000000000	138688
4.20258333333333	138368
4.20591666666667	195008
4.20925000000000	181440
4.21258333333333	205312
4.21593333333333	186688
4.21926666666667	161920
4.22260000000000	174400
4.22593333333333	188416
4.22926666666667	205952
4.23261666666667	121344
4.23595000000000	134144
4.23928333333333	171968
4.24261666666667	170944
4.24595000000000	178240
4.24930000000000	158208
4.25263333333333	168448
4.25596666666667	178688
4.25930000000000	184320
4.26263333333333	172096
4.26598333333333	180160
4.26931666666667	175168
4.27265000000000	173248
4.27598333333333	171328
4.27931666666667	174336
4.28266666666667	167552
4.28600000000000	171328
4.28933333333333	175168
4.29266666666667	198656
4.29600000000000	195200
4.29935000000000	115776
4.30268333333333	201280
4.30601666666667	171328
4.30935000000000	182272
4.31268333333333	135936
4.31603333333333	171648
4.31936666666667	199808
4.32270000000000	167744
4.32603333333333	210496
4.32936666666667	212736
4.33271666666667	159744
4.33605000000000	168320
4.33938333333333	194560
4.34271666666667	116800
4.34605000000000	173376
4.34940000000000	170432
4.35273333333333	211968
4.35606666666667	178432
4.35940000000000	179008
4.36273333333333	165504
4.36608333333333	146688
4.36941666666667	170368
4.37275000000000	170752
4.37608333333333	159808
4.37941666666667	163584
4.38276666666667	167360
4.38610000000000	121360
4.38943333333333	185600
4.39276666666667	216576
4.39610000000000	167040
4.39945000000000	202624
4.40278333333333	154816
4.40611666666667	214016
4.40945000000000	163584
4.41278333333333	167040
4.41613333333333	196480
4.41946666666667	151616
4.42280000000000	180480
4.42613333333333	158336
4.42946666666667	190464
4.43281666666667	123552
4.43615000000000	155456
4.43948333333333	181120
4.44281666666667	179008
4.44615000000000	163264
4.44950000000000	173696
4.45283333333333	117360
4.45616666666667	153728
4.45950000000000	190080
4.46283333333333	196032
4.46618333333333	160384
4.46951666666667	134336
4.47285000000000	180288
4.47618333333333	131584
4.47951666666667	170176
4.48286666666667	194496
4.48620000000000	160704
4.48953333333333	116288
4.49286666666667	132672
4.49620000000000	181952
