1.50331666666667	0
1.50665000000000	913
1.50998333333333	271
1.51331666666667	161
1.51665000000000	51
1.52000000000000	0
1.52333333333333	0
1.52666666666667	0
1.53000000000000	0
1.53333333333333	0
1.53668333333333	0
1.54001666666667	0
1.54335000000000	0
1.54668333333333	0
1.55001666666667	0
1.55336666666667	0
1.55670000000000	1214
1.56003333333333	1134
1.56336666666667	1054
1.56670000000000	792
1.57005000000000	0
1.57338333333333	0
1.57671666666667	0
1.58005000000000	0
1.58338333333333	0
1.58673333333333	0
1.59006666666667	1996
1.59340000000000	1688
1.59673333333333	1438
1.60006666666667	1019
1.60341666666667	1352
1.60675000000000	1686
1.61008333333333	0
1.61341666666667	0
1.61675000000000	0
1.62010000000000	0
1.62343333333333	0
1.62676666666667	0
1.63010000000000	0
1.63343333333333	0
1.63678333333333	0
1.64011666666667	0
1.64345000000000	0
1.64678333333333	0
1.65011666666667	0
1.65346666666667	0
1.65680000000000	0
1.66013333333333	0
1.66346666666667	0
1.66680000000000	0
1.67015000000000	0
1.67348333333333	0
1.67681666666667	0
1.68015000000000	0
1.68348333333333	0
1.68683333333333	0
1.69016666666667	0
1.69350000000000	0
1.69683333333333	0
1.70016666666667	0
1.70351666666667	0
1.70685000000000	0
1.71018333333333	0
1.71351666666667	0
1.71685000000000	0
1.72020000000000	0
1.72353333333333	1524
1.72686666666667	762
1.73020000000000	0
1.73353333333333	529
1.73688333333333	0
1.74021666666667	0
1.74355000000000	0
1.74688333333333	483
1.75021666666667	241
1.75356666666667	0
1.75690000000000	0
1.76023333333333	0
1.76356666666667	0
1.76690000000000	0
1.77025000000000	0
1.77358333333333	0
1.77691666666667	0
1.78025000000000	0
1.78358333333333	0
1.78693333333333	0
1.79026666666667	0
1.79360000000000	0
1.79693333333333	0
1.80026666666667	0
1.80361666666667	0
1.80695000000000	0
1.81028333333333	0
1.81361666666667	0
1.81695000000000	0
1.82028333333333	0
1.82363333333333	0
1.82696666666667	0
1.83030000000000	0
1.83363333333333	0
1.83696666666667	0
1.84031666666667	0
1.84365000000000	1595
1.84698333333333	1529
1.85031666666667	0
1.85365000000000	645
1.85700000000000	0
1.86033333333333	0
1.86366666666667	0
1.86700000000000	0
1.87033333333333	0
1.87368333333333	0
1.87701666666667	0
1.88035000000000	0
1.88368333333333	1315
1.88701666666667	2762
1.89036666666667	2677
1.89370000000000	2591
1.89703333333333	0
1.90036666666667	0
1.90370000000000	0
1.90705000000000	1358
1.91038333333333	1291
1.91371666666667	0
1.91705000000000	0
1.92038333333333	0
1.92373333333333	0
1.92706666666667	0
1.93040000000000	0
1.93373333333333	23
1.93706666666667	45
1.94041666666667	23
1.94375000000000	0
1.94708333333333	0
1.95041666666667	0
1.95375000000000	1353
1.95710000000000	1210
1.96043333333333	2049
1.96376666666667	0
1.96710000000000	0
1.97043333333333	343
1.97378333333333	0
1.97711666666667	0
1.98045000000000	0
1.98378333333333	0
1.98711666666667	0
1.99046666666667	0
1.99380000000000	0
1.99713333333333	0
2.00046666666667	0
2.00380000000000	1788
2.00715000000000	894
2.01048333333333	0
2.01381666666667	0
2.01715000000000	0
2.02048333333333	1258
2.02383333333333	1464
2.02716666666667	0
2.03050000000000	0
2.03383333333333	0
2.03716666666667	0
2.04051666666667	0
2.04385000000000	0
2.04718333333333	0
2.05051666666667	44
2.05385000000000	44
2.05720000000000	0
2.06053333333333	0
2.06386666666667	0
2.06720000000000	0
2.07053333333333	0
2.07388333333333	0
2.07721666666667	0
2.08055000000000	0
2.08388333333333	0
2.08721666666667	0
2.09056666666667	0
2.09390000000000	0
2.09723333333333	0
2.10056666666667	0
2.10390000000000	0
2.10725000000000	0
2.11058333333333	0
2.11391666666667	0
2.11725000000000	0
2.12058333333333	0
2.12393333333333	0
2.12726666666667	0
2.13060000000000	0
2.13393333333333	0
2.13726666666667	0
2.14061666666667	0
2.14395000000000	0
2.14728333333333	0
2.15061666666667	0
2.15395000000000	0
2.15728333333333	0
2.16063333333333	0
2.16396666666667	0
2.16730000000000	0
2.17063333333333	0
2.17396666666667	0
2.17731666666667	0
2.18065000000000	0
2.18398333333333	0
2.18731666666667	0
2.19065000000000	0
2.19400000000000	0
2.19733333333333	0
2.20066666666667	0
2.20400000000000	0
2.20733333333333	1648
2.21068333333333	1310
2.21401666666667	1337
2.21735000000000	0
2.22068333333333	0
2.22401666666667	0
2.22736666666667	0
2.23070000000000	0
2.23403333333333	0
2.23736666666667	0
2.24070000000000	0
2.24405000000000	0
2.24738333333333	0
2.25071666666667	0
2.25405000000000	0
2.25738333333333	0
2.26073333333333	172
2.26406666666667	343
2.26740000000000	2949
2.27073333333333	3391
2.27406666666667	4320
2.27741666666667	3189
2.28075000000000	1348
2.28408333333333	2130
2.28741666666667	5578
2.29075000000000	7640
2.29410000000000	6110
2.29743333333333	4580
2.30076666666667	2347
2.30410000000000	5551
2.30743333333333	5824
2.31078333333333	6098
2.31411666666667	8628
2.31745000000000	11156
2.32078333333333	12616
2.32411666666667	14076
2.32746666666667	11576
2.33080000000000	9076
2.33413333333333	14732
2.33746666666667	17004
2.34080000000000	19276
2.34415000000000	15500
2.34748333333333	11556
2.35081666666667	20520
2.35415000000000	19072
2.35748333333333	18596
2.36083333333333	20304
2.36416666666667	25340
2.36750000000000	21044
2.37083333333333	16744
2.37416666666667	33760
2.37751666666667	35312
2.38085000000000	24620
2.38418333333333	23508
2.38751666666667	25552
2.39085000000000	27596
2.39420000000000	48320
2.39753333333333	50960
2.40086666666667	41280
2.40420000000000	46768
2.40753333333333	32008
2.41088333333333	39296
2.41421666666667	61952
2.41755000000000	64112
2.42088333333333	54864
2.42421666666667	57968
2.42756666666667	57840
2.43090000000000	55152
2.43423333333333	51920
2.43756666666667	48688
2.44090000000000	50448
2.44425000000000	28572
2.44758333333333	33392
2.45091666666667	38208
2.45425000000000	44976
2.45758333333333	51744
2.46093333333333	54928
2.46426666666667	58112
2.46760000000000	55632
2.47093333333333	53152
2.47426666666667	58608
2.47761666666667	85360
2.48095000000000	89632
2.48428333333333	78784
2.48761666666667	62080
2.49095000000000	65456
2.49428333333333	93344
2.49763333333333	89232
2.50096666666667	113408
2.50430000000000	115056
2.50763333333333	68992
2.51096666666667	71520
2.51431666666667	72880
2.51765000000000	87760
2.52098333333333	90192
2.52431666666667	99952
2.52765000000000	97648
2.53100000000000	80320
2.53433333333333	57280
2.53766666666667	75984
2.54100000000000	94688
2.54433333333333	103072
2.54768333333333	74416
2.55101666666667	90640
2.55435000000000	78224
2.55768333333333	83216
2.56101666666667	88208
2.56436666666667	97472
2.56770000000000	106752
2.57103333333333	105216
2.57436666666667	89264
2.57770000000000	76832
2.58105000000000	100384
2.58438333333333	86256
2.58771666666667	72128
2.59105000000000	108496
2.59438333333333	76560
2.59773333333333	104128
2.60106666666667	115360
2.60440000000000	109712
2.60773333333333	114336
2.61106666666667	118944
2.61441666666667	129584
2.61775000000000	60368
2.62108333333333	79584
2.62441666666667	96048
2.62775000000000	95920
2.63110000000000	109296
2.63443333333333	119376
2.63776666666667	80176
2.64110000000000	136704
2.64443333333333	114800
2.64778333333333	138240
2.65111666666667	148544
2.65445000000000	112608
2.65778333333333	118352
2.66111666666667	124736
2.66446666666667	123376
2.66780000000000	122032
2.67113333333333	108496
2.67446666666667	97440
2.67780000000000	86384
2.68115000000000	93040
2.68448333333333	112304
2.68781666666667	112688
2.69115000000000	113776
2.69448333333333	127424
2.69783333333333	125968
2.70116666666667	125488
2.70450000000000	119024
2.70783333333333	122496
2.71116666666667	98144
2.71451666666667	106000
2.71785000000000	111264
2.72118333333333	118816
2.72451666666667	113296
2.72785000000000	107776
2.73120000000000	113664
2.73453333333333	119552
2.73786666666667	97664
2.74120000000000	125088
2.74453333333333	108976
2.74788333333333	102432
2.75121666666667	105056
2.75455000000000	108384
2.75788333333333	106752
2.76121666666667	105120
2.76456666666667	122368
2.76790000000000	122720
2.77123333333333	137408
2.77456666666667	123184
2.77790000000000	54304
2.78125000000000	135552
2.78458333333333	116064
2.78791666666667	93248
2.79125000000000	115216
2.79458333333333	128000
2.79793333333333	131520
2.80126666666667	119664
2.80460000000000	139776
2.80793333333333	87664
2.81126666666667	122992
2.81461666666667	80256
2.81795000000000	133120
2.82128333333333	91088
2.82461666666667	82176
2.82795000000000	130352
2.83128333333333	84288
2.83463333333333	143104
2.83796666666667	103168
2.84130000000000	106080
2.84463333333333	112928
2.84796666666667	104048
2.85131666666667	95152
2.85465000000000	104512
2.85798333333333	113872
2.86131666666667	106848
2.86465000000000	99840
2.86800000000000	124000
2.87133333333333	115568
2.87466666666667	117824
2.87800000000000	116336
2.88133333333333	132224
2.88468333333333	137792
2.88801666666667	114240
2.89135000000000	113504
2.89468333333333	106480
2.89801666666667	112832
2.90136666666667	107296
2.90470000000000	101744
2.90803333333333	74352
2.91136666666667	133952
2.91470000000000	116112
2.91805000000000	114848
2.92138333333333	84048
2.92471666666667	107920
2.92805000000000	111040
2.93138333333333	105952
2.93473333333333	104992
2.93806666666667	104032
2.94140000000000	106304
2.94473333333333	113168
2.94806666666667	89920
2.95141666666667	91952
2.95475000000000	71888
2.95808333333333	133632
2.96141666666667	134848
2.96475000000000	107584
2.96810000000000	110528
2.97143333333333	104784
2.97476666666667	134016
2.97810000000000	129920
2.98143333333333	121696
2.98478333333333	117264
2.98811666666667	127216
2.99145000000000	127584
2.99478333333333	126832
2.99811666666667	107040
3.00146666666667	125312
3.00480000000000	99312
3.00813333333333	115088
3.01146666666667	67600
3.01480000000000	105312
3.01815000000000	119328
3.02148333333333	110128
3.02481666666667	121264
3.02815000000000	129504
3.03148333333333	135872
3.03483333333333	129840
3.03816666666667	123792
3.04150000000000	92624
3.04483333333333	90608
3.04816666666667	92240
3.05151666666667	68688
3.05485000000000	74368
3.05818333333333	119392
3.06151666666667	112832
3.06485000000000	109168
3.06820000000000	112688
3.07153333333333	116208
3.07486666666667	116448
3.07820000000000	67856
3.08153333333333	109920
3.08488333333333	94240
3.08821666666667	89712
3.09155000000000	106000
3.09488333333333	105200
3.09821666666667	104400
3.10156666666667	109136
3.10490000000000	105696
3.10823333333333	102256
3.11156666666667	91616
3.11490000000000	80976
3.11825000000000	116656
3.12158333333333	121008
3.12491666666667	138752
3.12825000000000	122896
3.13158333333333	113792
3.13493333333333	107584
3.13826666666667	117808
3.14160000000000	111712
3.14493333333333	104608
3.14826666666667	116560
3.15161666666667	109792
3.15495000000000	115968
3.15828333333333	122160
3.16161666666667	69856
3.16495000000000	134208
3.16828333333333	58752
3.17163333333333	131520
3.17496666666667	59648
3.17830000000000	112144
3.18163333333333	87344
3.18496666666667	92752
3.18831666666667	99920
3.19165000000000	107072
3.19498333333333	132608
3.19831666666667	125376
3.20165000000000	133312
3.20500000000000	79232
3.20833333333333	123200
3.21166666666667	115184
3.21500000000000	87472
3.21833333333333	139264
3.22168333333333	131584
3.22501666666667	161664
3.22835000000000	136768
3.23168333333333	83040
3.23501666666667	109856
3.23836666666667	115760
3.24170000000000	121888
3.24503333333333	103776
3.24836666666667	85680
3.25170000000000	101408
3.25505000000000	108080
3.25838333333333	99072
3.26171666666667	90064
3.26505000000000	98176
3.26838333333333	106288
3.27173333333333	97680
3.27506666666667	89088
3.27840000000000	127696
3.28173333333333	136768
3.28506666666667	158912
3.28841666666667	118528
3.29175000000000	104512
3.29508333333333	127536
3.29841666666667	109632
3.30175000000000	118448
3.30510000000000	155840
3.30843333333333	144192
3.31176666666667	120160
3.31510000000000	139968
3.31843333333333	137216
3.32178333333333	113760
3.32511666666667	107184
3.32845000000000	124912
3.33178333333333	113936
3.33511666666667	102688
3.33846666666667	106560
3.34180000000000	110432
3.34513333333333	123056
3.34846666666667	132928
3.35180000000000	126048
3.35515000000000	127552
3.35848333333333	137728
3.36181666666667	126512
3.36515000000000	115280
3.36848333333333	130688
3.37183333333333	118000
3.37516666666667	118752
3.37850000000000	92608
3.38183333333333	79824
3.38516666666667	105728
3.38851666666667	95584
3.39185000000000	121808
3.39518333333333	116048
3.39851666666667	136768
3.40185000000000	54016
3.40520000000000	112944
3.40853333333333	130128
3.41186666666667	94768
3.41520000000000	123728
3.41853333333333	83728
3.42188333333333	108944
3.42521666666667	108928
3.42855000000000	140224
3.43188333333333	127968
3.43521666666667	108992
3.43856666666667	147840
3.44190000000000	107168
3.44523333333333	122000
3.44856666666667	76560
3.45190000000000	125600
3.45525000000000	96688
3.45858333333333	139456
3.46191666666667	122160
3.46525000000000	130304
3.46858333333333	114896
3.47193333333333	119888
3.47526666666667	132864
3.47860000000000	128224
3.48193333333333	100128
3.48526666666667	77792
3.48861666666667	113440
3.49195000000000	120624
3.49528333333333	90224
3.49861666666667	134016
3.50195000000000	145472
3.50528333333333	133952
3.50863333333333	130480
3.51196666666667	133824
3.51530000000000	130048
3.51863333333333	121328
3.52196666666667	131456
3.52531666666667	103344
3.52865000000000	119008
3.53198333333333	128144
3.53531666666667	141952
3.53865000000000	73872
3.54200000000000	145408
3.54533333333333	106800
3.54866666666667	133760
3.55200000000000	93152
3.55533333333333	119984
3.55868333333333	82416
3.56201666666667	76496
3.56535000000000	126976
3.56868333333333	111824
3.57201666666667	137344
3.57536666666667	87216
3.57870000000000	140416
3.58203333333333	107312
3.58536666666667	118928
3.58870000000000	67616
3.59205000000000	85472
3.59538333333333	114304
3.59871666666667	90880
3.60205000000000	127328
3.60538333333333	135488
3.60873333333333	122608
3.61206666666667	90624
3.61540000000000	149504
3.61873333333333	148800
3.62206666666667	99536
3.62541666666667	113376
3.62875000000000	114352
3.63208333333333	76480
3.63541666666667	97600
3.63875000000000	135296
3.64210000000000	128272
3.64543333333333	112640
3.64876666666667	130112
3.65210000000000	102320
3.65543333333333	102512
3.65878333333333	117168
3.66211666666667	105664
3.66545000000000	111520
3.66878333333333	117392
3.67211666666667	98608
3.67546666666667	142016
3.67880000000000	132096
3.68213333333333	144384
3.68546666666667	121168
3.68880000000000	71616
3.69215000000000	100208
3.69548333333333	132928
3.69881666666667	111808
3.70215000000000	132416
3.70548333333333	97824
3.70883333333333	120032
3.71216666666667	118640
3.71550000000000	136448
3.71883333333333	126544
3.72216666666667	99504
3.72551666666667	109712
3.72885000000000	114176
3.73218333333333	118624
3.73551666666667	121872
3.73885000000000	119136
3.74220000000000	116400
3.74553333333333	92672
3.74886666666667	118416
3.75220000000000	109200
3.75553333333333	99968
3.75888333333333	95856
3.76221666666667	118416
3.76555000000000	113776
3.76888333333333	129632
3.77221666666667	82672
3.77556666666667	134144
3.77890000000000	130640
3.78223333333333	103072
3.78556666666667	105344
3.78890000000000	105584
3.79225000000000	110304
3.79558333333333	115040
3.79891666666667	139264
3.80225000000000	143616
3.80558333333333	119408
3.80893333333333	133312
3.81226666666667	92704
3.81560000000000	84816
3.81893333333333	83040
3.82226666666667	114832
3.82561666666667	119184
3.82895000000000	128800
3.83228333333333	93536
3.83561666666667	100704
3.83895000000000	106320
3.84228333333333	111536
3.84563333333333	116752
3.84896666666667	117680
3.85230000000000	118624
3.85563333333333	114976
3.85896666666667	111328
3.86231666666667	117776
3.86565000000000	123696
3.86898333333333	92304
3.87231666666667	123088
3.87565000000000	117632
3.87900000000000	112176
3.88233333333333	109808
3.88566666666667	90768
3.88900000000000	101600
3.89233333333333	112432
3.89568333333333	121184
3.89901666666667	128560
3.90235000000000	83712
3.90568333333333	130720
3.90901666666667	89600
3.91236666666667	126400
3.91570000000000	110560
3.91903333333333	103712
3.92236666666667	120960
3.92570000000000	108432
3.92905000000000	103744
3.93238333333333	99056
3.93571666666667	93936
3.93905000000000	83248
3.94238333333333	84416
3.94573333333333	89024
3.94906666666667	76864
3.95240000000000	90480
3.95573333333333	102448
3.95906666666667	100880
3.96241666666667	77888
3.96575000000000	104976
3.96908333333333	102720
3.97241666666667	45984
3.97575000000000	120768
3.97910000000000	63152
3.98243333333333	124528
3.98576666666667	94992
3.98910000000000	113472
3.99243333333333	120448
3.99578333333333	103392
3.99911666666667	97776
4.00245000000000	115648
4.00578333333333	117088
4.00911666666667	96384
4.01246666666667	78736
4.01580000000000	91504
4.01913333333333	104272
4.02246666666667	96192
4.02580000000000	135936
4.02915000000000	126080
4.03248333333333	119120
4.03581666666667	123088
4.03915000000000	125264
4.04248333333333	127440
4.04583333333333	124928
4.04916666666667	122416
4.05250000000000	132096
4.05583333333333	112240
4.05916666666667	106640
4.06251666666667	115408
4.06585000000000	90784
4.06918333333333	52016
4.07251666666667	125840
4.07585000000000	127616
4.07920000000000	116832
4.08253333333333	121904
4.08586666666667	66864
4.08920000000000	134976
4.09253333333333	95600
4.09588333333333	63456
4.09921666666667	121328
4.10255000000000	88336
4.10588333333333	103952
4.10921666666667	122544
4.11256666666667	104448
4.11590000000000	81664
4.11923333333333	108512
4.12256666666667	130304
4.12590000000000	122384
4.12925000000000	79456
4.13258333333333	108560
4.13591666666667	116400
4.13925000000000	85584
4.14258333333333	128992
4.14593333333333	120896
4.14926666666667	150016
4.15260000000000	136896
4.15593333333333	92656
4.15926666666667	124080
4.16261666666667	109600
4.16595000000000	84432
4.16928333333333	92912
4.17261666666667	131520
4.17595000000000	120640
4.17928333333333	89872
4.18263333333333	105808
4.18596666666667	96864
4.18930000000000	87904
4.19263333333333	100640
4.19596666666667	109776
4.19931666666667	122944
4.20265000000000	117984
4.20598333333333	84128
4.20931666666667	165760
4.21265000000000	139008
4.21600000000000	106320
4.21933333333333	147136
4.22266666666667	72816
4.22600000000000	131136
4.22933333333333	107920
4.23268333333333	110752
4.23601666666667	99552
4.23935000000000	88336
4.24268333333333	115120
4.24601666666667	124352
4.24936666666667	144320
4.25270000000000	124704
4.25603333333333	108480
4.25936666666667	97056
4.26270000000000	101744
4.26605000000000	102512
4.26938333333333	103280
4.27271666666667	94704
4.27605000000000	110912
4.27938333333333	107584
4.28273333333333	99488
4.28606666666667	95584
4.28940000000000	91696
4.29273333333333	114592
4.29606666666667	124816
4.29941666666667	107520
4.30275000000000	128608
4.30608333333333	141888
4.30941666666667	137472
4.31275000000000	71808
4.31610000000000	130208
4.31943333333333	106608
4.32276666666667	132608
4.32610000000000	87200
4.32943333333333	121376
4.33278333333333	132096
4.33611666666667	105920
4.33945000000000	125904
4.34278333333333	125088
4.34611666666667	84384
4.34946666666667	116736
4.35280000000000	90608
4.35613333333333	110816
4.35946666666667	129744
4.36280000000000	121712
4.36615000000000	130128
4.36948333333333	110848
4.37281666666667	75696
4.37615000000000	138688
4.37948333333333	103920
4.38283333333333	116512
4.38616666666667	115056
4.38950000000000	125872
4.39283333333333	128400
4.39616666666667	130928
4.39951666666667	129728
4.40285000000000	70112
4.40618333333333	109552
4.40951666666667	130752
4.41285000000000	79408
4.41620000000000	114400
4.41953333333333	118352
4.42286666666667	105472
4.42620000000000	122400
4.42953333333333	115136
4.43288333333333	131776
4.43621666666667	120784
4.43955000000000	112400
4.44288333333333	138304
4.44621666666667	126784
4.44956666666667	96368
4.45290000000000	125120
4.45623333333333	117632
4.45956666666667	109488
4.46290000000000	71744
4.46625000000000	105008
4.46958333333333	142528
4.47291666666667	131776
4.47625000000000	121760
4.47958333333333	99904
4.48293333333333	144640
4.48626666666667	146368
4.48960000000000	113600
4.49293333333333	99744
4.49626666666667	81168
