1.50330000000000	0
1.50663333333333	893
1.50996666666667	0
1.51330000000000	0
1.51663333333333	0
1.51998333333333	0
1.52331666666667	0
1.52665000000000	0
1.52998333333333	0
1.53331666666667	0
1.53666666666667	0
1.54000000000000	0
1.54333333333333	0
1.54666666666667	0
1.55000000000000	0
1.55335000000000	0
1.55668333333333	0
1.56001666666667	0
1.56335000000000	0
1.56668333333333	0
1.57003333333333	0
1.57336666666667	0
1.57670000000000	0
1.58003333333333	0
1.58336666666667	0
1.58671666666667	0
1.59005000000000	0
1.59338333333333	0
1.59671666666667	0
1.60005000000000	0
1.60340000000000	0
1.60673333333333	0
1.61006666666667	0
1.61340000000000	0
1.61673333333333	0
1.62006666666667	0
1.62340000000000	0
1.62673333333333	0
1.63006666666667	0
1.63340000000000	0
1.63675000000000	0
1.64008333333333	0
1.64341666666667	0
1.64675000000000	0
1.65008333333333	0
1.65343333333333	0
1.65676666666667	0
1.66010000000000	0
1.66343333333333	0
1.66676666666667	0
1.67011666666667	0
1.67345000000000	0
1.67678333333333	0
1.68011666666667	0
1.68345000000000	0
1.68680000000000	0
1.69013333333333	0
1.69346666666667	0
1.69680000000000	0
1.70013333333333	0
1.70348333333333	0
1.70681666666667	0
1.71015000000000	0
1.71348333333333	0
1.71681666666667	0
1.72016666666667	0
1.72350000000000	0
1.72683333333333	0
1.73016666666667	0
1.73350000000000	0
1.73685000000000	0
1.74018333333333	0
1.74351666666667	0
1.74685000000000	0
1.75018333333333	0
1.75353333333333	0
1.75686666666667	0
1.76020000000000	0
1.76353333333333	0
1.76686666666667	0
1.77021666666667	0
1.77355000000000	0
1.77688333333333	0
1.78021666666667	0
1.78355000000000	0
1.78690000000000	0
1.79023333333333	0
1.79356666666667	0
1.79690000000000	0
1.80023333333333	0
1.80358333333333	0
1.80691666666667	1112
1.81025000000000	1068
1.81358333333333	0
1.81691666666667	0
1.82025000000000	0
1.82360000000000	0
1.82693333333333	0
1.83026666666667	0
1.83360000000000	0
1.83693333333333	0
1.84028333333333	0
1.84361666666667	0
1.84695000000000	0
1.85028333333333	0
1.85361666666667	0
1.85696666666667	0
1.86030000000000	0
1.86363333333333	0
1.86696666666667	0
1.87030000000000	652
1.87365000000000	326
1.87698333333333	0
1.88031666666667	0
1.88365000000000	0
1.88698333333333	0
1.89033333333333	0
1.89366666666667	0
1.89700000000000	0
1.90033333333333	0
1.90366666666667	0
1.90701666666667	0
1.91035000000000	0
1.91368333333333	0
1.91701666666667	0
1.92035000000000	0
1.92370000000000	0
1.92703333333333	0
1.93036666666667	0
1.93370000000000	0
1.93703333333333	0
1.94038333333333	0
1.94371666666667	0
1.94705000000000	0
1.95038333333333	0
1.95371666666667	0
1.95706666666667	1085
1.96040000000000	3248
1.96373333333333	2334
1.96706666666667	0
1.97040000000000	0
1.97375000000000	0
1.97708333333333	0
1.98041666666667	0
1.98375000000000	0
1.98708333333333	0
1.99043333333333	0
1.99376666666667	0
1.99710000000000	0
2.00043333333333	0
2.00376666666667	0
2.00711666666667	0
2.01045000000000	0
2.01378333333333	0
2.01711666666667	0
2.02045000000000	0
2.02378333333333	0
2.02711666666667	0
2.03045000000000	0
2.03378333333333	0
2.03711666666667	0
2.04046666666667	0
2.04380000000000	0
2.04713333333333	0
2.05046666666667	0
2.05380000000000	0
2.05715000000000	0
2.06048333333333	0
2.06381666666667	0
2.06715000000000	0
2.07048333333333	0
2.07383333333333	0
2.07716666666667	0
2.08050000000000	0
2.08383333333333	0
2.08716666666667	0
2.09051666666667	0
2.09385000000000	0
2.09718333333333	0
2.10051666666667	0
2.10385000000000	0
2.10720000000000	0
2.11053333333333	0
2.11386666666667	0
2.11720000000000	0
2.12053333333333	0
2.12388333333333	0
2.12721666666667	0
2.13055000000000	0
2.13388333333333	0
2.13721666666667	0
2.14056666666667	0
2.14390000000000	0
2.14723333333333	0
2.15056666666667	0
2.15390000000000	0
2.15723333333333	0
2.16058333333333	0
2.16391666666667	0
2.16725000000000	0
2.17058333333333	0
2.17391666666667	0
2.17726666666667	0
2.18060000000000	0
2.18393333333333	0
2.18726666666667	0
2.19060000000000	0
2.19395000000000	0
2.19728333333333	420
2.20061666666667	210
2.20395000000000	0
2.20728333333333	0
2.21063333333333	0
2.21396666666667	0
2.21730000000000	0
2.22063333333333	0
2.22396666666667	0
2.22731666666667	0
2.23065000000000	0
2.23398333333333	0
2.23731666666667	0
2.24065000000000	0
2.24400000000000	0
2.24733333333333	0
2.25066666666667	0
2.25400000000000	0
2.25733333333333	0
2.26068333333333	0
2.26401666666667	0
2.26735000000000	723
2.27068333333333	1447
2.27401666666667	2699
2.27736666666667	2866
2.28070000000000	0
2.28403333333333	1618
2.28736666666667	3236
2.29070000000000	0
2.29405000000000	949
2.29738333333333	655
2.30071666666667	360
2.30405000000000	1451
2.30738333333333	2074
2.31073333333333	1726
2.31406666666667	2825
2.31740000000000	3391
2.32073333333333	3958
2.32406666666667	5027
2.32741666666667	5510
2.33075000000000	5993
2.33408333333333	1736
2.33741666666667	8820
2.34075000000000	6168
2.34410000000000	7856
2.34743333333333	6825
2.35076666666667	6800
2.35410000000000	6775
2.35743333333333	4182
2.36078333333333	5495
2.36411666666667	6809
2.36745000000000	6081
2.37078333333333	10652
2.37411666666667	13352
2.37746666666667	13908
2.38080000000000	11196
2.38413333333333	8484
2.38746666666667	7764
2.39080000000000	6765
2.39415000000000	14536
2.39748333333333	17728
2.40081666666667	17252
2.40415000000000	16672
2.40748333333333	16088
2.41083333333333	14596
2.41416666666667	13100
2.41750000000000	9504
2.42083333333333	11988
2.42416666666667	14468
2.42750000000000	14116
2.43083333333333	16468
2.43416666666667	18816
2.43750000000000	20208
2.44083333333333	18776
2.44418333333333	31496
2.44751666666667	29744
2.45085000000000	17224
2.45418333333333	29028
2.45751666666667	23944
2.46086666666667	24756
2.46420000000000	28664
2.46753333333333	16976
2.47086666666667	21064
2.47420000000000	25156
2.47755000000000	30480
2.48088333333333	35808
2.48421666666667	34480
2.48755000000000	38656
2.49088333333333	29644
2.49421666666667	29292
2.49756666666667	31632
2.50090000000000	33968
2.50423333333333	35552
2.50756666666667	36432
2.51090000000000	33424
2.51425000000000	29800
2.51758333333333	30100
2.52091666666667	30404
2.52425000000000	44096
2.52758333333333	41680
2.53093333333333	38432
2.53426666666667	38592
2.53760000000000	29932
2.54093333333333	41392
2.54426666666667	39600
2.54761666666667	37824
2.55095000000000	29852
2.55428333333333	40256
2.55761666666667	57008
2.56095000000000	51968
2.56430000000000	39824
2.56763333333333	41936
2.57096666666667	33520
2.57430000000000	20040
2.57763333333333	43264
2.58098333333333	41760
2.58431666666667	42944
2.58765000000000	29508
2.59098333333333	25148
2.59431666666667	41936
2.59766666666667	38176
2.60100000000000	26724
2.60433333333333	36736
2.60766666666667	45168
2.61100000000000	47264
2.61435000000000	25272
2.61768333333333	41680
2.62101666666667	48512
2.62435000000000	35200
2.62768333333333	39744
2.63103333333333	30268
2.63436666666667	31816
2.63770000000000	31520
2.64103333333333	33840
2.64436666666667	36176
2.64771666666667	36976
2.65105000000000	37792
2.65438333333333	35808
2.65771666666667	33824
2.66105000000000	39312
2.66440000000000	35280
2.66773333333333	31248
2.67106666666667	37488
2.67440000000000	44064
2.67773333333333	41264
2.68108333333333	45392
2.68441666666667	52224
2.68775000000000	30888
2.69108333333333	36128
2.69441666666667	41360
2.69776666666667	42608
2.70110000000000	43856
2.70443333333333	48704
2.70776666666667	32160
2.71110000000000	37584
2.71445000000000	40032
2.71778333333333	35632
2.72111666666667	55904
2.72445000000000	64688
2.72778333333333	55264
2.73113333333333	47248
2.73446666666667	38608
2.73780000000000	25520
2.74113333333333	28204
2.74446666666667	28968
2.74781666666667	29732
2.75115000000000	28772
2.75448333333333	27808
2.75781666666667	52144
2.76115000000000	48080
2.76448333333333	35888
2.76781666666667	46672
2.77115000000000	42288
2.77448333333333	46016
2.77781666666667	44976
2.78116666666667	43936
2.78450000000000	39056
2.78783333333333	21376
2.79116666666667	29132
2.79450000000000	41616
2.79785000000000	37744
2.80118333333333	31000
2.80451666666667	31980
2.80785000000000	34480
2.81118333333333	49296
2.81453333333333	43744
2.81786666666667	38192
2.82120000000000	35872
2.82453333333333	33536
2.82786666666667	36640
2.83120000000000	49664
2.83455000000000	46176
2.83788333333333	52128
2.84121666666667	24496
2.84455000000000	68096
2.84788333333333	50672
2.85123333333333	35456
2.85456666666667	40800
2.85790000000000	44800
2.86123333333333	43152
2.86456666666667	55040
2.86791666666667	57824
2.87125000000000	53296
2.87458333333333	50256
2.87791666666667	40800
2.88125000000000	36976
2.88460000000000	41280
2.88793333333333	34400
2.89126666666667	41312
2.89460000000000	38192
2.89793333333333	35056
2.90128333333333	42944
2.90461666666667	38720
2.90795000000000	35744
2.91128333333333	28244
2.91461666666667	39408
2.91796666666667	50576
2.92130000000000	58784
2.92463333333333	31984
2.92796666666667	35344
2.93130000000000	43328
2.93465000000000	26180
2.93798333333333	24592
2.94131666666667	36496
2.94465000000000	58352
2.94798333333333	51296
2.95133333333333	50048
2.95466666666667	45136
2.95800000000000	51600
2.96133333333333	48176
2.96466666666667	39104
2.96801666666667	31340
2.97135000000000	38432
2.97468333333333	35792
2.97801666666667	33152
2.98135000000000	33872
2.98470000000000	34576
2.98803333333333	24452
2.99136666666667	62672
2.99470000000000	59248
2.99803333333333	42512
3.00138333333333	53056
3.00471666666667	65712
3.00805000000000	61344
3.01138333333333	51920
3.01471666666667	49312
3.01806666666667	36800
3.02140000000000	37536
3.02473333333333	39024
3.02806666666667	40496
3.03140000000000	37856
3.03475000000000	35200
3.03808333333333	30888
3.04141666666667	30208
3.04475000000000	36976
3.04808333333333	35472
3.05143333333333	33952
3.05476666666667	42320
3.05810000000000	50688
3.06143333333333	56640
3.06476666666667	27448
3.06811666666667	56704
3.07145000000000	47744
3.07478333333333	51232
3.07811666666667	43936
3.08145000000000	42912
3.08480000000000	49296
3.08813333333333	40608
3.09146666666667	31920
3.09480000000000	40464
3.09813333333333	65088
3.10148333333333	59936
3.10481666666667	42272
3.10815000000000	36624
3.11148333333333	31048
3.11481666666667	55632
3.11816666666667	61296
3.12150000000000	36304
3.12483333333333	47424
3.12816666666667	33312
3.13150000000000	43008
3.13485000000000	29860
3.13818333333333	50240
3.14151666666667	42992
3.14485000000000	53312
3.14818333333333	46160
3.15153333333333	38992
3.15486666666667	27472
3.15820000000000	32376
3.16153333333333	37280
3.16486666666667	58112
3.16820000000000	63312
3.17155000000000	50736
3.17488333333333	51984
3.17821666666667	53152
3.18155000000000	41440
3.18488333333333	43840
3.18823333333333	56512
3.19156666666667	39776
3.19490000000000	41344
3.19823333333333	53184
3.20156666666667	32880
3.20491666666667	45024
3.20825000000000	57168
3.21158333333333	41536
3.21491666666667	48080
3.21825000000000	50560
3.22160000000000	37696
3.22493333333333	48688
3.22826666666667	47520
3.23160000000000	49904
3.23493333333333	46768
3.23828333333333	45456
3.24161666666667	44144
3.24495000000000	44528
3.24828333333333	44928
3.25161666666667	33488
3.25496666666667	61248
3.25830000000000	53568
3.26163333333333	43120
3.26496666666667	55728
3.26830000000000	37728
3.27165000000000	55216
3.27498333333333	41040
3.27831666666667	50160
3.28165000000000	41984
3.28498333333333	62384
3.28833333333333	64128
3.29166666666667	60528
3.29500000000000	35520
3.29833333333333	40064
3.30166666666667	45952
3.30501666666667	44768
3.30835000000000	43584
3.31168333333333	45616
3.31501666666667	51824
3.31835000000000	28888
3.32170000000000	38304
3.32503333333333	48544
3.32836666666667	51200
3.33170000000000	45552
3.33503333333333	39904
3.33838333333333	36784
3.34171666666667	33664
3.34505000000000	41904
3.34838333333333	49312
3.35171666666667	47360
3.35506666666667	45392
3.35840000000000	39360
3.36173333333333	51328
3.36506666666667	55664
3.36840000000000	50288
3.37175000000000	29820
3.37508333333333	29804
3.37841666666667	27612
3.38175000000000	53760
3.38508333333333	55872
3.38843333333333	53168
3.39176666666667	55168
3.39510000000000	57168
3.39843333333333	56512
3.40176666666667	55856
3.40511666666667	31616
3.40845000000000	53520
3.41178333333333	41824
3.41511666666667	45760
3.41845000000000	50160
3.42180000000000	54432
3.42513333333333	30792
3.42846666666667	38080
3.43180000000000	45360
3.43513333333333	43840
3.43848333333333	33872
3.44181666666667	50288
3.44515000000000	31584
3.44848333333333	53568
3.45181666666667	56704
3.45516666666667	65696
3.45850000000000	38784
3.46183333333333	32240
3.46516666666667	50928
3.46850000000000	43040
3.47185000000000	56032
3.47518333333333	40112
3.47851666666667	41536
3.48185000000000	39488
3.48518333333333	36976
3.48853333333333	39200
3.49186666666667	41440
3.49520000000000	41840
3.49853333333333	51104
3.50186666666667	51312
3.50520000000000	41472
3.50855000000000	44128
3.51188333333333	48816
3.51521666666667	48112
3.51855000000000	47408
3.52188333333333	45264
3.52523333333333	38400
3.52856666666667	30120
3.53190000000000	37552
3.53523333333333	38480
3.53856666666667	33664
3.54191666666667	44560
3.54525000000000	45456
3.54858333333333	46336
3.55191666666667	33472
3.55525000000000	52992
3.55860000000000	38496
3.56193333333333	51808
3.56526666666667	42368
3.56860000000000	45184
3.57193333333333	40752
3.57528333333333	58048
3.57861666666667	57440
3.58195000000000	68464
3.58528333333333	32576
3.58861666666667	50576
3.59196666666667	37152
3.59530000000000	40864
3.59863333333333	44576
3.60196666666667	48048
3.60530000000000	43408
3.60865000000000	29080
3.61198333333333	24924
3.61531666666667	62608
3.61865000000000	51328
3.62198333333333	28536
3.62533333333333	67152
3.62866666666667	39360
3.63200000000000	48320
3.63533333333333	46032
3.63866666666667	47648
3.64201666666667	24360
3.64535000000000	39968
3.64868333333333	38256
3.65201666666667	36528
3.65535000000000	36656
3.65870000000000	36256
3.66203333333333	56912
3.66536666666667	53248
3.66870000000000	61424
3.67203333333333	48368
3.67536666666667	34272
3.67870000000000	27004
3.68203333333333	48768
3.68536666666667	41520
3.68870000000000	44288
3.69205000000000	23476
3.69538333333333	56384
3.69871666666667	38784
3.70205000000000	44800
3.70538333333333	51200
3.70873333333333	43328
3.71206666666667	35472
3.71540000000000	52720
3.71873333333333	45264
3.72206666666667	56768
3.72541666666667	35088
3.72875000000000	57312
3.73208333333333	39584
3.73541666666667	48704
3.73875000000000	40032
3.74210000000000	49248
3.74543333333333	44784
3.74876666666667	40304
3.75210000000000	49808
3.75543333333333	49856
3.75878333333333	51712
3.76211666666667	47808
3.76545000000000	43904
3.76878333333333	45536
3.77211666666667	57328
3.77546666666667	62624
3.77880000000000	33344
3.78213333333333	32696
3.78546666666667	37600
3.78880000000000	37296
3.79215000000000	36992
3.79548333333333	23920
3.79881666666667	43184
3.80215000000000	45424
3.80548333333333	47664
3.80883333333333	50928
3.81216666666667	56176
3.81550000000000	19724
3.81883333333333	41008
3.82216666666667	50240
3.82551666666667	58656
3.82885000000000	53488
3.83218333333333	50928
3.83551666666667	48368
3.83885000000000	41952
3.84218333333333	44240
3.84553333333333	49312
3.84886666666667	54384
3.85220000000000	60416
3.85553333333333	29548
3.85886666666667	39904
3.86221666666667	54720
3.86555000000000	39440
3.86888333333333	46736
3.87221666666667	39296
3.87555000000000	41600
3.87890000000000	43888
3.88223333333333	48112
3.88556666666667	42640
3.88890000000000	37184
3.89223333333333	41728
3.89558333333333	31248
3.89891666666667	33520
3.90225000000000	35792
3.90558333333333	37152
3.90891666666667	41424
3.91226666666667	45152
3.91560000000000	45344
3.91893333333333	45008
3.92226666666667	36752
3.92560000000000	44944
3.92895000000000	52496
3.93228333333333	54080
3.93561666666667	55664
3.93895000000000	30616
3.94228333333333	30816
3.94563333333333	41440
3.94896666666667	44848
3.95230000000000	18624
3.95563333333333	48592
3.95896666666667	62304
3.96231666666667	23212
3.96565000000000	52176
3.96898333333333	41712
3.97231666666667	57936
3.97565000000000	53360
3.97900000000000	69264
3.98233333333333	21744
3.98566666666667	38592
3.98900000000000	41120
3.99233333333333	32504
3.99568333333333	41168
3.99901666666667	26648
4.00235000000000	46912
4.00568333333333	37824
4.00901666666667	45088
4.01236666666667	44288
4.01570000000000	23804
4.01903333333333	29064
4.02236666666667	34320
4.02570000000000	37600
4.02905000000000	40896
4.03238333333333	42064
4.03571666666667	34272
4.03905000000000	26472
4.04238333333333	38736
4.04573333333333	37440
4.04906666666667	36128
4.05240000000000	35120
4.05573333333333	43312
4.05906666666667	51520
4.06241666666667	72112
4.06575000000000	66320
4.06908333333333	47392
4.07241666666667	48048
4.07575000000000	41824
4.07910000000000	40896
4.08243333333333	53584
4.08576666666667	49616
4.08910000000000	32516
4.09243333333333	44704
4.09578333333333	43632
4.09911666666667	51056
4.10245000000000	42400
4.10578333333333	27712
4.10911666666667	34176
4.11246666666667	53760
4.11580000000000	45808
4.11913333333333	35760
4.12246666666667	51376
4.12580000000000	48304
4.12915000000000	45232
4.13248333333333	55664
4.13581666666667	36016
4.13915000000000	45232
4.14248333333333	31864
4.14583333333333	43088
4.14916666666667	43552
4.15250000000000	51744
4.15583333333333	55616
4.15916666666667	52320
4.16251666666667	49040
4.16585000000000	50416
4.16918333333333	50160
4.17251666666667	35856
4.17585000000000	46080
4.17918333333333	47552
4.18253333333333	27388
4.18586666666667	52272
4.18920000000000	48560
4.19253333333333	60128
4.19586666666667	51248
4.19921666666667	45152
4.20255000000000	44848
4.20588333333333	43824
4.20921666666667	42800
4.21255000000000	17436
4.21590000000000	39936
4.21923333333333	44496
4.22256666666667	46320
4.22590000000000	42976
4.22923333333333	39152
4.23258333333333	35312
4.23591666666667	40720
4.23925000000000	58832
4.24258333333333	53440
4.24591666666667	37072
4.24926666666667	50784
4.25260000000000	68256
4.25593333333333	59728
4.25926666666667	44224
4.26260000000000	41680
4.26595000000000	62080
4.26928333333333	52976
4.27261666666667	43792
4.27595000000000	51056
4.27928333333333	61344
4.28263333333333	35968
4.28596666666667	46320
4.28930000000000	52112
4.29263333333333	42896
4.29596666666667	42128
4.29931666666667	51760
4.30265000000000	62768
4.30598333333333	67072
4.30931666666667	37264
4.31265000000000	60352
4.31600000000000	69520
4.31933333333333	49152
4.32266666666667	38016
4.32600000000000	40784
4.32933333333333	40656
4.33268333333333	40512
4.33601666666667	40656
4.33935000000000	40800
4.34268333333333	40960
4.34601666666667	41120
4.34936666666667	21284
4.35270000000000	34944
4.35603333333333	43856
4.35936666666667	59584
4.36270000000000	58496
4.36605000000000	41168
4.36938333333333	51616
4.37271666666667	49808
4.37605000000000	35424
4.37938333333333	56192
4.38273333333333	52160
4.38606666666667	36752
4.38940000000000	45024
4.39273333333333	51728
4.39606666666667	35424
4.39941666666667	44944
4.40275000000000	59808
4.40608333333333	50320
4.40941666666667	45440
4.41275000000000	62768
4.41610000000000	47840
4.41943333333333	55984
4.42276666666667	57712
4.42610000000000	37280
4.42943333333333	35024
4.43278333333333	36224
4.43611666666667	35168
4.43945000000000	34112
4.44278333333333	50256
4.44611666666667	53536
4.44946666666667	54320
4.45280000000000	40960
4.45613333333333	56000
4.45946666666667	59920
4.46280000000000	48400
4.46615000000000	40656
4.46948333333333	34512
4.47281666666667	48176
4.47615000000000	47856
4.47948333333333	47536
4.48283333333333	39264
4.48616666666667	51216
4.48950000000000	66272
4.49283333333333	62752
4.49616666666667	28840
