1.50331666666667	710
1.50665000000000	0
1.50998333333333	876
1.51331666666667	654
1.51665000000000	876
1.52000000000000	486
1.52333333333333	399
1.52666666666667	312
1.53000000000000	791
1.53331666666667	396
1.53666666666667	0
1.54000000000000	0
1.54333333333333	0
1.54666666666667	122
1.55000000000000	61
1.55335000000000	0
1.55668333333333	0
1.56001666666667	0
1.56335000000000	0
1.56668333333333	0
1.57003333333333	0
1.57336666666667	66
1.57670000000000	131
1.58003333333333	339
1.58336666666667	345
1.58671666666667	0
1.59005000000000	0
1.59338333333333	0
1.59671666666667	0
1.60005000000000	0
1.60340000000000	0
1.60673333333333	755
1.61006666666667	377
1.61340000000000	0
1.61673333333333	0
1.62005000000000	0
1.62340000000000	0
1.62673333333333	0
1.63006666666667	0
1.63340000000000	0
1.63673333333333	234
1.64008333333333	467
1.64341666666667	548
1.64675000000000	0
1.65008333333333	525
1.65341666666667	296
1.65676666666667	0
1.66010000000000	0
1.66343333333333	0
1.66676666666667	0
1.67010000000000	0
1.67345000000000	0
1.67678333333333	0
1.68011666666667	0
1.68345000000000	0
1.68678333333333	0
1.69013333333333	230
1.69346666666667	115
1.69680000000000	0
1.70013333333333	335
1.70345000000000	299
1.70680000000000	0
1.71013333333333	204
1.71346666666667	0
1.71680000000000	0
1.72013333333333	0
1.72348333333333	0
1.72681666666667	0
1.73015000000000	0
1.73348333333333	0
1.73681666666667	0
1.74016666666667	0
1.74350000000000	0
1.74683333333333	0
1.75016666666667	0
1.75350000000000	0
1.75683333333333	0
1.76018333333333	0
1.76351666666667	0
1.76685000000000	0
1.77016666666667	0
1.77350000000000	592
1.77685000000000	570
1.78018333333333	302
1.78351666666667	91
1.78685000000000	0
1.79018333333333	0
1.79353333333333	0
1.79686666666667	0
1.80020000000000	0
1.80353333333333	0
1.80686666666667	0
1.81021666666667	0
1.81355000000000	0
1.81688333333333	0
1.82021666666667	504
1.82355000000000	533
1.82690000000000	0
1.83023333333333	0
1.83356666666667	0
1.83690000000000	0
1.84021666666667	47
1.84356666666667	94
1.84690000000000	47
1.85023333333333	0
1.85356666666667	0
1.85690000000000	0
1.86025000000000	0
1.86358333333333	0
1.86691666666667	0
1.87025000000000	0
1.87358333333333	0
1.87693333333333	0
1.88026666666667	0
1.88360000000000	0
1.88693333333333	0
1.89026666666667	0
1.89360000000000	180
1.89695000000000	90
1.90028333333333	0
1.90361666666667	0
1.90695000000000	0
1.91026666666667	0
1.91363333333333	0
1.91696666666667	131
1.92030000000000	72
1.92363333333333	13
1.92696666666667	32
1.93031666666667	52
1.93365000000000	14
1.93698333333333	0
1.94031666666667	12
1.94365000000000	0
1.94700000000000	0
1.95033333333333	310
1.95366666666667	276
1.95698333333333	272
1.96031666666667	0
1.96366666666667	72
1.96700000000000	0
1.97033333333333	0
1.97366666666667	0
1.97700000000000	0
1.98035000000000	0
1.98368333333333	0
1.98701666666667	0
1.99035000000000	0
1.99368333333333	499
1.99703333333333	572
2.00036666666667	40
2.00370000000000	0
2.00703333333333	0
2.01036666666667	0
2.01371666666667	0
2.01705000000000	0
2.02038333333333	0
2.02371666666667	0
2.02705000000000	175
2.03036666666667	335
2.03371666666667	272
2.03705000000000	135
2.04038333333333	298
2.04371666666667	461
2.04705000000000	0
2.05040000000000	0
2.05373333333333	303
2.05706666666667	388
2.06040000000000	184
2.06373333333333	0
2.06708333333333	0
2.07041666666667	207
2.07375000000000	230
2.07708333333333	252
2.08041666666667	0
2.08376666666667	0
2.08710000000000	0
2.09043333333333	0
2.09376666666667	0
2.09710000000000	0
2.10043333333333	0
2.10376666666667	0
2.10710000000000	0
2.11043333333333	0
2.11376666666667	0
2.11711666666667	0
2.12045000000000	0
2.12378333333333	0
2.12711666666667	92
2.13045000000000	185
2.13380000000000	325
2.13713333333333	307
2.14046666666667	0
2.14380000000000	0
2.14713333333333	0
2.15048333333333	0
2.15381666666667	0
2.15715000000000	0
2.16048333333333	0
2.16381666666667	0
2.16715000000000	0
2.17050000000000	127
2.17383333333333	253
2.17716666666667	293
2.18050000000000	332
2.18381666666667	112
2.18716666666667	281
2.19050000000000	340
2.19383333333333	0
2.19716666666667	417
2.20050000000000	0
2.20385000000000	0
2.20718333333333	0
2.21051666666667	0
2.21385000000000	0
2.21718333333333	0
2.22053333333333	329
2.22386666666667	336
2.22720000000000	398
2.23053333333333	0
2.23386666666667	522
2.23721666666667	142
2.24055000000000	0
2.24388333333333	281
2.24721666666667	0
2.25053333333333	0
2.25388333333333	0
2.25721666666667	0
2.26055000000000	88
2.26388333333333	177
2.26721666666667	821
2.27056666666667	1138
2.27390000000000	1454
2.27723333333333	1482
2.28056666666667	1106
2.28390000000000	729
2.28725000000000	2071
2.29058333333333	2956
2.29391666666667	2535
2.29725000000000	1555
2.30058333333333	2712
2.30391666666667	3078
2.30726666666667	3188
2.31060000000000	2089
2.31393333333333	4538
2.31726666666667	5391
2.32060000000000	3393
2.32395000000000	1551
2.32728333333333	2518
2.33061666666667	2040
2.33395000000000	1562
2.33728333333333	2140
2.34063333333333	2718
2.34396666666667	3115
2.34730000000000	4145
2.35063333333333	6044
2.35396666666667	9416
2.35731666666667	9848
2.36065000000000	5264
2.36398333333333	5801
2.36731666666667	9340
2.37065000000000	8328
2.37398333333333	9480
2.37731666666667	10628
2.38065000000000	10328
2.38398333333333	10024
2.38731666666667	11108
2.39066666666667	12452
2.39400000000000	13796
2.39733333333333	14764
2.40066666666667	16904
2.40400000000000	17980
2.40735000000000	18768
2.41068333333333	13700
2.41401666666667	17972
2.41735000000000	14860
2.42068333333333	13456
2.42403333333333	15748
2.42736666666667	14320
2.43070000000000	13844
2.43403333333333	13044
2.43736666666667	12248
2.44070000000000	13220
2.44405000000000	14196
2.44738333333333	17044
2.45071666666667	19896
2.45405000000000	20940
2.45738333333333	21988
2.46073333333333	20508
2.46406666666667	22964
2.46740000000000	23216
2.47073333333333	23472
2.47406666666667	33696
2.47741666666667	31180
2.48075000000000	20176
2.48408333333333	30392
2.48741666666667	23288
2.49075000000000	23616
2.49410000000000	30984
2.49743333333333	31624
2.50076666666667	33376
2.50410000000000	34624
2.50743333333333	37152
2.51078333333333	35456
2.51411666666667	34928
2.51745000000000	31772
2.52078333333333	40768
2.52410000000000	38624
2.52745000000000	25608
2.53078333333333	35040
2.53411666666667	35792
2.53745000000000	25552
2.54078333333333	35216
2.54413333333333	40624
2.54746666666667	39968
2.55080000000000	37424
2.55413333333333	38288
2.55746666666667	35872
2.56081666666667	35280
2.56415000000000	34672
2.56748333333333	37840
2.57081666666667	37760
2.57415000000000	38336
2.57748333333333	32756
2.58083333333333	26848
2.58416666666667	31808
2.58750000000000	34000
2.59083333333333	36208
2.59416666666667	38672
2.59751666666667	44288
2.60085000000000	43536
2.60418333333333	42768
2.60751666666667	44064
2.61085000000000	39056
2.61420000000000	34288
2.61753333333333	29048
2.62086666666667	41632
2.62420000000000	40928
2.62753333333333	40208
2.63088333333333	37520
2.63421666666667	38400
2.63755000000000	42880
2.64088333333333	47376
2.64421666666667	29336
2.64756666666667	44624
2.65090000000000	50672
2.65423333333333	34816
2.65756666666667	45440
2.66090000000000	41264
2.66425000000000	31204
2.66758333333333	40464
2.67091666666667	52656
2.67425000000000	49152
2.67756666666667	44704
2.68091666666667	37264
2.68425000000000	35088
2.68758333333333	42160
2.69091666666667	46080
2.69425000000000	52112
2.69760000000000	50448
2.70093333333333	39264
2.70426666666667	50800
2.70760000000000	38880
2.71093333333333	45888
2.71426666666667	46896
2.71761666666667	48256
2.72095000000000	47584
2.72428333333333	43808
2.72761666666667	40048
2.73095000000000	53168
2.73430000000000	50416
2.73763333333333	35216
2.74096666666667	41488
2.74430000000000	48560
2.74763333333333	42432
2.75098333333333	41616
2.75431666666667	49472
2.75765000000000	41216
2.76098333333333	49424
2.76430000000000	44912
2.76765000000000	36464
2.77098333333333	36720
2.77431666666667	47840
2.77765000000000	51664
2.78098333333333	55808
2.78433333333333	50432
2.78766666666667	38768
2.79100000000000	54032
2.79433333333333	52176
2.79766666666667	42016
2.80101666666667	37712
2.80435000000000	40352
2.80768333333333	41584
2.81101666666667	42816
2.81435000000000	47968
2.81770000000000	51632
2.82103333333333	57216
2.82436666666667	52336
2.82770000000000	53600
2.83103333333333	46080
2.83438333333333	52944
2.83771666666667	50992
2.84105000000000	46640
2.84438333333333	41520
2.84771666666667	53792
2.85103333333333	47872
2.85438333333333	45088
2.85771666666667	44240
2.86105000000000	44096
2.86438333333333	45296
2.86771666666667	46496
2.87106666666667	39536
2.87440000000000	31232
2.87773333333333	48064
2.88106666666667	57744
2.88440000000000	58352
2.88775000000000	49984
2.89108333333333	44432
2.89441666666667	39360
2.89775000000000	38000
2.90108333333333	45952
2.90443333333333	37968
2.90776666666667	46784
2.91110000000000	46640
2.91443333333333	46512
2.91776666666667	45152
2.92111666666667	43920
2.92445000000000	42688
2.92778333333333	51856
2.93111666666667	51152
2.93445000000000	46704
2.93780000000000	35520
2.94113333333333	43408
2.94446666666667	37632
2.94778333333333	39536
2.95111666666667	41440
2.95446666666667	31928
2.95780000000000	34560
2.96113333333333	47936
2.96446666666667	55648
2.96780000000000	59760
2.97115000000000	58960
2.97448333333333	43520
2.97781666666667	48416
2.98115000000000	54784
2.98448333333333	48912
2.98781666666667	56816
2.99116666666667	33696
2.99450000000000	28388
2.99783333333333	53376
3.00116666666667	50736
3.00450000000000	50176
3.00785000000000	45616
3.01118333333333	54848
3.01451666666667	52752
3.01785000000000	27076
3.02118333333333	32308
3.02453333333333	43360
3.02786666666667	45840
3.03120000000000	48160
3.03451666666667	50464
3.03785000000000	50688
3.04120000000000	47744
3.04453333333333	44784
3.04786666666667	50976
3.05120000000000	36928
3.05453333333333	42400
3.05788333333333	38704
3.06121666666667	43632
3.06455000000000	48576
3.06788333333333	44640
3.07121666666667	40720
3.07456666666667	39952
3.07790000000000	57808
3.08123333333333	54048
3.08456666666667	45856
3.08790000000000	55312
3.09125000000000	49808
3.09458333333333	54720
3.09791666666667	54096
3.10125000000000	47872
3.10458333333333	37056
3.10793333333333	46496
3.11126666666667	51088
3.11460000000000	49952
3.11793333333333	48832
3.12126666666667	41744
3.12458333333333	49584
3.12793333333333	42944
3.13126666666667	41152
3.13460000000000	36720
3.13793333333333	42368
3.14126666666667	50880
3.14461666666667	50432
3.14795000000000	41824
3.15128333333333	46304
3.15461666666667	38848
3.15795000000000	44768
3.16130000000000	41552
3.16463333333333	38336
3.16796666666667	52656
3.17130000000000	53152
3.17463333333333	47872
3.17798333333333	50336
3.18131666666667	40880
3.18465000000000	51536
3.18798333333333	54048
3.19131666666667	47168
3.19466666666667	28348
3.19800000000000	37008
3.20133333333333	56528
3.20466666666667	45072
3.20798333333333	48528
3.21133333333333	48752
3.21466666666667	47216
3.21800000000000	45104
3.22133333333333	46272
3.22466666666667	41488
3.22801666666667	36720
3.23135000000000	39600
3.23468333333333	42464
3.23801666666667	37584
3.24135000000000	43472
3.24470000000000	50960
3.24803333333333	49536
3.25136666666667	50720
3.25470000000000	48800
3.25803333333333	39600
3.26136666666667	51808
3.26471666666667	39968
3.26805000000000	46800
3.27138333333333	44752
3.27471666666667	39136
3.27805000000000	45408
3.28140000000000	44352
3.28473333333333	43296
3.28806666666667	33968
3.29140000000000	39520
3.29473333333333	37536
3.29808333333333	35552
3.30141666666667	36816
3.30475000000000	38080
3.30808333333333	53504
3.31140000000000	49104
3.31475000000000	56352
3.31808333333333	49248
3.32141666666667	39424
3.32475000000000	44384
3.32808333333333	45392
3.33143333333333	56736
3.33476666666667	53312
3.33810000000000	45088
3.34143333333333	37888
3.34476666666667	49104
3.34811666666667	45152
3.35145000000000	53696
3.35478333333333	43248
3.35811666666667	42880
3.36145000000000	43792
3.36480000000000	42720
3.36813333333333	41664
3.37146666666667	43552
3.37480000000000	45456
3.37813333333333	33680
3.38146666666667	37456
3.38480000000000	49376
3.38813333333333	60192
3.39146666666667	55024
3.39480000000000	52672
3.39813333333333	35488
3.40148333333333	48816
3.40481666666667	45408
3.40815000000000	49152
3.41148333333333	50576
3.41481666666667	52000
3.41816666666667	43824
3.42150000000000	53328
3.42483333333333	49056
3.42816666666667	39024
3.43150000000000	52832
3.43485000000000	47840
3.43818333333333	49136
3.44151666666667	50304
3.44485000000000	49168
3.44818333333333	50944
3.45153333333333	51648
3.45486666666667	52336
3.45820000000000	40288
3.46153333333333	35488
3.46486666666667	51728
3.46821666666667	49696
3.47155000000000	59312
3.47488333333333	47376
3.47821666666667	43136
3.48155000000000	49456
3.48490000000000	50016
3.48823333333333	37264
3.49156666666667	43840
3.49490000000000	37024
3.49821666666667	40288
3.50156666666667	54704
3.50490000000000	51456
3.50823333333333	32912
3.51156666666667	45232
3.51490000000000	59088
3.51825000000000	53808
3.52158333333333	49984
3.52491666666667	39936
3.52825000000000	48256
3.53158333333333	48208
3.53491666666667	45168
3.53826666666667	42656
3.54160000000000	40144
3.54493333333333	44736
3.54826666666667	48784
3.55160000000000	54944
3.55495000000000	49888
3.55828333333333	41536
3.56161666666667	53568
3.56495000000000	50336
3.56828333333333	35296
3.57163333333333	38960
3.57496666666667	44864
3.57830000000000	46272
3.58163333333333	50336
3.58496666666667	48640
3.58831666666667	46944
3.59165000000000	45104
3.59498333333333	43760
3.59831666666667	44272
3.60165000000000	35696
3.60500000000000	50880
3.60833333333333	51536
3.61166666666667	43984
3.61500000000000	47504
3.61833333333333	49040
3.62168333333333	45248
3.62501666666667	41456
3.62835000000000	44128
3.63168333333333	42704
3.63501666666667	41264
3.63836666666667	43920
3.64170000000000	46576
3.64503333333333	38464
3.64836666666667	45760
3.65170000000000	48144
3.65505000000000	37008
3.65838333333333	39312
3.66171666666667	46128
3.66505000000000	43216
3.66838333333333	47792
3.67171666666667	52320
3.67506666666667	34928
3.67840000000000	45360
3.68173333333333	46464
3.68505000000000	37888
3.68838333333333	45280
3.69173333333333	44176
3.69506666666667	43584
3.69840000000000	47472
3.70173333333333	48608
3.70506666666667	48080
3.70841666666667	51248
3.71175000000000	54416
3.71508333333333	56144
3.71841666666667	49280
3.72175000000000	45024
3.72510000000000	46656
3.72843333333333	47104
3.73176666666667	47168
3.73510000000000	45328
3.73843333333333	34912
3.74178333333333	49472
3.74511666666667	47632
3.74845000000000	41520
3.75178333333333	48160
3.75511666666667	48304
3.75846666666667	43792
3.76180000000000	46512
3.76513333333333	49216
3.76846666666667	34096
3.77180000000000	37472
3.77515000000000	49296
3.77848333333333	53440
3.78181666666667	49968
3.78515000000000	49248
3.78846666666667	36848
3.79181666666667	50752
3.79515000000000	46912
3.79848333333333	41536
3.80181666666667	44256
3.80515000000000	54384
3.80848333333333	54080
3.81183333333333	39600
3.81516666666667	36624
3.81850000000000	40144
3.82183333333333	45808
3.82516666666667	46048
3.82851666666667	45520
3.83185000000000	44992
3.83518333333333	34800
3.83851666666667	32992
3.84185000000000	49872
3.84520000000000	49504
3.84853333333333	44880
3.85186666666667	39328
3.85520000000000	47136
3.85853333333333	49936
3.86188333333333	47824
3.86521666666667	45360
3.86855000000000	51744
3.87188333333333	51280
3.87521666666667	41728
3.87856666666667	36672
3.88190000000000	54976
3.88523333333333	45072
3.88856666666667	53232
3.89190000000000	35728
3.89525000000000	57232
3.89858333333333	46544
3.90191666666667	49456
3.90525000000000	39712
3.90858333333333	42208
3.91193333333333	38672
3.91526666666667	35136
3.91860000000000	47024
3.92193333333333	51072
3.92526666666667	45120
3.92861666666667	53136
3.93195000000000	51888
3.93528333333333	43760
3.93861666666667	50992
3.94195000000000	46240
3.94528333333333	43824
3.94863333333333	52800
3.95196666666667	44272
3.95528333333333	44544
3.95861666666667	50864
3.96195000000000	38672
3.96530000000000	41776
3.96863333333333	44880
3.97196666666667	43008
3.97530000000000	41136
3.97863333333333	41664
3.98198333333333	43184
3.98531666666667	54048
3.98865000000000	49296
3.99198333333333	44528
3.99531666666667	54336
3.99866666666667	47136
4.00200000000000	50288
4.00533333333333	26700
4.00866666666667	46128
4.01200000000000	41936
4.01535000000000	56944
4.01868333333333	46496
4.02201666666667	54576
4.02535000000000	53888
4.02868333333333	43072
4.03203333333333	38464
4.03536666666667	42528
4.03870000000000	42288
4.04203333333333	39792
4.04536666666667	37296
4.04871666666667	39984
4.05205000000000	42688
4.05538333333333	57776
4.05871666666667	52656
4.06205000000000	49568
4.06540000000000	47280
4.06873333333333	52304
4.07206666666667	48880
4.07540000000000	45456
4.07873333333333	44672
4.08206666666667	45136
4.08541666666667	45616
4.08875000000000	43200
4.09208333333333	44528
4.09541666666667	40672
4.09873333333333	42848
4.10208333333333	45008
4.10541666666667	42048
4.10875000000000	39264
4.11208333333333	39856
4.11541666666667	40464
4.11876666666667	41776
4.12210000000000	43104
4.12543333333333	40352
4.12876666666667	37584
4.13210000000000	44976
4.13545000000000	43744
4.13878333333333	42512
4.14211666666667	41936
4.14545000000000	41360
4.14878333333333	44672
4.15213333333333	44832
4.15546666666667	44800
4.15880000000000	44784
4.16213333333333	46480
4.16546666666667	46416
4.16881666666667	43744
4.17215000000000	41056
4.17548333333333	38608
4.17881666666667	37872
4.18213333333333	37120
4.18548333333333	41360
4.18881666666667	40000
4.19215000000000	38640
4.19548333333333	34624
4.19881666666667	39424
4.20216666666667	44208
4.20550000000000	54032
4.20883333333333	54112
4.21216666666667	47088
4.21550000000000	44576
4.21883333333333	47248
4.22218333333333	45680
4.22551666666667	44112
4.22885000000000	41280
4.23218333333333	35152
4.23551666666667	46160
4.23886666666667	38256
4.24220000000000	47824
4.24553333333333	51552
4.24886666666667	49072
4.25218333333333	30552
4.25553333333333	43632
4.25886666666667	42496
4.26220000000000	46240
4.26553333333333	49568
4.26886666666667	53120
4.27221666666667	39936
4.27555000000000	41056
4.27888333333333	41104
4.28221666666667	49424
4.28555000000000	52656
4.28890000000000	45360
4.29223333333333	46512
4.29556666666667	42560
4.29890000000000	46048
4.30223333333333	45136
4.30558333333333	44224
4.30891666666667	45616
4.31225000000000	47024
4.31558333333333	49648
4.31891666666667	52272
4.32226666666667	29192
4.32560000000000	53920
4.32893333333333	46880
4.33226666666667	52032
4.33560000000000	56064
4.33895000000000	45504
4.34228333333333	53216
4.34561666666667	52064
4.34895000000000	41488
4.35228333333333	41984
4.35561666666667	45312
4.35896666666667	52016
4.36230000000000	50352
4.36563333333333	25628
4.36896666666667	43504
4.37230000000000	45664
4.37565000000000	44032
4.37898333333333	38064
4.38231666666667	56016
4.38565000000000	51584
4.38898333333333	44224
4.39233333333333	54736
4.39566666666667	50976
4.39900000000000	47216
4.40233333333333	51088
4.40566666666667	52752
4.40901666666667	48176
4.41235000000000	53392
4.41568333333333	45632
4.41901666666667	53584
4.42233333333333	35008
4.42568333333333	45168
4.42901666666667	53392
4.43235000000000	27996
4.43568333333333	44672
4.43901666666667	38656
4.44236666666667	29124
4.44570000000000	47104
4.44903333333333	38512
4.45236666666667	33648
4.45570000000000	51920
4.45905000000000	44784
4.46238333333333	39200
4.46571666666667	49392
4.46905000000000	49072
4.47238333333333	44224
4.47573333333333	39792
4.47906666666667	37376
4.48240000000000	34976
4.48573333333333	56768
4.48906666666667	53920
4.49240000000000	42192
4.49575000000000	45584
