1.50330000000000	0
1.50663333333333	0
1.50996666666667	0
1.51330000000000	0
1.51663333333333	0
1.51998333333333	0
1.52331666666667	0
1.52665000000000	0
1.52998333333333	0
1.53331666666667	0
1.53666666666667	0
1.54000000000000	0
1.54333333333333	0
1.54666666666667	0
1.55000000000000	0
1.55335000000000	0
1.55668333333333	0
1.56001666666667	0
1.56335000000000	0
1.56668333333333	0
1.57003333333333	0
1.57336666666667	0
1.57670000000000	0
1.58003333333333	0
1.58336666666667	0
1.58671666666667	0
1.59005000000000	0
1.59338333333333	0
1.59671666666667	256
1.60005000000000	128
1.60340000000000	0
1.60673333333333	0
1.61006666666667	0
1.61340000000000	0
1.61673333333333	0
1.62008333333333	0
1.62341666666667	0
1.62675000000000	0
1.63008333333333	0
1.63341666666667	0
1.63676666666667	0
1.64010000000000	0
1.64343333333333	0
1.64676666666667	0
1.65010000000000	0
1.65345000000000	0
1.65678333333333	0
1.66011666666667	0
1.66345000000000	0
1.66678333333333	0
1.67013333333333	0
1.67346666666667	0
1.67680000000000	0
1.68013333333333	0
1.68346666666667	0
1.68681666666667	0
1.69015000000000	0
1.69348333333333	0
1.69681666666667	0
1.70015000000000	0
1.70350000000000	0
1.70683333333333	0
1.71016666666667	0
1.71350000000000	0
1.71683333333333	0
1.72018333333333	0
1.72351666666667	0
1.72685000000000	0
1.73018333333333	0
1.73351666666667	0
1.73686666666667	0
1.74020000000000	0
1.74353333333333	0
1.74686666666667	0
1.75020000000000	0
1.75355000000000	0
1.75688333333333	0
1.76021666666667	0
1.76355000000000	0
1.76688333333333	0
1.77023333333333	0
1.77356666666667	0
1.77690000000000	0
1.78023333333333	0
1.78356666666667	0
1.78691666666667	0
1.79025000000000	0
1.79358333333333	0
1.79691666666667	0
1.80025000000000	0
1.80360000000000	0
1.80693333333333	0
1.81026666666667	0
1.81360000000000	0
1.81693333333333	0
1.82026666666667	0
1.82361666666667	0
1.82695000000000	0
1.83028333333333	0
1.83361666666667	0
1.83695000000000	0
1.84030000000000	0
1.84363333333333	0
1.84696666666667	0
1.85030000000000	0
1.85363333333333	0
1.85698333333333	0
1.86031666666667	0
1.86365000000000	0
1.86698333333333	0
1.87031666666667	0
1.87366666666667	0
1.87700000000000	0
1.88033333333333	309
1.88366666666667	154
1.88700000000000	0
1.89035000000000	0
1.89368333333333	0
1.89701666666667	0
1.90035000000000	0
1.90368333333333	0
1.90703333333333	0
1.91036666666667	0
1.91370000000000	0
1.91703333333333	0
1.92036666666667	0
1.92371666666667	0
1.92705000000000	0
1.93038333333333	0
1.93371666666667	0
1.93705000000000	0
1.94040000000000	0
1.94373333333333	0
1.94706666666667	0
1.95040000000000	0
1.95373333333333	0
1.95708333333333	0
1.96041666666667	0
1.96375000000000	0
1.96708333333333	0
1.97041666666667	0
1.97376666666667	0
1.97710000000000	0
1.98043333333333	0
1.98376666666667	0
1.98710000000000	0
1.99045000000000	0
1.99378333333333	0
1.99711666666667	0
2.00045000000000	0
2.00378333333333	0
2.00711666666667	0
2.01045000000000	0
2.01378333333333	0
2.01711666666667	0
2.02045000000000	0
2.02380000000000	0
2.02713333333333	0
2.03046666666667	0
2.03380000000000	0
2.03713333333333	0
2.04048333333333	0
2.04381666666667	0
2.04715000000000	0
2.05048333333333	0
2.05381666666667	0
2.05716666666667	0
2.06050000000000	0
2.06383333333333	0
2.06716666666667	0
2.07050000000000	0
2.07385000000000	0
2.07718333333333	0
2.08051666666667	0
2.08385000000000	0
2.08718333333333	0
2.09053333333333	0
2.09386666666667	0
2.09720000000000	0
2.10053333333333	0
2.10386666666667	0
2.10721666666667	0
2.11055000000000	0
2.11388333333333	0
2.11721666666667	0
2.12055000000000	0
2.12390000000000	0
2.12723333333333	0
2.13056666666667	0
2.13390000000000	0
2.13723333333333	0
2.14058333333333	0
2.14391666666667	0
2.14725000000000	0
2.15058333333333	0
2.15391666666667	0
2.15725000000000	0
2.16060000000000	0
2.16393333333333	0
2.16726666666667	0
2.17060000000000	0
2.17393333333333	0
2.17728333333333	0
2.18061666666667	0
2.18395000000000	0
2.18728333333333	0
2.19061666666667	0
2.19396666666667	0
2.19730000000000	0
2.20063333333333	0
2.20396666666667	0
2.20730000000000	0
2.21065000000000	0
2.21398333333333	0
2.21731666666667	0
2.22065000000000	0
2.22398333333333	0
2.22733333333333	0
2.23066666666667	0
2.23400000000000	0
2.23733333333333	0
2.24066666666667	0
2.24401666666667	0
2.24735000000000	0
2.25068333333333	0
2.25401666666667	0
2.25735000000000	0
2.26070000000000	2152
2.26403333333333	1894
2.26736666666667	1424
2.27070000000000	749
2.27403333333333	0
2.27738333333333	0
2.28071666666667	0
2.28405000000000	384
2.28738333333333	192
2.29071666666667	0
2.29406666666667	0
2.29740000000000	0
2.30073333333333	0
2.30406666666667	0
2.30740000000000	0
2.31075000000000	0
2.31408333333333	519
2.31741666666667	456
2.32075000000000	393
2.32408333333333	1364
2.32743333333333	1762
2.33076666666667	2159
2.33410000000000	0
2.33743333333333	1429
2.34076666666667	0
2.34411666666667	0
2.34745000000000	0
2.35078333333333	4300
2.35411666666667	7676
2.35745000000000	4415
2.36080000000000	4142
2.36413333333333	859
2.36746666666667	0
2.37080000000000	577
2.37413333333333	0
2.37748333333333	2038
2.38081666666667	1518
2.38415000000000	968
2.38748333333333	4587
2.39081666666667	5027
2.39416666666667	5568
2.39750000000000	2539
2.40083333333333	4022
2.40416666666667	1023
2.40750000000000	4024
2.41085000000000	2375
2.41418333333333	1837
2.41751666666667	2496
2.42085000000000	2155
2.42418333333333	1813
2.42753333333333	902
2.43086666666667	538
2.43420000000000	3377
2.43753333333333	5113
2.44086666666667	5365
2.44421666666667	2122
2.44755000000000	6964
2.45088333333333	883
2.45421666666667	1494
2.45755000000000	6074
2.46090000000000	4301
2.46423333333333	2513
2.46756666666667	8396
2.47090000000000	422
2.47423333333333	2535
2.47758333333333	93
2.48091666666667	4395
2.48425000000000	6467
2.48758333333333	5708
2.49091666666667	6045
2.49425000000000	4765
2.49760000000000	5711
2.50093333333333	4238
2.50426666666667	1420
2.50760000000000	1205
2.51093333333333	1391
2.51428333333333	3244
2.51761666666667	3489
2.52095000000000	3735
2.52428333333333	2469
2.52761666666667	1204
2.53096666666667	3809
2.53430000000000	2900
2.53763333333333	1991
2.54096666666667	3706
2.54430000000000	3609
2.54765000000000	3511
2.55098333333333	0
2.55431666666667	2648
2.55765000000000	1737
2.56098333333333	889
2.56433333333333	42
2.56766666666667	1215
2.57100000000000	6207
2.57433333333333	8093
2.57766666666667	4827
2.58101666666667	9008
2.58435000000000	5732
2.58768333333333	5017
2.59101666666667	4301
2.59435000000000	859
2.59770000000000	3265
2.60103333333333	3199
2.60436666666667	1125
2.60770000000000	3496
2.61103333333333	3291
2.61438333333333	3086
2.61771666666667	1543
2.62105000000000	0
2.62438333333333	1505
2.62771666666667	5318
2.63106666666667	5742
2.63440000000000	8049
2.63773333333333	6274
2.64106666666667	4499
2.64440000000000	4353
2.64775000000000	3991
2.65108333333333	3629
2.65441666666667	842
2.65775000000000	2191
2.66108333333333	4073
2.66443333333333	4988
2.66776666666667	5468
2.67110000000000	5111
2.67443333333333	3943
2.67776666666667	1784
2.68111666666667	2397
2.68445000000000	8300
2.68778333333333	8868
2.69111666666667	4858
2.69445000000000	7787
2.69780000000000	743
2.70113333333333	4144
2.70446666666667	5346
2.70780000000000	6194
2.71113333333333	4322
2.71448333333333	6573
2.71781666666667	2438
2.72115000000000	4862
2.72448333333333	1466
2.72781666666667	4346
2.73116666666667	6383
2.73450000000000	3603
2.73783333333333	3768
2.74116666666667	3933
2.74450000000000	4488
2.74785000000000	725
2.75118333333333	4217
2.75451666666667	6353
2.75785000000000	2305
2.76118333333333	7383
2.76453333333333	4159
2.76786666666667	1435
2.77120000000000	5208
2.77453333333333	5740
2.77786666666667	0
2.78121666666667	3201
2.78455000000000	2404
2.78788333333333	4699
2.79121666666667	5109
2.79455000000000	4222
2.79790000000000	3334
2.80123333333333	1444
2.80456666666667	0
2.80790000000000	2464
2.81123333333333	4929
2.81458333333333	6245
2.81791666666667	6619
2.82125000000000	7731
2.82458333333333	4563
2.82791666666667	5175
2.83125000000000	5433
2.83460000000000	5715
2.83793333333333	5996
2.84126666666667	3317
2.84460000000000	7629
2.84793333333333	823
2.85128333333333	6440
2.85461666666667	8155
2.85795000000000	3525
2.86128333333333	2680
2.86461666666667	5400
2.86796666666667	4514
2.87130000000000	2907
2.87463333333333	3821
2.87796666666667	1810
2.88130000000000	3307
2.88465000000000	3001
2.88798333333333	2555
2.89131666666667	2474
2.89465000000000	2393
2.89798333333333	1728
2.90133333333333	1899
2.90466666666667	2069
2.90800000000000	1236
2.91133333333333	4988
2.91466666666667	3015
2.91801666666667	1042
2.92135000000000	3504
2.92468333333333	6834
2.92801666666667	5674
2.93135000000000	6074
2.93470000000000	3059
2.93803333333333	623
2.94136666666667	2277
2.94470000000000	2566
2.94803333333333	3741
2.95138333333333	4917
2.95471666666667	4717
2.95805000000000	3619
2.96138333333333	2955
2.96471666666667	3948
2.96806666666667	3570
2.97140000000000	3192
2.97473333333333	4875
2.97806666666667	5327
2.98140000000000	5779
2.98475000000000	3579
2.98808333333333	5349
2.99141666666667	4102
2.99475000000000	2855
2.99808333333333	3285
3.00143333333333	1720
3.00476666666667	6094
3.00810000000000	6198
3.01143333333333	5244
3.01476666666667	6406
3.01811666666667	4343
3.02145000000000	4502
3.02478333333333	4900
3.02811666666667	126
3.03145000000000	8440
3.03480000000000	4669
3.03813333333333	11456
3.04146666666667	1035
3.04480000000000	10448
3.04813333333333	3404
3.05148333333333	4580
3.05481666666667	1076
3.05815000000000	5416
3.06148333333333	4417
3.06481666666667	4760
3.06816666666667	3363
3.07150000000000	1965
3.07483333333333	3441
3.07816666666667	4917
3.08150000000000	7241
3.08485000000000	5388
3.08818333333333	926
3.09151666666667	8408
3.09485000000000	1360
3.09818333333333	2826
3.10153333333333	3755
3.10486666666667	4618
3.10820000000000	1910
3.11153333333333	5911
3.11486666666667	0
3.11821666666667	2566
3.12155000000000	4220
3.12488333333333	4477
3.12821666666667	7534
3.13155000000000	5462
3.13490000000000	3390
3.13823333333333	4849
3.14156666666667	1839
3.14490000000000	5351
3.14823333333333	4566
3.15158333333333	3782
3.15491666666667	1862
3.15825000000000	3249
3.16158333333333	3160
3.16491666666667	3067
3.16825000000000	3626
3.17160000000000	4186
3.17493333333333	984
3.17826666666667	4089
3.18160000000000	3712
3.18493333333333	3334
3.18828333333333	3126
3.19161666666667	2918
3.19495000000000	1108
3.19828333333333	6045
3.20161666666667	3138
3.20496666666667	231
3.20830000000000	4907
3.21163333333333	4135
3.21496666666667	5646
3.21830000000000	2298
3.22165000000000	3856
3.22498333333333	2958
3.22831666666667	2059
3.23165000000000	1361
3.23498333333333	1879
3.23833333333333	2397
3.24166666666667	775
3.24500000000000	3143
3.24833333333333	1835
3.25166666666667	4404
3.25501666666667	6047
3.25835000000000	6640
3.26168333333333	7232
3.26501666666667	3894
3.26835000000000	2518
3.27170000000000	5685
3.27503333333333	4453
3.27836666666667	7276
3.28170000000000	6681
3.28503333333333	2647
3.28838333333333	2552
3.29171666666667	3684
3.29505000000000	2578
3.29838333333333	7124
3.30171666666667	7307
3.30506666666667	5155
3.30840000000000	4446
3.31173333333333	3736
3.31506666666667	3748
3.31840000000000	6377
3.32175000000000	6350
3.32508333333333	2980
3.32841666666667	2281
3.33175000000000	4671
3.33508333333333	4317
3.33843333333333	3506
3.34176666666667	2696
3.34510000000000	4290
3.34843333333333	4058
3.35176666666667	1810
3.35511666666667	2755
3.35845000000000	2803
3.36178333333333	2365
3.36511666666667	2529
3.36845000000000	3246
3.37180000000000	3963
3.37513333333333	4023
3.37846666666667	4084
3.38180000000000	5700
3.38513333333333	5726
3.38848333333333	5752
3.39181666666667	2264
3.39515000000000	4534
3.39848333333333	4141
3.40181666666667	3486
3.40516666666667	3863
3.40850000000000	3786
3.41183333333333	3710
3.41516666666667	5968
3.41850000000000	3694
3.42185000000000	1420
3.42518333333333	6494
3.42851666666667	671
3.43185000000000	4529
3.43518333333333	185
3.43853333333333	3156
3.44186666666667	4296
3.44520000000000	3524
3.44853333333333	3799
3.45186666666667	4575
3.45521666666667	5384
3.45855000000000	7066
3.46188333333333	6521
3.46521666666667	1758
3.46855000000000	2140
3.47190000000000	4255
3.47523333333333	3468
3.47856666666667	4316
3.48190000000000	2158
3.48523333333333	0
3.48858333333333	1694
3.49191666666667	8420
3.49525000000000	7600
3.49858333333333	1704
3.50191666666667	4414
3.50523333333333	4729
3.50858333333333	5044
3.51191666666667	5664
3.51525000000000	3793
3.51858333333333	1922
3.52191666666667	3844
3.52526666666667	0
3.52860000000000	6174
3.53193333333333	7662
3.53526666666667	4620
3.53860000000000	3889
3.54195000000000	8524
3.54528333333333	6516
3.54861666666667	4525
3.55195000000000	3538
3.55528333333333	6007
3.55863333333333	3781
3.56196666666667	3325
3.56530000000000	4294
3.56863333333333	5709
3.57196666666667	4323
3.57531666666667	2937
3.57865000000000	3303
3.58198333333333	3170
3.58531666666667	3134
3.58865000000000	3098
3.59200000000000	5273
3.59533333333333	7322
3.59866666666667	7863
3.60200000000000	4751
3.60533333333333	5844
3.60868333333333	6282
3.61201666666667	5205
3.61535000000000	4129
3.61868333333333	7063
3.62201666666667	6394
3.62536666666667	5726
3.62870000000000	5074
3.63203333333333	3934
3.63536666666667	5349
3.63870000000000	4238
3.64205000000000	3127
3.64538333333333	7886
3.64871666666667	6922
3.65205000000000	5357
3.65538333333333	3452
3.65873333333333	6840
3.66206666666667	3392
3.66540000000000	4613
3.66873333333333	5889
3.67206666666667	7166
3.67541666666667	7305
3.67875000000000	7244
3.68208333333333	7183
3.68541666666667	8464
3.68875000000000	9052
3.69210000000000	4074
3.69543333333333	7003
3.69876666666667	9672
3.70210000000000	8732
3.70543333333333	2602
3.70878333333333	1031
3.71211666666667	4355
3.71545000000000	3705
3.71878333333333	3054
3.72211666666667	1724
3.72546666666667	2069
3.72880000000000	2414
3.73213333333333	6644
3.73546666666667	7573
3.73880000000000	3137
3.74215000000000	5874
3.74548333333333	7309
3.74881666666667	2204
3.75215000000000	2247
3.75548333333333	6836
3.75883333333333	2971
3.76216666666667	3354
3.76550000000000	5328
3.76883333333333	5502
3.77216666666667	4066
3.77551666666667	6320
3.77885000000000	7389
3.78218333333333	3288
3.78551666666667	2026
3.78885000000000	3439
3.79220000000000	5969
3.79553333333333	5168
3.79886666666667	1438
3.80220000000000	2450
3.80553333333333	5039
3.80886666666667	4877
3.81220000000000	3805
3.81553333333333	2733
3.81886666666667	4384
3.82220000000000	6036
3.82555000000000	6278
3.82888333333333	3661
3.83221666666667	1043
3.83555000000000	2782
3.83888333333333	794
3.84221666666667	2117
3.84556666666667	3440
3.84890000000000	2723
3.85223333333333	5945
3.85556666666667	4767
3.85890000000000	3589
3.86225000000000	3026
3.86558333333333	4973
3.86891666666667	1999
3.87225000000000	2928
3.87558333333333	7712
3.87893333333333	7250
3.88226666666667	3399
3.88560000000000	6187
3.88893333333333	3384
3.89226666666667	3068
3.89561666666667	4634
3.89895000000000	2332
3.90228333333333	5408
3.90561666666667	0
3.90895000000000	3281
3.91230000000000	6022
3.91563333333333	4117
3.91896666666667	6554
3.92230000000000	5652
3.92563333333333	3884
3.92898333333333	1860
3.93231666666667	4273
3.93565000000000	10244
3.93898333333333	9504
3.94231666666667	4653
3.94566666666667	9204
3.94900000000000	1700
3.95233333333333	7523
3.95566666666667	2109
3.95900000000000	6398
3.96235000000000	6676
3.96568333333333	7060
3.96901666666667	3108
3.97235000000000	3456
3.97568333333333	2560
3.97903333333333	4126
3.98236666666667	3047
3.98570000000000	1969
3.98903333333333	1401
3.99236666666667	2954
3.99571666666667	2726
3.99905000000000	2498
4.00238333333333	2168
4.00571666666667	2165
4.00905000000000	2162
4.01240000000000	0
4.01573333333333	4855
4.01906666666667	6454
4.02240000000000	4988
4.02573333333333	5105
4.02908333333333	5841
4.03241666666667	5381
4.03575000000000	4922
4.03908333333333	3784
4.04241666666667	3518
4.04576666666667	3252
4.04910000000000	7344
4.05243333333333	6972
4.05576666666667	1397
4.05910000000000	7421
4.06245000000000	6481
4.06578333333333	7816
4.06911666666667	7411
4.07245000000000	3061
4.07578333333333	1092
4.07913333333333	9064
4.08246666666667	3092
4.08580000000000	5791
4.08913333333333	6763
4.09246666666667	646
4.09581666666667	1919
4.09915000000000	2538
4.10248333333333	2570
4.10581666666667	4982
4.10915000000000	9948
4.11248333333333	9620
4.11581666666667	4377
4.11915000000000	2869
4.12248333333333	1646
4.12581666666667	7019
4.12916666666667	5612
4.13250000000000	3868
4.13583333333333	4411
4.13916666666667	2836
4.14250000000000	1261
4.14585000000000	1694
4.14918333333333	2214
4.15251666666667	1432
4.15585000000000	649
4.15918333333333	2301
4.16253333333333	2901
4.16586666666667	3501
4.16920000000000	4159
4.17253333333333	4816
4.17586666666667	5309
4.17920000000000	5019
4.18255000000000	4729
4.18588333333333	5316
4.18921666666667	4618
4.19255000000000	4601
4.19588333333333	2740
4.19923333333333	5482
4.20256666666667	4360
4.20590000000000	415
4.20923333333333	2384
4.21256666666667	4353
4.21591666666667	5024
4.21925000000000	5430
4.22258333333333	5835
4.22591666666667	6140
4.22925000000000	8027
4.23260000000000	1509
4.23593333333333	5323
4.23926666666667	323
4.24260000000000	5825
4.24593333333333	5851
4.24928333333333	5917
4.25261666666667	5546
4.25595000000000	5175
4.25928333333333	2042
4.26261666666667	3179
4.26596666666667	5122
4.26930000000000	7066
4.27263333333333	5834
4.27596666666667	4601
4.27930000000000	5731
4.28265000000000	2086
4.28598333333333	2313
4.28931666666667	4243
4.29265000000000	5357
4.29598333333333	5900
4.29933333333333	3663
4.30266666666667	3913
4.30600000000000	3118
4.30933333333333	2324
4.31266666666667	2226
4.31601666666667	2127
4.31935000000000	5908
4.32268333333333	5072
4.32601666666667	4218
4.32935000000000	3729
4.33270000000000	3437
4.33603333333333	4112
4.33936666666667	4786
4.34270000000000	7303
4.34603333333333	5637
4.34938333333333	3971
4.35271666666667	6747
4.35605000000000	3414
4.35938333333333	7011
4.36271666666667	3719
4.36605000000000	6311
4.36938333333333	6760
4.37271666666667	9208
4.37605000000000	7511
4.37938333333333	1644
4.38273333333333	4502
4.38606666666667	7524
4.38940000000000	9964
4.39273333333333	6131
4.39606666666667	4865
4.39941666666667	1094
4.40275000000000	3582
4.40608333333333	4123
4.40941666666667	3812
4.41275000000000	6527
4.41610000000000	7549
4.41943333333333	6704
4.42276666666667	4505
4.42610000000000	8051
4.42943333333333	7995
4.43278333333333	10580
4.43611666666667	4040
4.43945000000000	2333
4.44278333333333	2904
4.44611666666667	2938
4.44946666666667	2972
4.45280000000000	5517
4.45613333333333	6389
4.45946666666667	6438
4.46280000000000	4055
4.46615000000000	7650
4.46948333333333	5710
4.47281666666667	1130
4.47615000000000	1602
4.47948333333333	5963
4.48283333333333	6931
4.48616666666667	5495
4.48950000000000	4722
4.49283333333333	4793
4.49616666666667	4863
