1.50330000000000	0
1.50663333333333	0
1.50996666666667	0
1.51330000000000	0
1.51663333333333	0
1.51998333333333	0
1.52331666666667	0
1.52665000000000	0
1.52998333333333	0
1.53331666666667	0
1.53666666666667	0
1.54000000000000	0
1.54333333333333	0
1.54666666666667	0
1.55000000000000	0
1.55335000000000	0
1.55668333333333	0
1.56001666666667	0
1.56335000000000	0
1.56668333333333	349
1.57003333333333	175
1.57336666666667	0
1.57670000000000	0
1.58003333333333	0
1.58336666666667	328
1.58671666666667	164
1.59005000000000	0
1.59338333333333	0
1.59671666666667	0
1.60005000000000	1932
1.60340000000000	1573
1.60673333333333	0
1.61006666666667	495
1.61340000000000	0
1.61673333333333	0
1.62008333333333	0
1.62341666666667	0
1.62675000000000	0
1.63008333333333	0
1.63341666666667	0
1.63676666666667	0
1.64010000000000	0
1.64343333333333	0
1.64676666666667	0
1.65010000000000	0
1.65345000000000	0
1.65678333333333	0
1.66011666666667	0
1.66345000000000	0
1.66678333333333	0
1.67013333333333	0
1.67346666666667	0
1.67680000000000	0
1.68013333333333	0
1.68346666666667	0
1.68681666666667	0
1.69015000000000	0
1.69348333333333	0
1.69681666666667	0
1.70015000000000	0
1.70350000000000	0
1.70683333333333	0
1.71016666666667	0
1.71350000000000	750
1.71683333333333	375
1.72018333333333	0
1.72351666666667	0
1.72685000000000	0
1.73018333333333	0
1.73351666666667	0
1.73686666666667	0
1.74020000000000	0
1.74353333333333	0
1.74686666666667	0
1.75020000000000	0
1.75353333333333	0
1.75686666666667	0
1.76020000000000	0
1.76353333333333	0
1.76686666666667	0
1.77021666666667	0
1.77355000000000	0
1.77688333333333	0
1.78021666666667	0
1.78355000000000	0
1.78690000000000	0
1.79023333333333	0
1.79356666666667	0
1.79690000000000	0
1.80023333333333	0
1.80358333333333	0
1.80691666666667	0
1.81025000000000	0
1.81358333333333	0
1.81691666666667	0
1.82025000000000	0
1.82360000000000	0
1.82693333333333	0
1.83026666666667	0
1.83360000000000	0
1.83693333333333	0
1.84028333333333	0
1.84361666666667	0
1.84695000000000	0
1.85028333333333	0
1.85361666666667	0
1.85696666666667	0
1.86030000000000	0
1.86363333333333	0
1.86696666666667	0
1.87030000000000	0
1.87365000000000	0
1.87698333333333	0
1.88031666666667	0
1.88365000000000	0
1.88698333333333	0
1.89033333333333	0
1.89366666666667	0
1.89700000000000	0
1.90033333333333	0
1.90366666666667	0
1.90701666666667	0
1.91035000000000	0
1.91368333333333	0
1.91701666666667	0
1.92035000000000	0
1.92370000000000	0
1.92703333333333	0
1.93036666666667	0
1.93370000000000	0
1.93703333333333	0
1.94038333333333	0
1.94371666666667	0
1.94705000000000	0
1.95038333333333	0
1.95371666666667	0
1.95706666666667	0
1.96040000000000	0
1.96373333333333	0
1.96706666666667	0
1.97040000000000	0
1.97375000000000	0
1.97708333333333	0
1.98041666666667	0
1.98375000000000	0
1.98708333333333	0
1.99043333333333	0
1.99376666666667	0
1.99710000000000	0
2.00043333333333	0
2.00376666666667	0
2.00711666666667	0
2.01045000000000	0
2.01378333333333	0
2.01711666666667	0
2.02045000000000	0
2.02380000000000	55
2.02713333333333	1254
2.03046666666667	627
2.03380000000000	0
2.03713333333333	1131
2.04048333333333	565
2.04381666666667	0
2.04715000000000	0
2.05048333333333	0
2.05381666666667	0
2.05716666666667	0
2.06050000000000	0
2.06383333333333	0
2.06716666666667	0
2.07050000000000	0
2.07385000000000	0
2.07718333333333	0
2.08051666666667	0
2.08385000000000	0
2.08718333333333	0
2.09051666666667	0
2.09385000000000	0
2.09718333333333	0
2.10051666666667	0
2.10385000000000	0
2.10720000000000	0
2.11053333333333	0
2.11386666666667	0
2.11720000000000	0
2.12053333333333	0
2.12388333333333	0
2.12721666666667	0
2.13055000000000	0
2.13388333333333	0
2.13721666666667	0
2.14056666666667	827
2.14390000000000	615
2.14723333333333	0
2.15056666666667	0
2.15390000000000	647
2.15723333333333	0
2.16058333333333	0
2.16391666666667	0
2.16725000000000	0
2.17058333333333	0
2.17391666666667	0
2.17726666666667	0
2.18060000000000	0
2.18393333333333	0
2.18726666666667	0
2.19060000000000	0
2.19395000000000	0
2.19728333333333	926
2.20061666666667	718
2.20395000000000	1382
2.20728333333333	0
2.21063333333333	1677
2.21396666666667	0
2.21730000000000	0
2.22063333333333	0
2.22396666666667	0
2.22731666666667	0
2.23065000000000	0
2.23398333333333	0
2.23731666666667	0
2.24065000000000	0
2.24400000000000	0
2.24733333333333	0
2.25066666666667	0
2.25400000000000	0
2.25733333333333	0
2.26068333333333	0
2.26401666666667	672
2.26735000000000	713
2.27068333333333	356
2.27401666666667	0
2.27736666666667	0
2.28070000000000	0
2.28403333333333	0
2.28736666666667	530
2.29070000000000	265
2.29405000000000	0
2.29738333333333	192
2.30071666666667	385
2.30405000000000	0
2.30738333333333	800
2.31073333333333	1168
2.31406666666667	1536
2.31740000000000	5690
2.32073333333333	5828
2.32406666666667	6482
2.32741666666667	3742
2.33075000000000	5495
2.33408333333333	7653
2.33741666666667	2260
2.34075000000000	6022
2.34410000000000	10460
2.34743333333333	7698
2.35076666666667	10536
2.35410000000000	12100
2.35743333333333	12548
2.36078333333333	12032
2.36411666666667	6931
2.36745000000000	9760
2.37078333333333	8252
2.37411666666667	11876
2.37746666666667	15504
2.38080000000000	13124
2.38413333333333	12064
2.38746666666667	13720
2.39080000000000	7897
2.39415000000000	8988
2.39748333333333	7775
2.40081666666667	12688
2.40415000000000	14000
2.40748333333333	17996
2.41083333333333	19536
2.41416666666667	21076
2.41750000000000	16256
2.42083333333333	19984
2.42416666666667	14868
2.42751666666667	17896
2.43085000000000	20920
2.43418333333333	17696
2.43751666666667	17596
2.44085000000000	17496
2.44420000000000	16888
2.44753333333333	24052
2.45086666666667	23704
2.45420000000000	21044
2.45753333333333	13700
2.46088333333333	20064
2.46421666666667	26424
2.46755000000000	31868
2.47088333333333	25876
2.47421666666667	25140
2.47756666666667	27716
2.48090000000000	21776
2.48423333333333	28584
2.48756666666667	27660
2.49090000000000	26736
2.49423333333333	29612
2.49758333333333	32492
2.50091666666667	42336
2.50425000000000	44704
2.50758333333333	32832
2.51091666666667	36432
2.51426666666667	44448
2.51760000000000	47088
2.52093333333333	29380
2.52426666666667	42640
2.52760000000000	54752
2.53095000000000	57600
2.53428333333333	41152
2.53761666666667	24704
2.54095000000000	26308
2.54428333333333	43856
2.54763333333333	51216
2.55096666666667	33568
2.55430000000000	38496
2.55763333333333	20348
2.56096666666667	38144
2.56431666666667	28564
2.56765000000000	37680
2.57098333333333	47296
2.57431666666667	44784
2.57765000000000	40128
2.58100000000000	27900
2.58433333333333	38848
2.58766666666667	38320
2.59100000000000	37792
2.59433333333333	41344
2.59768333333333	44880
2.60101666666667	43648
2.60435000000000	38944
2.60768333333333	34224
2.61101666666667	35072
2.61436666666667	34592
2.61770000000000	34096
2.62103333333333	41856
2.62436666666667	40832
2.62770000000000	33056
2.63105000000000	44432
2.63438333333333	45920
2.63771666666667	30952
2.64105000000000	49568
2.64438333333333	47840
2.64773333333333	39040
2.65106666666667	29844
2.65440000000000	37520
2.65773333333333	47216
2.66106666666667	45280
2.66441666666667	47248
2.66775000000000	30980
2.67108333333333	43152
2.67441666666667	46560
2.67775000000000	31172
2.68110000000000	35600
2.68443333333333	22680
2.68776666666667	50464
2.69110000000000	48480
2.69443333333333	60432
2.69778333333333	37808
2.70111666666667	36592
2.70445000000000	48816
2.70778333333333	44928
2.71111666666667	48160
2.71446666666667	51376
2.71780000000000	50800
2.72113333333333	56176
2.72446666666667	31868
2.72780000000000	51680
2.73115000000000	35024
2.73448333333333	46624
2.73781666666667	56976
2.74115000000000	37920
2.74448333333333	49712
2.74783333333333	57536
2.75116666666667	41360
2.75450000000000	44400
2.75783333333333	52096
2.76116666666667	34464
2.76451666666667	50000
2.76785000000000	34112
2.77118333333333	31616
2.77451666666667	63184
2.77785000000000	59664
2.78118333333333	42240
2.78451666666667	25552
2.78785000000000	55280
2.79118333333333	34736
2.79451666666667	45648
2.79786666666667	34896
2.80120000000000	55296
2.80453333333333	63072
2.80786666666667	35312
2.81120000000000	31336
2.81455000000000	48816
2.81788333333333	52288
2.82121666666667	30844
2.82455000000000	37136
2.82788333333333	43776
2.83121666666667	42240
2.83456666666667	40704
2.83790000000000	41552
2.84123333333333	43456
2.84456666666667	42128
2.84790000000000	40784
2.85125000000000	45936
2.85458333333333	45824
2.85791666666667	45712
2.86125000000000	44464
2.86458333333333	43216
2.86793333333333	40096
2.87126666666667	39024
2.87460000000000	44272
2.87793333333333	38832
2.88126666666667	37024
2.88461666666667	35200
2.88795000000000	42256
2.89128333333333	49312
2.89461666666667	37952
2.89795000000000	26584
2.90130000000000	49776
2.90463333333333	36480
2.90796666666667	35728
2.91130000000000	34992
2.91463333333333	41840
2.91798333333333	39392
2.92131666666667	36944
2.92465000000000	45920
2.92798333333333	57792
2.93131666666667	53424
2.93466666666667	39136
2.93800000000000	37776
2.94133333333333	60352
2.94466666666667	66928
2.94800000000000	22908
2.95135000000000	38208
2.95468333333333	31956
2.95801666666667	44320
2.96135000000000	42096
2.96468333333333	45712
2.96803333333333	44096
2.97136666666667	49472
2.97470000000000	47856
2.97803333333333	48720
2.98136666666667	49808
2.98471666666667	50912
2.98805000000000	37344
2.99138333333333	35280
2.99471666666667	50384
2.99805000000000	38320
3.00140000000000	31056
3.00473333333333	42144
3.00806666666667	42080
3.01140000000000	42032
3.01473333333333	43424
3.01808333333333	44816
3.02141666666667	43040
3.02475000000000	41280
3.02808333333333	50928
3.03141666666667	48912
3.03476666666667	42464
3.03810000000000	36000
3.04143333333333	44784
3.04476666666667	53488
3.04810000000000	50144
3.05145000000000	46800
3.05478333333333	29968
3.05811666666667	36448
3.06145000000000	38816
3.06478333333333	41200
3.06813333333333	32680
3.07146666666667	25172
3.07480000000000	24884
3.07813333333333	41648
3.08146666666667	42560
3.08481666666667	40096
3.08815000000000	58752
3.09148333333333	64704
3.09481666666667	30176
3.09815000000000	34816
3.10150000000000	39408
3.10483333333333	36720
3.10816666666667	34032
3.11150000000000	53648
3.11483333333333	49760
3.11818333333333	43936
3.12151666666667	38128
3.12485000000000	50112
3.12818333333333	52368
3.13151666666667	43456
3.13486666666667	43520
3.13820000000000	38480
3.14153333333333	68192
3.14486666666667	68752
3.14820000000000	65232
3.15155000000000	37136
3.15488333333333	38400
3.15821666666667	47248
3.16155000000000	53984
3.16488333333333	50784
3.16821666666667	28704
3.17156666666667	41296
3.17490000000000	43984
3.17823333333333	46656
3.18156666666667	46448
3.18490000000000	46048
3.18825000000000	45664
3.19158333333333	41632
3.19491666666667	39920
3.19825000000000	33648
3.20158333333333	41104
3.20493333333333	39648
3.20826666666667	38192
3.21160000000000	46624
3.21493333333333	53792
3.21826666666667	15076
3.22161666666667	54512
3.22495000000000	51072
3.22828333333333	33632
3.23161666666667	43024
3.23495000000000	52416
3.23830000000000	44640
3.24163333333333	39424
3.24496666666667	44512
3.24830000000000	49232
3.25163333333333	54000
3.25498333333333	58624
3.25831666666667	51696
3.26165000000000	49440
3.26498333333333	38016
3.26831666666667	29968
3.27166666666667	57056
3.27500000000000	54992
3.27833333333333	37728
3.28166666666667	38032
3.28500000000000	55600
3.28835000000000	40944
3.29168333333333	46944
3.29501666666667	49728
3.29835000000000	52512
3.30168333333333	52048
3.30503333333333	45120
3.30836666666667	40352
3.31170000000000	44000
3.31503333333333	39920
3.31836666666667	35840
3.32171666666667	40432
3.32505000000000	38576
3.32838333333333	51024
3.33171666666667	49712
3.33505000000000	38160
3.33840000000000	52032
3.34173333333333	51584
3.34506666666667	51136
3.34840000000000	47376
3.35173333333333	47680
3.35508333333333	51536
3.35841666666667	50448
3.36175000000000	49344
3.36508333333333	49632
3.36841666666667	46384
3.37176666666667	37408
3.37510000000000	28428
3.37843333333333	45904
3.38176666666667	48880
3.38510000000000	51360
3.38845000000000	41744
3.39178333333333	48528
3.39511666666667	48448
3.39845000000000	48368
3.40178333333333	43072
3.40513333333333	29588
3.40846666666667	43056
3.41180000000000	45408
3.41513333333333	47760
3.41846666666667	38112
3.42181666666667	43552
3.42515000000000	49008
3.42848333333333	61584
3.43181666666667	62064
3.43515000000000	60480
3.43850000000000	61136
3.44183333333333	65840
3.44516666666667	69456
3.44850000000000	52176
3.45183333333333	32012
3.45518333333333	47408
3.45851666666667	41040
3.46185000000000	37520
3.46518333333333	44560
3.46851666666667	51600
3.47186666666667	38800
3.47520000000000	26000
3.47853333333333	39200
3.48186666666667	45056
3.48520000000000	54320
3.48855000000000	50192
3.49188333333333	53776
3.49521666666667	37296
3.49855000000000	55584
3.50188333333333	48576
3.50521666666667	45648
3.50856666666667	57648
3.51190000000000	32284
3.51523333333333	52720
3.51856666666667	58080
3.52190000000000	61408
3.52525000000000	34880
3.52858333333333	50992
3.53191666666667	24724
3.53525000000000	36960
3.53858333333333	56880
3.54193333333333	22120
3.54526666666667	48800
3.54860000000000	49968
3.55193333333333	44672
3.55526666666667	52112
3.55861666666667	32468
3.56195000000000	26176
3.56528333333333	47488
3.56861666666667	55904
3.57195000000000	47280
3.57530000000000	39472
3.57863333333333	54032
3.58196666666667	62832
3.58530000000000	29692
3.58863333333333	50544
3.59198333333333	42496
3.59531666666667	57184
3.59865000000000	57184
3.60198333333333	48320
3.60531666666667	37840
3.60866666666667	49600
3.61200000000000	51248
3.61533333333333	47360
3.61866666666667	43488
3.62200000000000	34736
3.62533333333333	48720
3.62866666666667	37120
3.63200000000000	29536
3.63533333333333	61840
3.63866666666667	54544
3.64201666666667	60640
3.64535000000000	41168
3.64868333333333	34016
3.65201666666667	53776
3.65535000000000	50032
3.65870000000000	44800
3.66203333333333	53536
3.66536666666667	54304
3.66870000000000	43728
3.67203333333333	34688
3.67538333333333	42496
3.67871666666667	37664
3.68205000000000	32832
3.68538333333333	49552
3.68871666666667	58928
3.69206666666667	50960
3.69540000000000	34752
3.69873333333333	51200
3.70206666666667	45776
3.70540000000000	49408
3.70875000000000	44832
3.71208333333333	41328
3.71541666666667	47040
3.71875000000000	50576
3.72208333333333	54096
3.72543333333333	49552
3.72876666666667	59952
3.73210000000000	34128
3.73543333333333	37440
3.73876666666667	54400
3.74211666666667	52880
3.74545000000000	45792
3.74878333333333	34992
3.75211666666667	42224
3.75545000000000	28740
3.75880000000000	38336
3.76213333333333	46496
3.76546666666667	54672
3.76880000000000	59904
3.77213333333333	56048
3.77548333333333	43584
3.77881666666667	46112
3.78215000000000	50912
3.78548333333333	41600
3.78881666666667	56304
3.79216666666667	56256
3.79550000000000	41696
3.79883333333333	53584
3.80216666666667	31816
3.80550000000000	56128
3.80885000000000	37904
3.81218333333333	27084
3.81551666666667	51232
3.81885000000000	36160
3.82218333333333	44080
3.82553333333333	51536
3.82886666666667	47968
3.83220000000000	44400
3.83553333333333	41664
3.83886666666667	41696
3.84220000000000	45952
3.84555000000000	50208
3.84888333333333	49424
3.85221666666667	25912
3.85555000000000	40176
3.85888333333333	33840
3.86223333333333	32976
3.86556666666667	30968
3.86890000000000	31180
3.87223333333333	40496
3.87556666666667	49808
3.87891666666667	50176
3.88225000000000	52816
3.88558333333333	55456
3.88891666666667	60448
3.89225000000000	63584
3.89560000000000	36576
3.89893333333333	60896
3.90226666666667	45296
3.90560000000000	57920
3.90893333333333	41456
3.91228333333333	51808
3.91561666666667	54976
3.91895000000000	52048
3.92228333333333	51456
3.92561666666667	47456
3.92896666666667	47520
3.93230000000000	46016
3.93563333333333	43936
3.93896666666667	34752
3.94230000000000	56272
3.94565000000000	52624
3.94898333333333	48768
3.95231666666667	46864
3.95565000000000	38704
3.95898333333333	39488
3.96233333333333	46944
3.96566666666667	54416
3.96900000000000	51920
3.97233333333333	43440
3.97566666666667	45360
3.97901666666667	48480
3.98235000000000	21976
3.98568333333333	30604
3.98901666666667	40448
3.99235000000000	36880
3.99570000000000	33296
3.99903333333333	63920
4.00236666666667	61248
4.00570000000000	44000
4.00903333333333	41008
4.01238333333333	38656
4.01571666666667	54576
4.01905000000000	59936
4.02238333333333	57232
4.02571666666667	49888
4.02906666666667	45696
4.03240000000000	30240
4.03573333333333	69584
4.03906666666667	79216
4.04240000000000	70384
4.04575000000000	41984
4.04908333333333	41776
4.05241666666667	58784
4.05575000000000	52784
4.05908333333333	41104
4.06243333333333	66208
4.06576666666667	54352
4.06910000000000	51984
4.07243333333333	65440
4.07576666666667	48736
4.07911666666667	29560
4.08245000000000	26604
4.08578333333333	36496
4.08911666666667	32376
4.09245000000000	28248
4.09580000000000	27388
4.09913333333333	52256
4.10246666666667	50832
4.10580000000000	27960
4.10913333333333	43248
4.11248333333333	38656
4.11581666666667	44992
4.11915000000000	47840
4.12248333333333	50672
4.12581666666667	54896
4.12916666666667	59120
4.13250000000000	44512
4.13583333333333	37328
4.13916666666667	57872
4.14250000000000	51760
4.14585000000000	37456
4.14918333333333	42608
4.15251666666667	48608
4.15585000000000	48928
4.15918333333333	51712
4.16253333333333	49440
4.16586666666667	39296
4.16920000000000	52832
4.17253333333333	51216
4.17586666666667	55744
4.17920000000000	53424
4.18255000000000	51120
4.18588333333333	31944
4.18921666666667	38640
4.19255000000000	34416
4.19588333333333	52432
4.19923333333333	52464
4.20256666666667	53728
4.20590000000000	48560
4.20923333333333	58032
4.21256666666667	45104
4.21591666666667	47872
4.21925000000000	45024
4.22258333333333	40032
4.22591666666667	37392
4.22925000000000	34768
4.23260000000000	37280
4.23593333333333	39808
4.23926666666667	29416
4.24260000000000	59008
4.24593333333333	53648
4.24928333333333	38976
4.25261666666667	38032
4.25595000000000	37088
4.25928333333333	53648
4.26261666666667	51584
4.26596666666667	56208
4.26930000000000	40176
4.27263333333333	29520
4.27596666666667	44624
4.27930000000000	26316
4.28265000000000	35328
4.28598333333333	44336
4.28931666666667	26500
4.29265000000000	47184
4.29598333333333	43296
4.29933333333333	39392
4.30266666666667	54192
4.30600000000000	50592
4.30933333333333	45600
4.31266666666667	31488
4.31601666666667	38480
4.31935000000000	54544
4.32268333333333	46160
4.32601666666667	43216
4.32935000000000	29936
4.33270000000000	47408
4.33603333333333	45552
4.33936666666667	59888
4.34270000000000	64560
4.34603333333333	33424
4.34938333333333	33696
4.35271666666667	59280
4.35605000000000	29640
4.35938333333333	45968
4.36271666666667	58256
4.36606666666667	29048
4.36940000000000	36944
4.37273333333333	45232
4.37606666666667	39648
4.37940000000000	35728
4.38275000000000	31824
4.38608333333333	43840
4.38941666666667	46768
4.39275000000000	45920
4.39608333333333	56816
4.39943333333333	21344
4.40276666666667	47248
4.40610000000000	56800
4.40943333333333	37968
4.41276666666667	37648
4.41611666666667	47536
4.41945000000000	28120
4.42278333333333	47232
4.42611666666667	39376
4.42945000000000	44960
4.43280000000000	50544
4.43613333333333	41680
4.43946666666667	41552
4.44280000000000	37392
4.44613333333333	43040
4.44946666666667	27324
4.45280000000000	52480
4.45613333333333	45184
4.45946666666667	38992
4.46280000000000	52672
4.46615000000000	37760
4.46948333333333	31736
4.47281666666667	35728
4.47615000000000	39712
4.47948333333333	38960
4.48283333333333	38192
4.48616666666667	41840
4.48950000000000	33696
4.49283333333333	39600
4.49616666666667	45504
