1.50081666666667	930
1.50165000000000	368
1.50248333333333	691
1.50331666666667	1178
1.50415000000000	1162
1.50498333333333	1146
1.50581666666667	747
1.50665000000000	830
1.50748333333333	0
1.50831666666667	753
1.50915000000000	529
1.50998333333333	304
1.51081666666667	905
1.51165000000000	665
1.51248333333333	733
1.51331666666667	411
1.51415000000000	0
1.51498333333333	0
1.51581666666667	303
1.51665000000000	90
1.51748333333333	185
1.51833333333333	567
1.51916666666667	550
1.52000000000000	534
1.52083333333333	248
1.52166666666667	794
1.52250000000000	526
1.52333333333333	258
1.52416666666667	669
1.52500000000000	0
1.52583333333333	376
1.52666666666667	601
1.52750000000000	0
1.52833333333333	455
1.52916666666667	474
1.53000000000000	633
1.53083333333333	858
1.53166666666667	598
1.53250000000000	338
1.53331666666667	450
1.53415000000000	12
1.53500000000000	298
1.53583333333333	583
1.53666666666667	0
1.53750000000000	153
1.53833333333333	0
1.53916666666667	626
1.54000000000000	413
1.54083333333333	200
1.54166666666667	553
1.54250000000000	321
1.54333333333333	214
1.54416666666667	0
1.54500000000000	1584
1.54583333333333	2049
1.54666666666667	778
1.54750000000000	816
1.54833333333333	0
1.54916666666667	765
1.55000000000000	479
1.55083333333333	613
1.55166666666667	0
1.55251666666667	294
1.55335000000000	273
1.55418333333333	854
1.55501666666667	1034
1.55585000000000	1214
1.55668333333333	1875
1.55751666666667	2223
1.55835000000000	288
1.55918333333333	0
1.56001666666667	1444
1.56085000000000	1521
1.56168333333333	753
1.56251666666667	669
1.56335000000000	354
1.56418333333333	1465
1.56501666666667	1467
1.56585000000000	0
1.56668333333333	848
1.56751666666667	1748
1.56835000000000	969
1.56920000000000	703
1.57003333333333	694
1.57086666666667	373
1.57170000000000	467
1.57253333333333	560
1.57336666666667	280
1.57420000000000	0
1.57503333333333	409
1.57586666666667	818
1.57670000000000	959
1.57753333333333	1072
1.57836666666667	0
1.57920000000000	274
1.58003333333333	975
1.58086666666667	855
1.58170000000000	1206
1.58253333333333	581
1.58336666666667	318
1.58420000000000	264
1.58503333333333	209
1.58586666666667	105
1.58671666666667	0
1.58755000000000	0
1.58838333333333	296
1.58921666666667	592
1.59005000000000	792
1.59088333333333	0
1.59171666666667	408
1.59255000000000	942
1.59338333333333	850
1.59421666666667	129
1.59505000000000	884
1.59588333333333	483
1.59671666666667	377
1.59755000000000	189
1.59838333333333	0
1.59921666666667	0
1.60005000000000	176
1.60088333333333	169
1.60171666666667	163
1.60253333333333	392
1.60338333333333	401
1.60421666666667	411
1.60505000000000	212
1.60588333333333	12
1.60671666666667	607
1.60755000000000	634
1.60838333333333	931
1.60921666666667	139
1.61005000000000	0
1.61088333333333	442
1.61171666666667	484
1.61255000000000	865
1.61338333333333	610
1.61421666666667	355
1.61505000000000	366
1.61588333333333	360
1.61671666666667	0
1.61755000000000	280
1.61838333333333	393
1.61921666666667	230
1.62005000000000	1296
1.62090000000000	1325
1.62173333333333	0
1.62256666666667	1063
1.62340000000000	0
1.62423333333333	185
1.62506666666667	1153
1.62590000000000	859
1.62673333333333	496
1.62756666666667	1221
1.62840000000000	0
1.62923333333333	824
1.63006666666667	231
1.63090000000000	0
1.63173333333333	384
1.63256666666667	0
1.63340000000000	384
1.63423333333333	13
1.63506666666667	344
1.63590000000000	0
1.63673333333333	65
1.63758333333333	209
1.63841666666667	353
1.63925000000000	691
1.64008333333333	345
1.64091666666667	0
1.64175000000000	264
1.64258333333333	0
1.64341666666667	0
1.64425000000000	0
1.64508333333333	0
1.64591666666667	0
1.64675000000000	165
1.64758333333333	374
1.64841666666667	217
1.64925000000000	60
1.65008333333333	536
1.65091666666667	268
1.65175000000000	0
1.65258333333333	482
1.65341666666667	0
1.65425000000000	451
1.65510000000000	424
1.65593333333333	211
1.65676666666667	566
1.65760000000000	611
1.65843333333333	655
1.65926666666667	633
1.66010000000000	259
1.66093333333333	434
1.66176666666667	542
1.66260000000000	0
1.66343333333333	641
1.66426666666667	424
1.66510000000000	684
1.66593333333333	0
1.66676666666667	1129
1.66760000000000	944
1.66843333333333	140
1.66926666666667	1329
1.67010000000000	626
1.67093333333333	701
1.67178333333333	578
1.67261666666667	531
1.67345000000000	484
1.67428333333333	0
1.67511666666667	478
1.67595000000000	391
1.67678333333333	415
1.67761666666667	439
1.67845000000000	0
1.67928333333333	539
1.68011666666667	844
1.68095000000000	0
1.68178333333333	116
1.68261666666667	0
1.68345000000000	0
1.68428333333333	0
1.68511666666667	88
1.68595000000000	44
1.68678333333333	0
1.68761666666667	15
1.68843333333333	31
1.68928333333333	327
1.69011666666667	163
1.69095000000000	0
1.69178333333333	517
1.69261666666667	503
1.69345000000000	668
1.69428333333333	477
1.69511666666667	455
1.69595000000000	471
1.69678333333333	0
1.69761666666667	0
1.69845000000000	0
1.69928333333333	415
1.70011666666667	831
1.70095000000000	537
1.70178333333333	269
1.70261666666667	0
1.70345000000000	0
1.70428333333333	160
1.70511666666667	319
1.70596666666667	452
1.70680000000000	1004
1.70763333333333	938
1.70846666666667	524
1.70930000000000	0
1.71013333333333	492
1.71096666666667	737
1.71180000000000	1553
1.71263333333333	1449
1.71346666666667	320
1.71430000000000	1291
1.71513333333333	77
1.71596666666667	556
1.71680000000000	0
1.71763333333333	471
1.71846666666667	422
1.71930000000000	374
1.72013333333333	0
1.72096666666667	701
1.72180000000000	0
1.72263333333333	359
1.72348333333333	961
1.72431666666667	0
1.72515000000000	19
1.72598333333333	375
1.72681666666667	188
1.72765000000000	0
1.72848333333333	300
1.72931666666667	0
1.73015000000000	231
1.73098333333333	462
1.73181666666667	0
1.73265000000000	499
1.73348333333333	1299
1.73431666666667	939
1.73515000000000	295
1.73598333333333	857
1.73681666666667	1001
1.73765000000000	708
1.73848333333333	780
1.73931666666667	851
1.74016666666667	802
1.74100000000000	713
1.74183333333333	624
1.74266666666667	283
1.74350000000000	356
1.74433333333333	1764
1.74516666666667	1996
1.74600000000000	0
1.74683333333333	655
1.74766666666667	926
1.74850000000000	502
1.74933333333333	0
1.75016666666667	0
1.75100000000000	145
1.75183333333333	73
1.75266666666667	0
1.75350000000000	0
1.75433333333333	0
1.75515000000000	427
1.75598333333333	615
1.75681666666667	452
1.75766666666667	288
1.75850000000000	0
1.75933333333333	253
1.76016666666667	0
1.76100000000000	0
1.76183333333333	331
1.76266666666667	507
1.76350000000000	253
1.76433333333333	0
1.76516666666667	537
1.76600000000000	321
1.76683333333333	0
1.76766666666667	42
1.76850000000000	289
1.76933333333333	261
1.77016666666667	130
1.77100000000000	381
1.77183333333333	0
1.77266666666667	0
1.77350000000000	0
1.77435000000000	586
1.77518333333333	449
1.77601666666667	313
1.77685000000000	0
1.77768333333333	672
1.77851666666667	0
1.77935000000000	818
1.78018333333333	960
1.78101666666667	846
1.78185000000000	0
1.78268333333333	450
1.78351666666667	1001
1.78435000000000	1289
1.78518333333333	0
1.78601666666667	389
1.78685000000000	778
1.78768333333333	0
1.78851666666667	854
1.78935000000000	488
1.79018333333333	0
1.79101666666667	132
1.79186666666667	264
1.79270000000000	280
1.79353333333333	0
1.79436666666667	0
1.79520000000000	786
1.79603333333333	393
1.79686666666667	0
1.79770000000000	1009
1.79853333333333	455
1.79936666666667	661
1.80020000000000	868
1.80103333333333	405
1.80186666666667	329
1.80270000000000	658
1.80353333333333	329
1.80436666666667	0
1.80520000000000	530
1.80603333333333	993
1.80686666666667	982
1.80770000000000	315
1.80855000000000	549
1.80938333333333	0
1.81021666666667	558
1.81105000000000	0
1.81188333333333	326
1.81271666666667	112
1.81355000000000	70
1.81438333333333	675
1.81521666666667	850
1.81605000000000	0
1.81688333333333	947
1.81771666666667	455
1.81855000000000	1088
1.81938333333333	273
1.82021666666667	0
1.82105000000000	977
1.82188333333333	374
1.82271666666667	0
1.82355000000000	21
1.82438333333333	0
1.82521666666667	600
1.82606666666667	668
1.82690000000000	117
1.82773333333333	0
1.82856666666667	0
1.82940000000000	0
1.83023333333333	518
1.83106666666667	569
1.83190000000000	470
1.83273333333333	371
1.83356666666667	455
1.83440000000000	354
1.83523333333333	500
1.83606666666667	647
1.83690000000000	783
1.83773333333333	597
1.83856666666667	0
1.83940000000000	0
1.84023333333333	787
1.84106666666667	0
1.84190000000000	498
1.84275000000000	590
1.84358333333333	663
1.84441666666667	737
1.84525000000000	0
1.84608333333333	359
1.84691666666667	697
1.84775000000000	348
1.84858333333333	0
1.84941666666667	817
1.85025000000000	1052
1.85108333333333	225
1.85191666666667	264
1.85275000000000	62
1.85358333333333	359
1.85441666666667	656
1.85525000000000	496
1.85608333333333	0
1.85691666666667	301
1.85775000000000	369
1.85858333333333	503
1.85941666666667	359
1.86026666666667	216
1.86110000000000	317
1.86193333333333	0
1.86276666666667	152
1.86360000000000	318
1.86443333333333	159
1.86526666666667	0
1.86610000000000	199
1.86693333333333	0
1.86776666666667	0
1.86860000000000	29
1.86943333333333	462
1.87026666666667	511
1.87110000000000	523
1.87193333333333	856
1.87276666666667	927
1.87360000000000	229
1.87443333333333	0
1.87526666666667	673
1.87610000000000	721
1.87695000000000	740
1.87778333333333	678
1.87861666666667	114
1.87945000000000	189
1.88028333333333	883
1.88111666666667	0
1.88195000000000	407
1.88278333333333	0
1.88361666666667	0
1.88445000000000	0
1.88528333333333	264
1.88611666666667	338
1.88695000000000	369
1.88778333333333	400
1.88861666666667	460
1.88945000000000	1010
1.89028333333333	526
1.89111666666667	42
1.89195000000000	0
1.89278333333333	421
1.89361666666667	297
1.89446666666667	768
1.89530000000000	519
1.89613333333333	0
1.89696666666667	1035
1.89780000000000	0
1.89863333333333	1091
1.89946666666667	1277
1.90030000000000	0
1.90113333333333	0
1.90196666666667	550
1.90280000000000	422
1.90363333333333	293
1.90446666666667	307
1.90530000000000	321
1.90613333333333	461
1.90696666666667	601
1.90780000000000	721
1.90863333333333	0
1.90946666666667	573
1.91030000000000	312
1.91116666666667	50
1.91200000000000	804
1.91281666666667	442
1.91365000000000	82
1.91448333333333	664
1.91531666666667	0
1.91615000000000	487
1.91698333333333	464
1.91781666666667	722
1.91865000000000	0
1.91948333333333	809
1.92031666666667	1170
1.92115000000000	0
1.92198333333333	0
1.92281666666667	417
1.92365000000000	471
1.92448333333333	0
1.92531666666667	742
1.92615000000000	618
1.92698333333333	788
1.92781666666667	167
1.92866666666667	142
1.92950000000000	1532
1.93033333333333	1063
1.93116666666667	966
1.93200000000000	256
1.93283333333333	0
1.93366666666667	1153
1.93450000000000	409
1.93533333333333	712
1.93616666666667	499
1.93700000000000	683
1.93783333333333	509
1.93866666666667	764
1.93950000000000	38
1.94033333333333	0
1.94116666666667	323
1.94200000000000	375
1.94283333333333	427
1.94366666666667	0
1.94450000000000	330
1.94535000000000	500
1.94618333333333	637
1.94701666666667	777
1.94785000000000	91
1.94868333333333	407
1.94951666666667	867
1.95035000000000	724
1.95118333333333	45
1.95201666666667	594
1.95285000000000	845
1.95368333333333	468
1.95451666666667	235
1.95535000000000	194
1.95618333333333	0
1.95701666666667	0
1.95785000000000	0
1.95868333333333	595
1.95951666666667	539
1.96035000000000	517
1.96118333333333	259
1.96201666666667	154
1.96286666666667	258
1.96370000000000	363
1.96453333333333	964
1.96536666666667	811
1.96620000000000	0
1.96703333333333	1069
1.96786666666667	0
1.96870000000000	0
1.96953333333333	0
1.97036666666667	0
1.97120000000000	118
1.97203333333333	235
1.97286666666667	843
1.97370000000000	773
1.97453333333333	94
1.97536666666667	625
1.97620000000000	0
1.97703333333333	257
1.97786666666667	532
1.97870000000000	0
1.97955000000000	346
1.98038333333333	972
1.98121666666667	950
1.98205000000000	0
1.98288333333333	0
1.98371666666667	1160
1.98455000000000	188
1.98538333333333	0
1.98621666666667	668
1.98705000000000	872
1.98788333333333	1622
1.98871666666667	1220
1.98955000000000	0
1.99038333333333	136
1.99121666666667	1255
1.99205000000000	682
1.99288333333333	0
1.99371666666667	314
1.99455000000000	199
1.99536666666667	83
1.99620000000000	413
1.99705000000000	0
1.99788333333333	195
1.99871666666667	417
1.99955000000000	113
2.00038333333333	0
2.00121666666667	441
2.00205000000000	0
2.00288333333333	301
2.00371666666667	548
2.00455000000000	274
2.00538333333333	0
2.00621666666667	247
2.00705000000000	124
2.00788333333333	0
2.00871666666667	0
2.00955000000000	0
2.01038333333333	0
2.01121666666667	721
2.01205000000000	643
2.01288333333333	61
2.01373333333333	918
2.01456666666667	372
2.01540000000000	672
2.01623333333333	0
2.01706666666667	0
2.01790000000000	0
2.01873333333333	0
2.01956666666667	737
2.02040000000000	984
2.02123333333333	332
2.02206666666667	305
2.02290000000000	12
2.02373333333333	504
2.02456666666667	0
2.02540000000000	245
2.02623333333333	123
2.02706666666667	0
2.02790000000000	0
2.02873333333333	1121
2.02956666666667	1311
2.03040000000000	0
2.03125000000000	0
2.03208333333333	897
2.03291666666667	198
2.03375000000000	12
2.03458333333333	135
2.03541666666667	258
2.03625000000000	0
2.03708333333333	0
2.03791666666667	0
2.03875000000000	338
2.03958333333333	169
2.04041666666667	0
2.04125000000000	530
2.04208333333333	337
2.04291666666667	144
2.04375000000000	242
2.04458333333333	0
2.04541666666667	311
2.04625000000000	155
2.04708333333333	0
2.04793333333333	183
2.04876666666667	0
2.04960000000000	609
2.05043333333333	541
2.05126666666667	0
2.05210000000000	578
2.05293333333333	871
2.05376666666667	386
2.05460000000000	595
2.05543333333333	0
2.05626666666667	0
2.05710000000000	152
2.05793333333333	0
2.05876666666667	0
2.05960000000000	981
2.06043333333333	813
2.06126666666667	451
2.06210000000000	309
2.06293333333333	0
2.06376666666667	337
2.06460000000000	76
2.06545000000000	301
2.06628333333333	594
2.06711666666667	542
2.06795000000000	924
2.06878333333333	0
2.06961666666667	792
2.07045000000000	261
2.07128333333333	0
2.07211666666667	209
2.07295000000000	341
2.07378333333333	534
2.07461666666667	336
2.07545000000000	665
2.07628333333333	994
2.07711666666667	0
2.07795000000000	396
2.07878333333333	0
2.07961666666667	104
2.08045000000000	209
2.08128333333333	0
2.08213333333333	475
2.08296666666667	1039
2.08380000000000	1155
2.08463333333333	404
2.08546666666667	361
2.08630000000000	752
2.08713333333333	210
2.08796666666667	0
2.08880000000000	0
2.08963333333333	0
2.09046666666667	0
2.09130000000000	0
2.09213333333333	0
2.09296666666667	208
2.09380000000000	566
2.09463333333333	772
2.09546666666667	591
2.09630000000000	411
2.09713333333333	412
2.09796666666667	0
2.09880000000000	603
2.09965000000000	173
2.10048333333333	780
2.10131666666667	478
2.10215000000000	0
2.10298333333333	337
2.10381666666667	169
2.10465000000000	0
2.10548333333333	0
2.10631666666667	0
2.10715000000000	457
2.10798333333333	350
2.10881666666667	707
2.10965000000000	533
2.11048333333333	358
2.11131666666667	358
2.11215000000000	163
2.11298333333333	81
2.11381666666667	0
2.11465000000000	646
2.11548333333333	554
2.11633333333333	422
2.11716666666667	0
2.11800000000000	453
2.11883333333333	370
2.11966666666667	287
2.12050000000000	0
2.12133333333333	452
2.12216666666667	15
2.12300000000000	0
2.12383333333333	1172
2.12466666666667	1096
2.12550000000000	140
2.12633333333333	158
2.12716666666667	399
2.12800000000000	200
2.12883333333333	0
2.12966666666667	489
2.13050000000000	286
2.13133333333333	0
2.13216666666667	0
2.13300000000000	196
2.13385000000000	200
2.13468333333333	205
2.13551666666667	0
2.13635000000000	72
2.13718333333333	353
2.13801666666667	177
2.13885000000000	0
2.13968333333333	318
2.14051666666667	0
2.14135000000000	0
2.14218333333333	0
2.14301666666667	0
2.14385000000000	184
2.14468333333333	369
2.14551666666667	460
2.14635000000000	0
2.14718333333333	478
2.14801666666667	883
2.14885000000000	442
2.14968333333333	0
2.15053333333333	0
2.15136666666667	508
2.15220000000000	510
2.15303333333333	414
2.15386666666667	318
2.15470000000000	294
2.15553333333333	270
2.15636666666667	86
2.15720000000000	72
2.15803333333333	36
2.15886666666667	0
2.15970000000000	0
2.16053333333333	0
2.16136666666667	0
2.16220000000000	6
2.16303333333333	12
2.16386666666667	70
2.16470000000000	127
2.16553333333333	710
2.16636666666667	1046
2.16720000000000	739
2.16805000000000	432
2.16888333333333	656
2.16971666666667	397
2.17055000000000	481
2.17138333333333	435
2.17221666666667	336
2.17305000000000	326
2.17388333333333	243
2.17471666666667	160
2.17555000000000	0
2.17638333333333	94
2.17721666666667	470
2.17805000000000	435
2.17888333333333	400
2.17971666666667	309
2.18055000000000	218
2.18138333333333	379
2.18221666666667	561
2.18305000000000	398
2.18388333333333	234
2.18473333333333	237
2.18556666666667	0
2.18640000000000	0
2.18723333333333	273
2.18806666666667	236
2.18890000000000	198
2.18973333333333	144
2.19056666666667	90
2.19140000000000	45
2.19223333333333	0
2.19306666666667	184
2.19390000000000	179
2.19473333333333	175
2.19556666666667	1017
2.19640000000000	1006
2.19723333333333	0
2.19806666666667	1025
2.19890000000000	291
2.19973333333333	0
2.20056666666667	452
2.20140000000000	291
2.20225000000000	130
2.20308333333333	132
2.20391666666667	133
2.20475000000000	457
2.20558333333333	507
2.20641666666667	310
2.20725000000000	683
2.20808333333333	838
2.20891666666667	531
2.20975000000000	728
2.21058333333333	436
2.21141666666667	0
2.21225000000000	471
2.21308333333333	235
2.21391666666667	0
2.21475000000000	706
2.21558333333333	394
2.21641666666667	714
2.21723333333333	540
2.21806666666667	367
2.21891666666667	1070
2.21975000000000	1174
2.22058333333333	368
2.22141666666667	0
2.22225000000000	590
2.22308333333333	184
2.22391666666667	901
2.22475000000000	879
2.22558333333333	91
2.22641666666667	309
2.22725000000000	12
2.22808333333333	213
2.22891666666667	551
2.22975000000000	444
2.23058333333333	497
2.23141666666667	551
2.23225000000000	289
2.23308333333333	0
2.23391666666667	0
2.23475000000000	0
2.23558333333333	202
2.23643333333333	404
2.23726666666667	601
2.23810000000000	459
2.23893333333333	318
2.23976666666667	758
2.24060000000000	0
2.24143333333333	419
2.24226666666667	347
2.24310000000000	718
2.24393333333333	359
2.24476666666667	0
2.24560000000000	424
2.24643333333333	730
2.24726666666667	655
2.24810000000000	580
2.24893333333333	0
2.24976666666667	860
2.25060000000000	1195
2.25143333333333	869
2.25226666666667	175
2.25311666666667	386
2.25395000000000	597
2.25478333333333	639
2.25561666666667	281
2.25645000000000	815
2.25728333333333	793
2.25811666666667	998
2.25895000000000	53
2.25978333333333	1551
2.26061666666667	1312
2.26145000000000	1074
2.26228333333333	0
2.26311666666667	1061
2.26395000000000	457
2.26478333333333	1338
2.26561666666667	12
2.26645000000000	168
2.26728333333333	323
2.26811666666667	2454
2.26895000000000	3107
2.26978333333333	1140
2.27063333333333	2251
2.27146666666667	1337
2.27230000000000	1984
2.27313333333333	3130
2.27396666666667	3360
2.27480000000000	3045
2.27563333333333	2678
2.27646666666667	2311
2.27730000000000	1056
2.27813333333333	3003
2.27896666666667	1876
2.27980000000000	4098
2.28063333333333	2861
2.28146666666667	3085
2.28230000000000	4085
2.28313333333333	3044
2.28396666666667	2490
2.28480000000000	2727
2.28563333333333	6178
2.28646666666667	6321
2.28731666666667	2759
2.28815000000000	1787
2.28898333333333	1704
2.28981666666667	1950
2.29065000000000	2196
2.29148333333333	4737
2.29231666666667	4786
2.29315000000000	3951
2.29398333333333	3005
2.29481666666667	3084
2.29565000000000	3271
2.29648333333333	3457
2.29731666666667	6225
2.29815000000000	5865
2.29898333333333	5466
2.29980000000000	5067
2.30063333333333	7737
2.30146666666667	7758
2.30230000000000	5698
2.30313333333333	6169
2.30396666666667	6768
2.30481666666667	5230
2.30565000000000	6088
2.30648333333333	6012
2.30731666666667	2001
2.30815000000000	2374
2.30898333333333	4739
2.30981666666667	8400
2.31065000000000	8848
2.31148333333333	4354
2.31231666666667	4573
2.31315000000000	6178
2.31398333333333	7305
2.31481666666667	6307
2.31565000000000	5310
2.31648333333333	7101
2.31731666666667	7920
2.31815000000000	8740
2.31898333333333	5917
2.31981666666667	6969
2.32065000000000	8046
2.32150000000000	6791
2.32233333333333	10376
2.32316666666667	9652
2.32400000000000	9376
2.32483333333333	9100
2.32566666666667	9224
2.32650000000000	9576
2.32733333333333	5718
2.32816666666667	10736
2.32900000000000	9028
2.32983333333333	12464
2.33066666666667	11224
2.33150000000000	9984
2.33233333333333	8648
2.33316666666667	11128
2.33400000000000	13060
2.33483333333333	14992
2.33566666666667	11676
2.33650000000000	13608
2.33733333333333	14368
2.33816666666667	11136
2.33901666666667	10904
2.33985000000000	15044
2.34068333333333	9656
2.34151666666667	13728
2.34235000000000	15892
2.34318333333333	16060
2.34401666666667	16028
2.34485000000000	18352
2.34568333333333	12196
2.34651666666667	16372
2.34735000000000	13108
2.34818333333333	16948
2.34901666666667	16780
2.34985000000000	14872
2.35068333333333	19392
2.35151666666667	18824
2.35235000000000	18204
2.35318333333333	21328
2.35401666666667	22780
2.35485000000000	16384
2.35570000000000	18144
2.35653333333333	16876
2.35736666666667	15608
2.35820000000000	19316
2.35903333333333	19584
2.35986666666667	20216
2.36070000000000	21356
2.36153333333333	20604
2.36236666666667	19848
2.36320000000000	19488
2.36403333333333	19124
2.36486666666667	26360
2.36570000000000	25376
2.36653333333333	20776
2.36736666666667	21520
2.36820000000000	20332
2.36903333333333	24200
2.36986666666667	21404
2.37070000000000	18608
2.37153333333333	25304
2.37236666666667	29232
2.37321666666667	28748
2.37405000000000	29452
2.37488333333333	22468
2.37571666666667	28856
2.37655000000000	28248
2.37738333333333	30112
2.37821666666667	29180
2.37905000000000	33152
2.37988333333333	31932
2.38071666666667	21496
2.38155000000000	29596
2.38238333333333	18636
2.38321666666667	26064
2.38405000000000	26284
2.38488333333333	27872
2.38571666666667	30688
2.38655000000000	32008
2.38738333333333	32012
2.38821666666667	28896
2.38905000000000	27904
2.38990000000000	26912
2.39073333333333	28620
2.39156666666667	30324
2.39240000000000	32584
2.39323333333333	33808
2.39406666666667	33376
2.39490000000000	32960
2.39573333333333	25880
2.39656666666667	37552
2.39740000000000	32012
2.39823333333333	27448
2.39906666666667	30676
2.39990000000000	31140
2.40073333333333	42528
2.40156666666667	41600
2.40240000000000	41312
2.40323333333333	39728
2.40406666666667	41952
2.40490000000000	37536
2.40573333333333	27780
2.40656666666667	47440
2.40741666666667	46608
2.40825000000000	32728
2.40908333333333	41424
2.40991666666667	52816
2.41075000000000	43936
2.41158333333333	37584
2.41241666666667	39744
2.41325000000000	45600
2.41408333333333	40720
2.41491666666667	35840
2.41575000000000	41280
2.41658333333333	40128
2.41741666666667	38992
2.41825000000000	33440
2.41908333333333	27880
2.41991666666667	49056
2.42075000000000	54704
2.42158333333333	45904
2.42241666666667	40512
2.42325000000000	51872
2.42408333333333	43728
2.42491666666667	50784
2.42575000000000	51328
2.42658333333333	51936
2.42741666666667	49152
2.42825000000000	54144
2.42908333333333	57280
2.42991666666667	40848
2.43075000000000	49216
2.43158333333333	30632
2.43241666666667	55472
2.43325000000000	57712
2.43408333333333	53440
2.43491666666667	50576
2.43575000000000	35744
2.43658333333333	54496
2.43741666666667	40224
2.43825000000000	42816
2.43908333333333	45424
2.43991666666667	51744
2.44075000000000	61008
2.44160000000000	59824
2.44243333333333	43904
2.44326666666667	47456
2.44410000000000	71888
2.44493333333333	67552
2.44576666666667	53168
2.44660000000000	52944
2.44743333333333	46640
2.44826666666667	59872
2.44910000000000	55072
2.44993333333333	64800
2.45076666666667	55680
2.45160000000000	46560
2.45243333333333	65872
2.45326666666667	67600
2.45410000000000	57120
2.45493333333333	57552
2.45576666666667	58768
2.45660000000000	59232
2.45743333333333	47264
2.45828333333333	63744
2.45911666666667	52688
2.45995000000000	73504
2.46078333333333	68960
2.46161666666667	76800
2.46245000000000	50448
2.46328333333333	62048
2.46411666666667	64368
2.46495000000000	64208
2.46578333333333	75648
2.46661666666667	73248
2.46745000000000	64464
2.46828333333333	71536
2.46911666666667	74912
2.46995000000000	78304
2.47078333333333	75760
2.47161666666667	64992
2.47245000000000	69712
2.47328333333333	68896
2.47411666666667	70736
2.47495000000000	64928
2.47580000000000	52976
2.47663333333333	72672
2.47746666666667	70080
2.47830000000000	66672
2.47913333333333	72240
2.47996666666667	72736
2.48080000000000	73232
2.48163333333333	75504
2.48246666666667	79168
2.48330000000000	78032
2.48413333333333	81728
2.48496666666667	62592
2.48580000000000	70416
2.48663333333333	61712
2.48746666666667	66256
2.48830000000000	70560
2.48913333333333	74864
2.48996666666667	77680
2.49080000000000	80480
2.49163333333333	77056
2.49248333333333	87632
2.49331666666667	86496
2.49415000000000	73664
2.49498333333333	94176
2.49581666666667	71968
2.49665000000000	50528
2.49748333333333	76128
2.49831666666667	72656
2.49915000000000	78912
2.49998333333333	79072
2.50081666666667	63568
2.50165000000000	68496
2.50248333333333	73440
2.50331666666667	86752
2.50415000000000	84688
2.50498333333333	76672
2.50581666666667	67392
2.50665000000000	85024
2.50748333333333	76608
2.50831666666667	91568
2.50915000000000	96640
2.51000000000000	82848
2.51083333333333	91504
2.51166666666667	78064
2.51250000000000	91664
2.51333333333333	67168
2.51416666666667	82384
2.51500000000000	65376
2.51583333333333	78048
2.51666666666667	83760
2.51750000000000	89488
2.51833333333333	82656
2.51916666666667	75824
2.52000000000000	98192
2.52083333333333	98640
2.52166666666667	102256
2.52250000000000	82976
2.52331666666667	88848
2.52415000000000	68432
2.52498333333333	83824
2.52581666666667	101600
2.52666666666667	92592
2.52750000000000	65120
2.52833333333333	99200
2.52916666666667	91792
2.53000000000000	94256
2.53083333333333	82464
2.53166666666667	88112
2.53250000000000	93776
2.53333333333333	96016
2.53416666666667	89840
2.53500000000000	93360
2.53583333333333	71264
2.53666666666667	94384
2.53750000000000	77008
2.53833333333333	87952
2.53916666666667	101824
2.54000000000000	80224
2.54083333333333	75088
2.54166666666667	79984
2.54250000000000	65264
2.54333333333333	73648
2.54418333333333	82048
2.54501666666667	98272
2.54585000000000	95936
2.54668333333333	92912
2.54751666666667	89808
2.54835000000000	102896
2.54918333333333	81616
2.55001666666667	104352
2.55085000000000	90560
2.55168333333333	87632
2.55251666666667	97056
2.55335000000000	95904
2.55418333333333	94400
2.55501666666667	92896
2.55585000000000	97936
2.55668333333333	98704
2.55751666666667	99472
2.55835000000000	72320
2.55918333333333	70240
2.56001666666667	73824
2.56086666666667	81984
2.56170000000000	90144
2.56253333333333	95472
2.56336666666667	100096
2.56420000000000	92640
2.56503333333333	89712
2.56586666666667	82096
2.56670000000000	97200
2.56753333333333	97328
2.56836666666667	99440
2.56920000000000	100128
2.57003333333333	84208
2.57086666666667	111200
2.57170000000000	111312
2.57253333333333	85184
2.57336666666667	109360
2.57420000000000	101648
2.57503333333333	99312
2.57586666666667	98608
2.57670000000000	107600
2.57753333333333	71424
2.57838333333333	90144
2.57921666666667	104512
2.58005000000000	106496
2.58088333333333	105408
2.58171666666667	106528
2.58255000000000	107504
2.58338333333333	108496
2.58421666666667	110656
2.58505000000000	102240
2.58588333333333	85024
2.58671666666667	64592
2.58755000000000	86992
2.58838333333333	102160
2.58921666666667	122896
2.59005000000000	97712
2.59088333333333	106496
2.59171666666667	103152
2.59255000000000	109312
2.59338333333333	89248
2.59421666666667	104288
2.59506666666667	102736
2.59590000000000	71488
2.59673333333333	108112
2.59756666666667	121360
2.59840000000000	75200
2.59923333333333	123104
2.60006666666667	103936
2.60090000000000	98336
2.60173333333333	87712
2.60256666666667	103296
2.60340000000000	97488
2.60423333333333	117104
2.60506666666667	109696
2.60590000000000	125104
2.60673333333333	105040
2.60756666666667	103584
2.60840000000000	110448
2.60923333333333	108736
2.61006666666667	107040
2.61090000000000	89248
2.61173333333333	67440
2.61258333333333	102640
2.61341666666667	105888
2.61425000000000	122608
2.61508333333333	113952
2.61591666666667	92416
2.61675000000000	97712
2.61758333333333	118576
2.61841666666667	108992
2.61925000000000	91600
2.62008333333333	113216
2.62091666666667	119648
2.62175000000000	126224
2.62258333333333	109232
2.62341666666667	108304
2.62425000000000	86176
2.62508333333333	96784
2.62591666666667	103008
2.62675000000000	107648
2.62758333333333	115488
2.62841666666667	119216
2.62926666666667	122944
2.63010000000000	107904
2.63093333333333	93168
2.63176666666667	113952
2.63260000000000	97360
2.63343333333333	113616
2.63426666666667	90400
2.63510000000000	115936
2.63593333333333	108640
2.63676666666667	110800
2.63760000000000	122560
2.63843333333333	72992
2.63926666666667	71296
2.64010000000000	121264
2.64093333333333	122464
2.64176666666667	110784
2.64258333333333	105792
2.64341666666667	73808
2.64425000000000	94096
2.64508333333333	116064
2.64591666666667	99296
2.64676666666667	98608
2.64760000000000	97920
2.64843333333333	106080
2.64926666666667	98960
2.65010000000000	91840
2.65093333333333	94720
2.65176666666667	103680
2.65260000000000	110672
2.65343333333333	117664
2.65426666666667	92672
2.65510000000000	87760
2.65593333333333	118544
2.65676666666667	95264
2.65760000000000	83792
2.65843333333333	114608
2.65926666666667	119616
2.66010000000000	116624
2.66093333333333	104960
2.66176666666667	109072
2.66260000000000	113312
2.66345000000000	111184
2.66428333333333	109056
2.66511666666667	112688
2.66595000000000	101104
2.66678333333333	89520
2.66761666666667	116368
2.66845000000000	125248
2.66928333333333	106928
2.67011666666667	107408
2.67095000000000	115568
2.67178333333333	101280
2.67261666666667	87840
2.67345000000000	105360
2.67428333333333	107904
2.67511666666667	125056
2.67595000000000	125568
2.67678333333333	137472
2.67761666666667	121680
2.67845000000000	130880
2.67928333333333	123600
2.68011666666667	123056
2.68096666666667	114720
2.68180000000000	90624
2.68263333333333	116112
2.68346666666667	74944
2.68430000000000	119856
2.68513333333333	114432
2.68596666666667	105680
2.68680000000000	85040
2.68763333333333	104064
2.68846666666667	104864
2.68930000000000	105312
2.69013333333333	105776
2.69096666666667	105920
2.69180000000000	106064
2.69263333333333	109504
2.69346666666667	119136
2.69430000000000	115856
2.69513333333333	116736
2.69596666666667	115296
2.69680000000000	113840
2.69765000000000	105856
2.69848333333333	115360
2.69931666666667	116384
2.70015000000000	121104
2.70098333333333	117696
2.70181666666667	114288
2.70265000000000	110304
2.70348333333333	120464
2.70431666666667	114992
2.70515000000000	113344
2.70598333333333	124432
2.70681666666667	87152
2.70765000000000	130560
2.70848333333333	113680
2.70931666666667	124688
2.71015000000000	99600
2.71098333333333	108144
2.71181666666667	117712
2.71265000000000	116656
2.71348333333333	122496
2.71431666666667	117312
2.71516666666667	112144
2.71600000000000	101632
2.71683333333333	123184
2.71766666666667	128960
2.71850000000000	81552
2.71933333333333	123168
2.72016666666667	99648
2.72100000000000	119136
2.72183333333333	111744
2.72266666666667	95520
2.72350000000000	131712
2.72433333333333	118832
2.72516666666667	117440
2.72600000000000	96848
2.72683333333333	110032
2.72766666666667	117856
2.72850000000000	78160
2.72933333333333	119616
2.73016666666667	119728
2.73100000000000	95232
2.73185000000000	113072
2.73268333333333	87392
2.73351666666667	100240
2.73435000000000	113088
2.73518333333333	101680
2.73601666666667	119040
2.73685000000000	130016
2.73768333333333	133952
2.73851666666667	106336
2.73935000000000	113312
2.74018333333333	139136
2.74101666666667	127328
2.74185000000000	106224
2.74268333333333	118896
2.74351666666667	112560
2.74435000000000	97888
2.74516666666667	105968
2.74600000000000	114048
2.74683333333333	123152
2.74766666666667	128528
2.74850000000000	124144
2.74935000000000	128480
2.75018333333333	107056
2.75101666666667	116128
2.75185000000000	103296
2.75268333333333	111824
2.75351666666667	120352
2.75435000000000	121040
2.75518333333333	123696
2.75601666666667	111856
2.75685000000000	112624
2.75768333333333	86064
2.75851666666667	116448
2.75935000000000	105344
2.76018333333333	118000
2.76101666666667	102592
2.76185000000000	107264
2.76268333333333	111920
2.76351666666667	120032
2.76435000000000	115088
2.76518333333333	94576
2.76603333333333	135296
2.76686666666667	138112
2.76770000000000	129600
2.76853333333333	115344
2.76936666666667	102256
2.77020000000000	125440
2.77103333333333	122784
2.77186666666667	81968
2.77270000000000	133248
2.77353333333333	83040
2.77436666666667	106016
2.77520000000000	113184
2.77603333333333	115200
2.77686666666667	95808
2.77770000000000	101824
2.77853333333333	113792
2.77936666666667	125760
2.78020000000000	72720
2.78103333333333	94160
2.78186666666667	91584
2.78270000000000	120704
2.78355000000000	124992
2.78438333333333	125888
2.78521666666667	115248
2.78605000000000	106400
2.78688333333333	111680
2.78771666666667	114080
2.78855000000000	104656
2.78938333333333	111072
2.79021666666667	117360
2.79105000000000	126288
2.79188333333333	118464
2.79271666666667	110640
2.79355000000000	117552
2.79438333333333	117792
2.79521666666667	118016
2.79605000000000	110560
2.79688333333333	108912
2.79771666666667	107248
2.79855000000000	108512
2.79938333333333	109776
2.80023333333333	119168
2.80106666666667	132416
2.80190000000000	134784
2.80273333333333	105312
2.80356666666667	114672
2.80440000000000	125744
2.80523333333333	101376
2.80606666666667	99248
2.80690000000000	78928
2.80773333333333	115232
2.80856666666667	113136
2.80940000000000	89232
2.81023333333333	77184
2.81106666666667	96896
2.81190000000000	116608
2.81273333333333	114464
2.81356666666667	124896
2.81440000000000	112496
2.81523333333333	100080
2.81606666666667	104048
2.81690000000000	108016
2.81775000000000	109776
2.81858333333333	111536
2.81941666666667	111136
2.82025000000000	110720
2.82108333333333	113408
2.82191666666667	125472
2.82275000000000	117616
2.82358333333333	109760
2.82441666666667	91264
2.82525000000000	84208
2.82608333333333	126864
2.82691666666667	127184
2.82775000000000	121872
2.82858333333333	111488
2.82941666666667	109648
2.83025000000000	81760
2.83108333333333	117744
2.83191666666667	134720
2.83275000000000	126208
2.83358333333333	131264
2.83443333333333	114624
2.83526666666667	120656
2.83610000000000	116704
2.83693333333333	121776
2.83776666666667	124624
2.83860000000000	122384
2.83943333333333	120160
2.84026666666667	92992
2.84110000000000	122416
2.84193333333333	134784
2.84276666666667	102752
2.84360000000000	113104
2.84443333333333	127216
2.84526666666667	89472
2.84610000000000	109232
2.84693333333333	130672
2.84776666666667	117280
2.84860000000000	137088
2.84943333333333	117024
2.85025000000000	137984
2.85108333333333	114304
2.85193333333333	138368
2.85276666666667	130208
2.85360000000000	103904
2.85443333333333	114512
2.85526666666667	95728
2.85610000000000	92528
2.85693333333333	89344
2.85776666666667	125024
2.85860000000000	124960
2.85943333333333	121760
2.86026666666667	127728
2.86110000000000	132864
2.86193333333333	136640
2.86276666666667	125680
2.86360000000000	118624
2.86443333333333	96016
2.86526666666667	125552
2.86610000000000	106688
2.86693333333333	126416
2.86776666666667	103744
2.86861666666667	105936
2.86945000000000	108112
2.87028333333333	101264
2.87111666666667	94416
2.87195000000000	106976
2.87278333333333	118752
2.87361666666667	120192
2.87445000000000	124752
2.87528333333333	124464
2.87611666666667	124816
2.87695000000000	122384
2.87778333333333	125408
2.87861666666667	130816
2.87945000000000	96576
2.88028333333333	94416
2.88111666666667	124432
2.88195000000000	92080
2.88278333333333	120960
2.88361666666667	124432
2.88445000000000	99792
2.88528333333333	133760
2.88613333333333	127952
2.88696666666667	90304
2.88780000000000	78000
2.88863333333333	86000
2.88946666666667	95792
2.89030000000000	100928
2.89113333333333	102208
2.89196666666667	103488
2.89280000000000	114944
2.89363333333333	111504
2.89446666666667	108064
2.89530000000000	114384
2.89613333333333	100224
2.89696666666667	99248
2.89780000000000	98272
2.89863333333333	108368
2.89946666666667	118464
2.90030000000000	121728
2.90113333333333	119360
2.90196666666667	121872
2.90281666666667	121312
2.90365000000000	125888
2.90448333333333	126624
2.90531666666667	135424
2.90615000000000	106864
2.90698333333333	123712
2.90781666666667	111424
2.90865000000000	127216
2.90948333333333	103760
2.91031666666667	124512
2.91115000000000	125296
2.91198333333333	139520
2.91281666666667	97968
2.91365000000000	131520
2.91448333333333	125648
2.91531666666667	105440
2.91615000000000	120416
2.91698333333333	116160
2.91781666666667	105872
2.91865000000000	121264
2.91946666666667	123712
2.92031666666667	126144
2.92115000000000	124240
2.92198333333333	122352
2.92281666666667	89824
2.92365000000000	106240
2.92448333333333	102240
2.92531666666667	98256
2.92615000000000	106800
2.92698333333333	107440
2.92781666666667	108080
2.92865000000000	110576
2.92948333333333	113056
2.93031666666667	114480
2.93115000000000	115904
2.93198333333333	111968
2.93281666666667	108032
2.93365000000000	129344
2.93448333333333	123600
2.93531666666667	123376
2.93615000000000	121904
2.93700000000000	120432
2.93783333333333	102240
2.93866666666667	124464
2.93950000000000	116464
2.94033333333333	108944
2.94116666666667	129712
2.94200000000000	109296
2.94283333333333	68352
2.94366666666667	130448
2.94450000000000	128272
2.94533333333333	115728
2.94616666666667	122000
2.94700000000000	115504
2.94783333333333	119360
2.94866666666667	123232
2.94950000000000	118192
2.95033333333333	126976
2.95116666666667	111376
2.95200000000000	107664
2.95283333333333	133568
2.95366666666667	117552
2.95451666666667	120432
2.95535000000000	102784
2.95618333333333	107424
2.95701666666667	116448
2.95785000000000	100304
2.95868333333333	88992
2.95951666666667	112560
2.96035000000000	123248
2.96118333333333	112064
2.96201666666667	111744
2.96285000000000	93392
2.96368333333333	88272
2.96451666666667	114048
2.96535000000000	125488
2.96618333333333	107488
2.96701666666667	124800
2.96785000000000	102608
2.96868333333333	129440
2.96951666666667	116352
2.97035000000000	135680
2.97120000000000	118160
2.97203333333333	111648
2.97286666666667	112192
2.97370000000000	112736
2.97453333333333	108992
2.97536666666667	109184
2.97620000000000	109376
2.97703333333333	120144
2.97786666666667	119232
2.97870000000000	119184
2.97953333333333	119136
2.98036666666667	117824
2.98120000000000	116496
2.98203333333333	116208
2.98286666666667	110848
2.98370000000000	110464
2.98453333333333	110064
2.98536666666667	124320
2.98620000000000	135616
2.98703333333333	71200
2.98786666666667	125440
2.98871666666667	133952
2.98955000000000	95552
2.99038333333333	117248
2.99121666666667	129856
2.99205000000000	78608
2.99288333333333	130464
2.99371666666667	115616
2.99455000000000	111792
2.99538333333333	119920
2.99621666666667	126176
2.99705000000000	132480
2.99788333333333	125392
2.99871666666667	116608
2.99955000000000	131776
3.00038333333333	135552
3.00121666666667	129568
3.00205000000000	120912
3.00288333333333	126832
3.00371666666667	126704
3.00455000000000	129152
3.00540000000000	123856
3.00623333333333	112240
3.00706666666667	102256
3.00790000000000	113952
3.00873333333333	106896
3.00956666666667	101760
3.01040000000000	108320
3.01123333333333	114880
3.01206666666667	114640
3.01290000000000	117888
3.01373333333333	112208
3.01456666666667	107952
3.01540000000000	106880
3.01623333333333	133760
3.01706666666667	131008
3.01790000000000	134656
3.01873333333333	124800
3.01956666666667	117360
3.02040000000000	118816
3.02123333333333	109488
3.02206666666667	96048
3.02291666666667	108704
3.02375000000000	104944
3.02458333333333	116560
3.02541666666667	116992
3.02625000000000	124160
3.02708333333333	117792
3.02791666666667	88560
3.02875000000000	102688
3.02958333333333	116832
3.03041666666667	129312
3.03125000000000	123104
3.03208333333333	125856
3.03291666666667	112480
3.03375000000000	145344
3.03458333333333	83424
3.03541666666667	101184
3.03625000000000	117552
3.03708333333333	99280
3.03791666666667	112416
3.03875000000000	103920
3.03960000000000	117312
3.04043333333333	119760
3.04126666666667	122208
3.04210000000000	115856
3.04293333333333	109504
3.04376666666667	109168
3.04460000000000	108832
3.04543333333333	107184
3.04626666666667	105552
3.04710000000000	110576
3.04793333333333	97680
3.04876666666667	84784
3.04960000000000	130576
3.05043333333333	130640
3.05126666666667	139264
3.05210000000000	114832
3.05293333333333	90800
3.05376666666667	87248
3.05460000000000	119072
3.05543333333333	90096
3.05626666666667	120272
3.05711666666667	127584
3.05795000000000	105632
3.05878333333333	94688
3.05961666666667	128032
3.06045000000000	101392
3.06128333333333	116592
3.06211666666667	132672
3.06295000000000	126448
3.06378333333333	110672
3.06461666666667	127408
3.06545000000000	88464
3.06628333333333	103552
3.06711666666667	107968
3.06795000000000	127776
3.06878333333333	124784
3.06961666666667	123776
3.07045000000000	114576
3.07128333333333	123808
3.07211666666667	117328
3.07295000000000	117952
3.07380000000000	118576
3.07463333333333	112416
3.07546666666667	94336
3.07630000000000	119664
3.07713333333333	125616
3.07796666666667	121968
3.07880000000000	111360
3.07963333333333	126496
3.08046666666667	121552
3.08130000000000	126400
3.08213333333333	103072
3.08296666666667	97184
3.08380000000000	127712
3.08463333333333	117344
3.08546666666667	111792
3.08630000000000	93584
3.08713333333333	114032
3.08796666666667	121984
3.08880000000000	115888
3.08963333333333	117344
3.09046666666667	118800
3.09131666666667	124544
3.09215000000000	77776
3.09298333333333	99328
3.09381666666667	103408
3.09465000000000	120592
3.09548333333333	125184
3.09631666666667	105888
3.09715000000000	122048
3.09798333333333	116144
3.09881666666667	119328
3.09965000000000	133568
3.10048333333333	132416
3.10131666666667	95120
3.10215000000000	139520
3.10298333333333	110512
3.10381666666667	110944
3.10465000000000	98832
3.10548333333333	122064
3.10631666666667	120128
3.10715000000000	108416
3.10800000000000	127776
3.10883333333333	127296
3.10966666666667	104544
3.11050000000000	117456
3.11133333333333	121664
3.11216666666667	102784
3.11300000000000	122656
3.11383333333333	131584
3.11466666666667	110624
3.11550000000000	122256
3.11633333333333	93456
3.11716666666667	92096
3.11800000000000	123408
3.11883333333333	109856
3.11966666666667	131072
3.12050000000000	136000
3.12133333333333	130640
3.12216666666667	138944
3.12300000000000	92080
3.12383333333333	147968
3.12466666666667	125232
3.12551666666667	123008
3.12635000000000	118096
3.12718333333333	126160
3.12801666666667	129088
3.12885000000000	132352
3.12968333333333	122192
3.13051666666667	117552
3.13135000000000	117392
3.13218333333333	137536
3.13301666666667	95952
3.13385000000000	116224
3.13468333333333	132032
3.13551666666667	134016
3.13635000000000	96752
3.13718333333333	70304
3.13801666666667	116784
3.13885000000000	118544
3.13968333333333	128768
3.14051666666667	119088
3.14135000000000	104848
3.14220000000000	119408
3.14303333333333	126736
3.14386666666667	109216
3.14470000000000	113232
3.14553333333333	117232
3.14636666666667	81232
3.14720000000000	127584
3.14803333333333	125424
3.14886666666667	110112
3.14970000000000	112672
3.15053333333333	99264
3.15136666666667	58720
3.15220000000000	104096
3.15303333333333	129008
3.15386666666667	126688
3.15468333333333	83056
3.15551666666667	129920
3.15635000000000	125152
3.15718333333333	108560
3.15801666666667	94240
3.15885000000000	107664
3.15970000000000	105520
3.16053333333333	103360
3.16136666666667	97328
3.16220000000000	113104
3.16303333333333	85328
3.16386666666667	97744
3.16470000000000	113152
3.16553333333333	132032
3.16636666666667	115648
3.16720000000000	119312
3.16803333333333	112752
3.16886666666667	116576
3.16970000000000	120400
3.17053333333333	131520
3.17136666666667	100000
3.17220000000000	143168
3.17303333333333	119040
3.17386666666667	96560
3.17470000000000	129648
3.17553333333333	119504
3.17638333333333	109072
3.17721666666667	120096
3.17805000000000	100944
3.17888333333333	119408
3.17971666666667	103552
3.18055000000000	120576
3.18138333333333	114784
3.18221666666667	98176
3.18305000000000	114336
3.18388333333333	116656
3.18471666666667	118976
3.18555000000000	118048
3.18638333333333	109312
3.18721666666667	100576
3.18805000000000	125376
3.18888333333333	120000
3.18971666666667	134272
3.19055000000000	90976
3.19138333333333	137984
3.19221666666667	119712
3.19305000000000	117632
3.19390000000000	119952
3.19473333333333	122640
3.19556666666667	120384
3.19640000000000	118112
3.19723333333333	119472
3.19806666666667	120832
3.19890000000000	94896
3.19973333333333	107600
3.20056666666667	131456
3.20140000000000	124160
3.20223333333333	124432
3.20306666666667	103408
3.20390000000000	95152
3.20473333333333	84016
3.20556666666667	97488
3.20640000000000	113920
3.20723333333333	106144
3.20806666666667	84368
3.20890000000000	130208
3.20973333333333	128912
3.21058333333333	109584
3.21141666666667	129712
3.21225000000000	126288
3.21308333333333	109200
3.21391666666667	94992
3.21475000000000	139392
3.21558333333333	124288
3.21641666666667	128320
3.21725000000000	116000
3.21808333333333	124000
3.21891666666667	126384
3.21975000000000	107776
3.22058333333333	97856
3.22141666666667	114368
3.22225000000000	115472
3.22308333333333	116576
3.22391666666667	130112
3.22475000000000	129696
3.22558333333333	98096
3.22641666666667	128144
3.22725000000000	123392
3.22810000000000	123968
3.22893333333333	122656
3.22976666666667	82400
3.23060000000000	111504
3.23143333333333	117360
3.23226666666667	128256
3.23310000000000	105920
3.23393333333333	115152
3.23476666666667	68240
3.23560000000000	130688
3.23643333333333	111024
3.23726666666667	104128
3.23810000000000	106112
3.23893333333333	115056
3.23976666666667	124016
3.24060000000000	77440
3.24141666666667	104032
3.24225000000000	119088
3.24308333333333	98640
3.24391666666667	125664
3.24476666666667	123968
3.24560000000000	122272
3.24643333333333	119984
3.24726666666667	126976
3.24810000000000	108304
3.24893333333333	128288
3.24976666666667	121840
3.25060000000000	115216
3.25143333333333	119584
3.25226666666667	121216
3.25310000000000	104864
3.25393333333333	128624
3.25476666666667	107936
3.25560000000000	98288
3.25643333333333	119664
3.25726666666667	109808
3.25810000000000	99952
3.25893333333333	121344
3.25976666666667	116960
3.26060000000000	116608
3.26143333333333	118624
3.26228333333333	110128
3.26311666666667	102528
3.26395000000000	126736
3.26478333333333	139200
3.26561666666667	131200
3.26645000000000	101232
3.26728333333333	128816
3.26811666666667	127504
3.26895000000000	135424
3.26978333333333	125232
3.27061666666667	124304
3.27145000000000	122384
3.27228333333333	114944
3.27311666666667	132672
3.27395000000000	126656
3.27478333333333	119968
3.27561666666667	137920
3.27645000000000	108976
3.27728333333333	85024
3.27811666666667	135168
3.27896666666667	121856
3.27980000000000	95952
3.28063333333333	139456
3.28146666666667	133824
3.28230000000000	118224
3.28313333333333	117888
3.28396666666667	100992
3.28480000000000	92864
3.28563333333333	101104
3.28646666666667	119856
3.28730000000000	119376
3.28813333333333	131392
3.28896666666667	126400
3.28980000000000	124256
3.29063333333333	124656
3.29146666666667	125072
3.29230000000000	109984
3.29313333333333	128544
3.29396666666667	106160
3.29480000000000	129440
3.29563333333333	112816
3.29648333333333	116432
3.29731666666667	131264
3.29815000000000	129632
3.29898333333333	80848
3.29981666666667	124224
3.30065000000000	97840
3.30148333333333	105248
3.30231666666667	116592
3.30315000000000	117088
3.30398333333333	117584
3.30481666666667	89536
3.30565000000000	101216
3.30648333333333	134144
3.30731666666667	118144
3.30815000000000	89312
3.30898333333333	99008
3.30981666666667	127632
3.31065000000000	140352
3.31148333333333	131712
3.31231666666667	98704
3.31316666666667	116592
3.31400000000000	92736
3.31483333333333	86064
3.31566666666667	119664
3.31650000000000	119888
3.31733333333333	117232
3.31816666666667	109008
3.31900000000000	122352
3.31983333333333	115312
3.32066666666667	108272
3.32150000000000	118752
3.32233333333333	128576
3.32316666666667	85840
3.32400000000000	121808
3.32483333333333	111136
3.32566666666667	117648
3.32650000000000	103968
3.32733333333333	99904
3.32816666666667	97312
3.32900000000000	94720
3.32983333333333	104352
3.33068333333333	101408
3.33151666666667	98480
3.33235000000000	115872
3.33318333333333	113328
3.33401666666667	110768
3.33485000000000	104560
3.33568333333333	113440
3.33651666666667	118336
3.33735000000000	123248
3.33818333333333	109776
3.33901666666667	135744
3.33985000000000	130928
3.34068333333333	114224
3.34151666666667	108160
3.34235000000000	129872
3.34318333333333	125600
3.34401666666667	119424
3.34485000000000	122112
3.34568333333333	117920
3.34651666666667	93184
3.34735000000000	104080
3.34818333333333	128256
3.34901666666667	121712
3.34985000000000	120656
3.35068333333333	111984
3.35151666666667	115152
3.35235000000000	115856
3.35318333333333	116576
3.35401666666667	120224
3.35485000000000	119616
3.35568333333333	119008
3.35651666666667	100880
3.35735000000000	103472
3.35818333333333	118592
3.35901666666667	118672
3.35985000000000	115744
3.36068333333333	109904
3.36151666666667	131776
3.36235000000000	125872
3.36318333333333	143232
3.36401666666667	108960
3.36486666666667	103328
3.36570000000000	123696
3.36653333333333	119936
3.36736666666667	118176
3.36820000000000	116432
3.36903333333333	89056
3.36986666666667	119536
3.37070000000000	132672
3.37153333333333	119808
3.37236666666667	109616
3.37320000000000	113936
3.37403333333333	122992
3.37486666666667	121904
3.37570000000000	120832
3.37653333333333	119408
3.37736666666667	131328
3.37820000000000	77808
3.37903333333333	150656
3.37986666666667	107360
3.38070000000000	132224
3.38155000000000	112096
3.38238333333333	133632
3.38321666666667	111120
3.38405000000000	92208
3.38488333333333	108736
3.38571666666667	110192
3.38655000000000	121632
3.38738333333333	118256
3.38821666666667	113024
3.38905000000000	129344
3.38988333333333	87728
3.39071666666667	107152
3.39155000000000	99776
3.39238333333333	95616
3.39321666666667	91440
3.39405000000000	89904
3.39488333333333	90288
3.39571666666667	90656
3.39655000000000	102208
3.39738333333333	113760
3.39821666666667	114032
3.39906666666667	117072
3.39990000000000	120128
3.40073333333333	120976
3.40156666666667	121824
3.40240000000000	119200
3.40323333333333	78640
3.40406666666667	126848
3.40490000000000	122320
3.40573333333333	107760
3.40656666666667	107568
3.40740000000000	101392
3.40823333333333	115456
3.40906666666667	120064
3.40990000000000	113424
3.41073333333333	106784
3.41156666666667	112080
3.41240000000000	112320
3.41323333333333	113104
3.41406666666667	110672
3.41490000000000	124720
3.41573333333333	124768
3.41656666666667	92768
3.41740000000000	117120
3.41823333333333	83712
3.41906666666667	124480
3.41990000000000	106048
3.42073333333333	87984
3.42156666666667	132288
3.42240000000000	118880
3.42323333333333	107536
3.42406666666667	122000
3.42490000000000	110864
3.42573333333333	80528
3.42656666666667	118368
3.42740000000000	122704
3.42823333333333	109264
3.42906666666667	110800
3.42990000000000	130464
3.43073333333333	99984
3.43156666666667	140416
3.43240000000000	100368
3.43325000000000	119936
3.43408333333333	122208
3.43491666666667	144256
3.43575000000000	141888
3.43658333333333	124512
3.43741666666667	122192
3.43825000000000	120512
3.43908333333333	137088
3.43991666666667	135872
3.44075000000000	129664
3.44158333333333	125936
3.44241666666667	135360
3.44325000000000	98224
3.44408333333333	111632
3.44491666666667	113344
3.44575000000000	103616
3.44658333333333	89216
3.44741666666667	110272
3.44825000000000	114880
3.44908333333333	127392
3.44993333333333	118912
3.45076666666667	126688
3.45160000000000	123744
3.45243333333333	125232
3.45326666666667	119584
3.45410000000000	113952
3.45493333333333	118480
3.45576666666667	102272
3.45660000000000	100032
3.45743333333333	97808
3.45826666666667	100224
3.45910000000000	102656
3.45993333333333	103408
3.46076666666667	104176
3.46160000000000	103952
3.46243333333333	103728
3.46326666666667	102352
3.46410000000000	100960
3.46493333333333	98832
3.46576666666667	96704
3.46660000000000	101296
3.46745000000000	105888
3.46828333333333	131024
3.46911666666667	116144
3.46995000000000	101248
3.47078333333333	140352
3.47161666666667	128096
3.47245000000000	117744
3.47328333333333	129184
3.47411666666667	63328
3.47495000000000	127040
3.47578333333333	105584
3.47661666666667	123552
3.47745000000000	131136
3.47828333333333	105056
3.47911666666667	110144
3.47995000000000	95264
3.48078333333333	102112
3.48161666666667	108960
3.48245000000000	111072
3.48328333333333	113184
3.48413333333333	123904
3.48496666666667	114112
3.48580000000000	104320
3.48663333333333	115408
3.48746666666667	126496
3.48830000000000	140096
3.48913333333333	129504
3.48996666666667	117072
3.49080000000000	123424
3.49163333333333	134656
3.49246666666667	104016
3.49330000000000	124400
3.49413333333333	79632
3.49496666666667	70832
3.49580000000000	115648
3.49663333333333	106016
3.49746666666667	126480
3.49830000000000	123648
3.49911666666667	120816
3.49995000000000	117312
3.50078333333333	113808
3.50163333333333	124720
3.50246666666667	128800
3.50330000000000	123456
3.50413333333333	132032
3.50496666666667	128976
3.50580000000000	126976
3.50663333333333	127472
3.50746666666667	127984
3.50830000000000	129248
3.50913333333333	122416
3.50996666666667	110352
3.51080000000000	117440
3.51163333333333	111200
3.51246666666667	104944
3.51330000000000	126448
3.51413333333333	95264
3.51496666666667	127888
3.51580000000000	121008
3.51663333333333	130960
3.51746666666667	109840
3.51831666666667	126496
3.51915000000000	124640
3.51998333333333	116304
3.52081666666667	87072
3.52165000000000	92368
3.52248333333333	85344
3.52331666666667	123216
3.52415000000000	120048
3.52498333333333	128608
3.52581666666667	125904
3.52665000000000	123216
3.52748333333333	138112
3.52831666666667	75968
3.52915000000000	98080
3.52998333333333	109344
3.53081666666667	134464
3.53165000000000	140800
3.53248333333333	120144
3.53331666666667	118112
3.53415000000000	121200
3.53498333333333	121280
3.53583333333333	120704
3.53666666666667	134912
3.53750000000000	81008
3.53833333333333	101776
3.53916666666667	104736
3.54000000000000	93472
3.54083333333333	96320
3.54166666666667	99184
3.54250000000000	134208
3.54333333333333	140672
3.54416666666667	106752
3.54500000000000	121712
3.54583333333333	124880
3.54666666666667	109632
3.54750000000000	111808
3.54833333333333	129184
3.54916666666667	132160
3.55000000000000	138560
3.55083333333333	98576
3.55166666666667	110928
3.55251666666667	100416
3.55335000000000	103248
3.55418333333333	106064
3.55501666666667	102624
3.55585000000000	99184
3.55668333333333	99696
3.55751666666667	104976
3.55835000000000	117024
3.55918333333333	116272
3.56001666666667	130176
3.56085000000000	133248
3.56168333333333	135936
3.56251666666667	124000
3.56335000000000	124352
3.56418333333333	126256
3.56501666666667	116576
3.56585000000000	125920
3.56668333333333	104752
3.56751666666667	129744
3.56835000000000	121408
3.56918333333333	105344
3.57003333333333	130624
3.57086666666667	133632
3.57170000000000	144640
3.57253333333333	73728
3.57336666666667	131584
3.57420000000000	105136
3.57503333333333	110432
3.57586666666667	120704
3.57670000000000	107824
3.57753333333333	113024
3.57836666666667	103984
3.57920000000000	126768
3.58003333333333	117312
3.58086666666667	107856
3.58170000000000	125744
3.58253333333333	119728
3.58335000000000	118912
3.58418333333333	130752
3.58501666666667	126048
3.58585000000000	121344
3.58670000000000	116480
3.58753333333333	99184
3.58836666666667	98592
3.58920000000000	84736
3.59003333333333	101184
3.59086666666667	95648
3.59170000000000	90128
3.59253333333333	107856
3.59336666666667	144064
3.59420000000000	137088
3.59503333333333	128720
3.59586666666667	115488
3.59670000000000	132736
3.59753333333333	110336
3.59836666666667	125520
3.59920000000000	142784
3.60003333333333	122736
3.60086666666667	145344
3.60170000000000	99296
3.60253333333333	128640
3.60336666666667	103104
3.60421666666667	126128
3.60505000000000	103936
3.60588333333333	65776
3.60671666666667	97552
3.60755000000000	122240
3.60838333333333	103424
3.60921666666667	130944
3.61005000000000	122752
3.61088333333333	108576
3.61171666666667	120192
3.61255000000000	82736
3.61338333333333	124144
3.61421666666667	117200
3.61505000000000	132608
3.61588333333333	90640
3.61671666666667	125280
3.61755000000000	140352
3.61838333333333	101712
3.61921666666667	127888
3.62005000000000	130016
3.62090000000000	113232
3.62173333333333	110640
3.62256666666667	111840
3.62340000000000	114304
3.62423333333333	114448
3.62506666666667	126400
3.62590000000000	134208
3.62673333333333	136832
3.62756666666667	133888
3.62840000000000	124048
3.62923333333333	95808
3.63006666666667	134336
3.63090000000000	99648
3.63173333333333	136896
3.63256666666667	85952
3.63340000000000	101792
3.63423333333333	121184
3.63506666666667	103136
3.63590000000000	138048
3.63673333333333	126304
3.63756666666667	100784
3.63841666666667	131040
3.63925000000000	104704
3.64008333333333	133312
3.64091666666667	124096
3.64175000000000	109920
3.64258333333333	116544
3.64341666666667	119456
3.64425000000000	123872
3.64508333333333	141568
3.64591666666667	86800
3.64675000000000	104368
3.64758333333333	121648
3.64841666666667	115728
3.64925000000000	116608
3.65008333333333	117472
3.65091666666667	88416
3.65175000000000	126000
3.65258333333333	134848
3.65341666666667	117744
3.65425000000000	127520
3.65510000000000	108592
3.65593333333333	130528
3.65676666666667	100960
3.65760000000000	127600
3.65843333333333	105904
3.65926666666667	137280
3.66010000000000	81424
3.66093333333333	147520
3.66176666666667	122272
3.66260000000000	123792
3.66343333333333	118128
3.66426666666667	118976
3.66510000000000	119824
3.66593333333333	122704
3.66676666666667	125584
3.66760000000000	115536
3.66843333333333	125904
3.66926666666667	125936
3.67010000000000	125968
3.67093333333333	117280
3.67176666666667	112816
3.67261666666667	97616
3.67345000000000	119952
3.67428333333333	106576
3.67511666666667	137088
3.67595000000000	75856
3.67678333333333	134848
3.67761666666667	126592
3.67845000000000	142144
3.67928333333333	112720
3.68011666666667	148928
3.68095000000000	120864
3.68178333333333	118672
3.68261666666667	142848
3.68345000000000	144448
3.68428333333333	115488
3.68511666666667	77616
3.68595000000000	133888
3.68678333333333	125584
3.68760000000000	122608
3.68843333333333	129152
3.68928333333333	129328
3.69011666666667	129488
3.69095000000000	104768
3.69178333333333	127152
3.69261666666667	114624
3.69345000000000	100832
3.69428333333333	130208
3.69511666666667	123200
3.69595000000000	117696
3.69678333333333	123280
3.69761666666667	94128
3.69845000000000	125392
3.69928333333333	153472
3.70011666666667	145664
3.70095000000000	101520
3.70178333333333	112432
3.70261666666667	124000
3.70345000000000	102464
3.70428333333333	110656
3.70511666666667	106624
3.70595000000000	107520
3.70680000000000	108432
3.70763333333333	102288
3.70846666666667	119984
3.70930000000000	124096
3.71013333333333	107920
3.71096666666667	119184
3.71180000000000	130448
3.71263333333333	123456
3.71346666666667	114416
3.71430000000000	75888
3.71513333333333	110320
3.71596666666667	141248
3.71680000000000	122288
3.71763333333333	145856
3.71846666666667	124240
3.71930000000000	98784
3.72013333333333	121248
3.72096666666667	144704
3.72180000000000	81136
3.72263333333333	125168
3.72348333333333	123600
3.72431666666667	106336
3.72515000000000	123760
3.72598333333333	101152
3.72681666666667	76864
3.72765000000000	118896
3.72848333333333	121360
3.72931666666667	132224
3.73015000000000	94688
3.73098333333333	125456
3.73181666666667	112352
3.73265000000000	112640
3.73348333333333	109520
3.73431666666667	106400
3.73515000000000	117632
3.73598333333333	114992
3.73681666666667	112368
3.73765000000000	113808
3.73848333333333	103936
3.73931666666667	89680
3.74015000000000	117072
3.74100000000000	108832
3.74183333333333	100576
3.74266666666667	123040
3.74350000000000	101120
3.74433333333333	123792
3.74516666666667	113488
3.74600000000000	130496
3.74683333333333	130192
3.74766666666667	123200
3.74850000000000	98640
3.74933333333333	97888
3.75016666666667	139200
3.75100000000000	146432
3.75183333333333	122592
3.75266666666667	115952
3.75350000000000	81200
3.75433333333333	116832
3.75516666666667	94416
3.75600000000000	133952
3.75683333333333	122720
3.75768333333333	112096
3.75851666666667	90384
3.75935000000000	106320
3.76018333333333	122256
3.76101666666667	123392
3.76185000000000	122912
3.76268333333333	116768
3.76351666666667	132096
3.76435000000000	121040
3.76518333333333	110000
3.76601666666667	133248
3.76685000000000	119568
3.76768333333333	132032
3.76851666666667	125104
3.76935000000000	120464
3.77018333333333	115824
3.77100000000000	124544
3.77183333333333	116016
3.77266666666667	123552
3.77350000000000	129488
3.77433333333333	126864
3.77518333333333	118752
3.77601666666667	127296
3.77685000000000	117760
3.77768333333333	120480
3.77851666666667	121648
3.77935000000000	112464
3.78018333333333	129984
3.78101666666667	138240
3.78185000000000	105648
3.78268333333333	109168
3.78351666666667	93488
3.78435000000000	104080
3.78518333333333	86976
3.78601666666667	107616
3.78685000000000	120144
3.78768333333333	126992
3.78851666666667	127056
3.78935000000000	133568
3.79018333333333	140672
3.79101666666667	136576
3.79186666666667	106464
3.79270000000000	146048
3.79353333333333	132544
3.79436666666667	106848
3.79520000000000	121680
3.79603333333333	120080
3.79686666666667	116816
3.79770000000000	113552
3.79853333333333	118720
3.79936666666667	119568
3.80020000000000	105184
3.80103333333333	122544
3.80186666666667	115104
3.80270000000000	117456
3.80353333333333	120160
3.80436666666667	120320
3.80520000000000	104112
3.80603333333333	112096
3.80686666666667	103456
3.80770000000000	100224
3.80853333333333	96992
3.80938333333333	133824
3.81021666666667	147072
3.81105000000000	134656
3.81188333333333	107712
3.81271666666667	118224
3.81355000000000	128880
3.81438333333333	124912
3.81521666666667	124480
3.81605000000000	122400
3.81688333333333	124352
3.81771666666667	125296
3.81855000000000	126240
3.81938333333333	101456
3.82021666666667	102656
3.82105000000000	131456
3.82188333333333	118576
3.82271666666667	105216
3.82355000000000	106192
3.82438333333333	108624
3.82521666666667	111056
3.82606666666667	102704
3.82690000000000	116848
3.82773333333333	121696
3.82856666666667	129472
3.82940000000000	125040
3.83023333333333	129216
3.83106666666667	124352
3.83190000000000	127728
3.83273333333333	82912
3.83356666666667	132928
3.83440000000000	123984
3.83523333333333	81520
3.83606666666667	97712
3.83690000000000	129024
3.83773333333333	117472
3.83856666666667	138624
3.83940000000000	80480
3.84023333333333	94512
3.84106666666667	100976
3.84190000000000	118336
3.84273333333333	110288
3.84358333333333	102240
3.84441666666667	80816
3.84525000000000	110528
3.84608333333333	114864
3.84691666666667	97632
3.84775000000000	115328
3.84858333333333	110400
3.84941666666667	135168
3.85025000000000	132672
3.85108333333333	133888
3.85191666666667	128800
3.85275000000000	116944
3.85358333333333	129392
3.85441666666667	86192
3.85525000000000	113104
3.85608333333333	117344
3.85691666666667	120352
3.85775000000000	118640
3.85858333333333	116928
3.85941666666667	112224
3.86026666666667	130816
3.86110000000000	77632
3.86193333333333	115280
3.86276666666667	91392
3.86360000000000	119936
3.86443333333333	128704
3.86526666666667	95024
3.86610000000000	73200
3.86693333333333	143424
3.86776666666667	123184
3.86860000000000	110176
3.86943333333333	132608
3.87026666666667	120800
3.87110000000000	105312
3.87193333333333	129616
3.87276666666667	116400
3.87360000000000	130848
3.87443333333333	118640
3.87526666666667	135104
3.87610000000000	105888
3.87693333333333	129104
3.87778333333333	138624
3.87861666666667	137920
3.87945000000000	121744
3.88028333333333	116800
3.88111666666667	126848
3.88195000000000	113264
3.88278333333333	112400
3.88361666666667	122016
3.88445000000000	111824
3.88528333333333	98672
3.88611666666667	91776
3.88695000000000	118384
3.88778333333333	122736
3.88861666666667	113088
3.88945000000000	90272
3.89028333333333	118272
3.89111666666667	116592
3.89195000000000	114080
3.89278333333333	116992
3.89361666666667	119904
3.89446666666667	118752
3.89530000000000	87920
3.89613333333333	124016
3.89696666666667	87040
3.89780000000000	102272
3.89863333333333	127280
3.89946666666667	101408
3.90030000000000	117664
3.90113333333333	123456
3.90196666666667	112608
3.90280000000000	96160
3.90363333333333	124832
3.90446666666667	94848
3.90530000000000	132992
3.90613333333333	114000
3.90696666666667	117632
3.90780000000000	107744
3.90863333333333	88656
3.90946666666667	128352
3.91030000000000	89792
3.91113333333333	138944
3.91198333333333	127712
3.91281666666667	118336
3.91365000000000	115440
3.91448333333333	111616
3.91531666666667	117712
3.91615000000000	109216
3.91698333333333	100736
3.91781666666667	125008
3.91865000000000	86768
3.91948333333333	106768
3.92031666666667	97392
3.92115000000000	96816
3.92198333333333	103360
3.92281666666667	109904
3.92365000000000	108368
3.92448333333333	115552
3.92531666666667	93296
3.92615000000000	100128
3.92698333333333	99216
3.92781666666667	107104
3.92865000000000	114992
3.92948333333333	123152
3.93031666666667	120384
3.93115000000000	101120
3.93198333333333	93776
3.93281666666667	133824
3.93365000000000	145472
3.93448333333333	130768
3.93531666666667	122288
3.93615000000000	106560
3.93698333333333	125152
3.93781666666667	124928
3.93865000000000	85344
3.93948333333333	92896
3.94031666666667	134656
3.94115000000000	103920
3.94198333333333	119152
3.94281666666667	116352
3.94365000000000	127008
3.94448333333333	96640
3.94531666666667	117840
3.94616666666667	116656
3.94700000000000	130336
3.94783333333333	96928
3.94866666666667	119568
3.94950000000000	113888
3.95033333333333	95488
3.95116666666667	130480
3.95200000000000	89376
3.95283333333333	107904
3.95366666666667	133120
3.95450000000000	129312
3.95533333333333	112720
3.95616666666667	126688
3.95700000000000	118928
3.95783333333333	97568
3.95866666666667	119648
3.95950000000000	119504
3.96033333333333	136128
3.96116666666667	116032
3.96200000000000	121168
3.96285000000000	117488
3.96368333333333	119792
3.96451666666667	122112
3.96535000000000	113984
3.96618333333333	122032
3.96701666666667	125424
3.96785000000000	118000
3.96868333333333	136576
3.96951666666667	102016
3.97035000000000	102288
3.97118333333333	118544
3.97201666666667	125568
3.97285000000000	136000
3.97368333333333	115552
3.97451666666667	100928
3.97535000000000	115584
3.97618333333333	116912
3.97701666666667	118256
3.97785000000000	112144
3.97868333333333	106048
3.97951666666667	110528
3.98036666666667	115024
3.98120000000000	122112
3.98203333333333	122992
3.98286666666667	123872
3.98370000000000	119280
3.98453333333333	114688
3.98536666666667	139200
3.98620000000000	135488
3.98703333333333	131328
3.98786666666667	112864
3.98870000000000	101280
3.98953333333333	114512
3.99036666666667	110608
3.99120000000000	117360
3.99203333333333	99104
3.99286666666667	119008
3.99370000000000	117696
3.99453333333333	109232
3.99536666666667	112496
3.99620000000000	115744
3.99705000000000	96352
3.99788333333333	122272
3.99871666666667	100576
3.99955000000000	97168
4.00038333333333	132672
4.00121666666667	128544
4.00205000000000	137152
4.00288333333333	139520
4.00371666666667	135744
4.00455000000000	111120
4.00538333333333	120512
4.00621666666667	121520
4.00705000000000	95744
4.00788333333333	120960
4.00871666666667	136960
4.00955000000000	110160
4.01038333333333	109904
4.01121666666667	109808
4.01205000000000	105216
4.01286666666667	100640
4.01370000000000	98528
4.01455000000000	96416
4.01538333333333	88176
4.01621666666667	107744
4.01705000000000	100704
4.01788333333333	101824
4.01871666666667	102944
4.01955000000000	105216
4.02038333333333	107488
4.02121666666667	98736
4.02205000000000	89984
4.02288333333333	87872
4.02371666666667	103024
4.02455000000000	99472
4.02538333333333	95936
4.02621666666667	110384
4.02705000000000	120400
4.02788333333333	124176
4.02871666666667	128896
4.02955000000000	112032
4.03038333333333	125504
4.03123333333333	117776
4.03206666666667	75120
4.03290000000000	127120
4.03373333333333	126032
4.03456666666667	130368
4.03540000000000	125184
4.03623333333333	120000
4.03706666666667	110336
4.03790000000000	75328
4.03873333333333	123056
4.03956666666667	110208
4.04040000000000	98096
4.04123333333333	110064
4.04206666666667	112784
4.04290000000000	97248
4.04373333333333	126144
4.04456666666667	116896
4.04540000000000	120272
4.04623333333333	131584
4.04706666666667	137728
4.04790000000000	101552
4.04875000000000	102336
4.04958333333333	92752
4.05041666666667	119152
4.05125000000000	121728
4.05208333333333	126960
4.05291666666667	104352
4.05375000000000	106960
4.05458333333333	130192
4.05541666666667	101456
4.05625000000000	122816
4.05708333333333	111920
4.05791666666667	139968
4.05875000000000	127184
4.05958333333333	134080
4.06041666666667	118896
4.06125000000000	134656
4.06208333333333	129392
4.06291666666667	102384
4.06375000000000	124032
4.06458333333333	118048
4.06543333333333	112128
4.06626666666667	91168
4.06710000000000	141184
4.06793333333333	125904
4.06876666666667	120736
4.06960000000000	129440
4.07043333333333	92400
4.07126666666667	126320
4.07210000000000	122304
4.07293333333333	116736
4.07376666666667	116448
4.07460000000000	98848
4.07543333333333	118912
4.07626666666667	84256
4.07710000000000	96608
4.07793333333333	89904
4.07876666666667	129376
4.07960000000000	124112
4.08043333333333	104480
4.08126666666667	97200
4.08210000000000	115536
4.08295000000000	109152
4.08378333333333	105808
4.08461666666667	102464
4.08545000000000	80464
4.08628333333333	96560
4.08711666666667	97328
4.08795000000000	98096
4.08878333333333	118240
4.08961666666667	114496
4.09045000000000	110752
4.09128333333333	68992
4.09211666666667	132864
4.09293333333333	104928
4.09376666666667	112016
4.09460000000000	121552
4.09543333333333	114864
4.09626666666667	102688
4.09710000000000	98112
4.09793333333333	100224
4.09876666666667	102336
4.09961666666667	125872
4.10045000000000	67824
4.10128333333333	117200
4.10211666666667	131968
4.10295000000000	123392
4.10378333333333	129520
4.10461666666667	138048
4.10545000000000	97648
4.10628333333333	80608
4.10711666666667	119312
4.10795000000000	107920
4.10878333333333	99776
4.10961666666667	111600
4.11045000000000	119600
4.11128333333333	124096
4.11211666666667	118384
4.11295000000000	122672
4.11378333333333	126960
4.11461666666667	114784
4.11545000000000	105104
4.11628333333333	128976
4.11713333333333	109376
4.11796666666667	134656
4.11880000000000	109568
4.11963333333333	144640
4.12046666666667	128928
4.12130000000000	97728
4.12213333333333	76080
4.12296666666667	135808
4.12380000000000	132416
4.12463333333333	124320
4.12546666666667	126720
4.12630000000000	117568
4.12713333333333	76192
4.12796666666667	116768
4.12880000000000	100144
4.12963333333333	120624
4.13046666666667	93200
4.13130000000000	111424
4.13213333333333	95792
4.13296666666667	77088
4.13381666666667	113952
4.13465000000000	128272
4.13548333333333	113344
4.13631666666667	121792
4.13715000000000	98576
4.13798333333333	121184
4.13881666666667	107344
4.13965000000000	108640
4.14048333333333	108656
4.14131666666667	113616
4.14215000000000	118592
4.14298333333333	122368
4.14381666666667	127568
4.14465000000000	127376
4.14548333333333	96480
4.14631666666667	131648
4.14715000000000	117264
4.14798333333333	124672
4.14881666666667	116592
4.14965000000000	121824
4.15048333333333	80416
4.15133333333333	128368
4.15216666666667	102144
4.15300000000000	98512
4.15383333333333	100208
4.15466666666667	92624
4.15550000000000	137088
4.15633333333333	128288
4.15716666666667	139456
4.15800000000000	105824
4.15883333333333	100368
4.15966666666667	103872
4.16050000000000	90128
4.16133333333333	117968
4.16216666666667	117040
4.16300000000000	75776
4.16383333333333	124528
4.16466666666667	123648
4.16550000000000	126512
4.16633333333333	115824
4.16716666666667	125632
4.16801666666667	122704
4.16885000000000	113184
4.16968333333333	123952
4.17051666666667	101072
4.17135000000000	125504
4.17218333333333	118864
4.17301666666667	125664
4.17385000000000	132480
4.17468333333333	131776
4.17551666666667	117312
4.17635000000000	115488
4.17718333333333	118928
4.17801666666667	122368
4.17885000000000	137344
4.17968333333333	95344
4.18051666666667	95472
4.18135000000000	90160
4.18218333333333	81504
4.18301666666667	108848
4.18385000000000	112048
4.18468333333333	139776
4.18553333333333	118496
4.18636666666667	109296
4.18720000000000	124176
4.18803333333333	120336
4.18886666666667	113056
4.18970000000000	122288
4.19053333333333	124352
4.19136666666667	126416
4.19220000000000	140736
4.19303333333333	146560
4.19386666666667	105136
4.19470000000000	140096
4.19553333333333	123552
4.19636666666667	122032
4.19720000000000	82112
4.19803333333333	110096
4.19886666666667	69824
4.19970000000000	121856
4.20053333333333	104336
4.20136666666667	111312
4.20221666666667	125072
4.20305000000000	98304
4.20388333333333	107216
4.20471666666667	111440
4.20555000000000	94928
4.20638333333333	94080
4.20721666666667	118096
4.20805000000000	113840
4.20888333333333	92400
4.20971666666667	124704
4.21055000000000	108944
4.21138333333333	119104
4.21221666666667	124864
4.21305000000000	98432
4.21388333333333	84400
4.21471666666667	85312
4.21555000000000	106864
4.21638333333333	113728
4.21721666666667	92240
4.21805000000000	89200
4.21888333333333	110288
4.21973333333333	110096
4.22056666666667	109904
4.22140000000000	115392
4.22223333333333	105904
4.22306666666667	96416
4.22390000000000	123984
4.22473333333333	135744
4.22556666666667	125696
4.22640000000000	117088
4.22723333333333	125088
4.22806666666667	130080
4.22890000000000	106064
4.22973333333333	107568
4.23056666666667	125056
4.23140000000000	117232
4.23223333333333	119648
4.23306666666667	124096
4.23390000000000	123360
4.23473333333333	122640
4.23556666666667	124352
4.23641666666667	126080
4.23725000000000	117920
4.23808333333333	114016
4.23891666666667	117184
4.23975000000000	116768
4.24058333333333	116352
4.24141666666667	91104
4.24225000000000	124096
4.24308333333333	128784
4.24391666666667	119808
4.24475000000000	102512
4.24558333333333	116032
4.24641666666667	107312
4.24725000000000	100512
4.24808333333333	112912
4.24891666666667	108912
4.24973333333333	104896
4.25056666666667	109456
4.25140000000000	108624
4.25223333333333	107808
4.25306666666667	117264
4.25391666666667	126720
4.25475000000000	127456
4.25558333333333	112608
4.25641666666667	129856
4.25725000000000	120272
4.25808333333333	109776
4.25891666666667	86368
4.25975000000000	118448
4.26058333333333	122592
4.26141666666667	120256
4.26225000000000	124576
4.26308333333333	125136
4.26391666666667	118672
4.26475000000000	118640
4.26558333333333	122032
4.26641666666667	108272
4.26725000000000	129680
4.26808333333333	123264
4.26891666666667	112384
4.26975000000000	109936
4.27060000000000	127728
4.27143333333333	116512
4.27226666666667	125232
4.27310000000000	89856
4.27393333333333	125360
4.27476666666667	130496
4.27560000000000	131648
4.27643333333333	111568
4.27726666666667	129344
4.27810000000000	103520
4.27893333333333	105824
4.27976666666667	126688
4.28060000000000	112624
4.28143333333333	80224
4.28226666666667	111424
4.28310000000000	87584
4.28393333333333	97296
4.28476666666667	107008
4.28560000000000	88496
4.28643333333333	134400
4.28726666666667	122512
4.28811666666667	135808
4.28895000000000	112768
4.28978333333333	120848
4.29061666666667	133056
4.29145000000000	104224
4.29228333333333	122000
4.29311666666667	112864
4.29395000000000	122752
4.29478333333333	125088
4.29561666666667	127424
4.29645000000000	130528
4.29728333333333	133632
4.29811666666667	105872
4.29895000000000	120336
4.29978333333333	136320
4.30061666666667	127712
4.30145000000000	117680
4.30228333333333	89088
4.30311666666667	121952
4.30395000000000	103968
4.30480000000000	124368
4.30563333333333	105888
4.30646666666667	128896
4.30730000000000	101344
4.30813333333333	117008
4.30896666666667	112384
4.30980000000000	132224
4.31063333333333	121792
4.31146666666667	107232
4.31230000000000	107792
4.31313333333333	122352
4.31396666666667	120304
4.31480000000000	120400
4.31563333333333	120480
4.31646666666667	123344
4.31730000000000	122880
4.31813333333333	122432
4.31896666666667	123808
4.31980000000000	125184
4.32063333333333	112784
4.32146666666667	119136
4.32231666666667	124512
4.32315000000000	99408
4.32398333333333	120304
4.32481666666667	112688
4.32565000000000	111296
4.32648333333333	123872
4.32731666666667	120096
4.32815000000000	127568
4.32898333333333	106176
4.32981666666667	113216
4.33065000000000	124576
4.33148333333333	96192
4.33231666666667	104272
4.33315000000000	91536
4.33398333333333	91792
4.33481666666667	92048
4.33563333333333	120192
4.33646666666667	122016
4.33730000000000	130704
4.33813333333333	86352
4.33898333333333	127168
4.33981666666667	142336
4.34065000000000	100416
4.34148333333333	129520
4.34231666666667	104432
4.34315000000000	122656
4.34398333333333	129760
4.34481666666667	117888
4.34565000000000	111200
4.34648333333333	106912
4.34731666666667	112032
4.34815000000000	115728
4.34898333333333	119440
4.34981666666667	115008
4.35065000000000	97936
4.35148333333333	91632
4.35231666666667	94240
4.35315000000000	89952
4.35398333333333	89584
4.35481666666667	105264
4.35565000000000	110944
4.35650000000000	121344
4.35733333333333	119536
4.35816666666667	90896
4.35900000000000	83472
4.35983333333333	130400
4.36066666666667	118432
4.36150000000000	133568
4.36233333333333	106128
4.36316666666667	123824
4.36400000000000	98016
4.36483333333333	113696
4.36566666666667	108992
4.36650000000000	132928
4.36733333333333	123568
4.36816666666667	117472
4.36900000000000	126032
4.36983333333333	127984
4.37066666666667	125424
4.37150000000000	108896
4.37233333333333	99696
4.37318333333333	116992
4.37401666666667	107168
4.37485000000000	117408
4.37568333333333	111264
4.37651666666667	114688
4.37735000000000	100368
4.37818333333333	101728
4.37901666666667	115232
4.37985000000000	114144
4.38068333333333	113056
4.38151666666667	118480
4.38235000000000	114144
4.38318333333333	109792
4.38401666666667	115568
4.38485000000000	113280
4.38568333333333	110976
4.38651666666667	120752
4.38735000000000	119488
4.38818333333333	98608
4.38901666666667	107696
4.38985000000000	143424
4.39070000000000	139392
4.39153333333333	125152
4.39236666666667	136064
4.39320000000000	129696
4.39403333333333	120720
4.39486666666667	120160
4.39570000000000	117552
4.39653333333333	93120
4.39736666666667	116800
4.39820000000000	109792
4.39903333333333	101376
4.39986666666667	117984
4.40070000000000	110560
4.40153333333333	124400
4.40236666666667	103696
4.40320000000000	119360
4.40403333333333	120688
4.40486666666667	80720
4.40570000000000	141504
4.40653333333333	123776
4.40738333333333	109168
4.40821666666667	126192
4.40905000000000	131648
4.40988333333333	119968
4.41071666666667	117504
4.41155000000000	115024
4.41238333333333	119152
4.41321666666667	70864
4.41405000000000	98944
4.41488333333333	115616
4.41571666666667	120624
4.41655000000000	119888
4.41738333333333	132416
4.41821666666667	102528
4.41905000000000	135680
4.41988333333333	123024
4.42071666666667	120832
4.42155000000000	144896
4.42238333333333	108240
4.42321666666667	121072
4.42405000000000	117104
4.42490000000000	115152
4.42573333333333	104544
4.42656666666667	127440
4.42740000000000	126032
4.42823333333333	107248
4.42906666666667	103152
4.42990000000000	108512
4.43073333333333	98656
4.43156666666667	106272
4.43240000000000	119536
4.43323333333333	140352
4.43406666666667	127744
4.43490000000000	117280
4.43573333333333	125568
4.43656666666667	116096
4.43740000000000	109328
4.43823333333333	122432
4.43906666666667	95136
4.43990000000000	91584
4.44073333333333	95840
4.44158333333333	100096
4.44241666666667	116032
4.44325000000000	119536
4.44408333333333	119424
4.44491666666667	114896
4.44575000000000	97824
4.44658333333333	128736
4.44741666666667	138240
4.44825000000000	133888
4.44908333333333	133696
4.44991666666667	133760
4.45075000000000	124112
4.45158333333333	105984
4.45241666666667	100080
4.45325000000000	110656
4.45408333333333	109088
4.45491666666667	107520
4.45575000000000	105296
4.45656666666667	103072
4.45740000000000	113296
4.45823333333333	120064
4.45908333333333	126368
4.45991666666667	117152
4.46075000000000	126368
4.46158333333333	120864
4.46241666666667	124864
4.46325000000000	118464
4.46408333333333	105664
4.46491666666667	133312
4.46575000000000	121312
4.46658333333333	105792
4.46741666666667	123168
4.46825000000000	106256
4.46908333333333	130560
4.46991666666667	123760
4.47075000000000	103632
4.47158333333333	108176
4.47241666666667	118592
4.47325000000000	116560
4.47408333333333	114528
4.47491666666667	108976
4.47576666666667	103424
4.47660000000000	78304
4.47743333333333	110736
4.47826666666667	131392
4.47910000000000	117072
4.47993333333333	130240
4.48076666666667	110800
4.48160000000000	130400
4.48243333333333	114944
4.48326666666667	126768
4.48410000000000	118432
4.48493333333333	128832
4.48576666666667	126208
4.48660000000000	119872
4.48743333333333	120432
4.48826666666667	118192
4.48910000000000	127200
4.48993333333333	128384
4.49076666666667	107840
4.49160000000000	128560
4.49243333333333	99120
4.49328333333333	107072
4.49411666666667	111232
4.49495000000000	109008
4.49578333333333	120448
4.49661666666667	87536
4.49745000000000	114544
4.49828333333333	119616
4.49911666666667	106464
