1.50330000000000	0
1.50663333333333	0
1.50996666666667	0
1.51330000000000	0
1.51663333333333	0
1.51998333333333	0
1.52331666666667	0
1.52665000000000	0
1.52998333333333	0
1.53331666666667	0
1.53666666666667	0
1.54000000000000	0
1.54333333333333	0
1.54666666666667	0
1.55000000000000	0
1.55335000000000	0
1.55668333333333	0
1.56001666666667	0
1.56335000000000	0
1.56668333333333	0
1.57003333333333	0
1.57336666666667	0
1.57670000000000	0
1.58003333333333	0
1.58336666666667	0
1.58671666666667	0
1.59005000000000	0
1.59338333333333	0
1.59671666666667	0
1.60005000000000	0
1.60340000000000	0
1.60673333333333	0
1.61006666666667	0
1.61340000000000	0
1.61673333333333	0
1.62008333333333	0
1.62341666666667	0
1.62675000000000	0
1.63008333333333	0
1.63341666666667	0
1.63676666666667	0
1.64010000000000	0
1.64343333333333	0
1.64676666666667	0
1.65010000000000	0
1.65345000000000	0
1.65678333333333	0
1.66011666666667	0
1.66345000000000	0
1.66678333333333	0
1.67013333333333	0
1.67346666666667	0
1.67680000000000	0
1.68013333333333	0
1.68346666666667	0
1.68681666666667	0
1.69015000000000	0
1.69348333333333	0
1.69681666666667	0
1.70015000000000	0
1.70350000000000	0
1.70683333333333	0
1.71016666666667	0
1.71350000000000	0
1.71683333333333	0
1.72018333333333	0
1.72351666666667	0
1.72685000000000	0
1.73018333333333	0
1.73351666666667	0
1.73686666666667	0
1.74020000000000	0
1.74353333333333	0
1.74686666666667	0
1.75020000000000	0
1.75355000000000	0
1.75688333333333	0
1.76021666666667	0
1.76355000000000	0
1.76688333333333	0
1.77023333333333	0
1.77356666666667	0
1.77690000000000	0
1.78023333333333	0
1.78356666666667	0
1.78691666666667	0
1.79025000000000	0
1.79358333333333	0
1.79691666666667	0
1.80025000000000	0
1.80360000000000	0
1.80693333333333	0
1.81026666666667	0
1.81360000000000	0
1.81693333333333	0
1.82026666666667	0
1.82361666666667	0
1.82695000000000	0
1.83028333333333	0
1.83361666666667	0
1.83695000000000	0
1.84030000000000	0
1.84363333333333	0
1.84696666666667	0
1.85030000000000	0
1.85363333333333	0
1.85698333333333	0
1.86031666666667	0
1.86365000000000	0
1.86698333333333	0
1.87031666666667	0
1.87366666666667	0
1.87700000000000	0
1.88033333333333	0
1.88366666666667	0
1.88700000000000	0
1.89035000000000	0
1.89368333333333	0
1.89701666666667	0
1.90035000000000	0
1.90368333333333	0
1.90703333333333	0
1.91036666666667	0
1.91370000000000	0
1.91703333333333	0
1.92036666666667	0
1.92371666666667	0
1.92705000000000	0
1.93038333333333	0
1.93371666666667	0
1.93705000000000	0
1.94040000000000	0
1.94373333333333	0
1.94706666666667	0
1.95040000000000	0
1.95373333333333	0
1.95708333333333	0
1.96041666666667	0
1.96375000000000	0
1.96708333333333	0
1.97041666666667	0
1.97376666666667	0
1.97710000000000	0
1.98043333333333	0
1.98376666666667	0
1.98710000000000	0
1.99045000000000	0
1.99378333333333	0
1.99711666666667	0
2.00045000000000	0
2.00378333333333	0
2.00713333333333	0
2.01046666666667	0
2.01380000000000	0
2.01713333333333	0
2.02046666666667	0
2.02381666666667	0
2.02715000000000	0
2.03048333333333	0
2.03381666666667	0
2.03715000000000	0
2.04050000000000	0
2.04383333333333	0
2.04716666666667	0
2.05050000000000	0
2.05383333333333	0
2.05718333333333	0
2.06051666666667	0
2.06385000000000	0
2.06718333333333	0
2.07051666666667	0
2.07386666666667	0
2.07720000000000	0
2.08053333333333	0
2.08386666666667	0
2.08720000000000	0
2.09055000000000	0
2.09388333333333	0
2.09721666666667	0
2.10055000000000	0
2.10388333333333	0
2.10723333333333	0
2.11056666666667	0
2.11390000000000	0
2.11723333333333	0
2.12056666666667	0
2.12391666666667	0
2.12725000000000	467
2.13058333333333	233
2.13391666666667	0
2.13725000000000	0
2.14060000000000	0
2.14393333333333	0
2.14726666666667	0
2.15060000000000	0
2.15393333333333	0
2.15726666666667	0
2.16061666666667	0
2.16395000000000	0
2.16728333333333	0
2.17061666666667	27
2.17395000000000	14
2.17730000000000	0
2.18063333333333	0
2.18396666666667	0
2.18730000000000	0
2.19063333333333	0
2.19398333333333	0
2.19731666666667	0
2.20065000000000	0
2.20398333333333	0
2.20731666666667	0
2.21066666666667	0
2.21400000000000	0
2.21733333333333	0
2.22066666666667	0
2.22400000000000	0
2.22735000000000	0
2.23068333333333	0
2.23401666666667	0
2.23735000000000	0
2.24068333333333	0
2.24403333333333	0
2.24736666666667	0
2.25070000000000	0
2.25403333333333	0
2.25736666666667	0
2.26071666666667	1729
2.26405000000000	1589
2.26738333333333	0
2.27071666666667	0
2.27405000000000	0
2.27740000000000	0
2.28073333333333	0
2.28406666666667	0
2.28740000000000	0
2.29073333333333	0
2.29408333333333	1376
2.29741666666667	688
2.30075000000000	0
2.30408333333333	258
2.30741666666667	0
2.31076666666667	1383
2.31410000000000	1439
2.31743333333333	1495
2.32076666666667	0
2.32410000000000	0
2.32745000000000	0
2.33078333333333	2591
2.33411666666667	2795
2.33745000000000	3500
2.34078333333333	4507
2.34413333333333	743
2.34746666666667	3278
2.35080000000000	1928
2.35413333333333	1009
2.35746666666667	2266
2.36081666666667	1957
2.36415000000000	1648
2.36748333333333	1617
2.37081666666667	1586
2.37415000000000	1433
2.37750000000000	0
2.38083333333333	3501
2.38416666666667	4261
2.38750000000000	3741
2.39083333333333	2668
2.39418333333333	0
2.39751666666667	3891
2.40085000000000	1503
2.40418333333333	755
2.40751666666667	4794
2.41086666666667	4589
2.41420000000000	1880
2.41753333333333	2064
2.42086666666667	2196
2.42420000000000	1749
2.42755000000000	3265
2.43088333333333	2762
2.43421666666667	2259
2.43755000000000	3140
2.44088333333333	1490
2.44423333333333	1450
2.44756666666667	530
2.45090000000000	1477
2.45423333333333	2424
2.45756666666667	4925
2.46091666666667	4697
2.46425000000000	1736
2.46758333333333	2544
2.47091666666667	1158
2.47425000000000	3473
2.47760000000000	4395
2.48093333333333	5316
2.48426666666667	4908
2.48760000000000	4501
2.49093333333333	4175
2.49426666666667	2984
2.49761666666667	3933
2.50095000000000	4448
2.50428333333333	4963
2.50761666666667	2986
2.51095000000000	4269
2.51430000000000	5553
2.51763333333333	2682
2.52096666666667	4888
2.52430000000000	2730
2.52763333333333	4509
2.53098333333333	6288
2.53431666666667	3828
2.53765000000000	1369
2.54098333333333	4566
2.54431666666667	6337
2.54766666666667	5946
2.55100000000000	1955
2.55433333333333	6171
2.55766666666667	6851
2.56100000000000	3212
2.56435000000000	5273
2.56768333333333	7334
2.57101666666667	0
2.57435000000000	7707
2.57768333333333	5371
2.58101666666667	3381
2.58435000000000	6748
2.58768333333333	2464
2.59101666666667	1106
2.59435000000000	6611
2.59770000000000	11476
2.60103333333333	9924
2.60436666666667	3146
2.60770000000000	2725
2.61103333333333	3525
2.61438333333333	4864
2.61771666666667	4182
2.62105000000000	3499
2.62438333333333	5524
2.62771666666667	3044
2.63106666666667	1435
2.63440000000000	4584
2.63773333333333	5760
2.64106666666667	4206
2.64440000000000	6200
2.64775000000000	0
2.65108333333333	5620
2.65441666666667	2992
2.65775000000000	6551
2.66108333333333	2094
2.66443333333333	5545
2.66776666666667	4512
2.67110000000000	3055
2.67443333333333	3145
2.67776666666667	3235
2.68111666666667	4705
2.68445000000000	4640
2.68778333333333	4574
2.69111666666667	2766
2.69445000000000	462
2.69780000000000	4746
2.70113333333333	0
2.70446666666667	1616
2.70780000000000	3233
2.71113333333333	2568
2.71448333333333	1904
2.71781666666667	2150
2.72115000000000	2395
2.72448333333333	2199
2.72781666666667	2725
2.73116666666667	2479
2.73450000000000	2234
2.73783333333333	195
2.74116666666667	4927
2.74450000000000	3536
2.74785000000000	2146
2.75118333333333	4036
2.75451666666667	4856
2.75785000000000	3972
2.76118333333333	5513
2.76453333333333	7276
2.76786666666667	1635
2.77120000000000	1991
2.77453333333333	1889
2.77786666666667	1886
2.78121666666667	1882
2.78455000000000	2026
2.78788333333333	2170
2.79121666666667	1337
2.79455000000000	1387
2.79790000000000	3462
2.80123333333333	2986
2.80456666666667	2510
2.80790000000000	2067
2.81123333333333	1624
2.81458333333333	2100
2.81791666666667	2576
2.82125000000000	3652
2.82458333333333	2856
2.82791666666667	2059
2.83125000000000	0
2.83460000000000	1591
2.83793333333333	0
2.84126666666667	1593
2.84460000000000	3186
2.84793333333333	2968
2.85128333333333	2751
2.85461666666667	2637
2.85795000000000	2669
2.86128333333333	2700
2.86461666666667	1808
2.86796666666667	916
2.87130000000000	1130
2.87463333333333	1344
2.87796666666667	1809
2.88130000000000	2274
2.88465000000000	2933
2.88798333333333	3591
2.89131666666667	3410
2.89465000000000	2112
2.89798333333333	831
2.90133333333333	4737
2.90466666666667	4343
2.90800000000000	1914
2.91133333333333	1880
2.91466666666667	3282
2.91801666666667	4095
2.92135000000000	4908
2.92468333333333	3756
2.92801666666667	2604
2.93135000000000	4106
2.93470000000000	8896
2.93803333333333	8336
2.94136666666667	5788
2.94470000000000	5327
2.94803333333333	2300
2.95138333333333	3328
2.95471666666667	3357
2.95805000000000	3556
2.96138333333333	3356
2.96471666666667	3156
2.96806666666667	1133
2.97140000000000	1879
2.97473333333333	2624
2.97806666666667	3880
2.98140000000000	5057
2.98475000000000	4893
2.98808333333333	1723
2.99141666666667	8344
2.99475000000000	11204
2.99808333333333	937
3.00143333333333	6208
3.00476666666667	11668
3.00810000000000	6459
3.01143333333333	5014
3.01476666666667	4807
3.01811666666667	2586
3.02145000000000	3022
3.02478333333333	5370
3.02811666666667	3395
3.03145000000000	3631
3.03480000000000	6085
3.03813333333333	6173
3.04146666666667	6669
3.04480000000000	3673
3.04813333333333	5627
3.05148333333333	3791
3.05481666666667	3276
3.05815000000000	2660
3.06148333333333	2251
3.06481666666667	2797
3.06816666666667	2848
3.07150000000000	2898
3.07483333333333	4960
3.07816666666667	4603
3.08150000000000	4307
3.08485000000000	1467
3.08818333333333	2910
3.09151666666667	2569
3.09485000000000	2228
3.09818333333333	2162
3.10153333333333	3078
3.10486666666667	3994
3.10820000000000	3783
3.11153333333333	2940
3.11486666666667	750
3.11821666666667	2303
3.12155000000000	4295
3.12488333333333	3933
3.12821666666667	3570
3.13155000000000	2711
3.13490000000000	3620
3.13823333333333	2096
3.14156666666667	573
3.14490000000000	0
3.14823333333333	2060
3.15158333333333	4120
3.15491666666667	5068
3.15825000000000	6017
3.16158333333333	579
3.16491666666667	1141
3.16825000000000	7853
3.17160000000000	5387
3.17493333333333	2921
3.17826666666667	4105
3.18160000000000	4656
3.18493333333333	3578
3.18828333333333	1369
3.19161666666667	2463
3.19495000000000	3556
3.19828333333333	4314
3.20161666666667	3203
3.20496666666667	4592
3.20830000000000	6201
3.21163333333333	4692
3.21496666666667	3184
3.21830000000000	5199
3.22165000000000	3688
3.22498333333333	2176
3.22831666666667	2318
3.23165000000000	2459
3.23498333333333	2147
3.23833333333333	1835
3.24166666666667	2366
3.24500000000000	3193
3.24833333333333	3933
3.25166666666667	884
3.25501666666667	2475
3.25835000000000	6099
3.26168333333333	4353
3.26501666666667	2606
3.26835000000000	4041
3.27170000000000	5477
3.27503333333333	4264
3.27836666666667	4661
3.28170000000000	7257
3.28503333333333	0
3.28838333333333	8200
3.29171666666667	3315
3.29505000000000	5519
3.29838333333333	4184
3.30171666666667	3621
3.30506666666667	1246
3.30840000000000	4148
3.31173333333333	6414
3.31506666666667	4448
3.31840000000000	7449
3.32175000000000	4118
3.32508333333333	787
3.32841666666667	5381
3.33175000000000	0
3.33508333333333	2205
3.33843333333333	240
3.34176666666667	1506
3.34510000000000	2772
3.34843333333333	2377
3.35176666666667	1982
3.35511666666667	4052
3.35845000000000	3261
3.36178333333333	2471
3.36511666666667	2885
3.36845000000000	3298
3.37180000000000	2431
3.37513333333333	3253
3.37846666666667	4074
3.38180000000000	4058
3.38513333333333	4043
3.38848333333333	2380
3.39181666666667	3074
3.39515000000000	1200
3.39848333333333	0
3.40181666666667	42
3.40516666666667	3293
3.40850000000000	6533
3.41183333333333	6553
3.41516666666667	4531
3.41850000000000	6156
3.42185000000000	5014
3.42518333333333	925
3.42851666666667	7527
3.43185000000000	2590
3.43518333333333	6419
3.43853333333333	2143
3.44186666666667	272
3.44520000000000	3851
3.44853333333333	2827
3.45186666666667	4337
3.45521666666667	7042
3.45855000000000	6818
3.46188333333333	1059
3.46521666666667	2689
3.46855000000000	9016
3.47190000000000	6643
3.47523333333333	4705
3.47856666666667	8508
3.48190000000000	5682
3.48523333333333	5246
3.48858333333333	6984
3.49191666666667	5203
3.49525000000000	4793
3.49858333333333	4067
3.50191666666667	3340
3.50525000000000	2691
3.50860000000000	2070
3.51193333333333	5672
3.51526666666667	2836
3.51860000000000	0
3.52193333333333	1834
3.52528333333333	1779
3.52861666666667	1724
3.53195000000000	6151
3.53528333333333	6065
3.53861666666667	9432
3.54196666666667	8404
3.54530000000000	0
3.54863333333333	7267
3.55196666666667	1236
3.55530000000000	3933
3.55865000000000	9668
3.56198333333333	5892
3.56531666666667	5925
3.56865000000000	8088
3.57198333333333	1425
3.57533333333333	7358
3.57866666666667	8444
3.58200000000000	9052
3.58533333333333	1138
3.58866666666667	2617
3.59201666666667	5172
3.59535000000000	2556
3.59868333333333	6212
3.60201666666667	5206
3.60535000000000	4200
3.60870000000000	4818
3.61203333333333	3714
3.61536666666667	3106
3.61870000000000	2498
3.62203333333333	3096
3.62538333333333	6013
3.62871666666667	7352
3.63205000000000	5546
3.63538333333333	4603
3.63871666666667	2255
3.64206666666667	2952
3.64540000000000	2753
3.64873333333333	2554
3.65206666666667	0
3.65540000000000	319
3.65875000000000	639
3.66208333333333	7534
3.66541666666667	9460
3.66875000000000	6204
3.67208333333333	1797
3.67543333333333	3709
3.67876666666667	5459
3.68210000000000	4432
3.68543333333333	1804
3.68876666666667	5000
3.69211666666667	6106
3.69545000000000	3193
3.69878333333333	4026
3.70211666666667	4860
3.70545000000000	2732
3.70880000000000	3996
3.71213333333333	5259
3.71546666666667	3786
3.71880000000000	4144
3.72213333333333	2779
3.72548333333333	1414
3.72881666666667	2685
3.73215000000000	3956
3.73548333333333	4403
3.73881666666667	5679
3.74216666666667	9020
3.74550000000000	6703
3.74883333333333	4385
3.75216666666667	5074
3.75550000000000	8200
3.75885000000000	8037
3.76218333333333	4941
3.76551666666667	5295
3.76885000000000	3915
3.77218333333333	7290
3.77553333333333	6977
3.77886666666667	2864
3.78220000000000	5334
3.78553333333333	3927
3.78886666666667	2675
3.79221666666667	4347
3.79555000000000	5871
3.79888333333333	5014
3.80221666666667	667
3.80555000000000	8051
3.80890000000000	6970
3.81223333333333	5607
3.81556666666667	5091
3.81890000000000	3077
3.82223333333333	2159
3.82558333333333	1241
3.82891666666667	1678
3.83225000000000	2116
3.83558333333333	4402
3.83891666666667	3795
3.84225000000000	3189
3.84560000000000	9120
3.84893333333333	7900
3.85226666666667	7144
3.85560000000000	7715
3.85893333333333	7985
3.86228333333333	6029
3.86561666666667	5615
3.86895000000000	11448
3.87228333333333	8976
3.87561666666667	6508
3.87896666666667	2388
3.88230000000000	6888
3.88563333333333	3013
3.88896666666667	3171
3.89230000000000	4839
3.89565000000000	6425
3.89898333333333	8012
3.90231666666667	0
3.90565000000000	7772
3.90898333333333	4623
3.91233333333333	1839
3.91566666666667	4662
3.91900000000000	11792
3.92233333333333	9568
3.92566666666667	6700
3.92901666666667	3189
3.93235000000000	6678
3.93568333333333	4440
3.93901666666667	2202
3.94235000000000	1675
3.94570000000000	5792
3.94903333333333	5661
3.95236666666667	3718
3.95570000000000	1776
3.95903333333333	1688
3.96238333333333	5139
3.96571666666667	4490
3.96905000000000	3819
3.97238333333333	4205
3.97571666666667	4591
3.97906666666667	1950
3.98240000000000	3556
3.98573333333333	5163
3.98906666666667	3945
3.99240000000000	4705
3.99575000000000	3004
3.99908333333333	3685
4.00241666666667	4367
4.00575000000000	4877
4.00908333333333	5387
4.01243333333333	3377
4.01576666666667	3621
4.01910000000000	3576
4.02243333333333	3530
4.02576666666667	3458
4.02911666666667	4239
4.03245000000000	3490
4.03578333333333	2741
4.03911666666667	2145
4.04245000000000	2008
4.04580000000000	1383
4.04913333333333	758
4.05246666666667	4903
4.05580000000000	5042
4.05913333333333	5404
4.06248333333333	3878
4.06581666666667	5947
4.06915000000000	9552
4.07248333333333	9104
4.07581666666667	8182
4.07916666666667	4683
4.08250000000000	7087
4.08583333333333	4952
4.08916666666667	6534
4.09250000000000	8116
4.09585000000000	8153
4.09918333333333	8190
4.10251666666667	2438
4.10585000000000	5146
4.10918333333333	7991
4.11253333333333	4189
4.11586666666667	5112
4.11920000000000	6918
4.12253333333333	2129
4.12586666666667	1127
4.12921666666667	2701
4.13255000000000	2669
4.13588333333333	2638
4.13921666666667	3083
4.14255000000000	4092
4.14590000000000	5100
4.14923333333333	5250
4.15256666666667	445
4.15590000000000	223
4.15923333333333	0
4.16258333333333	1453
4.16591666666667	2907
4.16925000000000	2208
4.17258333333333	3526
4.17591666666667	3342
4.17925000000000	7257
4.18260000000000	5726
4.18593333333333	4195
4.18926666666667	10840
4.19260000000000	10996
4.19593333333333	5807
4.19928333333333	8158
4.20261666666667	4247
4.20595000000000	2190
4.20928333333333	6380
4.21261666666667	3484
4.21596666666667	5418
4.21930000000000	2064
4.22263333333333	1740
4.22596666666667	4883
4.22930000000000	6233
4.23265000000000	5791
4.23598333333333	4956
4.23931666666667	2623
4.24265000000000	3840
4.24598333333333	7798
4.24933333333333	8376
4.25266666666667	9152
4.25600000000000	4570
4.25933333333333	2545
4.26266666666667	5011
4.26601666666667	3221
4.26935000000000	1430
4.27268333333333	5661
4.27601666666667	4106
4.27935000000000	2551
4.28270000000000	5727
4.28603333333333	7018
4.28936666666667	1360
4.29270000000000	9612
4.29603333333333	5773
4.29938333333333	3629
4.30271666666667	2839
4.30605000000000	3952
4.30938333333333	3890
4.31271666666667	3082
4.31606666666667	2274
4.31940000000000	4959
4.32273333333333	6952
4.32606666666667	6235
4.32940000000000	8620
4.33275000000000	1388
4.33608333333333	3331
4.33941666666667	4995
4.34275000000000	274
4.34608333333333	3557
4.34943333333333	7446
4.35276666666667	5302
4.35610000000000	4776
4.35943333333333	4002
4.36276666666667	347
4.36611666666667	5260
4.36945000000000	12060
4.37278333333333	9596
4.37611666666667	6055
4.37945000000000	5568
4.38280000000000	4798
4.38613333333333	6100
4.38946666666667	594
4.39280000000000	3988
4.39613333333333	6839
4.39948333333333	6912
4.40281666666667	6085
4.40615000000000	4056
4.40948333333333	2027
4.41281666666667	2323
4.41616666666667	2619
4.41950000000000	2243
4.42283333333333	1867
4.42616666666667	5793
4.42950000000000	5238
4.43285000000000	4682
4.43618333333333	6151
4.43951666666667	5677
4.44285000000000	5203
4.44618333333333	2009
4.44953333333333	2984
4.45286666666667	6751
4.45620000000000	6686
4.45953333333333	2449
4.46286666666667	2501
4.46621666666667	3918
4.46955000000000	3408
4.47288333333333	2899
4.47621666666667	1681
4.47955000000000	2337
4.48290000000000	2992
4.48623333333333	4591
4.48956666666667	6189
4.49290000000000	4701
4.49623333333333	3546
