0.50330000000000	0
0.50663333333333	0
0.50996666666667	0
0.51330000000000	0
0.51663333333333	0
0.51998333333333	0
0.52331666666667	0
0.52665000000000	0
0.52998333333333	0
0.53331666666667	0
0.53666666666667	0
0.54000000000000	0
0.54333333333333	0
0.54666666666667	0
0.55000000000000	0
0.55335000000000	0
0.55668333333333	0
0.56001666666667	13
0.56335000000000	6
0.56668333333333	0
0.57003333333333	0
0.57336666666667	0
0.57670000000000	0
0.58003333333333	0
0.58336666666667	0
0.58671666666667	0
0.59005000000000	0
0.59338333333333	0
0.59671666666667	0
0.60005000000000	0
0.60340000000000	0
0.60673333333333	0
0.61006666666667	0
0.61340000000000	0
0.61673333333333	0
0.62006666666667	0
0.62341666666667	0
0.62675000000000	0
0.63008333333333	0
0.63341666666667	0
0.63673333333333	0
0.64008333333333	0
0.64341666666667	0
0.64675000000000	0
0.65008333333333	0
0.65341666666667	0
0.65676666666667	0
0.66010000000000	0
0.66343333333333	0
0.66676666666667	0
0.67010000000000	0
0.67345000000000	0
0.67678333333333	0
0.68011666666667	0
0.68345000000000	0
0.68678333333333	0
0.69013333333333	0
0.69346666666667	0
0.69680000000000	0
0.70013333333333	0
0.70346666666667	0
0.70681666666667	0
0.71015000000000	0
0.71348333333333	0
0.71681666666667	0
0.72015000000000	0
0.72350000000000	0
0.72683333333333	0
0.73016666666667	0
0.73350000000000	0
0.73681666666667	0
0.74016666666667	0
0.74350000000000	0
0.74683333333333	0
0.75016666666667	0
0.75350000000000	0
0.75683333333333	0
0.76018333333333	0
0.76351666666667	0
0.76685000000000	0
0.77018333333333	0
0.77351666666667	0
0.77686666666667	0
0.78020000000000	0
0.78353333333333	0
0.78686666666667	0
0.79020000000000	0
0.79355000000000	0
0.79688333333333	0
0.80021666666667	0
0.80355000000000	0
0.80688333333333	0
0.81023333333333	0
0.81356666666667	0
0.81690000000000	0
0.82023333333333	0
0.82356666666667	0
0.82690000000000	0
0.83023333333333	0
0.83356666666667	0
0.83690000000000	0
0.84023333333333	0
0.84358333333333	0
0.84691666666667	0
0.85025000000000	0
0.85358333333333	0
0.85691666666667	0
0.86026666666667	0
0.86360000000000	0
0.86693333333333	0
0.87026666666667	0
0.87360000000000	0
0.87695000000000	0
0.88028333333333	0
0.88361666666667	0
0.88695000000000	0
0.89026666666667	0
0.89360000000000	0
0.89695000000000	0
0.90028333333333	0
0.90361666666667	0
0.90695000000000	0
0.91028333333333	0
0.91363333333333	0
0.91696666666667	0
0.92030000000000	0
0.92363333333333	0
0.92696666666667	0
0.93031666666667	0
0.93365000000000	0
0.93698333333333	0
0.94031666666667	0
0.94365000000000	0
0.94700000000000	0
0.95033333333333	0
0.95366666666667	0
0.95700000000000	0
0.96031666666667	0
0.96366666666667	0
0.96700000000000	0
0.97033333333333	0
0.97366666666667	0
0.97700000000000	0
0.98035000000000	0
0.98368333333333	0
0.98701666666667	0
0.99035000000000	0
0.99368333333333	0
0.99703333333333	0
1.00036666666667	0
1.00370000000000	0
1.00703333333333	0
1.01036666666667	0
1.01371666666667	0
1.01705000000000	0
1.02038333333333	0
1.02371666666667	0
1.02705000000000	0
1.03038333333333	0
1.03373333333333	0
1.03706666666667	0
1.04040000000000	0
1.04373333333333	0
1.04706666666667	0
1.05041666666667	0
1.05375000000000	0
1.05708333333333	0
1.06040000000000	0
1.06373333333333	0
1.06708333333333	0
1.07041666666667	0
1.07375000000000	0
1.07708333333333	0
1.08041666666667	0
1.08376666666667	0
1.08710000000000	0
1.09043333333333	0
1.09376666666667	0
1.09710000000000	0
1.10045000000000	0
1.10378333333333	406
1.10711666666667	320
1.11045000000000	437
1.11378333333333	553
1.11713333333333	624
1.12046666666667	695
1.12380000000000	965
1.12713333333333	1236
1.13046666666667	186
1.13381666666667	477
1.13715000000000	733
1.14048333333333	989
1.14381666666667	943
1.14715000000000	898
1.15050000000000	460
1.15383333333333	221
1.15716666666667	427
1.16050000000000	579
1.16383333333333	0
1.16715000000000	396
1.17050000000000	409
1.17383333333333	231
1.17716666666667	0
1.18050000000000	0
1.18383333333333	0
1.18718333333333	0
1.19051666666667	0
1.19385000000000	0
1.19718333333333	242
1.20051666666667	121
1.20386666666667	0
1.20720000000000	0
1.21053333333333	0
1.21386666666667	0
1.21720000000000	0
1.22055000000000	0
1.22388333333333	0
1.22721666666667	0
1.23053333333333	0
1.23386666666667	0
1.23721666666667	0
1.24055000000000	0
1.24388333333333	0
1.24721666666667	0
1.25055000000000	0
1.25390000000000	0
1.25723333333333	0
1.26056666666667	0
1.26390000000000	0
1.26723333333333	0
1.27058333333333	0
1.27391666666667	0
1.27725000000000	0
1.28058333333333	0
1.28391666666667	0
1.28726666666667	0
1.29060000000000	0
1.29393333333333	0
1.29726666666667	0
1.30058333333333	0
1.30391666666667	0
1.30726666666667	0
1.31060000000000	0
1.31393333333333	0
1.31726666666667	0
1.32060000000000	132
1.32395000000000	66
1.32728333333333	0
1.33061666666667	0
1.33395000000000	0
1.33728333333333	0
1.34063333333333	0
1.34396666666667	0
1.34730000000000	0
1.35063333333333	0
1.35396666666667	0
1.35731666666667	0
1.36065000000000	0
1.36398333333333	0
1.36731666666667	0
1.37063333333333	0
1.37398333333333	0
1.37731666666667	0
1.38065000000000	0
1.38398333333333	0
1.38731666666667	0
1.39066666666667	0
1.39400000000000	0
1.39733333333333	0
1.40066666666667	0
1.40400000000000	0
1.40735000000000	0
1.41068333333333	0
1.41401666666667	0
1.41735000000000	0
1.42068333333333	0
1.42403333333333	0
1.42736666666667	0
1.43070000000000	0
1.43403333333333	0
1.43736666666667	0
1.44070000000000	0
1.44405000000000	0
1.44738333333333	0
1.45070000000000	0
1.45403333333333	0
1.45736666666667	0
1.46071666666667	0
1.46405000000000	0
1.46738333333333	0
1.47071666666667	0
1.47405000000000	0
1.47740000000000	0
1.48073333333333	0
1.48406666666667	0
1.48740000000000	0
1.49073333333333	0
1.49408333333333	0
1.49741666666667	0
1.50075000000000	0
1.50408333333333	0
1.50741666666667	0
1.51076666666667	0
1.51410000000000	0
1.51743333333333	0
1.52076666666667	0
1.52410000000000	0
1.52745000000000	0
1.53078333333333	0
1.53411666666667	0
1.53745000000000	0
1.54078333333333	0
1.54413333333333	0
1.54746666666667	0
1.55080000000000	0
1.55413333333333	0
1.55746666666667	0
1.56081666666667	0
1.56415000000000	0
1.56748333333333	0
1.57081666666667	0
1.57415000000000	0
1.57746666666667	0
1.58081666666667	0
1.58415000000000	0
1.58748333333333	0
1.59081666666667	0
1.59415000000000	0
1.59750000000000	0
1.60083333333333	0
1.60416666666667	0
1.60750000000000	0
1.61083333333333	0
1.61418333333333	0
1.61751666666667	0
1.62085000000000	0
1.62418333333333	0
1.62751666666667	0
1.63086666666667	0
1.63420000000000	0
1.63753333333333	0
1.64086666666667	0
1.64420000000000	0
1.64753333333333	0
1.65086666666667	0
1.65420000000000	0
1.65753333333333	0
1.66086666666667	0
1.66421666666667	0
1.66755000000000	0
1.67088333333333	0
1.67421666666667	0
1.67755000000000	0
1.68090000000000	0
1.68423333333333	0
1.68756666666667	0
1.69090000000000	0
1.69423333333333	0
1.69758333333333	0
1.70091666666667	0
1.70425000000000	0
1.70758333333333	0
1.71091666666667	0
1.71423333333333	0
1.71758333333333	0
1.72091666666667	0
1.72425000000000	0
1.72758333333333	0
1.73091666666667	0
1.73426666666667	0
1.73760000000000	0
1.74093333333333	0
1.74426666666667	0
1.74760000000000	0
1.75095000000000	0
1.75428333333333	0
1.75761666666667	0
1.76095000000000	0
1.76428333333333	0
1.76763333333333	0
1.77096666666667	0
1.77430000000000	0
1.77763333333333	0
1.78096666666667	0
1.78430000000000	0
1.78763333333333	0
1.79096666666667	0
1.79430000000000	0
1.79763333333333	0
1.80098333333333	0
1.80431666666667	0
1.80765000000000	0
1.81098333333333	0
1.81431666666667	0
1.81766666666667	0
1.82100000000000	0
1.82433333333333	0
1.82766666666667	0
1.83100000000000	0
1.83435000000000	0
1.83768333333333	0
1.84101666666667	0
1.84435000000000	0
1.84768333333333	0
1.85101666666667	0
1.85436666666667	0
1.85770000000000	0
1.86103333333333	0
1.86436666666667	0
1.86770000000000	0
1.87105000000000	0
1.87438333333333	0
1.87771666666667	0
1.88105000000000	0
1.88438333333333	0
1.88773333333333	0
1.89106666666667	0
1.89440000000000	0
1.89773333333333	0
1.90106666666667	0
1.90441666666667	0
1.90775000000000	0
1.91108333333333	0
1.91441666666667	0
1.91775000000000	0
1.92110000000000	0
1.92443333333333	0
1.92776666666667	0
1.93110000000000	0
1.93443333333333	0
1.93778333333333	0
1.94111666666667	0
1.94445000000000	0
1.94778333333333	0
1.95111666666667	0
1.95446666666667	0
1.95780000000000	0
1.96113333333333	0
1.96446666666667	0
1.96780000000000	0
1.97113333333333	0
1.97446666666667	0
1.97780000000000	0
1.98113333333333	0
1.98446666666667	0
1.98780000000000	0
1.99115000000000	0
1.99448333333333	0
1.99781666666667	0
2.00115000000000	0
2.00448333333333	0
2.00783333333333	0
2.01116666666667	0
2.01450000000000	0
2.01783333333333	0
2.02116666666667	0
2.02451666666667	0
2.02785000000000	0
2.03118333333333	0
2.03451666666667	0
2.03785000000000	0
2.04120000000000	0
2.04453333333333	0
2.04786666666667	0
2.05118333333333	0
2.05451666666667	0
2.05786666666667	0
2.06120000000000	0
2.06453333333333	0
2.06786666666667	0
2.07120000000000	0
2.07455000000000	0
2.07788333333333	0
2.08121666666667	0
2.08455000000000	0
2.08788333333333	0
2.09123333333333	0
2.09456666666667	0
2.09790000000000	0
2.10123333333333	0
2.10456666666667	0
2.10791666666667	0
2.11125000000000	0
2.11458333333333	0
2.11791666666667	0
2.12125000000000	17
2.12458333333333	9
2.12793333333333	0
2.13126666666667	0
2.13460000000000	0
2.13793333333333	0
2.14125000000000	0
2.14460000000000	0
2.14793333333333	0
2.15126666666667	0
2.15460000000000	0
2.15793333333333	0
2.16128333333333	0
2.16461666666667	0
2.16795000000000	0
2.17128333333333	0
2.17461666666667	0
2.17796666666667	0
2.18130000000000	0
2.18463333333333	0
2.18796666666667	0
2.19130000000000	0
2.19465000000000	0
2.19798333333333	0
2.20131666666667	0
2.20465000000000	0
2.20798333333333	0
2.21133333333333	0
2.21466666666667	0
2.21800000000000	0
2.22133333333333	0
2.22466666666667	0
2.22800000000000	0
2.23133333333333	0
2.23466666666667	0
2.23800000000000	0
2.24133333333333	0
2.24468333333333	0
2.24801666666667	0
2.25135000000000	0
2.25468333333333	0
2.25801666666667	0
2.26135000000000	0
2.26470000000000	0
2.26803333333333	0
2.27136666666667	0
2.27470000000000	0
2.27803333333333	0
2.28138333333333	0
2.28471666666667	0
2.28805000000000	0
2.29138333333333	0
2.29471666666667	0
2.29806666666667	0
2.30140000000000	0
2.30473333333333	0
2.30806666666667	0
2.31140000000000	0
2.31475000000000	0
2.31808333333333	0
2.32141666666667	0
2.32475000000000	0
2.32808333333333	0
2.33143333333333	0
2.33476666666667	0
2.33810000000000	0
2.34143333333333	0
2.34476666666667	0
2.34811666666667	0
2.35145000000000	0
2.35478333333333	0
2.35811666666667	0
2.36145000000000	0
2.36480000000000	0
2.36813333333333	0
2.37146666666667	0
2.37480000000000	0
2.37811666666667	0
2.38146666666667	0
2.38480000000000	0
2.38813333333333	0
2.39146666666667	0
2.39480000000000	0
2.39813333333333	0
2.40148333333333	0
2.40481666666667	0
2.40815000000000	0
2.41148333333333	0
2.41481666666667	0
2.41816666666667	0
2.42150000000000	0
2.42483333333333	0
2.42816666666667	0
2.43150000000000	0
2.43485000000000	0
2.43818333333333	0
2.44151666666667	0
2.44485000000000	0
2.44818333333333	0
2.45153333333333	0
2.45486666666667	0
2.45820000000000	0
2.46153333333333	0
2.46485000000000	0
2.46820000000000	0
2.47153333333333	0
2.47486666666667	0
2.47820000000000	0
2.48153333333333	189
2.48488333333333	94
2.48821666666667	0
2.49155000000000	199
2.49488333333333	0
2.49821666666667	261
2.50156666666667	0
2.50490000000000	0
2.50823333333333	0
2.51156666666667	0
2.51490000000000	0
2.51825000000000	0
2.52158333333333	0
2.52491666666667	0
2.52825000000000	0
2.53156666666667	0
2.53490000000000	0
2.53825000000000	0
2.54158333333333	0
2.54491666666667	0
2.54825000000000	0
2.55158333333333	0
2.55493333333333	0
2.55826666666667	0
2.56160000000000	0
2.56493333333333	0
2.56826666666667	0
2.57161666666667	0
2.57495000000000	0
2.57828333333333	0
2.58161666666667	0
2.58495000000000	0
2.58830000000000	0
2.59163333333333	0
2.59496666666667	0
2.59830000000000	0
2.60163333333333	0
2.60498333333333	0
2.60831666666667	0
2.61165000000000	0
2.61498333333333	0
2.61831666666667	0
2.62165000000000	0
2.62498333333333	0
2.62831666666667	0
2.63165000000000	0
2.63498333333333	0
2.63833333333333	0
2.64166666666667	0
2.64500000000000	0
2.64833333333333	0
2.65166666666667	0
2.65501666666667	0
2.65835000000000	0
2.66168333333333	0
2.66501666666667	0
2.66835000000000	0
2.67168333333333	0
2.67503333333333	0
2.67836666666667	0
2.68170000000000	0
2.68503333333333	0
2.68836666666667	0
2.69171666666667	0
2.69505000000000	0
2.69838333333333	0
2.70170000000000	0
2.70503333333333	0
2.70838333333333	25
2.71171666666667	291
2.71505000000000	350
2.71838333333333	0
2.72171666666667	0
2.72506666666667	0
2.72840000000000	0
2.73173333333333	0
2.73506666666667	0
2.73840000000000	0
2.74175000000000	0
2.74508333333333	0
2.74841666666667	0
2.75175000000000	0
2.75508333333333	0
2.75843333333333	0
2.76176666666667	0
2.76510000000000	0
2.76843333333333	0
2.77176666666667	0
2.77511666666667	0
2.77845000000000	0
2.78178333333333	0
2.78511666666667	0
2.78845000000000	0
2.79180000000000	0
2.79513333333333	0
2.79846666666667	0
2.80180000000000	0
2.80513333333333	0
2.80846666666667	0
2.81181666666667	0
2.81515000000000	0
2.81848333333333	0
2.82180000000000	0
2.82513333333333	0
2.82848333333333	0
2.83181666666667	0
2.83515000000000	0
2.83848333333333	0
2.84181666666667	0
2.84516666666667	0
2.84850000000000	0
2.85183333333333	0
2.85516666666667	0
2.85850000000000	0
2.86185000000000	0
2.86518333333333	0
2.86851666666667	0
2.87185000000000	0
2.87518333333333	0
2.87853333333333	0
2.88186666666667	0
2.88520000000000	0
2.88853333333333	0
2.89185000000000	0
2.89520000000000	0
2.89853333333333	0
2.90186666666667	0
2.90520000000000	0
2.90853333333333	0
2.91188333333333	0
2.91521666666667	0
2.91855000000000	0
2.92188333333333	0
2.92521666666667	0
2.92856666666667	0
2.93190000000000	0
2.93523333333333	0
2.93856666666667	0
2.94190000000000	0
2.94523333333333	0
2.94858333333333	0
2.95191666666667	0
2.95525000000000	0
2.95858333333333	0
2.96191666666667	0
2.96526666666667	0
2.96860000000000	0
2.97193333333333	0
2.97526666666667	0
2.97860000000000	0
2.98195000000000	0
2.98528333333333	0
2.98861666666667	0
2.99193333333333	0
2.99526666666667	0
