0.50081666666667	0
0.50165000000000	0
0.50248333333333	0
0.50331666666667	0
0.50415000000000	0
0.50498333333333	0
0.50581666666667	0
0.50665000000000	0
0.50748333333333	0
0.50831666666667	0
0.50915000000000	0
0.50998333333333	0
0.51081666666667	0
0.51165000000000	0
0.51248333333333	0
0.51331666666667	0
0.51415000000000	0
0.51498333333333	0
0.51581666666667	0
0.51665000000000	0
0.51748333333333	0
0.51833333333333	0
0.51916666666667	0
0.52000000000000	0
0.52083333333333	0
0.52166666666667	0
0.52250000000000	0
0.52333333333333	0
0.52416666666667	0
0.52500000000000	0
0.52583333333333	0
0.52666666666667	0
0.52750000000000	0
0.52833333333333	0
0.52916666666667	0
0.53000000000000	0
0.53083333333333	0
0.53166666666667	0
0.53250000000000	0
0.53333333333333	0
0.53416666666667	0
0.53501666666667	0
0.53585000000000	0
0.53668333333333	0
0.53751666666667	0
0.53835000000000	0
0.53918333333333	0
0.54001666666667	0
0.54085000000000	0
0.54168333333333	0
0.54251666666667	0
0.54335000000000	0
0.54418333333333	0
0.54501666666667	0
0.54585000000000	0
0.54668333333333	0
0.54751666666667	0
0.54835000000000	0
0.54918333333333	0
0.55001666666667	0
0.55085000000000	0
0.55168333333333	0
0.55253333333333	0
0.55336666666667	0
0.55420000000000	0
0.55503333333333	0
0.55586666666667	0
0.55670000000000	0
0.55753333333333	0
0.55836666666667	0
0.55920000000000	0
0.56003333333333	0
0.56086666666667	0
0.56170000000000	0
0.56253333333333	0
0.56336666666667	0
0.56420000000000	0
0.56503333333333	0
0.56586666666667	0
0.56670000000000	0
0.56753333333333	0
0.56836666666667	0
0.56921666666667	0
0.57005000000000	0
0.57088333333333	0
0.57171666666667	0
0.57255000000000	0
0.57338333333333	0
0.57421666666667	0
0.57505000000000	0
0.57588333333333	0
0.57671666666667	0
0.57755000000000	0
0.57838333333333	0
0.57921666666667	0
0.58005000000000	0
0.58088333333333	0
0.58171666666667	0
0.58255000000000	0
0.58338333333333	0
0.58421666666667	0
0.58505000000000	0
0.58588333333333	0
0.58673333333333	0
0.58756666666667	0
0.58840000000000	0
0.58923333333333	0
0.59006666666667	0
0.59090000000000	0
0.59173333333333	0
0.59256666666667	0
0.59340000000000	0
0.59423333333333	0
0.59506666666667	0
0.59590000000000	0
0.59673333333333	0
0.59756666666667	0
0.59840000000000	0
0.59923333333333	0
0.60006666666667	0
0.60090000000000	0
0.60171666666667	0
0.60255000000000	0
0.60340000000000	0
0.60423333333333	0
0.60506666666667	0
0.60590000000000	0
0.60673333333333	0
0.60756666666667	0
0.60840000000000	0
0.60923333333333	0
0.61006666666667	0
0.61090000000000	0
0.61173333333333	0
0.61256666666667	0
0.61340000000000	0
0.61423333333333	0
0.61506666666667	0
0.61590000000000	0
0.61673333333333	0
0.61756666666667	0
0.61840000000000	0
0.61923333333333	0
0.62006666666667	0
0.62091666666667	0
0.62175000000000	0
0.62258333333333	0
0.62341666666667	0
0.62425000000000	0
0.62508333333333	0
0.62591666666667	0
0.62675000000000	0
0.62758333333333	0
0.62841666666667	0
0.62925000000000	0
0.63008333333333	0
0.63091666666667	0
0.63175000000000	0
0.63258333333333	0
0.63341666666667	0
0.63425000000000	0
0.63508333333333	0
0.63591666666667	0
0.63675000000000	0
0.63760000000000	0
0.63843333333333	0
0.63926666666667	0
0.64010000000000	0
0.64093333333333	0
0.64176666666667	0
0.64260000000000	0
0.64343333333333	0
0.64426666666667	0
0.64510000000000	0
0.64593333333333	0
0.64676666666667	0
0.64760000000000	0
0.64843333333333	0
0.64926666666667	0
0.65010000000000	0
0.65093333333333	0
0.65176666666667	0
0.65260000000000	0
0.65343333333333	0
0.65426666666667	0
0.65511666666667	0
0.65595000000000	0
0.65678333333333	0
0.65761666666667	0
0.65845000000000	0
0.65928333333333	0
0.66011666666667	0
0.66095000000000	0
0.66178333333333	18
0.66261666666667	9
0.66345000000000	0
0.66428333333333	0
0.66511666666667	0
0.66595000000000	0
0.66678333333333	0
0.66761666666667	0
0.66845000000000	0
0.66928333333333	0
0.67011666666667	0
0.67095000000000	0
0.67180000000000	0
0.67263333333333	0
0.67346666666667	0
0.67430000000000	0
0.67513333333333	0
0.67596666666667	0
0.67680000000000	0
0.67763333333333	0
0.67846666666667	0
0.67930000000000	0
0.68013333333333	0
0.68096666666667	0
0.68180000000000	0
0.68263333333333	0
0.68346666666667	0
0.68430000000000	0
0.68511666666667	0
0.68595000000000	0
0.68678333333333	0
0.68761666666667	0
0.68845000000000	0
0.68930000000000	0
0.69013333333333	0
0.69096666666667	0
0.69180000000000	0
0.69263333333333	0
0.69346666666667	0
0.69430000000000	0
0.69513333333333	0
0.69596666666667	0
0.69680000000000	0
0.69763333333333	0
0.69846666666667	0
0.69930000000000	0
0.70013333333333	0
0.70096666666667	0
0.70180000000000	0
0.70263333333333	0
0.70346666666667	0
0.70430000000000	0
0.70513333333333	0
0.70598333333333	0
0.70681666666667	0
0.70765000000000	0
0.70848333333333	0
0.70931666666667	0
0.71015000000000	0
0.71098333333333	0
0.71181666666667	0
0.71265000000000	0
0.71348333333333	0
0.71431666666667	0
0.71515000000000	0
0.71598333333333	0
0.71681666666667	0
0.71765000000000	0
0.71848333333333	0
0.71931666666667	0
0.72015000000000	0
0.72098333333333	0
0.72181666666667	0
0.72265000000000	0
0.72350000000000	0
0.72433333333333	0
0.72516666666667	0
0.72600000000000	0
0.72683333333333	0
0.72766666666667	0
0.72850000000000	0
0.72933333333333	0
0.73016666666667	0
0.73100000000000	0
0.73183333333333	0
0.73266666666667	0
0.73350000000000	0
0.73433333333333	0
0.73516666666667	0
0.73600000000000	0
0.73683333333333	0
0.73766666666667	0
0.73850000000000	0
0.73933333333333	0
0.74018333333333	0
0.74101666666667	0
0.74185000000000	0
0.74268333333333	0
0.74351666666667	0
0.74435000000000	0
0.74518333333333	0
0.74601666666667	0
0.74685000000000	0
0.74768333333333	0
0.74851666666667	0
0.74935000000000	0
0.75018333333333	0
0.75101666666667	0
0.75185000000000	0
0.75268333333333	0
0.75351666666667	0
0.75435000000000	0
0.75518333333333	0
0.75600000000000	0
0.75683333333333	0
0.75768333333333	0
0.75851666666667	0
0.75935000000000	0
0.76018333333333	0
0.76101666666667	0
0.76185000000000	0
0.76268333333333	0
0.76351666666667	0
0.76435000000000	0
0.76518333333333	0
0.76601666666667	0
0.76685000000000	0
0.76768333333333	0
0.76851666666667	0
0.76935000000000	0
0.77018333333333	0
0.77101666666667	0
0.77185000000000	0
0.77268333333333	0
0.77351666666667	0
0.77436666666667	0
0.77520000000000	0
0.77603333333333	0
0.77686666666667	0
0.77770000000000	0
0.77853333333333	0
0.77936666666667	0
0.78020000000000	0
0.78103333333333	0
0.78186666666667	0
0.78270000000000	0
0.78353333333333	0
0.78436666666667	0
0.78520000000000	0
0.78603333333333	0
0.78686666666667	0
0.78770000000000	0
0.78853333333333	0
0.78936666666667	0
0.79020000000000	0
0.79103333333333	0
0.79188333333333	0
0.79271666666667	0
0.79355000000000	0
0.79438333333333	0
0.79521666666667	0
0.79605000000000	0
0.79688333333333	0
0.79771666666667	0
0.79855000000000	0
0.79938333333333	0
0.80021666666667	0
0.80105000000000	0
0.80188333333333	0
0.80271666666667	0
0.80355000000000	0
0.80438333333333	0
0.80521666666667	0
0.80605000000000	0
0.80688333333333	0
0.80771666666667	0
0.80856666666667	0
0.80940000000000	0
0.81023333333333	0
0.81106666666667	0
0.81190000000000	0
0.81273333333333	0
0.81356666666667	0
0.81440000000000	0
0.81523333333333	0
0.81606666666667	0
0.81690000000000	0
0.81773333333333	0
0.81856666666667	0
0.81940000000000	0
0.82023333333333	0
0.82106666666667	0
0.82190000000000	0
0.82273333333333	0
0.82356666666667	0
0.82440000000000	0
0.82523333333333	0
0.82608333333333	0
0.82691666666667	0
0.82775000000000	0
0.82858333333333	0
0.82941666666667	0
0.83025000000000	0
0.83108333333333	0
0.83191666666667	0
0.83275000000000	0
0.83358333333333	0
0.83441666666667	0
0.83525000000000	0
0.83608333333333	0
0.83690000000000	0
0.83773333333333	0
0.83856666666667	0
0.83940000000000	0
0.84023333333333	0
0.84106666666667	0
0.84190000000000	0
0.84275000000000	0
0.84358333333333	0
0.84441666666667	0
0.84525000000000	0
0.84608333333333	0
0.84691666666667	0
0.84775000000000	0
0.84858333333333	0
0.84941666666667	0
0.85025000000000	0
0.85108333333333	0
0.85191666666667	0
0.85275000000000	0
0.85358333333333	0
0.85441666666667	0
0.85525000000000	0
0.85608333333333	0
0.85691666666667	0
0.85775000000000	0
0.85858333333333	0
0.85941666666667	0
0.86026666666667	0
0.86110000000000	0
0.86193333333333	0
0.86276666666667	0
0.86360000000000	0
0.86443333333333	0
0.86526666666667	0
0.86610000000000	0
0.86693333333333	0
0.86776666666667	0
0.86860000000000	0
0.86943333333333	0
0.87026666666667	0
0.87110000000000	0
0.87193333333333	0
0.87276666666667	0
0.87360000000000	0
0.87443333333333	0
0.87526666666667	0
0.87610000000000	0
0.87695000000000	0
0.87778333333333	0
0.87861666666667	0
0.87945000000000	0
0.88028333333333	0
0.88111666666667	0
0.88195000000000	0
0.88278333333333	0
0.88361666666667	0
0.88445000000000	0
0.88528333333333	0
0.88611666666667	0
0.88695000000000	0
0.88778333333333	0
0.88861666666667	0
0.88945000000000	0
0.89028333333333	0
0.89111666666667	0
0.89195000000000	0
0.89278333333333	0
0.89361666666667	0
0.89446666666667	0
0.89530000000000	0
0.89613333333333	0
0.89696666666667	0
0.89780000000000	0
0.89863333333333	0
0.89946666666667	0
0.90030000000000	0
0.90113333333333	0
0.90196666666667	0
0.90280000000000	0
0.90363333333333	0
0.90446666666667	0
0.90530000000000	0
0.90613333333333	0
0.90696666666667	0
0.90780000000000	0
0.90863333333333	0
0.90946666666667	0
0.91030000000000	0
0.91115000000000	0
0.91198333333333	0
0.91281666666667	0
0.91365000000000	0
0.91448333333333	0
0.91531666666667	0
0.91615000000000	0
0.91698333333333	0
0.91781666666667	0
0.91865000000000	0
0.91948333333333	0
0.92031666666667	0
0.92115000000000	0
0.92198333333333	0
0.92281666666667	0
0.92365000000000	0
0.92448333333333	0
0.92531666666667	0
0.92615000000000	0
0.92698333333333	0
0.92781666666667	0
0.92866666666667	0
0.92950000000000	0
0.93033333333333	0
0.93116666666667	0
0.93200000000000	0
0.93283333333333	0
0.93366666666667	0
0.93450000000000	0
0.93533333333333	0
0.93616666666667	0
0.93700000000000	0
0.93783333333333	0
0.93866666666667	0
0.93950000000000	0
0.94033333333333	0
0.94116666666667	0
0.94200000000000	0
0.94283333333333	0
0.94366666666667	0
0.94450000000000	0
0.94535000000000	0
0.94618333333333	0
0.94701666666667	0
0.94785000000000	0
0.94868333333333	0
0.94951666666667	0
0.95035000000000	0
0.95118333333333	0
0.95201666666667	0
0.95285000000000	0
0.95368333333333	0
0.95451666666667	0
0.95535000000000	0
0.95618333333333	0
0.95701666666667	0
0.95785000000000	0
0.95868333333333	73
0.95951666666667	37
0.96035000000000	0
0.96118333333333	0
0.96201666666667	0
0.96286666666667	0
0.96370000000000	0
0.96453333333333	0
0.96536666666667	0
0.96620000000000	0
0.96703333333333	0
0.96786666666667	0
0.96870000000000	0
0.96953333333333	0
0.97036666666667	0
0.97120000000000	0
0.97203333333333	0
0.97286666666667	0
0.97370000000000	0
0.97453333333333	183
0.97536666666667	202
0.97620000000000	0
0.97703333333333	0
0.97786666666667	0
0.97870000000000	0
0.97955000000000	0
0.98038333333333	0
0.98121666666667	0
0.98205000000000	0
0.98288333333333	0
0.98371666666667	0
0.98455000000000	0
0.98538333333333	0
0.98621666666667	0
0.98705000000000	0
0.98788333333333	0
0.98871666666667	0
0.98955000000000	0
0.99038333333333	0
0.99121666666667	0
0.99205000000000	0
0.99288333333333	0
0.99371666666667	0
0.99455000000000	91
0.99538333333333	45
0.99620000000000	0
0.99705000000000	0
0.99788333333333	0
0.99871666666667	0
0.99955000000000	0
1.00038333333333	0
1.00121666666667	0
1.00205000000000	0
1.00288333333333	0
1.00371666666667	0
1.00455000000000	0
1.00538333333333	0
1.00621666666667	0
1.00705000000000	0
1.00788333333333	0
1.00871666666667	0
1.00955000000000	0
1.01038333333333	0
1.01121666666667	0
1.01205000000000	0
1.01288333333333	0
1.01373333333333	0
1.01456666666667	0
1.01540000000000	0
1.01623333333333	0
1.01706666666667	0
1.01790000000000	0
1.01873333333333	183
1.01956666666667	241
1.02040000000000	275
1.02123333333333	0
1.02206666666667	0
1.02290000000000	0
1.02373333333333	0
1.02456666666667	0
1.02540000000000	0
1.02623333333333	0
1.02706666666667	0
1.02790000000000	0
1.02873333333333	0
1.02956666666667	371
1.03040000000000	627
1.03125000000000	518
1.03208333333333	0
1.03291666666667	680
1.03375000000000	0
1.03458333333333	0
1.03541666666667	654
1.03625000000000	979
1.03708333333333	538
1.03791666666667	146
1.03875000000000	0
1.03958333333333	965
1.04041666666667	705
1.04125000000000	0
1.04208333333333	1123
1.04291666666667	130
1.04375000000000	239
1.04458333333333	422
1.04541666666667	0
1.04625000000000	1606
1.04708333333333	1700
1.04793333333333	597
1.04876666666667	463
1.04960000000000	477
1.05043333333333	491
1.05126666666667	505
1.05210000000000	0
1.05293333333333	598
1.05376666666667	329
1.05460000000000	1079
1.05543333333333	1275
1.05626666666667	0
1.05710000000000	700
1.05793333333333	805
1.05876666666667	1709
1.05960000000000	1552
1.06043333333333	689
1.06126666666667	910
1.06210000000000	727
1.06291666666667	630
1.06375000000000	534
1.06458333333333	468
1.06543333333333	403
1.06626666666667	1885
1.06710000000000	2373
1.06793333333333	614
1.06876666666667	1478
1.06960000000000	2163
1.07043333333333	1353
1.07126666666667	1374
1.07210000000000	1394
1.07293333333333	1309
1.07376666666667	567
1.07460000000000	254
1.07543333333333	821
1.07626666666667	564
1.07710000000000	1505
1.07793333333333	1978
1.07876666666667	1477
1.07960000000000	975
1.08043333333333	2375
1.08126666666667	1849
1.08211666666667	1865
1.08295000000000	3248
1.08378333333333	2852
1.08461666666667	2176
1.08545000000000	3186
1.08628333333333	3389
1.08711666666667	1993
1.08795000000000	3199
1.08878333333333	4673
1.08961666666667	5030
1.09045000000000	5062
1.09128333333333	5590
1.09211666666667	5857
1.09295000000000	6124
1.09378333333333	6934
1.09461666666667	7605
1.09545000000000	8276
1.09628333333333	11248
1.09711666666667	12048
1.09795000000000	15724
1.09878333333333	17852
1.09963333333333	17016
1.10046666666667	16608
1.10130000000000	16196
1.10213333333333	22536
1.10296666666667	23596
1.10380000000000	28148
1.10463333333333	29396
1.10546666666667	26840
1.10630000000000	25544
1.10713333333333	23848
1.10796666666667	22148
1.10880000000000	21636
1.10963333333333	22796
1.11046666666667	25940
1.11130000000000	31756
1.11213333333333	32744
1.11296666666667	34496
1.11380000000000	28604
1.11463333333333	32708
1.11546666666667	24132
1.11631666666667	32448
1.11715000000000	22432
1.11798333333333	27824
1.11881666666667	27052
1.11965000000000	27380
1.12048333333333	26556
1.12131666666667	24668
1.12215000000000	15328
1.12298333333333	32508
1.12381666666667	23968
1.12465000000000	28356
1.12548333333333	13968
1.12631666666667	27384
1.12715000000000	20412
1.12798333333333	20772
1.12881666666667	17908
1.12965000000000	17324
1.13048333333333	14204
1.13131666666667	16944
1.13215000000000	15724
1.13296666666667	14504
1.13381666666667	12368
1.13465000000000	14036
1.13548333333333	15704
1.13631666666667	11912
1.13715000000000	13988
1.13798333333333	11536
1.13881666666667	13448
1.13965000000000	16164
1.14048333333333	15608
1.14131666666667	12972
1.14215000000000	13600
1.14298333333333	10028
1.14381666666667	8848
1.14465000000000	9856
1.14548333333333	10864
1.14631666666667	7266
1.14715000000000	9040
1.14798333333333	10084
1.14881666666667	11544
1.14965000000000	3564
1.15050000000000	7811
1.15133333333333	10588
1.15216666666667	6925
1.15300000000000	7862
1.15383333333333	4509
1.15466666666667	6730
1.15550000000000	6562
1.15633333333333	6466
1.15716666666667	7520
1.15800000000000	6842
1.15883333333333	6163
1.15966666666667	6954
1.16050000000000	5012
1.16133333333333	4733
1.16216666666667	6230
1.16300000000000	5590
1.16383333333333	6158
1.16466666666667	6726
1.16550000000000	6557
1.16633333333333	4601
1.16716666666667	4659
1.16801666666667	5174
1.16885000000000	6837
1.16968333333333	6539
1.17051666666667	4807
1.17135000000000	7886
1.17218333333333	3596
1.17301666666667	4246
1.17385000000000	4273
1.17468333333333	3222
1.17551666666667	4409
1.17635000000000	5595
1.17718333333333	6181
1.17801666666667	4565
1.17885000000000	2708
1.17968333333333	2417
1.18051666666667	2416
1.18135000000000	4827
1.18218333333333	4428
1.18301666666667	2450
1.18385000000000	4084
1.18470000000000	1220
1.18553333333333	2862
1.18636666666667	4332
1.18720000000000	3478
1.18803333333333	2432
1.18886666666667	5317
1.18970000000000	5742
1.19053333333333	4020
1.19136666666667	3083
1.19220000000000	1917
1.19303333333333	1807
1.19386666666667	3059
1.19470000000000	3388
1.19553333333333	2938
1.19636666666667	2488
1.19720000000000	2392
1.19803333333333	2312
1.19886666666667	1141
1.19970000000000	2196
1.20053333333333	876
1.20136666666667	1825
1.20221666666667	2774
1.20305000000000	710
1.20388333333333	2349
1.20471666666667	2584
1.20555000000000	2663
1.20638333333333	2022
1.20721666666667	2740
1.20805000000000	1142
1.20888333333333	682
1.20971666666667	1681
1.21055000000000	1061
1.21138333333333	1652
1.21221666666667	317
1.21305000000000	1013
1.21388333333333	1749
1.21471666666667	729
1.21555000000000	680
1.21638333333333	630
1.21721666666667	1159
1.21805000000000	1084
1.21890000000000	832
1.21973333333333	968
1.22056666666667	1103
1.22140000000000	1141
1.22223333333333	1178
1.22306666666667	1558
1.22390000000000	86
1.22473333333333	781
1.22556666666667	536
1.22640000000000	755
1.22723333333333	973
1.22806666666667	803
1.22890000000000	420
1.22973333333333	485
1.23056666666667	549
1.23140000000000	538
1.23221666666667	0
1.23305000000000	667
1.23388333333333	341
1.23471666666667	170
1.23555000000000	0
1.23640000000000	365
1.23723333333333	1173
1.23806666666667	1247
1.23890000000000	1779
1.23973333333333	2127
1.24056666666667	748
1.24140000000000	304
1.24223333333333	644
1.24306666666667	190
1.24390000000000	465
1.24473333333333	739
1.24556666666667	675
1.24640000000000	375
1.24723333333333	580
1.24806666666667	786
1.24890000000000	425
1.24973333333333	340
1.25056666666667	256
1.25140000000000	408
1.25223333333333	390
1.25308333333333	0
1.25391666666667	228
1.25475000000000	225
1.25558333333333	221
1.25641666666667	221
1.25725000000000	221
1.25808333333333	186
1.25891666666667	1040
1.25975000000000	988
1.26058333333333	45
1.26141666666667	0
1.26225000000000	441
1.26308333333333	300
1.26391666666667	514
1.26475000000000	738
1.26558333333333	0
1.26641666666667	0
1.26725000000000	287
1.26808333333333	0
1.26891666666667	0
1.26975000000000	0
1.27060000000000	0
1.27143333333333	255
1.27226666666667	647
1.27310000000000	461
1.27393333333333	275
1.27476666666667	275
1.27560000000000	275
1.27643333333333	0
1.27726666666667	313
1.27810000000000	264
1.27893333333333	334
1.27976666666667	0
1.28060000000000	0
1.28143333333333	466
1.28226666666667	576
1.28310000000000	325
1.28393333333333	0
1.28476666666667	199
1.28560000000000	455
1.28643333333333	458
1.28728333333333	0
1.28811666666667	0
1.28895000000000	0
1.28978333333333	0
1.29061666666667	0
1.29145000000000	0
1.29228333333333	0
1.29311666666667	0
1.29395000000000	0
1.29478333333333	0
1.29561666666667	0
1.29645000000000	142
1.29728333333333	71
1.29811666666667	0
1.29895000000000	0
1.29978333333333	0
1.30061666666667	0
1.30145000000000	0
1.30228333333333	0
1.30311666666667	0
1.30395000000000	0
1.30480000000000	0
1.30563333333333	0
1.30646666666667	0
1.30730000000000	0
1.30813333333333	0
1.30896666666667	187
1.30980000000000	93
1.31063333333333	0
1.31146666666667	0
1.31230000000000	0
1.31313333333333	0
1.31396666666667	0
1.31480000000000	0
1.31563333333333	0
1.31646666666667	0
1.31730000000000	0
1.31813333333333	407
1.31896666666667	330
1.31980000000000	0
1.32063333333333	0
1.32148333333333	0
1.32231666666667	0
1.32315000000000	0
1.32398333333333	0
1.32481666666667	0
1.32565000000000	0
1.32648333333333	208
1.32731666666667	419
1.32815000000000	209
1.32898333333333	0
1.32981666666667	0
1.33065000000000	0
1.33148333333333	0
1.33231666666667	0
1.33315000000000	0
1.33398333333333	398
1.33481666666667	395
1.33565000000000	0
1.33648333333333	0
1.33731666666667	0
1.33813333333333	0
1.33898333333333	0
1.33981666666667	0
1.34065000000000	0
1.34148333333333	0
1.34231666666667	0
1.34315000000000	0
1.34398333333333	0
1.34481666666667	0
1.34565000000000	0
1.34648333333333	0
1.34731666666667	0
1.34815000000000	0
1.34898333333333	0
1.34981666666667	0
1.35065000000000	0
1.35148333333333	0
1.35231666666667	0
1.35315000000000	0
1.35398333333333	0
1.35481666666667	0
1.35566666666667	0
1.35650000000000	0
1.35733333333333	0
1.35816666666667	0
1.35900000000000	0
1.35983333333333	0
1.36066666666667	0
1.36150000000000	0
1.36233333333333	0
1.36316666666667	0
1.36400000000000	0
1.36483333333333	0
1.36566666666667	0
1.36650000000000	0
1.36733333333333	0
1.36816666666667	0
1.36900000000000	0
1.36983333333333	0
1.37066666666667	0
1.37150000000000	0
1.37233333333333	0
1.37318333333333	0
1.37401666666667	0
1.37485000000000	0
1.37568333333333	0
1.37651666666667	0
1.37735000000000	0
1.37818333333333	0
1.37901666666667	0
1.37985000000000	0
1.38068333333333	0
1.38151666666667	0
1.38235000000000	0
1.38318333333333	0
1.38401666666667	0
1.38485000000000	0
1.38568333333333	0
1.38651666666667	0
1.38735000000000	0
1.38818333333333	0
1.38901666666667	0
1.38986666666667	0
1.39070000000000	0
1.39153333333333	0
1.39236666666667	0
1.39320000000000	0
1.39403333333333	0
1.39486666666667	0
1.39570000000000	0
1.39653333333333	0
1.39736666666667	0
1.39820000000000	0
1.39903333333333	0
1.39986666666667	0
1.40070000000000	0
1.40153333333333	0
1.40236666666667	0
1.40320000000000	0
1.40403333333333	0
1.40486666666667	0
1.40570000000000	0
1.40653333333333	0
1.40738333333333	0
1.40821666666667	0
1.40905000000000	0
1.40988333333333	0
1.41071666666667	0
1.41155000000000	0
1.41238333333333	0
1.41321666666667	0
1.41405000000000	0
1.41488333333333	0
1.41571666666667	0
1.41655000000000	66
1.41738333333333	58
1.41821666666667	0
1.41905000000000	0
1.41988333333333	0
1.42071666666667	0
1.42155000000000	0
1.42238333333333	0
1.42321666666667	0
1.42406666666667	0
1.42490000000000	0
1.42573333333333	0
1.42656666666667	0
1.42740000000000	0
1.42823333333333	0
1.42906666666667	0
1.42990000000000	0
1.43073333333333	0
1.43156666666667	0
1.43240000000000	0
1.43323333333333	0
1.43406666666667	0
1.43490000000000	0
1.43573333333333	0
1.43656666666667	0
1.43740000000000	0
1.43823333333333	0
1.43906666666667	0
1.43990000000000	0
1.44073333333333	0
1.44158333333333	0
1.44241666666667	0
1.44325000000000	0
1.44408333333333	0
1.44491666666667	0
1.44575000000000	0
1.44658333333333	0
1.44741666666667	0
1.44825000000000	0
1.44908333333333	0
1.44991666666667	0
1.45075000000000	0
1.45158333333333	0
1.45241666666667	0
1.45325000000000	0
1.45406666666667	0
1.45490000000000	0
1.45573333333333	0
1.45656666666667	0
1.45740000000000	0
1.45825000000000	272
1.45908333333333	136
1.45991666666667	0
1.46075000000000	0
1.46158333333333	0
1.46241666666667	0
1.46325000000000	0
1.46408333333333	0
1.46491666666667	0
1.46575000000000	0
1.46658333333333	0
1.46741666666667	0
1.46825000000000	0
1.46908333333333	0
1.46991666666667	0
1.47075000000000	0
1.47158333333333	0
1.47241666666667	461
1.47325000000000	462
1.47408333333333	367
1.47491666666667	0
1.47576666666667	613
1.47660000000000	0
1.47743333333333	0
1.47826666666667	0
1.47910000000000	0
1.47993333333333	0
1.48076666666667	0
1.48160000000000	0
1.48243333333333	0
1.48326666666667	0
1.48410000000000	0
1.48493333333333	222
1.48576666666667	205
1.48660000000000	189
1.48743333333333	15
1.48826666666667	0
1.48910000000000	0
1.48993333333333	0
1.49076666666667	0
1.49160000000000	0
1.49245000000000	0
1.49328333333333	0
1.49411666666667	0
1.49495000000000	0
1.49578333333333	0
1.49661666666667	0
1.49745000000000	0
1.49828333333333	0
1.49911666666667	0
1.49995000000000	0
1.50078333333333	0
1.50161666666667	0
1.50245000000000	0
1.50328333333333	0
1.50411666666667	0
1.50495000000000	0
1.50578333333333	0
1.50661666666667	0
1.50745000000000	0
1.50828333333333	0
1.50911666666667	0
1.50996666666667	0
1.51080000000000	0
1.51163333333333	0
1.51246666666667	0
1.51330000000000	0
1.51413333333333	0
1.51496666666667	0
1.51580000000000	0
1.51663333333333	0
1.51746666666667	0
1.51830000000000	0
1.51913333333333	0
1.51996666666667	0
1.52080000000000	0
1.52163333333333	0
1.52246666666667	0
1.52330000000000	0
1.52413333333333	0
1.52496666666667	0
1.52580000000000	0
1.52665000000000	0
1.52748333333333	0
1.52831666666667	0
1.52915000000000	0
1.52998333333333	0
1.53081666666667	0
1.53165000000000	0
1.53248333333333	0
1.53331666666667	0
1.53415000000000	0
1.53498333333333	0
1.53581666666667	0
1.53665000000000	0
1.53748333333333	0
1.53831666666667	0
1.53915000000000	0
1.53998333333333	0
1.54081666666667	0
1.54165000000000	0
1.54248333333333	0
1.54331666666667	0
1.54416666666667	0
1.54500000000000	0
1.54583333333333	0
1.54666666666667	0
1.54750000000000	0
1.54833333333333	0
1.54916666666667	0
1.55000000000000	0
1.55083333333333	0
1.55166666666667	0
1.55250000000000	0
1.55333333333333	0
1.55416666666667	0
1.55498333333333	0
1.55581666666667	0
1.55665000000000	0
1.55748333333333	0
1.55831666666667	0
1.55915000000000	0
1.55998333333333	0
1.56083333333333	0
1.56166666666667	0
1.56250000000000	0
1.56333333333333	0
1.56416666666667	0
1.56500000000000	0
1.56583333333333	0
1.56666666666667	0
1.56750000000000	0
1.56833333333333	0
1.56916666666667	0
1.57000000000000	0
1.57083333333333	0
1.57166666666667	0
1.57250000000000	0
1.57333333333333	0
1.57416666666667	0
1.57500000000000	0
1.57583333333333	0
1.57666666666667	0
1.57750000000000	0
1.57835000000000	0
1.57918333333333	0
1.58001666666667	0
1.58085000000000	0
1.58168333333333	0
1.58251666666667	0
1.58335000000000	0
1.58418333333333	0
1.58501666666667	0
1.58585000000000	0
1.58668333333333	0
1.58751666666667	0
1.58835000000000	0
1.58918333333333	0
1.59001666666667	0
1.59085000000000	0
1.59168333333333	0
1.59251666666667	0
1.59335000000000	0
1.59418333333333	0
1.59503333333333	0
1.59586666666667	0
1.59670000000000	0
1.59753333333333	0
1.59836666666667	0
1.59920000000000	0
1.60003333333333	0
1.60086666666667	0
1.60170000000000	0
1.60253333333333	0
1.60336666666667	0
1.60420000000000	0
1.60503333333333	0
1.60586666666667	0
1.60670000000000	0
1.60753333333333	0
1.60836666666667	0
1.60920000000000	0
1.61003333333333	0
1.61086666666667	0
1.61170000000000	0
1.61255000000000	0
1.61338333333333	0
1.61421666666667	0
1.61505000000000	0
1.61588333333333	0
1.61671666666667	0
1.61755000000000	0
1.61838333333333	0
1.61921666666667	0
1.62005000000000	0
1.62088333333333	0
1.62171666666667	0
1.62255000000000	0
1.62338333333333	0
1.62421666666667	0
1.62505000000000	0
1.62588333333333	0
1.62671666666667	0
1.62755000000000	0
1.62838333333333	0
1.62923333333333	0
1.63006666666667	0
1.63090000000000	0
1.63173333333333	0
1.63256666666667	0
1.63340000000000	0
1.63423333333333	0
1.63506666666667	0
1.63590000000000	0
1.63673333333333	0
1.63756666666667	0
1.63840000000000	0
1.63923333333333	0
1.64006666666667	0
1.64090000000000	0
1.64173333333333	0
1.64256666666667	0
1.64338333333333	0
1.64421666666667	0
1.64505000000000	0
1.64588333333333	0
1.64673333333333	0
1.64756666666667	0
1.64840000000000	0
1.64923333333333	0
1.65006666666667	0
1.65090000000000	0
1.65173333333333	0
1.65256666666667	0
1.65340000000000	0
1.65423333333333	0
1.65506666666667	0
1.65590000000000	0
1.65673333333333	0
1.65756666666667	0
1.65840000000000	0
1.65923333333333	0
1.66006666666667	0
1.66090000000000	0
1.66173333333333	0
1.66256666666667	0
1.66341666666667	0
1.66425000000000	0
1.66508333333333	0
1.66591666666667	0
1.66675000000000	0
1.66758333333333	0
1.66841666666667	0
1.66925000000000	0
1.67008333333333	0
1.67091666666667	0
1.67175000000000	0
1.67258333333333	0
1.67341666666667	0
1.67425000000000	0
1.67508333333333	0
1.67591666666667	0
1.67675000000000	0
1.67758333333333	0
1.67841666666667	0
1.67925000000000	0
1.68008333333333	0
1.68093333333333	0
1.68176666666667	0
1.68260000000000	0
1.68343333333333	0
1.68426666666667	0
1.68510000000000	0
1.68593333333333	0
1.68676666666667	0
1.68760000000000	0
1.68843333333333	0
1.68926666666667	0
1.69010000000000	0
1.69093333333333	0
1.69176666666667	0
1.69260000000000	0
1.69343333333333	0
1.69426666666667	0
1.69510000000000	0
1.69593333333333	0
1.69676666666667	0
1.69761666666667	0
1.69845000000000	0
1.69928333333333	0
1.70011666666667	0
1.70095000000000	0
1.70178333333333	0
1.70261666666667	0
1.70345000000000	0
1.70428333333333	0
1.70511666666667	0
1.70595000000000	0
1.70678333333333	0
1.70761666666667	256
1.70845000000000	676
1.70928333333333	503
1.71011666666667	0
1.71095000000000	0
1.71178333333333	0
1.71261666666667	0
1.71345000000000	0
1.71428333333333	0
1.71513333333333	0
1.71596666666667	0
1.71680000000000	0
1.71763333333333	0
1.71846666666667	0
1.71930000000000	0
1.72013333333333	0
1.72096666666667	0
1.72180000000000	0
1.72263333333333	0
1.72346666666667	0
1.72430000000000	0
1.72513333333333	0
1.72596666666667	0
1.72680000000000	0
1.72763333333333	0
1.72846666666667	0
1.72930000000000	0
1.73013333333333	0
1.73096666666667	0
1.73181666666667	0
1.73265000000000	0
1.73348333333333	0
1.73431666666667	0
1.73515000000000	0
1.73598333333333	0
1.73681666666667	0
1.73765000000000	0
1.73848333333333	0
1.73931666666667	0
1.74015000000000	0
1.74098333333333	0
1.74181666666667	0
1.74265000000000	0
1.74348333333333	0
1.74431666666667	0
1.74515000000000	0
1.74598333333333	0
1.74681666666667	0
1.74763333333333	0
1.74846666666667	0
1.74931666666667	0
1.75015000000000	0
1.75098333333333	0
1.75181666666667	0
1.75265000000000	0
1.75348333333333	0
1.75431666666667	0
1.75515000000000	0
1.75598333333333	0
1.75681666666667	0
1.75765000000000	0
1.75848333333333	0
1.75931666666667	0
1.76015000000000	0
1.76098333333333	0
1.76181666666667	0
1.76265000000000	0
1.76348333333333	0
1.76431666666667	0
1.76515000000000	0
1.76600000000000	0
1.76683333333333	0
1.76766666666667	0
1.76850000000000	0
1.76933333333333	0
1.77016666666667	0
1.77100000000000	0
1.77183333333333	0
1.77266666666667	0
1.77350000000000	0
1.77433333333333	0
1.77516666666667	0
1.77600000000000	0
1.77683333333333	0
1.77766666666667	0
1.77850000000000	0
1.77933333333333	0
1.78016666666667	0
1.78100000000000	0
1.78183333333333	0
1.78266666666667	0
1.78351666666667	0
1.78435000000000	0
1.78518333333333	0
1.78601666666667	0
1.78685000000000	0
1.78768333333333	0
1.78851666666667	0
1.78935000000000	0
1.79018333333333	0
1.79101666666667	0
1.79185000000000	0
1.79268333333333	0
1.79351666666667	0
1.79435000000000	0
1.79518333333333	0
1.79601666666667	0
1.79685000000000	0
1.79768333333333	0
1.79851666666667	0
1.79935000000000	0
1.80020000000000	0
1.80103333333333	0
1.80186666666667	0
1.80270000000000	0
1.80353333333333	0
1.80436666666667	0
1.80520000000000	0
1.80603333333333	0
1.80686666666667	0
1.80770000000000	0
1.80853333333333	0
1.80936666666667	0
1.81020000000000	0
1.81103333333333	0
1.81186666666667	0
1.81270000000000	0
1.81353333333333	0
1.81436666666667	0
1.81520000000000	0
1.81603333333333	0
1.81686666666667	0
1.81771666666667	0
1.81855000000000	0
1.81938333333333	0
1.82021666666667	0
1.82105000000000	0
1.82188333333333	0
1.82271666666667	0
1.82355000000000	0
1.82438333333333	0
1.82521666666667	0
1.82605000000000	0
1.82688333333333	0
1.82771666666667	0
1.82855000000000	0
1.82938333333333	0
1.83021666666667	0
1.83105000000000	0
1.83188333333333	0
1.83271666666667	0
1.83355000000000	0
1.83440000000000	0
1.83523333333333	0
1.83606666666667	0
1.83690000000000	0
1.83773333333333	0
1.83856666666667	0
1.83940000000000	0
1.84023333333333	0
1.84106666666667	0
1.84190000000000	0
1.84273333333333	0
1.84356666666667	0
1.84440000000000	0
1.84523333333333	0
1.84606666666667	0
1.84690000000000	0
1.84773333333333	0
1.84856666666667	0
1.84940000000000	0
1.85023333333333	0
1.85106666666667	0
1.85191666666667	0
1.85275000000000	0
1.85358333333333	0
1.85441666666667	0
1.85525000000000	0
1.85608333333333	0
1.85691666666667	0
1.85775000000000	0
1.85858333333333	0
1.85941666666667	0
1.86025000000000	0
1.86108333333333	0
1.86191666666667	0
1.86275000000000	0
1.86358333333333	0
1.86441666666667	0
1.86525000000000	0
1.86608333333333	0
1.86691666666667	0
1.86773333333333	0
1.86858333333333	0
1.86941666666667	0
1.87025000000000	0
1.87108333333333	0
1.87191666666667	0
1.87275000000000	0
1.87358333333333	0
1.87441666666667	0
1.87525000000000	0
1.87608333333333	0
1.87691666666667	0
1.87775000000000	0
1.87858333333333	0
1.87941666666667	0
1.88025000000000	0
1.88108333333333	0
1.88191666666667	0
1.88275000000000	0
1.88358333333333	0
1.88441666666667	0
1.88525000000000	0
1.88610000000000	0
1.88693333333333	0
1.88776666666667	0
1.88860000000000	0
1.88943333333333	0
1.89026666666667	0
1.89110000000000	0
1.89193333333333	0
1.89276666666667	0
1.89360000000000	0
1.89443333333333	0
1.89526666666667	0
1.89610000000000	0
1.89693333333333	0
1.89776666666667	0
1.89860000000000	0
1.89943333333333	0
1.90026666666667	0
1.90110000000000	0
1.90193333333333	0
1.90278333333333	0
1.90361666666667	0
1.90445000000000	0
1.90528333333333	0
1.90611666666667	0
1.90695000000000	0
1.90778333333333	0
1.90861666666667	0
1.90945000000000	0
1.91028333333333	0
1.91111666666667	0
1.91195000000000	0
1.91278333333333	0
1.91361666666667	0
1.91445000000000	0
1.91528333333333	0
1.91611666666667	0
1.91695000000000	0
1.91778333333333	0
1.91861666666667	0
1.91945000000000	0
1.92030000000000	0
1.92113333333333	0
1.92196666666667	0
1.92280000000000	0
1.92363333333333	0
1.92446666666667	0
1.92530000000000	0
1.92613333333333	0
1.92696666666667	0
1.92780000000000	0
1.92863333333333	0
1.92946666666667	0
1.93030000000000	0
1.93113333333333	0
1.93196666666667	0
1.93280000000000	0
1.93363333333333	0
1.93446666666667	0
1.93530000000000	0
1.93613333333333	0
1.93698333333333	0
1.93781666666667	0
1.93865000000000	0
1.93948333333333	0
1.94031666666667	0
1.94115000000000	0
1.94198333333333	0
1.94281666666667	0
1.94365000000000	0
1.94448333333333	0
1.94531666666667	0
1.94615000000000	0
1.94698333333333	0
1.94781666666667	0
1.94865000000000	0
1.94948333333333	0
1.95031666666667	0
1.95115000000000	0
1.95198333333333	0
1.95280000000000	0
1.95363333333333	0
1.95448333333333	0
1.95531666666667	0
1.95615000000000	0
1.95698333333333	0
1.95781666666667	0
1.95865000000000	0
1.95948333333333	0
1.96031666666667	0
1.96115000000000	0
1.96198333333333	0
1.96281666666667	0
1.96365000000000	0
1.96448333333333	0
1.96531666666667	0
1.96615000000000	0
1.96698333333333	0
1.96781666666667	0
1.96865000000000	0
1.96948333333333	7
1.97031666666667	4
1.97116666666667	0
1.97200000000000	0
1.97283333333333	0
1.97366666666667	0
1.97450000000000	0
1.97533333333333	0
1.97616666666667	0
1.97700000000000	0
1.97783333333333	0
1.97866666666667	0
1.97950000000000	0
1.98033333333333	0
1.98116666666667	0
1.98200000000000	0
1.98283333333333	0
1.98366666666667	0
1.98450000000000	0
1.98533333333333	0
1.98616666666667	0
1.98700000000000	0
1.98783333333333	0
1.98868333333333	0
1.98951666666667	0
1.99035000000000	0
1.99118333333333	0
1.99201666666667	0
1.99285000000000	0
1.99368333333333	0
1.99451666666667	0
1.99535000000000	0
1.99618333333333	0
1.99701666666667	0
1.99785000000000	0
1.99868333333333	0
1.99951666666667	0
2.00035000000000	0
2.00118333333333	0
2.00201666666667	0
2.00285000000000	0
2.00368333333333	0
2.00451666666667	0
2.00536666666667	0
2.00620000000000	0
2.00703333333333	0
2.00786666666667	0
2.00870000000000	0
2.00953333333333	0
2.01036666666667	0
2.01120000000000	0
2.01203333333333	0
2.01286666666667	0
2.01370000000000	0
2.01453333333333	0
2.01536666666667	0
2.01620000000000	0
2.01703333333333	0
2.01786666666667	0
2.01870000000000	0
2.01953333333333	0
2.02036666666667	0
2.02120000000000	0
2.02203333333333	0
2.02288333333333	0
2.02371666666667	0
2.02455000000000	0
2.02538333333333	0
2.02621666666667	0
2.02705000000000	0
2.02788333333333	0
2.02871666666667	0
2.02955000000000	0
2.03038333333333	0
2.03121666666667	0
2.03205000000000	0
2.03288333333333	0
2.03371666666667	0
2.03455000000000	0
2.03538333333333	0
2.03621666666667	0
2.03705000000000	0
2.03788333333333	0
2.03871666666667	0
2.03956666666667	0
2.04040000000000	0
2.04123333333333	0
2.04206666666667	0
2.04290000000000	0
2.04373333333333	0
2.04456666666667	0
2.04540000000000	0
2.04623333333333	0
2.04706666666667	0
2.04790000000000	0
2.04873333333333	0
2.04956666666667	0
2.05040000000000	0
2.05123333333333	0
2.05206666666667	0
2.05290000000000	0
2.05373333333333	0
2.05456666666667	0
2.05540000000000	0
2.05623333333333	0
2.05708333333333	0
2.05791666666667	0
2.05875000000000	0
2.05958333333333	0
2.06041666666667	0
2.06125000000000	0
2.06208333333333	0
2.06291666666667	0
2.06375000000000	0
2.06458333333333	0
2.06541666666667	0
2.06625000000000	0
2.06708333333333	0
2.06791666666667	0
2.06875000000000	0
2.06958333333333	0
2.07040000000000	0
2.07123333333333	0
2.07206666666667	0
2.07290000000000	0
2.07375000000000	0
2.07458333333333	0
2.07541666666667	0
2.07625000000000	0
2.07708333333333	0
2.07791666666667	0
2.07875000000000	0
2.07958333333333	0
2.08041666666667	0
2.08125000000000	0
2.08208333333333	0
2.08291666666667	0
2.08375000000000	0
2.08458333333333	0
2.08541666666667	0
2.08625000000000	0
2.08708333333333	0
2.08791666666667	0
2.08875000000000	0
2.08958333333333	0
2.09041666666667	0
2.09126666666667	0
2.09210000000000	0
2.09293333333333	0
2.09376666666667	0
2.09460000000000	0
2.09543333333333	0
2.09626666666667	0
2.09710000000000	0
2.09793333333333	0
2.09876666666667	0
2.09960000000000	0
2.10043333333333	0
2.10126666666667	0
2.10210000000000	0
2.10293333333333	0
2.10376666666667	0
2.10460000000000	0
2.10543333333333	0
2.10626666666667	0
2.10710000000000	0
2.10795000000000	0
2.10878333333333	0
2.10961666666667	0
2.11045000000000	0
2.11128333333333	0
2.11211666666667	0
2.11295000000000	0
2.11378333333333	0
2.11461666666667	0
2.11545000000000	0
2.11628333333333	0
2.11711666666667	0
2.11795000000000	0
2.11878333333333	0
2.11961666666667	0
2.12045000000000	192
2.12128333333333	96
2.12211666666667	0
2.12295000000000	0
2.12378333333333	0
2.12461666666667	0
2.12546666666667	0
2.12630000000000	0
2.12713333333333	0
2.12796666666667	0
2.12880000000000	0
2.12963333333333	0
2.13046666666667	0
2.13130000000000	0
2.13213333333333	0
2.13296666666667	0
2.13380000000000	317
2.13463333333333	159
2.13546666666667	0
2.13630000000000	0
2.13713333333333	0
2.13796666666667	0
2.13880000000000	0
2.13963333333333	0
2.14046666666667	0
2.14130000000000	0
2.14215000000000	0
2.14298333333333	0
2.14381666666667	0
2.14465000000000	0
2.14548333333333	0
2.14631666666667	0
2.14715000000000	0
2.14798333333333	0
2.14881666666667	0
2.14965000000000	0
2.15048333333333	0
2.15131666666667	0
2.15215000000000	0
2.15298333333333	0
2.15381666666667	0
2.15465000000000	0
2.15548333333333	0
2.15631666666667	0
2.15715000000000	0
2.15798333333333	0
2.15881666666667	0
2.15966666666667	0
2.16050000000000	0
2.16133333333333	0
2.16216666666667	0
2.16300000000000	0
2.16383333333333	0
2.16466666666667	0
2.16550000000000	0
2.16633333333333	0
2.16716666666667	0
2.16800000000000	0
2.16883333333333	0
2.16966666666667	0
2.17050000000000	0
2.17133333333333	0
2.17216666666667	0
2.17300000000000	0
2.17383333333333	0
2.17466666666667	0
2.17550000000000	0
2.17635000000000	0
2.17718333333333	0
2.17801666666667	0
2.17885000000000	0
2.17968333333333	0
2.18051666666667	0
2.18135000000000	0
2.18218333333333	0
2.18301666666667	0
2.18385000000000	0
2.18468333333333	0
2.18551666666667	0
2.18635000000000	0
2.18718333333333	0
2.18801666666667	0
2.18885000000000	0
2.18968333333333	0
2.19051666666667	0
2.19135000000000	0
2.19218333333333	0
2.19301666666667	0
2.19386666666667	0
2.19470000000000	0
2.19553333333333	0
2.19636666666667	0
2.19720000000000	0
2.19803333333333	0
2.19886666666667	0
2.19970000000000	0
2.20053333333333	0
2.20136666666667	0
2.20220000000000	0
2.20303333333333	0
2.20386666666667	0
2.20470000000000	0
2.20553333333333	0
2.20636666666667	0
2.20720000000000	0
2.20803333333333	0
2.20886666666667	0
2.20970000000000	0
2.21055000000000	0
2.21138333333333	0
2.21221666666667	0
2.21305000000000	0
2.21388333333333	0
2.21471666666667	0
2.21555000000000	0
2.21638333333333	0
2.21721666666667	0
2.21805000000000	0
2.21888333333333	0
2.21971666666667	0
2.22055000000000	0
2.22138333333333	0
2.22221666666667	0
2.22305000000000	0
2.22388333333333	0
2.22471666666667	0
2.22555000000000	0
2.22638333333333	0
2.22721666666667	0
2.22806666666667	0
2.22890000000000	0
2.22973333333333	0
2.23056666666667	0
2.23140000000000	0
2.23223333333333	0
2.23306666666667	0
2.23390000000000	0
2.23473333333333	0
2.23556666666667	0
2.23640000000000	0
2.23723333333333	0
2.23806666666667	0
2.23890000000000	0
2.23973333333333	0
2.24056666666667	0
2.24140000000000	0
2.24223333333333	0
2.24306666666667	0
2.24390000000000	0
2.24475000000000	0
2.24558333333333	0
2.24641666666667	0
2.24725000000000	0
2.24808333333333	0
2.24891666666667	0
2.24975000000000	0
2.25058333333333	0
2.25141666666667	0
2.25225000000000	0
2.25308333333333	0
2.25391666666667	0
2.25475000000000	0
2.25558333333333	0
2.25641666666667	0
2.25725000000000	0
2.25808333333333	0
2.25891666666667	0
2.25975000000000	0
2.26058333333333	0
2.26141666666667	0
2.26226666666667	0
2.26310000000000	0
2.26393333333333	0
2.26476666666667	0
2.26560000000000	0
2.26643333333333	0
2.26726666666667	0
2.26810000000000	0
2.26893333333333	0
2.26976666666667	248
2.27060000000000	124
2.27143333333333	0
2.27226666666667	0
2.27310000000000	0
2.27393333333333	0
2.27476666666667	0
2.27560000000000	0
2.27643333333333	0
2.27726666666667	0
2.27810000000000	0
2.27895000000000	0
2.27978333333333	0
2.28061666666667	0
2.28145000000000	0
2.28228333333333	0
2.28311666666667	0
2.28395000000000	0
2.28478333333333	0
2.28561666666667	0
2.28645000000000	0
2.28728333333333	0
2.28811666666667	21
2.28895000000000	26
2.28978333333333	0
2.29061666666667	0
2.29145000000000	0
2.29228333333333	0
2.29311666666667	0
2.29395000000000	0
2.29478333333333	0
2.29561666666667	0
2.29646666666667	0
2.29730000000000	0
2.29813333333333	0
2.29896666666667	0
2.29980000000000	0
2.30063333333333	0
2.30146666666667	0
2.30230000000000	0
2.30313333333333	0
2.30396666666667	0
2.30480000000000	0
2.30563333333333	0
2.30646666666667	0
2.30730000000000	0
2.30813333333333	0
2.30896666666667	0
2.30980000000000	0
2.31063333333333	0
2.31146666666667	0
2.31230000000000	0
2.31315000000000	0
2.31398333333333	0
2.31481666666667	0
2.31565000000000	0
2.31648333333333	0
2.31731666666667	0
2.31815000000000	0
2.31898333333333	0
2.31981666666667	0
2.32065000000000	0
2.32148333333333	0
2.32231666666667	0
2.32315000000000	0
2.32396666666667	0
2.32480000000000	0
2.32563333333333	0
2.32646666666667	0
2.32730000000000	0
2.32813333333333	0
2.32896666666667	0
2.32980000000000	0
2.33065000000000	0
2.33148333333333	0
2.33231666666667	0
2.33315000000000	0
2.33398333333333	0
2.33481666666667	0
2.33565000000000	0
2.33648333333333	0
2.33731666666667	0
2.33815000000000	0
2.33898333333333	0
2.33981666666667	0
2.34065000000000	0
2.34148333333333	0
2.34231666666667	0
2.34315000000000	0
2.34398333333333	0
2.34481666666667	0
2.34565000000000	0
2.34648333333333	0
2.34733333333333	0
2.34816666666667	0
2.34900000000000	0
2.34983333333333	0
2.35066666666667	0
2.35150000000000	0
2.35233333333333	0
2.35316666666667	0
2.35400000000000	0
2.35483333333333	0
2.35566666666667	0
2.35650000000000	0
2.35733333333333	0
2.35816666666667	0
2.35900000000000	0
2.35983333333333	0
2.36066666666667	0
2.36150000000000	0
2.36233333333333	0
2.36316666666667	0
2.36400000000000	103
2.36485000000000	52
2.36568333333333	0
2.36651666666667	0
2.36735000000000	0
2.36818333333333	0
2.36901666666667	0
2.36985000000000	0
2.37068333333333	0
2.37151666666667	0
2.37235000000000	0
2.37318333333333	0
2.37401666666667	0
2.37485000000000	0
2.37568333333333	0
2.37651666666667	0
2.37735000000000	0
2.37818333333333	0
2.37901666666667	0
2.37985000000000	0
2.38068333333333	0
2.38153333333333	0
2.38236666666667	0
2.38320000000000	0
2.38403333333333	0
2.38486666666667	0
2.38570000000000	0
2.38653333333333	0
2.38736666666667	0
2.38820000000000	0
2.38903333333333	0
2.38986666666667	0
2.39070000000000	0
2.39153333333333	0
2.39236666666667	0
2.39320000000000	0
2.39403333333333	0
2.39486666666667	0
2.39570000000000	0
2.39653333333333	0
2.39736666666667	0
2.39820000000000	0
2.39905000000000	0
2.39988333333333	0
2.40071666666667	0
2.40155000000000	0
2.40238333333333	0
2.40321666666667	0
2.40405000000000	0
2.40488333333333	0
2.40571666666667	0
2.40655000000000	0
2.40738333333333	0
2.40821666666667	0
2.40905000000000	0
2.40988333333333	0
2.41071666666667	0
2.41155000000000	0
2.41238333333333	0
2.41321666666667	0
2.41405000000000	0
2.41488333333333	0
2.41573333333333	0
2.41656666666667	0
2.41740000000000	0
2.41823333333333	0
2.41906666666667	0
2.41990000000000	0
2.42073333333333	0
2.42156666666667	0
2.42240000000000	0
2.42323333333333	0
2.42406666666667	0
2.42490000000000	0
2.42573333333333	0
2.42656666666667	0
2.42740000000000	0
2.42823333333333	0
2.42906666666667	0
2.42990000000000	0
2.43073333333333	0
2.43156666666667	0
2.43238333333333	0
2.43323333333333	0
2.43406666666667	0
2.43490000000000	0
2.43573333333333	0
2.43656666666667	0
2.43740000000000	0
2.43823333333333	0
2.43906666666667	0
2.43990000000000	0
2.44073333333333	0
2.44156666666667	0
2.44240000000000	0
2.44323333333333	0
2.44406666666667	0
2.44490000000000	0
2.44573333333333	0
2.44656666666667	0
2.44740000000000	0
2.44823333333333	0
2.44906666666667	0
2.44991666666667	0
2.45075000000000	0
2.45158333333333	0
2.45241666666667	0
2.45325000000000	0
2.45408333333333	0
2.45491666666667	0
2.45575000000000	0
2.45658333333333	0
2.45741666666667	0
2.45825000000000	0
2.45908333333333	0
2.45991666666667	0
2.46075000000000	0
2.46158333333333	0
2.46241666666667	216
2.46325000000000	212
2.46408333333333	0
2.46491666666667	0
2.46575000000000	0
2.46658333333333	0
2.46743333333333	0
2.46826666666667	0
2.46910000000000	0
2.46993333333333	0
2.47076666666667	0
2.47160000000000	0
2.47243333333333	0
2.47326666666667	0
2.47410000000000	0
2.47493333333333	0
2.47576666666667	0
2.47660000000000	0
2.47743333333333	0
2.47826666666667	0
2.47910000000000	0
2.47993333333333	0
2.48076666666667	0
2.48160000000000	0
2.48243333333333	0
2.48326666666667	0
2.48411666666667	0
2.48495000000000	0
2.48578333333333	0
2.48661666666667	0
2.48745000000000	0
2.48828333333333	0
2.48911666666667	0
2.48995000000000	0
2.49078333333333	0
2.49161666666667	0
2.49245000000000	0
2.49328333333333	0
2.49411666666667	0
2.49495000000000	0
2.49578333333333	0
2.49661666666667	0
2.49745000000000	0
2.49828333333333	0
2.49911666666667	0
2.49995000000000	0
2.50078333333333	0
2.50163333333333	0
2.50246666666667	0
2.50330000000000	0
2.50413333333333	0
2.50496666666667	0
2.50580000000000	0
2.50663333333333	0
2.50746666666667	0
2.50830000000000	0
2.50913333333333	0
2.50996666666667	0
2.51080000000000	0
2.51163333333333	0
2.51246666666667	0
2.51328333333333	0
2.51411666666667	0
2.51495000000000	0
2.51578333333333	0
2.51661666666667	0
2.51745000000000	0
2.51830000000000	0
2.51913333333333	0
2.51996666666667	0
2.52080000000000	0
2.52163333333333	0
2.52246666666667	0
2.52330000000000	0
2.52413333333333	0
2.52496666666667	0
2.52580000000000	0
2.52663333333333	0
2.52746666666667	0
2.52830000000000	0
2.52913333333333	0
2.52996666666667	0
2.53080000000000	0
2.53163333333333	0
2.53246666666667	0
2.53330000000000	0
2.53413333333333	0
2.53496666666667	0
2.53581666666667	0
2.53665000000000	0
2.53748333333333	0
2.53831666666667	0
2.53915000000000	0
2.53998333333333	0
2.54081666666667	0
2.54165000000000	0
2.54248333333333	0
2.54331666666667	0
2.54415000000000	0
2.54498333333333	0
2.54581666666667	0
2.54665000000000	0
2.54748333333333	0
2.54831666666667	0
2.54915000000000	0
2.54998333333333	0
2.55081666666667	0
2.55165000000000	0
2.55250000000000	0
2.55333333333333	0
2.55416666666667	0
2.55500000000000	0
2.55583333333333	0
2.55666666666667	0
2.55750000000000	0
2.55833333333333	0
2.55916666666667	0
2.56000000000000	0
2.56083333333333	0
2.56166666666667	0
2.56250000000000	0
2.56333333333333	0
2.56416666666667	0
2.56500000000000	0
2.56583333333333	0
2.56666666666667	0
2.56750000000000	0
2.56833333333333	0
2.56916666666667	0
2.57001666666667	0
2.57085000000000	0
2.57168333333333	0
2.57251666666667	0
2.57335000000000	0
2.57418333333333	0
2.57501666666667	0
2.57585000000000	0
2.57668333333333	0
2.57751666666667	0
2.57835000000000	0
2.57918333333333	0
2.58001666666667	0
2.58085000000000	0
2.58168333333333	0
2.58251666666667	0
2.58335000000000	0
2.58418333333333	0
2.58501666666667	0
2.58585000000000	0
2.58670000000000	0
2.58753333333333	0
2.58836666666667	0
2.58920000000000	0
2.59003333333333	0
2.59086666666667	0
2.59170000000000	0
2.59253333333333	0
2.59336666666667	0
2.59420000000000	0
2.59503333333333	0
2.59586666666667	0
2.59670000000000	0
2.59753333333333	0
2.59836666666667	0
2.59920000000000	0
2.60003333333333	0
2.60086666666667	0
2.60170000000000	0
2.60253333333333	0
2.60336666666667	0
2.60421666666667	0
2.60505000000000	0
2.60588333333333	0
2.60671666666667	0
2.60755000000000	0
2.60838333333333	0
2.60921666666667	0
2.61005000000000	0
2.61088333333333	0
2.61171666666667	0
2.61255000000000	0
2.61338333333333	0
2.61421666666667	0
2.61505000000000	0
2.61588333333333	0
2.61671666666667	0
2.61755000000000	0
2.61838333333333	0
2.61921666666667	0
2.62005000000000	0
2.62090000000000	0
2.62173333333333	0
2.62256666666667	0
2.62340000000000	0
2.62423333333333	0
2.62506666666667	0
2.62590000000000	0
2.62673333333333	0
2.62756666666667	0
2.62840000000000	0
2.62923333333333	0
2.63006666666667	0
2.63090000000000	0
2.63173333333333	0
2.63256666666667	0
2.63338333333333	0
2.63421666666667	0
2.63505000000000	0
2.63588333333333	0
2.63671666666667	0
2.63755000000000	0
2.63840000000000	0
2.63923333333333	0
2.64006666666667	0
2.64090000000000	0
2.64173333333333	0
2.64256666666667	0
2.64340000000000	0
2.64423333333333	0
2.64506666666667	0
2.64590000000000	0
2.64673333333333	0
2.64756666666667	0
2.64840000000000	0
2.64923333333333	0
2.65006666666667	0
2.65090000000000	0
2.65173333333333	0
2.65256666666667	0
2.65340000000000	0
2.65423333333333	0
2.65508333333333	0
2.65591666666667	0
2.65675000000000	0
2.65758333333333	0
2.65841666666667	0
2.65925000000000	0
2.66008333333333	0
2.66091666666667	0
2.66175000000000	0
2.66258333333333	0
2.66341666666667	0
2.66425000000000	0
2.66508333333333	0
2.66591666666667	0
2.66675000000000	0
2.66758333333333	0
2.66841666666667	0
2.66925000000000	0
2.67008333333333	0
2.67091666666667	0
2.67175000000000	0
2.67260000000000	0
2.67343333333333	0
2.67426666666667	0
2.67510000000000	0
2.67593333333333	0
2.67676666666667	0
2.67760000000000	0
2.67843333333333	0
2.67926666666667	0
2.68010000000000	0
2.68093333333333	0
2.68176666666667	0
2.68260000000000	0
2.68343333333333	0
2.68426666666667	0
2.68510000000000	0
2.68593333333333	0
2.68676666666667	0
2.68760000000000	143
2.68843333333333	704
2.68928333333333	873
2.69011666666667	0
2.69095000000000	0
2.69178333333333	0
2.69261666666667	0
2.69345000000000	0
2.69428333333333	393
2.69511666666667	196
2.69595000000000	0
2.69678333333333	0
2.69761666666667	0
2.69845000000000	0
2.69928333333333	0
2.70011666666667	0
2.70095000000000	0
2.70178333333333	0
2.70261666666667	0
2.70345000000000	0
2.70428333333333	0
2.70511666666667	0
2.70595000000000	0
2.70680000000000	0
2.70763333333333	0
2.70846666666667	0
2.70930000000000	0
2.71013333333333	161
2.71096666666667	81
2.71180000000000	0
2.71263333333333	0
2.71346666666667	0
2.71430000000000	0
2.71513333333333	0
2.71596666666667	0
2.71680000000000	0
2.71763333333333	0
2.71846666666667	0
2.71930000000000	0
2.72013333333333	0
2.72096666666667	0
2.72180000000000	0
2.72263333333333	0
2.72348333333333	0
2.72431666666667	0
2.72515000000000	0
2.72598333333333	0
2.72681666666667	0
2.72765000000000	0
2.72848333333333	0
2.72931666666667	0
2.73015000000000	0
2.73098333333333	0
2.73181666666667	7
2.73265000000000	4
2.73348333333333	0
2.73431666666667	0
2.73515000000000	0
2.73598333333333	0
2.73681666666667	0
2.73765000000000	0
2.73846666666667	0
2.73930000000000	0
2.74013333333333	0
2.74098333333333	0
2.74181666666667	0
2.74265000000000	52
2.74348333333333	26
2.74431666666667	0
2.74515000000000	0
2.74598333333333	0
2.74681666666667	0
2.74765000000000	15
2.74848333333333	14
2.74931666666667	0
2.75015000000000	0
2.75098333333333	0
2.75181666666667	0
2.75265000000000	0
2.75348333333333	0
2.75431666666667	0
2.75515000000000	0
2.75598333333333	0
2.75681666666667	0
2.75766666666667	0
2.75850000000000	0
2.75933333333333	0
2.76016666666667	0
2.76100000000000	0
2.76183333333333	0
2.76266666666667	0
2.76350000000000	0
2.76433333333333	0
2.76516666666667	0
2.76600000000000	0
2.76683333333333	0
2.76766666666667	0
2.76850000000000	0
2.76933333333333	0
2.77016666666667	0
2.77100000000000	0
2.77183333333333	0
2.77266666666667	0
2.77350000000000	0
2.77433333333333	0
2.77518333333333	0
2.77601666666667	0
2.77685000000000	0
2.77768333333333	0
2.77851666666667	0
2.77935000000000	0
2.78018333333333	0
2.78101666666667	0
2.78185000000000	0
2.78268333333333	0
2.78351666666667	0
2.78435000000000	0
2.78518333333333	0
2.78601666666667	0
2.78685000000000	0
2.78768333333333	0
2.78851666666667	0
2.78935000000000	0
2.79018333333333	0
2.79101666666667	0
2.79186666666667	0
2.79270000000000	0
2.79353333333333	0
2.79436666666667	0
2.79520000000000	0
2.79603333333333	0
2.79686666666667	0
2.79770000000000	0
2.79853333333333	0
2.79936666666667	0
2.80020000000000	0
2.80103333333333	0
2.80186666666667	0
2.80270000000000	0
2.80353333333333	0
2.80436666666667	0
2.80520000000000	0
2.80603333333333	0
2.80685000000000	0
2.80768333333333	0
2.80851666666667	0
2.80936666666667	0
2.81020000000000	0
2.81103333333333	0
2.81186666666667	0
2.81270000000000	0
2.81353333333333	0
2.81436666666667	0
2.81520000000000	0
2.81603333333333	0
2.81686666666667	0
2.81770000000000	0
2.81853333333333	0
2.81936666666667	0
2.82020000000000	0
2.82103333333333	0
2.82186666666667	0
2.82270000000000	0
2.82353333333333	0
2.82436666666667	0
2.82520000000000	0
2.82605000000000	0
2.82688333333333	0
2.82771666666667	0
2.82855000000000	0
2.82938333333333	0
2.83021666666667	0
2.83105000000000	0
2.83188333333333	0
2.83271666666667	0
2.83355000000000	0
2.83438333333333	0
2.83521666666667	0
2.83605000000000	0
2.83688333333333	0
2.83771666666667	0
2.83855000000000	0
2.83938333333333	0
2.84021666666667	0
2.84105000000000	0
2.84188333333333	0
2.84271666666667	0
2.84356666666667	0
2.84440000000000	0
2.84523333333333	0
2.84606666666667	0
2.84690000000000	0
2.84773333333333	0
2.84856666666667	0
2.84940000000000	0
2.85023333333333	0
2.85106666666667	0
2.85190000000000	223
2.85273333333333	183
2.85356666666667	0
2.85440000000000	0
2.85523333333333	0
2.85606666666667	0
2.85690000000000	0
2.85773333333333	0
2.85856666666667	0
2.85940000000000	0
2.86025000000000	0
2.86108333333333	0
2.86191666666667	0
2.86275000000000	0
2.86358333333333	0
2.86441666666667	0
2.86525000000000	31
2.86608333333333	15
2.86691666666667	0
2.86775000000000	0
2.86858333333333	0
2.86941666666667	0
2.87025000000000	0
2.87108333333333	0
2.87191666666667	0
2.87275000000000	0
2.87358333333333	0
2.87441666666667	0
2.87525000000000	0
2.87608333333333	0
2.87691666666667	0
2.87776666666667	0
2.87860000000000	0
2.87943333333333	0
2.88026666666667	0
2.88110000000000	0
2.88193333333333	0
2.88276666666667	0
2.88360000000000	0
2.88443333333333	0
2.88526666666667	0
2.88610000000000	0
2.88693333333333	0
2.88776666666667	0
2.88860000000000	0
2.88943333333333	0
2.89026666666667	0
2.89110000000000	0
2.89193333333333	0
2.89276666666667	0
2.89360000000000	0
2.89445000000000	0
2.89528333333333	511
2.89611666666667	474
2.89695000000000	0
2.89778333333333	83
2.89861666666667	0
2.89945000000000	0
2.90028333333333	0
2.90111666666667	0
2.90195000000000	0
2.90278333333333	0
2.90361666666667	0
2.90445000000000	0
2.90528333333333	0
2.90610000000000	0
2.90693333333333	0
2.90776666666667	0
2.90860000000000	0
2.90943333333333	0
2.91026666666667	0
2.91110000000000	0
2.91195000000000	0
2.91278333333333	0
2.91361666666667	0
2.91445000000000	0
2.91528333333333	0
2.91611666666667	0
2.91695000000000	0
2.91778333333333	0
2.91861666666667	0
2.91945000000000	0
2.92028333333333	0
2.92111666666667	0
2.92195000000000	0
2.92278333333333	0
2.92361666666667	0
2.92445000000000	0
2.92528333333333	0
2.92611666666667	0
2.92695000000000	0
2.92778333333333	0
2.92863333333333	0
2.92946666666667	0
2.93030000000000	0
2.93113333333333	0
2.93196666666667	0
2.93280000000000	0
2.93363333333333	0
2.93446666666667	0
2.93530000000000	0
2.93613333333333	0
2.93696666666667	0
2.93780000000000	0
2.93863333333333	0
2.93946666666667	0
2.94030000000000	0
2.94113333333333	0
2.94196666666667	0
2.94280000000000	0
2.94363333333333	459
2.94446666666667	503
2.94530000000000	179
2.94615000000000	0
2.94698333333333	0
2.94781666666667	0
2.94865000000000	0
2.94948333333333	0
2.95031666666667	0
2.95115000000000	0
2.95198333333333	0
2.95281666666667	0
2.95365000000000	0
2.95448333333333	0
2.95531666666667	0
2.95615000000000	0
2.95698333333333	0
2.95781666666667	0
2.95865000000000	0
2.95948333333333	0
2.96031666666667	0
2.96115000000000	0
2.96198333333333	0
2.96283333333333	0
2.96366666666667	0
2.96450000000000	0
2.96533333333333	0
2.96616666666667	0
2.96700000000000	0
2.96783333333333	0
2.96866666666667	0
2.96950000000000	0
2.97033333333333	0
2.97116666666667	0
2.97200000000000	0
2.97283333333333	0
2.97366666666667	0
2.97450000000000	0
2.97533333333333	0
2.97616666666667	0
2.97700000000000	0
2.97781666666667	0
2.97865000000000	0
2.97948333333333	0
2.98033333333333	0
2.98116666666667	0
2.98200000000000	0
2.98283333333333	0
2.98366666666667	0
2.98450000000000	0
2.98533333333333	0
2.98616666666667	0
2.98700000000000	0
2.98783333333333	0
2.98866666666667	0
2.98950000000000	0
2.99033333333333	0
2.99116666666667	0
2.99200000000000	0
2.99283333333333	0
2.99366666666667	0
2.99450000000000	0
2.99533333333333	0
2.99616666666667	0
2.99701666666667	0
2.99785000000000	0
2.99868333333333	0
2.99951666666667	0
