0.50081666666667	0
0.50165000000000	0
0.50248333333333	0
0.50331666666667	0
0.50415000000000	0
0.50498333333333	0
0.50581666666667	0
0.50665000000000	0
0.50748333333333	0
0.50831666666667	0
0.50915000000000	0
0.50998333333333	0
0.51081666666667	0
0.51165000000000	0
0.51248333333333	0
0.51331666666667	0
0.51415000000000	0
0.51498333333333	0
0.51581666666667	0
0.51665000000000	0
0.51748333333333	0
0.51833333333333	0
0.51916666666667	0
0.52000000000000	0
0.52083333333333	0
0.52166666666667	0
0.52250000000000	0
0.52333333333333	0
0.52416666666667	0
0.52500000000000	0
0.52583333333333	0
0.52666666666667	0
0.52750000000000	0
0.52833333333333	0
0.52916666666667	0
0.53000000000000	0
0.53083333333333	0
0.53165000000000	0
0.53248333333333	0
0.53331666666667	0
0.53415000000000	0
0.53500000000000	0
0.53583333333333	0
0.53666666666667	0
0.53750000000000	0
0.53833333333333	0
0.53916666666667	0
0.54000000000000	0
0.54083333333333	0
0.54166666666667	0
0.54250000000000	0
0.54333333333333	0
0.54416666666667	0
0.54500000000000	0
0.54583333333333	0
0.54666666666667	0
0.54750000000000	0
0.54833333333333	0
0.54916666666667	0
0.55000000000000	0
0.55083333333333	0
0.55166666666667	0
0.55251666666667	0
0.55335000000000	0
0.55418333333333	0
0.55501666666667	0
0.55585000000000	0
0.55668333333333	0
0.55751666666667	0
0.55835000000000	0
0.55918333333333	0
0.56001666666667	0
0.56085000000000	0
0.56168333333333	0
0.56251666666667	0
0.56335000000000	0
0.56418333333333	0
0.56501666666667	0
0.56585000000000	0
0.56668333333333	0
0.56751666666667	0
0.56835000000000	0
0.56920000000000	0
0.57003333333333	0
0.57086666666667	0
0.57170000000000	0
0.57253333333333	0
0.57336666666667	0
0.57420000000000	0
0.57503333333333	0
0.57586666666667	0
0.57670000000000	0
0.57753333333333	0
0.57836666666667	0
0.57920000000000	0
0.58003333333333	0
0.58086666666667	0
0.58170000000000	0
0.58253333333333	0
0.58336666666667	0
0.58420000000000	0
0.58503333333333	0
0.58586666666667	0
0.58671666666667	0
0.58755000000000	0
0.58838333333333	0
0.58921666666667	0
0.59005000000000	0
0.59088333333333	0
0.59171666666667	0
0.59255000000000	0
0.59338333333333	0
0.59421666666667	0
0.59505000000000	0
0.59588333333333	0
0.59671666666667	0
0.59755000000000	0
0.59838333333333	0
0.59921666666667	0
0.60005000000000	0
0.60088333333333	0
0.60171666666667	0
0.60255000000000	0
0.60340000000000	0
0.60423333333333	0
0.60506666666667	0
0.60590000000000	0
0.60673333333333	0
0.60756666666667	0
0.60840000000000	0
0.60923333333333	0
0.61006666666667	0
0.61090000000000	0
0.61173333333333	0
0.61256666666667	0
0.61340000000000	0
0.61423333333333	0
0.61506666666667	0
0.61590000000000	0
0.61673333333333	0
0.61756666666667	0
0.61840000000000	0
0.61921666666667	0
0.62005000000000	0
0.62090000000000	0
0.62173333333333	0
0.62256666666667	0
0.62340000000000	0
0.62423333333333	0
0.62506666666667	0
0.62590000000000	0
0.62673333333333	0
0.62756666666667	0
0.62840000000000	0
0.62923333333333	0
0.63006666666667	0
0.63090000000000	0
0.63173333333333	0
0.63256666666667	0
0.63340000000000	0
0.63423333333333	0
0.63506666666667	0
0.63590000000000	0
0.63673333333333	0
0.63758333333333	0
0.63841666666667	0
0.63925000000000	0
0.64008333333333	0
0.64091666666667	0
0.64175000000000	0
0.64258333333333	0
0.64341666666667	0
0.64425000000000	0
0.64508333333333	0
0.64591666666667	0
0.64675000000000	0
0.64758333333333	0
0.64841666666667	0
0.64925000000000	0
0.65008333333333	0
0.65091666666667	0
0.65175000000000	0
0.65258333333333	0
0.65341666666667	0
0.65425000000000	0
0.65510000000000	0
0.65593333333333	0
0.65676666666667	0
0.65760000000000	0
0.65843333333333	0
0.65926666666667	0
0.66010000000000	0
0.66093333333333	0
0.66176666666667	0
0.66260000000000	0
0.66343333333333	0
0.66426666666667	0
0.66510000000000	0
0.66593333333333	0
0.66676666666667	0
0.66760000000000	0
0.66843333333333	0
0.66926666666667	0
0.67010000000000	0
0.67093333333333	0
0.67178333333333	0
0.67261666666667	0
0.67345000000000	0
0.67428333333333	0
0.67511666666667	0
0.67595000000000	0
0.67678333333333	0
0.67761666666667	0
0.67845000000000	0
0.67928333333333	0
0.68011666666667	0
0.68095000000000	0
0.68178333333333	0
0.68261666666667	0
0.68345000000000	0
0.68428333333333	0
0.68511666666667	0
0.68595000000000	0
0.68678333333333	0
0.68761666666667	0
0.68845000000000	0
0.68930000000000	0
0.69013333333333	0
0.69096666666667	0
0.69180000000000	0
0.69263333333333	0
0.69346666666667	0
0.69430000000000	0
0.69513333333333	0
0.69596666666667	0
0.69680000000000	0
0.69763333333333	0
0.69846666666667	0
0.69930000000000	0
0.70013333333333	0
0.70096666666667	0
0.70180000000000	0
0.70263333333333	0
0.70346666666667	0
0.70430000000000	0
0.70513333333333	0
0.70598333333333	0
0.70681666666667	0
0.70765000000000	0
0.70848333333333	0
0.70931666666667	0
0.71015000000000	0
0.71098333333333	0
0.71181666666667	0
0.71265000000000	0
0.71348333333333	0
0.71431666666667	14
0.71515000000000	7
0.71598333333333	0
0.71681666666667	0
0.71765000000000	0
0.71848333333333	0
0.71931666666667	0
0.72015000000000	0
0.72098333333333	0
0.72181666666667	0
0.72265000000000	0
0.72350000000000	0
0.72433333333333	0
0.72516666666667	0
0.72600000000000	0
0.72683333333333	0
0.72766666666667	0
0.72850000000000	0
0.72933333333333	0
0.73016666666667	0
0.73100000000000	0
0.73183333333333	0
0.73266666666667	0
0.73350000000000	23
0.73433333333333	11
0.73516666666667	0
0.73600000000000	0
0.73683333333333	0
0.73765000000000	0
0.73848333333333	0
0.73931666666667	0
0.74016666666667	0
0.74100000000000	0
0.74183333333333	0
0.74266666666667	0
0.74350000000000	0
0.74433333333333	0
0.74516666666667	0
0.74600000000000	0
0.74683333333333	0
0.74766666666667	0
0.74850000000000	0
0.74933333333333	0
0.75016666666667	0
0.75100000000000	0
0.75183333333333	0
0.75266666666667	0
0.75350000000000	0
0.75433333333333	0
0.75516666666667	0
0.75600000000000	0
0.75683333333333	0
0.75768333333333	0
0.75851666666667	0
0.75935000000000	0
0.76018333333333	0
0.76101666666667	0
0.76185000000000	0
0.76268333333333	0
0.76351666666667	0
0.76435000000000	0
0.76518333333333	0
0.76601666666667	0
0.76685000000000	0
0.76768333333333	0
0.76851666666667	0
0.76935000000000	0
0.77018333333333	0
0.77101666666667	0
0.77185000000000	0
0.77268333333333	0
0.77351666666667	0
0.77436666666667	0
0.77520000000000	0
0.77603333333333	0
0.77686666666667	0
0.77770000000000	0
0.77853333333333	0
0.77936666666667	0
0.78020000000000	0
0.78103333333333	0
0.78186666666667	0
0.78270000000000	0
0.78353333333333	0
0.78436666666667	0
0.78520000000000	0
0.78603333333333	0
0.78686666666667	0
0.78770000000000	0
0.78853333333333	0
0.78936666666667	0
0.79020000000000	0
0.79103333333333	0
0.79188333333333	0
0.79271666666667	0
0.79355000000000	0
0.79438333333333	0
0.79521666666667	0
0.79605000000000	0
0.79688333333333	0
0.79771666666667	0
0.79855000000000	0
0.79938333333333	0
0.80021666666667	0
0.80105000000000	0
0.80188333333333	0
0.80271666666667	0
0.80355000000000	0
0.80438333333333	0
0.80521666666667	0
0.80605000000000	0
0.80688333333333	0
0.80771666666667	0
0.80856666666667	0
0.80940000000000	0
0.81023333333333	0
0.81106666666667	0
0.81190000000000	0
0.81273333333333	0
0.81356666666667	0
0.81440000000000	0
0.81523333333333	0
0.81606666666667	0
0.81690000000000	0
0.81771666666667	0
0.81855000000000	0
0.81938333333333	0
0.82021666666667	0
0.82105000000000	0
0.82188333333333	0
0.82271666666667	0
0.82355000000000	0
0.82438333333333	0
0.82521666666667	0
0.82606666666667	0
0.82690000000000	0
0.82773333333333	0
0.82856666666667	0
0.82940000000000	0
0.83023333333333	0
0.83106666666667	0
0.83190000000000	0
0.83273333333333	0
0.83356666666667	0
0.83440000000000	0
0.83523333333333	0
0.83606666666667	0
0.83690000000000	0
0.83773333333333	0
0.83856666666667	0
0.83940000000000	0
0.84023333333333	0
0.84106666666667	0
0.84190000000000	0
0.84275000000000	0
0.84358333333333	0
0.84441666666667	0
0.84525000000000	0
0.84608333333333	0
0.84691666666667	0
0.84775000000000	0
0.84858333333333	0
0.84941666666667	0
0.85025000000000	0
0.85108333333333	0
0.85191666666667	0
0.85275000000000	0
0.85358333333333	0
0.85441666666667	0
0.85525000000000	0
0.85608333333333	0
0.85691666666667	0
0.85775000000000	0
0.85858333333333	0
0.85941666666667	0
0.86026666666667	0
0.86110000000000	0
0.86193333333333	0
0.86276666666667	0
0.86360000000000	0
0.86443333333333	0
0.86526666666667	0
0.86610000000000	0
0.86693333333333	0
0.86776666666667	0
0.86860000000000	0
0.86943333333333	0
0.87026666666667	0
0.87110000000000	0
0.87193333333333	0
0.87276666666667	0
0.87360000000000	0
0.87443333333333	0
0.87526666666667	0
0.87610000000000	0
0.87695000000000	0
0.87778333333333	0
0.87861666666667	0
0.87945000000000	0
0.88028333333333	0
0.88111666666667	0
0.88195000000000	0
0.88278333333333	0
0.88361666666667	0
0.88445000000000	0
0.88528333333333	0
0.88611666666667	0
0.88695000000000	0
0.88778333333333	0
0.88861666666667	0
0.88945000000000	0
0.89028333333333	0
0.89110000000000	0
0.89193333333333	0
0.89276666666667	0
0.89360000000000	0
0.89445000000000	0
0.89528333333333	0
0.89611666666667	0
0.89695000000000	0
0.89778333333333	0
0.89861666666667	0
0.89945000000000	0
0.90028333333333	0
0.90111666666667	0
0.90195000000000	0
0.90278333333333	0
0.90361666666667	0
0.90445000000000	0
0.90528333333333	0
0.90611666666667	0
0.90695000000000	0
0.90778333333333	0
0.90861666666667	0
0.90945000000000	0
0.91028333333333	0
0.91113333333333	0
0.91196666666667	0
0.91280000000000	0
0.91363333333333	0
0.91446666666667	0
0.91530000000000	0
0.91613333333333	0
0.91696666666667	0
0.91780000000000	0
0.91863333333333	0
0.91946666666667	0
0.92030000000000	0
0.92113333333333	0
0.92196666666667	0
0.92280000000000	0
0.92363333333333	0
0.92446666666667	0
0.92530000000000	0
0.92613333333333	0
0.92696666666667	0
0.92780000000000	0
0.92865000000000	0
0.92948333333333	0
0.93031666666667	0
0.93115000000000	0
0.93198333333333	0
0.93281666666667	0
0.93365000000000	0
0.93448333333333	0
0.93531666666667	0
0.93615000000000	0
0.93698333333333	0
0.93781666666667	0
0.93865000000000	0
0.93948333333333	0
0.94031666666667	0
0.94115000000000	0
0.94198333333333	0
0.94281666666667	0
0.94365000000000	0
0.94448333333333	0
0.94533333333333	0
0.94616666666667	0
0.94700000000000	0
0.94783333333333	0
0.94866666666667	0
0.94950000000000	0
0.95033333333333	0
0.95116666666667	0
0.95200000000000	0
0.95283333333333	0
0.95366666666667	0
0.95450000000000	0
0.95533333333333	0
0.95616666666667	0
0.95700000000000	0
0.95783333333333	0
0.95866666666667	0
0.95950000000000	0
0.96031666666667	0
0.96115000000000	0
0.96198333333333	0
0.96283333333333	0
0.96366666666667	0
0.96450000000000	0
0.96533333333333	0
0.96616666666667	0
0.96700000000000	149
0.96783333333333	298
0.96866666666667	245
0.96950000000000	434
0.97033333333333	0
0.97116666666667	0
0.97200000000000	0
0.97283333333333	0
0.97366666666667	0
0.97450000000000	0
0.97533333333333	0
0.97616666666667	0
0.97700000000000	0
0.97783333333333	0
0.97866666666667	303
0.97951666666667	293
0.98035000000000	0
0.98118333333333	0
0.98201666666667	0
0.98285000000000	0
0.98368333333333	0
0.98451666666667	0
0.98535000000000	0
0.98618333333333	0
0.98701666666667	0
0.98785000000000	0
0.98868333333333	0
0.98951666666667	0
0.99035000000000	0
0.99118333333333	0
0.99201666666667	0
0.99285000000000	0
0.99368333333333	14
0.99451666666667	19
0.99535000000000	501
0.99618333333333	421
0.99703333333333	110
0.99786666666667	0
0.99870000000000	0
0.99953333333333	0
1.00036666666667	0
1.00120000000000	0
1.00203333333333	0
1.00286666666667	0
1.00370000000000	0
1.00453333333333	0
1.00536666666667	0
1.00620000000000	0
1.00703333333333	0
1.00786666666667	0
1.00870000000000	0
1.00953333333333	0
1.01036666666667	0
1.01120000000000	0
1.01203333333333	0
1.01286666666667	0
1.01371666666667	481
1.01455000000000	444
1.01538333333333	616
1.01621666666667	534
1.01705000000000	452
1.01788333333333	0
1.01871666666667	218
1.01955000000000	330
1.02038333333333	282
1.02121666666667	0
1.02205000000000	0
1.02288333333333	0
1.02371666666667	0
1.02455000000000	0
1.02538333333333	0
1.02621666666667	0
1.02705000000000	0
1.02788333333333	282
1.02871666666667	565
1.02953333333333	482
1.03036666666667	44
1.03121666666667	0
1.03205000000000	0
1.03288333333333	81
1.03371666666667	163
1.03455000000000	309
1.03538333333333	455
1.03621666666667	412
1.03705000000000	368
1.03788333333333	0
1.03871666666667	798
1.03955000000000	804
1.04038333333333	0
1.04121666666667	242
1.04205000000000	892
1.04288333333333	1055
1.04371666666667	337
1.04455000000000	832
1.04538333333333	886
1.04621666666667	75
1.04705000000000	0
1.04790000000000	698
1.04873333333333	617
1.04956666666667	817
1.05040000000000	645
1.05123333333333	658
1.05206666666667	671
1.05290000000000	642
1.05373333333333	614
1.05456666666667	702
1.05540000000000	328
1.05623333333333	701
1.05706666666667	409
1.05790000000000	0
1.05873333333333	919
1.05956666666667	795
1.06040000000000	681
1.06123333333333	1149
1.06206666666667	1141
1.06290000000000	1134
1.06373333333333	484
1.06456666666667	1723
1.06541666666667	1466
1.06625000000000	1209
1.06708333333333	1118
1.06791666666667	957
1.06875000000000	713
1.06958333333333	469
1.07041666666667	679
1.07125000000000	898
1.07208333333333	1118
1.07291666666667	1457
1.07375000000000	1418
1.07458333333333	1380
1.07541666666667	1225
1.07625000000000	1350
1.07708333333333	1447
1.07791666666667	1412
1.07875000000000	1448
1.07958333333333	1792
1.08041666666667	2135
1.08125000000000	496
1.08210000000000	465
1.08293333333333	1741
1.08376666666667	1203
1.08460000000000	1546
1.08543333333333	1538
1.08626666666667	1529
1.08710000000000	1919
1.08793333333333	1842
1.08876666666667	1765
1.08960000000000	2278
1.09043333333333	2791
1.09126666666667	3120
1.09210000000000	3449
1.09293333333333	5345
1.09376666666667	5692
1.09460000000000	6040
1.09543333333333	7073
1.09625000000000	8780
1.09708333333333	9028
1.09791666666667	7656
1.09875000000000	6991
1.09960000000000	15636
1.10043333333333	19708
1.10126666666667	16256
1.10210000000000	13872
1.10293333333333	21040
1.10376666666667	22244
1.10460000000000	19716
1.10543333333333	20788
1.10626666666667	21860
1.10710000000000	20044
1.10793333333333	30336
1.10876666666667	28688
1.10960000000000	24044
1.11043333333333	19400
1.11126666666667	29424
1.11210000000000	35504
1.11293333333333	28772
1.11376666666667	28980
1.11460000000000	29308
1.11543333333333	29632
1.11628333333333	30924
1.11711666666667	30580
1.11795000000000	30232
1.11878333333333	26464
1.11961666666667	22696
1.12045000000000	25460
1.12128333333333	18324
1.12211666666667	22552
1.12295000000000	21140
1.12378333333333	19728
1.12461666666667	26324
1.12545000000000	27740
1.12628333333333	23032
1.12711666666667	15896
1.12795000000000	24140
1.12878333333333	15508
1.12961666666667	20776
1.13045000000000	9696
1.13128333333333	17364
1.13211666666667	18608
1.13295000000000	12940
1.13380000000000	14968
1.13463333333333	15336
1.13546666666667	15704
1.13630000000000	16560
1.13713333333333	17416
1.13796666666667	14328
1.13880000000000	17116
1.13963333333333	20336
1.14046666666667	20216
1.14130000000000	12584
1.14213333333333	13800
1.14296666666667	12020
1.14380000000000	11140
1.14463333333333	10256
1.14546666666667	9324
1.14630000000000	8392
1.14713333333333	11632
1.14796666666667	13896
1.14880000000000	12184
1.14963333333333	15900
1.15048333333333	8268
1.15131666666667	9912
1.15215000000000	6271
1.15298333333333	5401
1.15381666666667	11096
1.15465000000000	9720
1.15548333333333	12068
1.15631666666667	10828
1.15715000000000	9592
1.15798333333333	9868
1.15881666666667	9592
1.15965000000000	10828
1.16048333333333	4965
1.16131666666667	2400
1.16215000000000	7636
1.16298333333333	4188
1.16381666666667	5664
1.16465000000000	7944
1.16548333333333	8708
1.16631666666667	6403
1.16715000000000	6308
1.16800000000000	10012
1.16883333333333	4625
1.16966666666667	9820
1.17050000000000	3498
1.17133333333333	5659
1.17216666666667	4968
1.17300000000000	4859
1.17383333333333	4751
1.17466666666667	4716
1.17550000000000	4681
1.17633333333333	4369
1.17716666666667	4057
1.17800000000000	4223
1.17883333333333	4390
1.17966666666667	2250
1.18050000000000	2643
1.18133333333333	2953
1.18216666666667	3484
1.18300000000000	3148
1.18383333333333	2813
1.18468333333333	1899
1.18551666666667	3963
1.18635000000000	4840
1.18718333333333	5608
1.18801666666667	2533
1.18885000000000	2889
1.18968333333333	1584
1.19051666666667	1860
1.19135000000000	2136
1.19218333333333	2335
1.19301666666667	1694
1.19385000000000	1750
1.19468333333333	1807
1.19551666666667	1869
1.19635000000000	1930
1.19718333333333	3318
1.19801666666667	4017
1.19885000000000	4716
1.19968333333333	2826
1.20051666666667	3266
1.20135000000000	1687
1.20220000000000	2440
1.20303333333333	1235
1.20386666666667	2057
1.20470000000000	2295
1.20553333333333	2532
1.20636666666667	2868
1.20720000000000	3205
1.20803333333333	1414
1.20886666666667	1873
1.20970000000000	2266
1.21053333333333	1458
1.21136666666667	650
1.21220000000000	945
1.21301666666667	409
1.21385000000000	966
1.21468333333333	1678
1.21551666666667	1168
1.21635000000000	658
1.21718333333333	812
1.21801666666667	1170
1.21886666666667	200
1.21970000000000	1083
1.22053333333333	1234
1.22136666666667	1102
1.22220000000000	526
1.22303333333333	1806
1.22386666666667	2194
1.22470000000000	2117
1.22553333333333	2326
1.22636666666667	1042
1.22720000000000	1050
1.22803333333333	1162
1.22886666666667	1221
1.22970000000000	1280
1.23053333333333	937
1.23136666666667	679
1.23220000000000	0
1.23303333333333	411
1.23386666666667	821
1.23470000000000	605
1.23553333333333	1387
1.23638333333333	1127
1.23721666666667	867
1.23805000000000	843
1.23888333333333	613
1.23971666666667	383
1.24055000000000	0
1.24138333333333	0
1.24221666666667	486
1.24305000000000	612
1.24388333333333	738
1.24471666666667	1093
1.24555000000000	0
1.24638333333333	395
1.24721666666667	252
1.24805000000000	380
1.24888333333333	423
1.24971666666667	0
1.25055000000000	300
1.25138333333333	1532
1.25221666666667	1265
1.25306666666667	0
1.25390000000000	0
1.25473333333333	0
1.25556666666667	558
1.25640000000000	526
1.25723333333333	494
1.25806666666667	0
1.25890000000000	108
1.25973333333333	217
1.26056666666667	0
1.26140000000000	0
1.26223333333333	0
1.26306666666667	287
1.26390000000000	392
1.26473333333333	498
1.26556666666667	210
1.26640000000000	655
1.26723333333333	0
1.26806666666667	677
1.26890000000000	434
1.26973333333333	192
1.27058333333333	689
1.27141666666667	0
1.27225000000000	302
1.27308333333333	390
1.27391666666667	958
1.27475000000000	801
1.27558333333333	0
1.27641666666667	0
1.27725000000000	348
1.27808333333333	0
1.27891666666667	423
1.27975000000000	0
1.28058333333333	363
1.28141666666667	0
1.28225000000000	0
1.28308333333333	0
1.28391666666667	165
1.28475000000000	221
1.28558333333333	278
1.28641666666667	448
1.28726666666667	496
1.28810000000000	700
1.28893333333333	0
1.28976666666667	113
1.29060000000000	226
1.29143333333333	0
1.29226666666667	301
1.29310000000000	177
1.29393333333333	0
1.29476666666667	0
1.29560000000000	0
1.29643333333333	0
1.29726666666667	0
1.29810000000000	0
1.29893333333333	0
1.29976666666667	0
1.30060000000000	0
1.30143333333333	0
1.30226666666667	0
1.30310000000000	0
1.30393333333333	116
1.30478333333333	58
1.30561666666667	0
1.30645000000000	0
1.30728333333333	0
1.30811666666667	0
1.30895000000000	0
1.30978333333333	155
1.31061666666667	310
1.31145000000000	410
1.31228333333333	0
1.31311666666667	307
1.31395000000000	348
1.31478333333333	357
1.31561666666667	0
1.31645000000000	0
1.31728333333333	20
1.31811666666667	14
1.31895000000000	0
1.31978333333333	0
1.32061666666667	0
1.32146666666667	0
1.32230000000000	0
1.32313333333333	0
1.32396666666667	0
1.32480000000000	0
1.32563333333333	0
1.32646666666667	0
1.32730000000000	0
1.32813333333333	294
1.32896666666667	400
1.32980000000000	238
1.33063333333333	0
1.33146666666667	0
1.33230000000000	0
1.33311666666667	0
1.33395000000000	0
1.33478333333333	0
1.33561666666667	0
1.33645000000000	0
1.33728333333333	0
1.33811666666667	0
1.33896666666667	0
1.33980000000000	0
1.34063333333333	0
1.34146666666667	0
1.34230000000000	0
1.34313333333333	0
1.34396666666667	288
1.34480000000000	144
1.34563333333333	0
1.34646666666667	0
1.34730000000000	0
1.34813333333333	0
1.34896666666667	0
1.34980000000000	0
1.35063333333333	0
1.35146666666667	0
1.35230000000000	0
1.35313333333333	0
1.35396666666667	0
1.35480000000000	0
1.35565000000000	0
1.35648333333333	0
1.35731666666667	0
1.35815000000000	0
1.35898333333333	0
1.35981666666667	0
1.36065000000000	0
1.36148333333333	0
1.36231666666667	0
1.36315000000000	0
1.36398333333333	0
1.36481666666667	0
1.36565000000000	0
1.36648333333333	0
1.36731666666667	0
1.36815000000000	0
1.36898333333333	0
1.36981666666667	0
1.37065000000000	0
1.37148333333333	0
1.37231666666667	0
1.37316666666667	0
1.37400000000000	0
1.37483333333333	0
1.37566666666667	0
1.37650000000000	0
1.37733333333333	0
1.37816666666667	0
1.37900000000000	0
1.37983333333333	0
1.38066666666667	0
1.38150000000000	0
1.38233333333333	0
1.38316666666667	0
1.38400000000000	0
1.38483333333333	0
1.38566666666667	0
1.38650000000000	0
1.38733333333333	0
1.38816666666667	0
1.38900000000000	0
1.38985000000000	0
1.39068333333333	0
1.39151666666667	352
1.39235000000000	176
1.39318333333333	0
1.39401666666667	0
1.39485000000000	0
1.39568333333333	0
1.39651666666667	0
1.39735000000000	0
1.39818333333333	0
1.39901666666667	0
1.39985000000000	0
1.40068333333333	0
1.40151666666667	0
1.40235000000000	0
1.40318333333333	14
1.40401666666667	275
1.40485000000000	242
1.40568333333333	0
1.40651666666667	0
1.40736666666667	0
1.40820000000000	0
1.40903333333333	0
1.40986666666667	0
1.41070000000000	0
1.41153333333333	0
1.41236666666667	0
1.41320000000000	0
1.41403333333333	0
1.41486666666667	0
1.41570000000000	0
1.41653333333333	0
1.41736666666667	0
1.41820000000000	0
1.41903333333333	0
1.41986666666667	0
1.42070000000000	0
1.42151666666667	0
1.42235000000000	0
1.42318333333333	0
1.42403333333333	0
1.42486666666667	0
1.42570000000000	14
1.42653333333333	7
1.42736666666667	0
1.42820000000000	0
1.42903333333333	0
1.42986666666667	0
1.43070000000000	0
1.43153333333333	0
1.43236666666667	0
1.43320000000000	0
1.43403333333333	0
1.43486666666667	0
1.43570000000000	0
1.43653333333333	0
1.43736666666667	0
1.43820000000000	0
1.43903333333333	0
1.43986666666667	0
1.44070000000000	0
1.44155000000000	0
1.44238333333333	0
1.44321666666667	0
1.44405000000000	0
1.44488333333333	0
1.44571666666667	0
1.44655000000000	0
1.44738333333333	0
1.44821666666667	0
1.44905000000000	0
1.44988333333333	0
1.45071666666667	0
1.45155000000000	0
1.45238333333333	0
1.45321666666667	0
1.45405000000000	0
1.45488333333333	0
1.45571666666667	0
1.45655000000000	0
1.45738333333333	0
1.45823333333333	0
1.45906666666667	0
1.45990000000000	0
1.46073333333333	0
1.46156666666667	0
1.46240000000000	0
1.46323333333333	0
1.46406666666667	0
1.46490000000000	0
1.46573333333333	0
1.46656666666667	0
1.46740000000000	0
1.46823333333333	0
1.46906666666667	0
1.46990000000000	0
1.47073333333333	0
1.47156666666667	0
1.47240000000000	0
1.47323333333333	0
1.47406666666667	0
1.47490000000000	0
1.47575000000000	0
1.47658333333333	0
1.47741666666667	0
1.47825000000000	0
1.47908333333333	0
1.47991666666667	0
1.48075000000000	0
1.48158333333333	0
1.48241666666667	0
1.48325000000000	0
1.48408333333333	0
1.48491666666667	0
1.48575000000000	0
1.48658333333333	0
1.48741666666667	0
1.48825000000000	0
1.48908333333333	0
1.48991666666667	0
1.49075000000000	0
1.49158333333333	328
1.49243333333333	416
1.49326666666667	0
1.49410000000000	0
1.49493333333333	0
1.49576666666667	0
1.49660000000000	0
1.49743333333333	0
1.49826666666667	0
1.49910000000000	0
1.49993333333333	0
1.50076666666667	0
1.50160000000000	0
1.50243333333333	0
1.50326666666667	0
1.50410000000000	0
1.50493333333333	0
1.50576666666667	0
1.50660000000000	0
1.50743333333333	0
1.50826666666667	0
1.50910000000000	0
1.50995000000000	0
1.51078333333333	0
1.51161666666667	0
1.51245000000000	0
1.51328333333333	13
1.51411666666667	26
1.51495000000000	42
1.51578333333333	58
1.51661666666667	0
1.51745000000000	0
1.51828333333333	0
1.51911666666667	0
1.51995000000000	0
1.52078333333333	0
1.52161666666667	0
1.52245000000000	0
1.52328333333333	0
1.52411666666667	0
1.52495000000000	0
1.52578333333333	0
1.52663333333333	0
1.52746666666667	0
1.52830000000000	0
1.52913333333333	0
1.52996666666667	0
1.53080000000000	0
1.53163333333333	0
1.53246666666667	0
1.53330000000000	0
1.53413333333333	0
1.53496666666667	0
1.53580000000000	0
1.53663333333333	0
1.53746666666667	0
1.53830000000000	0
1.53913333333333	0
1.53996666666667	0
1.54080000000000	0
1.54163333333333	0
1.54246666666667	0
1.54330000000000	0
1.54415000000000	0
1.54498333333333	0
1.54581666666667	63
1.54665000000000	32
1.54748333333333	0
1.54831666666667	0
1.54915000000000	0
1.54998333333333	0
1.55081666666667	0
1.55165000000000	0
1.55248333333333	0
1.55331666666667	0
1.55415000000000	0
1.55498333333333	0
1.55581666666667	0
1.55665000000000	0
1.55748333333333	0
1.55831666666667	0
1.55915000000000	0
1.55998333333333	0
1.56083333333333	0
1.56166666666667	0
1.56250000000000	0
1.56333333333333	0
1.56416666666667	0
1.56500000000000	0
1.56583333333333	0
1.56666666666667	0
1.56750000000000	0
1.56833333333333	0
1.56916666666667	0
1.57000000000000	0
1.57083333333333	0
1.57166666666667	0
1.57250000000000	0
1.57333333333333	0
1.57416666666667	0
1.57500000000000	0
1.57583333333333	0
1.57666666666667	539
1.57750000000000	942
1.57835000000000	672
1.57918333333333	0
1.58001666666667	269
1.58085000000000	0
1.58168333333333	0
1.58251666666667	0
1.58335000000000	0
1.58418333333333	0
1.58501666666667	0
1.58585000000000	0
1.58668333333333	0
1.58751666666667	0
1.58835000000000	0
1.58918333333333	0
1.59001666666667	0
1.59085000000000	0
1.59168333333333	0
1.59251666666667	0
1.59335000000000	0
1.59416666666667	0
1.59501666666667	0
1.59585000000000	0
1.59668333333333	0
1.59751666666667	0
1.59835000000000	0
1.59918333333333	0
1.60001666666667	0
1.60085000000000	0
1.60168333333333	0
1.60251666666667	0
1.60335000000000	0
1.60418333333333	0
1.60501666666667	0
1.60585000000000	0
1.60668333333333	0
1.60751666666667	0
1.60835000000000	0
1.60918333333333	0
1.61001666666667	0
1.61085000000000	0
1.61168333333333	0
1.61253333333333	0
1.61336666666667	0
1.61420000000000	0
1.61503333333333	0
1.61586666666667	0
1.61670000000000	0
1.61753333333333	0
1.61836666666667	0
1.61920000000000	0
1.62003333333333	0
1.62086666666667	0
1.62170000000000	0
1.62253333333333	0
1.62336666666667	0
1.62420000000000	0
1.62503333333333	0
1.62586666666667	0
1.62670000000000	0
1.62753333333333	0
1.62836666666667	0
1.62921666666667	0
1.63005000000000	0
1.63088333333333	0
1.63171666666667	0
1.63255000000000	0
1.63338333333333	0
1.63421666666667	0
1.63505000000000	0
1.63588333333333	0
1.63671666666667	0
1.63755000000000	0
1.63838333333333	0
1.63921666666667	0
1.64005000000000	0
1.64088333333333	0
1.64171666666667	0
1.64255000000000	0
1.64338333333333	0
1.64421666666667	0
1.64505000000000	0
1.64588333333333	0
1.64673333333333	0
1.64756666666667	0
1.64840000000000	0
1.64923333333333	0
1.65006666666667	0
1.65090000000000	0
1.65173333333333	0
1.65256666666667	0
1.65340000000000	0
1.65423333333333	0
1.65506666666667	0
1.65590000000000	0
1.65673333333333	0
1.65756666666667	0
1.65840000000000	0
1.65923333333333	0
1.66006666666667	0
1.66090000000000	0
1.66173333333333	0
1.66256666666667	0
1.66341666666667	0
1.66425000000000	0
1.66508333333333	0
1.66591666666667	0
1.66675000000000	0
1.66758333333333	0
1.66841666666667	0
1.66925000000000	0
1.67008333333333	0
1.67091666666667	0
1.67175000000000	0
1.67258333333333	0
1.67341666666667	0
1.67425000000000	0
1.67508333333333	0
1.67591666666667	0
1.67675000000000	0
1.67758333333333	0
1.67841666666667	0
1.67925000000000	0
1.68008333333333	0
1.68093333333333	0
1.68176666666667	0
1.68260000000000	0
1.68343333333333	0
1.68426666666667	0
1.68510000000000	0
1.68593333333333	0
1.68676666666667	0
1.68760000000000	0
1.68843333333333	0
1.68926666666667	0
1.69010000000000	0
1.69093333333333	0
1.69176666666667	0
1.69260000000000	0
1.69343333333333	0
1.69425000000000	0
1.69508333333333	0
1.69591666666667	0
1.69675000000000	0
1.69760000000000	0
1.69843333333333	0
1.69926666666667	0
1.70010000000000	0
1.70093333333333	0
1.70176666666667	0
1.70260000000000	0
1.70343333333333	0
1.70426666666667	0
1.70510000000000	0
1.70593333333333	0
1.70676666666667	0
1.70760000000000	0
1.70843333333333	0
1.70926666666667	0
1.71010000000000	0
1.71093333333333	0
1.71176666666667	0
1.71260000000000	0
1.71343333333333	0
1.71426666666667	0
1.71511666666667	0
1.71595000000000	0
1.71678333333333	0
1.71761666666667	0
1.71845000000000	0
1.71928333333333	0
1.72011666666667	0
1.72095000000000	0
1.72178333333333	0
1.72261666666667	0
1.72345000000000	0
1.72428333333333	0
1.72511666666667	0
1.72595000000000	0
1.72678333333333	0
1.72761666666667	0
1.72845000000000	0
1.72928333333333	0
1.73011666666667	0
1.73095000000000	0
1.73180000000000	0
1.73263333333333	0
1.73346666666667	0
1.73430000000000	0
1.73513333333333	0
1.73596666666667	0
1.73680000000000	0
1.73763333333333	0
1.73846666666667	0
1.73930000000000	0
1.74013333333333	0
1.74096666666667	0
1.74180000000000	0
1.74263333333333	15
1.74346666666667	14
1.74430000000000	0
1.74513333333333	0
1.74596666666667	0
1.74680000000000	0
1.74763333333333	0
1.74846666666667	0
1.74931666666667	0
1.75015000000000	0
1.75098333333333	0
1.75181666666667	0
1.75265000000000	0
1.75348333333333	0
1.75431666666667	0
1.75515000000000	0
1.75598333333333	0
1.75681666666667	0
1.75765000000000	0
1.75848333333333	0
1.75931666666667	0
1.76015000000000	0
1.76098333333333	0
1.76181666666667	0
1.76265000000000	0
1.76348333333333	0
1.76431666666667	0
1.76515000000000	0
1.76600000000000	0
1.76683333333333	0
1.76766666666667	0
1.76850000000000	0
1.76933333333333	0
1.77016666666667	0
1.77100000000000	7
1.77183333333333	4
1.77266666666667	0
1.77350000000000	0
1.77433333333333	0
1.77516666666667	0
1.77600000000000	0
1.77683333333333	0
1.77766666666667	0
1.77850000000000	190
1.77933333333333	95
1.78016666666667	0
1.78100000000000	0
1.78183333333333	0
1.78266666666667	0
1.78351666666667	0
1.78435000000000	0
1.78518333333333	0
1.78601666666667	0
1.78685000000000	0
1.78768333333333	0
1.78851666666667	0
1.78935000000000	0
1.79018333333333	0
1.79101666666667	0
1.79185000000000	0
1.79268333333333	0
1.79351666666667	0
1.79435000000000	0
1.79518333333333	0
1.79601666666667	0
1.79685000000000	0
1.79766666666667	0
1.79850000000000	0
1.79933333333333	0
1.80018333333333	0
1.80101666666667	0
1.80185000000000	0
1.80268333333333	0
1.80351666666667	0
1.80435000000000	0
1.80518333333333	0
1.80601666666667	0
1.80685000000000	0
1.80768333333333	0
1.80851666666667	0
1.80935000000000	0
1.81018333333333	0
1.81101666666667	0
1.81185000000000	0
1.81268333333333	0
1.81351666666667	0
1.81435000000000	0
1.81518333333333	0
1.81601666666667	0
1.81685000000000	0
1.81770000000000	0
1.81853333333333	0
1.81936666666667	0
1.82020000000000	0
1.82103333333333	0
1.82186666666667	0
1.82270000000000	0
1.82353333333333	0
1.82436666666667	0
1.82520000000000	0
1.82603333333333	0
1.82686666666667	0
1.82770000000000	0
1.82853333333333	0
1.82936666666667	0
1.83020000000000	0
1.83103333333333	0
1.83186666666667	0
1.83270000000000	0
1.83353333333333	0
1.83438333333333	0
1.83521666666667	0
1.83605000000000	0
1.83688333333333	0
1.83771666666667	0
1.83855000000000	0
1.83938333333333	0
1.84021666666667	0
1.84105000000000	0
1.84188333333333	0
1.84271666666667	0
1.84355000000000	0
1.84438333333333	0
1.84521666666667	0
1.84605000000000	0
1.84688333333333	0
1.84771666666667	0
1.84855000000000	0
1.84938333333333	0
1.85021666666667	0
1.85105000000000	0
1.85190000000000	0
1.85273333333333	0
1.85356666666667	0
1.85440000000000	0
1.85523333333333	0
1.85606666666667	0
1.85690000000000	0
1.85773333333333	0
1.85856666666667	0
1.85940000000000	0
1.86023333333333	0
1.86106666666667	0
1.86190000000000	0
1.86273333333333	0
1.86356666666667	0
1.86440000000000	0
1.86523333333333	0
1.86606666666667	0
1.86690000000000	0
1.86773333333333	0
1.86858333333333	0
1.86941666666667	0
1.87025000000000	0
1.87108333333333	0
1.87191666666667	0
1.87275000000000	0
1.87358333333333	0
1.87441666666667	0
1.87525000000000	0
1.87608333333333	0
1.87691666666667	0
1.87775000000000	0
1.87858333333333	0
1.87941666666667	0
1.88025000000000	0
1.88108333333333	0
1.88191666666667	0
1.88275000000000	0
1.88358333333333	0
1.88441666666667	0
1.88525000000000	0
1.88610000000000	0
1.88693333333333	0
1.88776666666667	0
1.88860000000000	0
1.88943333333333	0
1.89026666666667	0
1.89110000000000	0
1.89193333333333	0
1.89276666666667	0
1.89360000000000	0
1.89443333333333	0
1.89526666666667	0
1.89610000000000	0
1.89693333333333	0
1.89776666666667	0
1.89860000000000	0
1.89941666666667	0
1.90025000000000	0
1.90108333333333	0
1.90191666666667	0
1.90276666666667	0
1.90360000000000	0
1.90443333333333	0
1.90526666666667	0
1.90610000000000	0
1.90693333333333	0
1.90776666666667	0
1.90860000000000	0
1.90943333333333	0
1.91026666666667	0
1.91110000000000	0
1.91193333333333	0
1.91276666666667	0
1.91360000000000	0
1.91443333333333	0
1.91526666666667	0
1.91610000000000	0
1.91693333333333	0
1.91776666666667	0
1.91860000000000	0
1.91943333333333	0
1.92028333333333	0
1.92111666666667	0
1.92195000000000	0
1.92278333333333	0
1.92361666666667	0
1.92445000000000	0
1.92528333333333	0
1.92611666666667	0
1.92695000000000	0
1.92778333333333	0
1.92861666666667	0
1.92945000000000	0
1.93028333333333	0
1.93111666666667	0
1.93195000000000	0
1.93278333333333	0
1.93361666666667	0
1.93445000000000	0
1.93528333333333	0
1.93611666666667	0
1.93696666666667	0
1.93780000000000	0
1.93863333333333	0
1.93946666666667	0
1.94030000000000	0
1.94113333333333	0
1.94196666666667	0
1.94280000000000	0
1.94363333333333	0
1.94446666666667	0
1.94530000000000	0
1.94613333333333	0
1.94696666666667	0
1.94780000000000	505
1.94863333333333	454
1.94946666666667	0
1.95030000000000	14
1.95113333333333	0
1.95196666666667	0
1.95280000000000	0
1.95363333333333	0
1.95448333333333	0
1.95531666666667	0
1.95615000000000	0
1.95698333333333	0
1.95781666666667	0
1.95865000000000	0
1.95948333333333	0
1.96031666666667	0
1.96115000000000	0
1.96198333333333	0
1.96281666666667	0
1.96365000000000	0
1.96448333333333	0
1.96531666666667	0
1.96615000000000	0
1.96698333333333	0
1.96781666666667	0
1.96865000000000	0
1.96948333333333	0
1.97031666666667	0
1.97116666666667	0
1.97200000000000	0
1.97283333333333	0
1.97366666666667	0
1.97450000000000	0
1.97533333333333	0
1.97616666666667	0
1.97700000000000	0
1.97783333333333	0
1.97866666666667	0
1.97950000000000	0
1.98031666666667	0
1.98115000000000	0
1.98198333333333	0
1.98281666666667	0
1.98365000000000	0
1.98448333333333	0
1.98531666666667	0
1.98615000000000	0
1.98698333333333	0
1.98781666666667	0
1.98866666666667	0
1.98950000000000	0
1.99033333333333	0
1.99116666666667	0
1.99200000000000	0
1.99283333333333	0
1.99366666666667	0
1.99450000000000	0
1.99533333333333	0
1.99616666666667	0
1.99700000000000	0
1.99783333333333	0
1.99866666666667	0
1.99950000000000	0
2.00033333333333	0
2.00116666666667	0
2.00200000000000	0
2.00283333333333	0
2.00366666666667	0
2.00450000000000	0
2.00535000000000	0
2.00618333333333	0
2.00701666666667	0
2.00785000000000	0
2.00868333333333	0
2.00951666666667	0
2.01035000000000	0
2.01118333333333	0
2.01201666666667	0
2.01285000000000	0
2.01368333333333	0
2.01451666666667	0
2.01535000000000	0
2.01618333333333	0
2.01701666666667	0
2.01785000000000	0
2.01868333333333	0
2.01951666666667	0
2.02035000000000	0
2.02118333333333	0
2.02201666666667	0
2.02286666666667	0
2.02370000000000	0
2.02453333333333	0
2.02536666666667	0
2.02620000000000	0
2.02703333333333	0
2.02786666666667	0
2.02870000000000	0
2.02953333333333	0
2.03036666666667	0
2.03120000000000	0
2.03203333333333	0
2.03286666666667	0
2.03370000000000	0
2.03453333333333	0
2.03536666666667	0
2.03620000000000	0
2.03703333333333	0
2.03786666666667	0
2.03870000000000	0
2.03955000000000	0
2.04038333333333	0
2.04121666666667	0
2.04205000000000	0
2.04288333333333	0
2.04371666666667	0
2.04455000000000	0
2.04538333333333	0
2.04621666666667	0
2.04705000000000	0
2.04788333333333	0
2.04871666666667	0
2.04955000000000	0
2.05038333333333	0
2.05121666666667	0
2.05205000000000	0
2.05286666666667	0
2.05370000000000	0
2.05453333333333	0
2.05536666666667	0
2.05620000000000	0
2.05705000000000	0
2.05788333333333	0
2.05871666666667	0
2.05955000000000	0
2.06038333333333	0
2.06121666666667	0
2.06205000000000	0
2.06288333333333	0
2.06371666666667	0
2.06455000000000	0
2.06538333333333	0
2.06621666666667	0
2.06705000000000	0
2.06788333333333	0
2.06871666666667	0
2.06955000000000	0
2.07038333333333	0
2.07121666666667	0
2.07205000000000	0
2.07288333333333	0
2.07373333333333	0
2.07456666666667	0
2.07540000000000	0
2.07623333333333	0
2.07706666666667	0
2.07790000000000	0
2.07873333333333	0
2.07956666666667	0
2.08040000000000	0
2.08123333333333	0
2.08206666666667	0
2.08290000000000	0
2.08373333333333	0
2.08456666666667	0
2.08540000000000	0
2.08623333333333	0
2.08706666666667	0
2.08790000000000	0
2.08873333333333	0
2.08956666666667	0
2.09040000000000	0
2.09125000000000	0
2.09208333333333	0
2.09291666666667	0
2.09375000000000	0
2.09458333333333	0
2.09541666666667	0
2.09625000000000	0
2.09708333333333	0
2.09791666666667	0
2.09875000000000	0
2.09958333333333	0
2.10041666666667	0
2.10125000000000	0
2.10208333333333	0
2.10291666666667	0
2.10375000000000	0
2.10458333333333	0
2.10541666666667	0
2.10625000000000	0
2.10708333333333	0
2.10793333333333	0
2.10876666666667	0
2.10960000000000	0
2.11043333333333	0
2.11126666666667	0
2.11210000000000	0
2.11293333333333	0
2.11376666666667	0
2.11460000000000	0
2.11543333333333	0
2.11626666666667	0
2.11710000000000	0
2.11793333333333	0
2.11876666666667	0
2.11960000000000	0
2.12043333333333	0
2.12126666666667	0
2.12210000000000	0
2.12293333333333	0
2.12376666666667	0
2.12460000000000	0
2.12545000000000	0
2.12628333333333	0
2.12711666666667	0
2.12795000000000	0
2.12878333333333	0
2.12961666666667	0
2.13045000000000	0
2.13128333333333	0
2.13211666666667	0
2.13295000000000	0
2.13378333333333	0
2.13461666666667	0
2.13545000000000	0
2.13628333333333	0
2.13711666666667	0
2.13795000000000	0
2.13878333333333	0
2.13961666666667	0
2.14045000000000	0
2.14128333333333	0
2.14213333333333	0
2.14296666666667	0
2.14380000000000	0
2.14463333333333	0
2.14546666666667	0
2.14630000000000	0
2.14713333333333	0
2.14796666666667	0
2.14880000000000	0
2.14963333333333	0
2.15046666666667	0
2.15130000000000	0
2.15213333333333	0
2.15296666666667	0
2.15380000000000	0
2.15463333333333	0
2.15546666666667	0
2.15630000000000	0
2.15713333333333	0
2.15796666666667	0
2.15880000000000	0
2.15965000000000	0
2.16048333333333	0
2.16131666666667	0
2.16215000000000	0
2.16298333333333	0
2.16381666666667	0
2.16465000000000	0
2.16548333333333	0
2.16631666666667	0
2.16715000000000	0
2.16798333333333	0
2.16881666666667	0
2.16965000000000	0
2.17048333333333	0
2.17131666666667	0
2.17215000000000	0
2.17298333333333	0
2.17381666666667	0
2.17465000000000	0
2.17548333333333	0
2.17633333333333	0
2.17716666666667	0
2.17800000000000	0
2.17883333333333	0
2.17966666666667	0
2.18050000000000	0
2.18133333333333	0
2.18216666666667	0
2.18300000000000	0
2.18383333333333	0
2.18466666666667	0
2.18550000000000	0
2.18633333333333	0
2.18716666666667	0
2.18800000000000	0
2.18883333333333	0
2.18966666666667	0
2.19050000000000	0
2.19133333333333	0
2.19216666666667	0
2.19300000000000	0
2.19385000000000	0
2.19468333333333	0
2.19551666666667	0
2.19635000000000	0
2.19718333333333	0
2.19801666666667	0
2.19885000000000	0
2.19968333333333	0
2.20051666666667	0
2.20135000000000	0
2.20218333333333	0
2.20301666666667	0
2.20385000000000	0
2.20468333333333	0
2.20551666666667	0
2.20635000000000	0
2.20718333333333	0
2.20801666666667	0
2.20885000000000	0
2.20968333333333	0
2.21053333333333	0
2.21136666666667	0
2.21220000000000	0
2.21303333333333	0
2.21386666666667	0
2.21470000000000	0
2.21553333333333	0
2.21636666666667	0
2.21720000000000	0
2.21803333333333	0
2.21886666666667	0
2.21970000000000	0
2.22053333333333	0
2.22136666666667	0
2.22220000000000	0
2.22303333333333	0
2.22386666666667	0
2.22470000000000	0
2.22553333333333	0
2.22636666666667	0
2.22720000000000	0
2.22805000000000	0
2.22888333333333	0
2.22971666666667	0
2.23055000000000	0
2.23138333333333	0
2.23221666666667	0
2.23305000000000	0
2.23388333333333	0
2.23471666666667	0
2.23555000000000	0
2.23638333333333	0
2.23721666666667	0
2.23803333333333	0
2.23886666666667	0
2.23970000000000	0
2.24053333333333	0
2.24136666666667	0
2.24220000000000	0
2.24303333333333	0
2.24386666666667	0
2.24471666666667	0
2.24555000000000	0
2.24638333333333	0
2.24721666666667	0
2.24805000000000	0
2.24888333333333	0
2.24971666666667	0
2.25055000000000	0
2.25138333333333	0
2.25221666666667	0
2.25305000000000	0
2.25388333333333	0
2.25471666666667	0
2.25555000000000	0
2.25638333333333	0
2.25721666666667	0
2.25805000000000	0
2.25888333333333	0
2.25971666666667	0
2.26055000000000	0
2.26138333333333	0
2.26223333333333	0
2.26306666666667	0
2.26390000000000	0
2.26473333333333	0
2.26556666666667	0
2.26640000000000	0
2.26723333333333	0
2.26806666666667	0
2.26890000000000	0
2.26973333333333	0
2.27056666666667	0
2.27140000000000	0
2.27223333333333	0
2.27306666666667	0
2.27390000000000	0
2.27473333333333	0
2.27556666666667	0
2.27640000000000	0
2.27723333333333	0
2.27806666666667	0
2.27891666666667	0
2.27975000000000	0
2.28058333333333	0
2.28141666666667	0
2.28225000000000	0
2.28308333333333	0
2.28391666666667	0
2.28475000000000	0
2.28558333333333	0
2.28641666666667	0
2.28725000000000	0
2.28808333333333	0
2.28891666666667	0
2.28975000000000	0
2.29058333333333	0
2.29141666666667	0
2.29225000000000	0
2.29308333333333	0
2.29391666666667	0
2.29475000000000	0
2.29558333333333	0
2.29643333333333	0
2.29726666666667	0
2.29810000000000	0
2.29893333333333	0
2.29976666666667	0
2.30060000000000	0
2.30143333333333	0
2.30226666666667	0
2.30310000000000	0
2.30393333333333	0
2.30476666666667	0
2.30560000000000	0
2.30643333333333	0
2.30726666666667	0
2.30810000000000	0
2.30893333333333	0
2.30976666666667	0
2.31060000000000	0
2.31143333333333	0
2.31226666666667	0
2.31311666666667	63
2.31395000000000	32
2.31478333333333	0
2.31561666666667	0
2.31645000000000	0
2.31728333333333	0
2.31811666666667	0
2.31895000000000	0
2.31978333333333	0
2.32061666666667	0
2.32145000000000	0
2.32228333333333	0
2.32311666666667	0
2.32395000000000	0
2.32478333333333	0
2.32561666666667	0
2.32645000000000	0
2.32728333333333	0
2.32811666666667	0
2.32893333333333	0
2.32976666666667	0
2.33061666666667	0
2.33145000000000	0
2.33228333333333	0
2.33311666666667	0
2.33395000000000	0
2.33478333333333	0
2.33561666666667	0
2.33645000000000	0
2.33728333333333	0
2.33811666666667	0
2.33895000000000	0
2.33978333333333	0
2.34061666666667	0
2.34145000000000	0
2.34228333333333	0
2.34311666666667	0
2.34395000000000	0
2.34478333333333	0
2.34561666666667	0
2.34645000000000	0
2.34730000000000	0
2.34813333333333	0
2.34896666666667	0
2.34980000000000	0
2.35063333333333	0
2.35146666666667	0
2.35230000000000	0
2.35313333333333	0
2.35396666666667	0
2.35480000000000	0
2.35563333333333	363
2.35646666666667	337
2.35730000000000	0
2.35813333333333	0
2.35896666666667	383
2.35980000000000	0
2.36063333333333	0
2.36146666666667	0
2.36230000000000	0
2.36313333333333	0
2.36396666666667	0
2.36481666666667	0
2.36565000000000	0
2.36648333333333	0
2.36731666666667	0
2.36815000000000	0
2.36898333333333	0
2.36981666666667	0
2.37065000000000	0
2.37148333333333	0
2.37231666666667	0
2.37315000000000	0
2.37398333333333	0
2.37481666666667	0
2.37565000000000	0
2.37648333333333	0
2.37731666666667	0
2.37815000000000	0
2.37898333333333	0
2.37981666666667	0
2.38065000000000	0
2.38150000000000	0
2.38233333333333	0
2.38316666666667	0
2.38400000000000	0
2.38483333333333	0
2.38566666666667	0
2.38650000000000	0
2.38733333333333	0
2.38816666666667	0
2.38900000000000	0
2.38983333333333	0
2.39066666666667	0
2.39150000000000	0
2.39233333333333	0
2.39316666666667	0
2.39400000000000	0
2.39483333333333	0
2.39566666666667	0
2.39650000000000	0
2.39733333333333	0
2.39816666666667	0
2.39901666666667	0
2.39985000000000	0
2.40068333333333	0
2.40151666666667	0
2.40235000000000	0
2.40318333333333	0
2.40401666666667	0
2.40485000000000	0
2.40568333333333	0
2.40651666666667	0
2.40735000000000	0
2.40818333333333	0
2.40901666666667	0
2.40985000000000	0
2.41068333333333	0
2.41151666666667	0
2.41235000000000	0
2.41318333333333	0
2.41401666666667	0
2.41485000000000	0
2.41570000000000	0
2.41653333333333	0
2.41736666666667	0
2.41820000000000	0
2.41903333333333	0
2.41986666666667	0
2.42070000000000	0
2.42153333333333	0
2.42236666666667	0
2.42320000000000	0
2.42403333333333	0
2.42486666666667	0
2.42570000000000	0
2.42653333333333	0
2.42736666666667	0
2.42820000000000	0
2.42901666666667	0
2.42985000000000	0
2.43068333333333	0
2.43151666666667	0
2.43235000000000	0
2.43320000000000	0
2.43403333333333	0
2.43486666666667	0
2.43570000000000	0
2.43653333333333	0
2.43736666666667	0
2.43820000000000	0
2.43903333333333	0
2.43986666666667	0
2.44070000000000	0
2.44153333333333	0
2.44236666666667	0
2.44320000000000	0
2.44403333333333	0
2.44486666666667	0
2.44570000000000	0
2.44653333333333	0
2.44736666666667	0
2.44820000000000	0
2.44903333333333	0
2.44988333333333	0
2.45071666666667	0
2.45155000000000	0
2.45238333333333	0
2.45321666666667	0
2.45405000000000	0
2.45488333333333	0
2.45571666666667	0
2.45655000000000	0
2.45738333333333	0
2.45821666666667	0
2.45905000000000	0
2.45988333333333	0
2.46071666666667	0
2.46155000000000	0
2.46238333333333	0
2.46321666666667	0
2.46405000000000	0
2.46488333333333	0
2.46571666666667	0
2.46655000000000	0
2.46740000000000	0
2.46823333333333	0
2.46906666666667	0
2.46990000000000	0
2.47073333333333	0
2.47156666666667	0
2.47240000000000	0
2.47323333333333	0
2.47406666666667	0
2.47490000000000	0
2.47573333333333	0
2.47656666666667	0
2.47740000000000	0
2.47823333333333	0
2.47906666666667	0
2.47990000000000	0
2.48073333333333	0
2.48156666666667	0
2.48240000000000	0
2.48323333333333	0
2.48408333333333	0
2.48491666666667	0
2.48575000000000	0
2.48658333333333	0
2.48741666666667	0
2.48825000000000	0
2.48908333333333	0
2.48991666666667	0
2.49075000000000	0
2.49158333333333	0
2.49241666666667	0
2.49325000000000	0
2.49408333333333	0
2.49491666666667	0
2.49575000000000	0
2.49658333333333	0
2.49741666666667	0
2.49825000000000	0
2.49908333333333	0
2.49991666666667	0
2.50075000000000	0
2.50160000000000	0
2.50243333333333	0
2.50326666666667	0
2.50410000000000	0
2.50493333333333	0
2.50576666666667	0
2.50660000000000	0
2.50743333333333	0
2.50826666666667	0
2.50910000000000	0
2.50993333333333	0
2.51076666666667	0
2.51160000000000	0
2.51243333333333	0
2.51325000000000	0
2.51408333333333	0
2.51491666666667	0
2.51575000000000	0
2.51658333333333	0
2.51741666666667	0
2.51826666666667	0
2.51910000000000	0
2.51993333333333	0
2.52076666666667	0
2.52160000000000	0
2.52243333333333	0
2.52326666666667	0
2.52410000000000	0
2.52493333333333	0
2.52576666666667	0
2.52660000000000	0
2.52743333333333	0
2.52826666666667	0
2.52910000000000	0
2.52993333333333	0
2.53076666666667	0
2.53160000000000	0
2.53243333333333	0
2.53326666666667	0
2.53410000000000	0
2.53493333333333	0
2.53578333333333	0
2.53661666666667	0
2.53745000000000	0
2.53828333333333	0
2.53911666666667	0
2.53995000000000	0
2.54078333333333	0
2.54161666666667	0
2.54245000000000	0
2.54328333333333	0
2.54411666666667	0
2.54495000000000	0
2.54578333333333	0
2.54661666666667	0
2.54745000000000	0
2.54828333333333	0
2.54911666666667	0
2.54995000000000	0
2.55078333333333	0
2.55161666666667	0
2.55246666666667	0
2.55330000000000	0
2.55413333333333	0
2.55496666666667	0
2.55580000000000	0
2.55663333333333	0
2.55746666666667	0
2.55830000000000	0
2.55913333333333	0
2.55996666666667	0
2.56080000000000	0
2.56163333333333	0
2.56246666666667	0
2.56330000000000	0
2.56413333333333	0
2.56496666666667	0
2.56580000000000	0
2.56663333333333	0
2.56746666666667	0
2.56830000000000	0
2.56913333333333	0
2.56998333333333	0
2.57081666666667	0
2.57165000000000	0
2.57248333333333	0
2.57331666666667	0
2.57415000000000	0
2.57498333333333	0
2.57581666666667	0
2.57665000000000	0
2.57748333333333	0
2.57831666666667	0
2.57915000000000	0
2.57998333333333	0
2.58081666666667	171
2.58165000000000	85
2.58248333333333	0
2.58331666666667	0
2.58415000000000	0
2.58496666666667	0
2.58580000000000	0
2.58665000000000	0
2.58748333333333	0
2.58831666666667	0
2.58915000000000	0
2.58998333333333	0
2.59081666666667	0
2.59165000000000	0
2.59248333333333	0
2.59331666666667	0
2.59415000000000	0
2.59498333333333	0
2.59581666666667	0
2.59665000000000	0
2.59748333333333	0
2.59831666666667	0
2.59915000000000	0
2.59998333333333	0
2.60081666666667	0
2.60165000000000	0
2.60248333333333	0
2.60331666666667	0
2.60416666666667	0
2.60500000000000	0
2.60583333333333	0
2.60666666666667	0
2.60750000000000	0
2.60833333333333	0
2.60916666666667	0
2.61000000000000	0
2.61083333333333	0
2.61166666666667	317
2.61250000000000	159
2.61333333333333	0
2.61416666666667	0
2.61500000000000	0
2.61583333333333	0
2.61666666666667	0
2.61750000000000	0
2.61833333333333	0
2.61916666666667	0
2.62000000000000	0
2.62085000000000	0
2.62168333333333	0
2.62251666666667	0
2.62335000000000	0
2.62418333333333	0
2.62501666666667	0
2.62585000000000	0
2.62668333333333	0
2.62751666666667	0
2.62835000000000	0
2.62918333333333	0
2.63001666666667	0
2.63085000000000	0
2.63168333333333	0
2.63251666666667	0
2.63335000000000	0
2.63418333333333	0
2.63501666666667	0
2.63585000000000	0
2.63668333333333	0
2.63751666666667	0
2.63836666666667	0
2.63920000000000	0
2.64003333333333	0
2.64086666666667	0
2.64170000000000	0
2.64253333333333	0
2.64336666666667	0
2.64420000000000	0
2.64503333333333	0
2.64586666666667	0
2.64670000000000	0
2.64753333333333	0
2.64836666666667	0
2.64920000000000	0
2.65003333333333	0
2.65085000000000	0
2.65168333333333	0
2.65251666666667	0
2.65335000000000	0
2.65418333333333	0
2.65503333333333	0
2.65586666666667	0
2.65670000000000	0
2.65753333333333	0
2.65836666666667	0
2.65920000000000	0
2.66003333333333	0
2.66086666666667	0
2.66170000000000	0
2.66253333333333	0
2.66336666666667	0
2.66420000000000	0
2.66503333333333	0
2.66586666666667	0
2.66670000000000	0
2.66753333333333	0
2.66836666666667	0
2.66920000000000	0
2.67003333333333	0
2.67086666666667	0
2.67170000000000	0
2.67255000000000	0
2.67338333333333	0
2.67421666666667	0
2.67505000000000	0
2.67588333333333	0
2.67671666666667	0
2.67755000000000	0
2.67838333333333	0
2.67921666666667	0
2.68005000000000	0
2.68088333333333	0
2.68171666666667	0
2.68255000000000	0
2.68338333333333	0
2.68421666666667	0
2.68505000000000	0
2.68588333333333	0
2.68671666666667	0
2.68755000000000	0
2.68838333333333	0
2.68923333333333	0
2.69006666666667	0
2.69090000000000	0
2.69173333333333	0
2.69256666666667	0
2.69340000000000	0
2.69423333333333	0
2.69506666666667	0
2.69590000000000	0
2.69673333333333	0
2.69756666666667	0
2.69840000000000	0
2.69923333333333	0
2.70006666666667	0
2.70090000000000	0
2.70173333333333	0
2.70256666666667	0
2.70340000000000	0
2.70423333333333	0
2.70506666666667	0
2.70590000000000	0
2.70675000000000	0
2.70758333333333	0
2.70841666666667	0
2.70925000000000	0
2.71008333333333	0
2.71091666666667	0
2.71175000000000	0
2.71258333333333	0
2.71341666666667	0
2.71425000000000	0
2.71508333333333	0
2.71591666666667	0
2.71675000000000	0
2.71758333333333	0
2.71841666666667	0
2.71925000000000	0
2.72008333333333	0
2.72091666666667	0
2.72175000000000	404
2.72258333333333	202
2.72343333333333	0
2.72426666666667	0
2.72510000000000	0
2.72593333333333	0
2.72676666666667	0
2.72760000000000	0
2.72843333333333	0
2.72926666666667	0
2.73010000000000	0
2.73093333333333	0
2.73176666666667	0
2.73260000000000	0
2.73343333333333	0
2.73426666666667	0
2.73510000000000	0
2.73593333333333	7
2.73676666666667	3
2.73760000000000	0
2.73843333333333	0
2.73926666666667	0
2.74010000000000	0
2.74095000000000	0
2.74178333333333	0
2.74261666666667	0
2.74345000000000	0
2.74428333333333	0
2.74511666666667	0
2.74595000000000	0
2.74678333333333	0
2.74761666666667	0
2.74845000000000	0
2.74928333333333	0
2.75011666666667	0
2.75095000000000	0
2.75178333333333	0
2.75261666666667	0
2.75345000000000	0
2.75428333333333	0
2.75511666666667	0
2.75595000000000	0
2.75678333333333	0
2.75763333333333	0
2.75846666666667	0
2.75930000000000	0
2.76013333333333	0
2.76096666666667	0
2.76180000000000	0
2.76263333333333	0
2.76346666666667	0
2.76430000000000	0
2.76513333333333	0
2.76596666666667	0
2.76680000000000	0
2.76763333333333	0
2.76846666666667	0
2.76930000000000	0
2.77013333333333	0
2.77096666666667	0
2.77180000000000	0
2.77263333333333	0
2.77346666666667	0
2.77430000000000	0
2.77515000000000	0
2.77598333333333	0
2.77681666666667	0
2.77765000000000	0
2.77848333333333	0
2.77931666666667	0
2.78015000000000	0
2.78098333333333	0
2.78181666666667	0
2.78265000000000	0
2.78348333333333	0
2.78431666666667	0
2.78515000000000	0
2.78598333333333	0
2.78681666666667	0
2.78763333333333	0
2.78846666666667	0
2.78930000000000	0
2.79013333333333	0
2.79096666666667	0
2.79181666666667	0
2.79265000000000	0
2.79348333333333	0
2.79431666666667	0
2.79515000000000	0
2.79598333333333	0
2.79681666666667	0
2.79765000000000	0
2.79848333333333	0
2.79931666666667	0
2.80015000000000	0
2.80098333333333	0
2.80181666666667	0
2.80265000000000	0
2.80348333333333	0
2.80431666666667	0
2.80515000000000	0
2.80598333333333	0
2.80681666666667	0
2.80765000000000	0
2.80848333333333	0
2.80933333333333	0
2.81016666666667	0
2.81100000000000	0
2.81183333333333	0
2.81266666666667	0
2.81350000000000	0
2.81433333333333	0
2.81516666666667	0
2.81600000000000	0
2.81683333333333	342
2.81766666666667	339
2.81850000000000	0
2.81933333333333	0
2.82016666666667	0
2.82100000000000	0
2.82183333333333	0
2.82266666666667	0
2.82350000000000	0
2.82433333333333	0
2.82516666666667	0
2.82601666666667	0
2.82685000000000	0
2.82768333333333	0
2.82851666666667	0
2.82935000000000	0
2.83018333333333	0
2.83101666666667	0
2.83185000000000	0
2.83268333333333	0
2.83351666666667	0
2.83435000000000	0
2.83518333333333	0
2.83601666666667	0
2.83685000000000	0
2.83768333333333	0
2.83851666666667	0
2.83935000000000	0
2.84018333333333	0
2.84101666666667	0
2.84185000000000	0
2.84268333333333	0
2.84353333333333	0
2.84436666666667	0
2.84520000000000	0
2.84603333333333	0
2.84686666666667	0
2.84770000000000	0
2.84853333333333	0
2.84936666666667	0
2.85020000000000	0
2.85103333333333	0
2.85186666666667	0
2.85270000000000	0
2.85353333333333	0
2.85436666666667	0
2.85520000000000	0
2.85603333333333	0
2.85686666666667	0
2.85770000000000	0
2.85853333333333	14
2.85936666666667	7
2.86021666666667	0
2.86105000000000	0
2.86188333333333	0
2.86271666666667	0
2.86355000000000	0
2.86438333333333	0
2.86521666666667	0
2.86605000000000	0
2.86688333333333	0
2.86771666666667	0
2.86855000000000	0
2.86938333333333	0
2.87021666666667	0
2.87105000000000	0
2.87188333333333	0
2.87271666666667	0
2.87355000000000	0
2.87438333333333	0
2.87520000000000	0
2.87603333333333	0
2.87686666666667	0
2.87771666666667	0
2.87855000000000	0
2.87938333333333	0
2.88021666666667	0
2.88105000000000	0
2.88188333333333	0
2.88271666666667	0
2.88355000000000	0
2.88438333333333	0
2.88521666666667	0
2.88605000000000	0
2.88688333333333	0
2.88771666666667	0
2.88855000000000	0
2.88938333333333	0
2.89021666666667	0
2.89105000000000	0
2.89188333333333	0
2.89271666666667	0
2.89355000000000	0
2.89440000000000	0
2.89523333333333	0
2.89606666666667	0
2.89690000000000	0
2.89773333333333	0
2.89856666666667	0
2.89940000000000	0
2.90023333333333	0
2.90106666666667	0
2.90190000000000	0
2.90273333333333	0
2.90356666666667	0
2.90440000000000	0
2.90523333333333	0
2.90606666666667	0
2.90690000000000	0
2.90773333333333	0
2.90856666666667	0
2.90940000000000	0
2.91023333333333	0
2.91106666666667	0
2.91191666666667	0
2.91275000000000	0
2.91358333333333	0
2.91441666666667	0
2.91525000000000	0
2.91608333333333	0
2.91691666666667	0
2.91775000000000	0
2.91858333333333	0
2.91941666666667	0
2.92025000000000	0
2.92108333333333	0
2.92191666666667	0
2.92275000000000	0
2.92358333333333	0
2.92441666666667	0
2.92525000000000	0
2.92608333333333	0
2.92691666666667	0
2.92775000000000	0
2.92860000000000	0
2.92943333333333	0
2.93026666666667	0
2.93110000000000	0
2.93193333333333	0
2.93276666666667	0
2.93360000000000	0
2.93443333333333	0
2.93526666666667	0
2.93610000000000	0
2.93693333333333	0
2.93776666666667	0
2.93860000000000	0
2.93943333333333	0
2.94026666666667	0
2.94110000000000	0
2.94193333333333	0
2.94276666666667	0
2.94360000000000	0
2.94443333333333	0
2.94526666666667	0
2.94611666666667	0
2.94695000000000	0
2.94778333333333	0
2.94861666666667	0
2.94945000000000	0
2.95028333333333	0
2.95111666666667	0
2.95195000000000	0
2.95278333333333	0
2.95361666666667	0
2.95445000000000	0
2.95528333333333	0
2.95611666666667	0
2.95695000000000	0
2.95778333333333	0
2.95861666666667	0
2.95945000000000	0
2.96028333333333	0
2.96111666666667	0
2.96195000000000	0
2.96280000000000	0
2.96363333333333	0
2.96446666666667	0
2.96530000000000	0
2.96613333333333	0
2.96696666666667	0
2.96780000000000	0
2.96863333333333	0
2.96946666666667	0
2.97030000000000	0
2.97113333333333	0
2.97196666666667	0
2.97280000000000	0
2.97363333333333	0
2.97446666666667	0
2.97530000000000	0
2.97613333333333	0
2.97696666666667	0
2.97780000000000	0
2.97863333333333	0
2.97946666666667	0
2.98031666666667	0
2.98115000000000	0
2.98198333333333	0
2.98281666666667	0
2.98365000000000	0
2.98448333333333	0
2.98531666666667	0
2.98615000000000	0
2.98698333333333	0
2.98781666666667	0
2.98865000000000	0
2.98948333333333	0
2.99031666666667	0
2.99115000000000	0
2.99198333333333	0
2.99281666666667	0
2.99365000000000	0
2.99448333333333	0
2.99531666666667	0
2.99615000000000	0
2.99700000000000	0
2.99783333333333	0
2.99866666666667	0
2.99950000000000	0
