0.50328333333333	0
0.50661666666667	0
0.50995000000000	0
0.51328333333333	0
0.51661666666667	0
0.51995000000000	0
0.52328333333333	0
0.52661666666667	0
0.52996666666667	0
0.53328333333333	0
0.53661666666667	0
0.53996666666667	0
0.54330000000000	0
0.54663333333333	0
0.54996666666667	0
0.55330000000000	0
0.55661666666667	0
0.55996666666667	0
0.56330000000000	0
0.56663333333333	0
0.56995000000000	0
0.57330000000000	0
0.57663333333333	21
0.57996666666667	41
0.58330000000000	21
0.58663333333333	0
0.58996666666667	0
0.59328333333333	0
0.59663333333333	0
0.59996666666667	0
0.60330000000000	0
0.60663333333333	0
0.60996666666667	0
0.61330000000000	0
0.61663333333333	0
0.61996666666667	0
0.62330000000000	0
0.62663333333333	0
0.62996666666667	0
0.63330000000000	0
0.63663333333333	0
0.63996666666667	0
0.64330000000000	0
0.64663333333333	0
0.64996666666667	0
0.65330000000000	0
0.65663333333333	0
0.65996666666667	0
0.66330000000000	0
0.66663333333333	0
0.66996666666667	0
0.67330000000000	0
0.67663333333333	0
0.67996666666667	0
0.68330000000000	0
0.68663333333333	0
0.68996666666667	0
0.69330000000000	0
0.69663333333333	0
0.69996666666667	0
0.70330000000000	0
0.70663333333333	0
0.70996666666667	0
0.71330000000000	0
0.71663333333333	0
0.71996666666667	0
0.72330000000000	0
0.72663333333333	0
0.72996666666667	0
0.73330000000000	0
0.73663333333333	0
0.73996666666667	0
0.74330000000000	4
0.74663333333333	2
0.74996666666667	0
0.75330000000000	0
0.75663333333333	0
0.75996666666667	0
0.76330000000000	6
0.76663333333333	3
0.76996666666667	0
0.77330000000000	0
0.77663333333333	0
0.77996666666667	0
0.78330000000000	0
0.78663333333333	0
0.78996666666667	0
0.79330000000000	0
0.79663333333333	0
0.79996666666667	0
0.80330000000000	0
0.80663333333333	0
0.80996666666667	0
0.81328333333333	0
0.81663333333333	0
0.81996666666667	0
0.82330000000000	7
0.82663333333333	4
0.82996666666667	0
0.83330000000000	0
0.83663333333333	0
0.83996666666667	0
0.84330000000000	0
0.84661666666667	0
0.84996666666667	0
0.85330000000000	0
0.85663333333333	0
0.85996666666667	0
0.86330000000000	0
0.86661666666667	0
0.86996666666667	0
0.87330000000000	2
0.87663333333333	3
0.87996666666667	2
0.88330000000000	0
0.88661666666667	0
0.88996666666667	0
0.89330000000000	0
0.89663333333333	0
0.89996666666667	0
0.90330000000000	0
0.90663333333333	0
0.90996666666667	0
0.91330000000000	0
0.91663333333333	0
0.91996666666667	0
0.92328333333333	0
0.92663333333333	0
0.92996666666667	0
0.93330000000000	0
0.93663333333333	0
0.93995000000000	0
0.94330000000000	0
0.94663333333333	0
0.94996666666667	0
0.95330000000000	0
0.95663333333333	0
0.95995000000000	28
0.96330000000000	56
0.96663333333333	28
0.96996666666667	0
0.97330000000000	105
0.97661666666667	96
0.97996666666667	48
0.98330000000000	0
0.98663333333333	0
0.98996666666667	0
0.99330000000000	21
0.99661666666667	42
0.99996666666667	54
1.00330000000000	65
1.00663333333333	270
1.00996666666667	255
1.01330000000000	240
1.01663333333333	278
1.01996666666667	293
1.02330000000000	350
1.02661666666667	557
1.02995000000000	518
1.03330000000000	480
1.03663333333333	302
1.03996666666667	858
1.04330000000000	778
1.04663333333333	791
1.04996666666667	605
1.05330000000000	1298
1.05663333333333	1290
1.05996666666667	1397
1.06330000000000	1842
1.06663333333333	1922
1.06995000000000	1363
1.07330000000000	1487
1.07663333333333	2248
1.07996666666667	3153
1.08330000000000	3214
1.08663333333333	3125
1.08996666666667	3553
1.09330000000000	3981
1.09663333333333	7044
1.09996666666667	8140
1.10330000000000	17624
1.10663333333333	20384
1.10996666666667	33872
1.11330000000000	51536
1.11663333333333	58080
1.11996666666667	56128
1.12330000000000	55936
1.12663333333333	50544
1.12996666666667	45904
1.13330000000000	41056
1.13663333333333	38880
1.13996666666667	38640
1.14330000000000	32036
1.14663333333333	30240
1.14996666666667	26396
1.15330000000000	24080
1.15663333333333	17516
1.15996666666667	19056
1.16330000000000	15100
1.16663333333333	15952
1.16996666666667	12872
1.17330000000000	14304
1.17663333333333	7426
1.17996666666667	8280
1.18330000000000	9144
1.18663333333333	8005
1.18996666666667	6569
1.19330000000000	5408
1.19663333333333	6697
1.19996666666667	5444
1.20330000000000	3781
1.20663333333333	3863
1.20996666666667	3829
1.21330000000000	3889
1.21663333333333	3950
1.21996666666667	3675
1.22330000000000	2128
1.22663333333333	1205
1.22996666666667	2730
1.23330000000000	2572
1.23663333333333	1686
1.23996666666667	1874
1.24330000000000	1449
1.24663333333333	1637
1.24995000000000	719
1.25330000000000	1770
1.25663333333333	1137
1.25996666666667	1437
1.26330000000000	1024
1.26663333333333	521
1.26996666666667	395
1.27330000000000	371
1.27663333333333	617
1.27996666666667	516
1.28330000000000	414
1.28663333333333	405
1.28995000000000	618
1.29330000000000	106
1.29663333333333	269
1.29996666666667	241
1.30328333333333	158
1.30661666666667	75
1.30996666666667	167
1.31330000000000	259
1.31663333333333	431
1.31996666666667	458
1.32330000000000	372
1.32663333333333	448
1.32996666666667	371
1.33330000000000	253
1.33663333333333	547
1.33996666666667	78
1.34330000000000	91
1.34663333333333	347
1.34996666666667	137
1.35330000000000	113
1.35663333333333	88
1.35995000000000	53
1.36330000000000	323
1.36663333333333	269
1.36996666666667	135
1.37330000000000	0
1.37663333333333	0
1.37996666666667	168
1.38330000000000	127
1.38663333333333	85
1.38996666666667	43
1.39330000000000	0
1.39663333333333	48
1.39996666666667	70
1.40330000000000	91
1.40663333333333	166
1.40996666666667	182
1.41330000000000	173
1.41663333333333	165
1.41996666666667	72
1.42330000000000	210
1.42663333333333	272
1.42996666666667	56
1.43330000000000	325
1.43663333333333	82
1.43996666666667	268
1.44330000000000	4
1.44663333333333	312
1.44996666666667	123
1.45328333333333	96
1.45663333333333	92
1.45996666666667	124
1.46330000000000	155
1.46663333333333	0
1.46995000000000	0
1.47330000000000	0
1.47663333333333	135
1.47996666666667	137
1.48330000000000	74
1.48661666666667	150
1.48996666666667	84
1.49330000000000	53
1.49663333333333	65
1.49996666666667	77
1.50330000000000	97
1.50663333333333	118
1.50995000000000	185
1.51330000000000	0
1.51663333333333	0
1.51996666666667	92
1.52330000000000	0
1.52661666666667	22
1.52996666666667	43
1.53330000000000	0
1.53663333333333	66
1.53996666666667	134
1.54328333333333	120
1.54663333333333	0
1.54996666666667	26
1.55330000000000	44
1.55663333333333	68
1.55996666666667	91
1.56330000000000	0
1.56663333333333	49
1.56996666666667	0
1.57330000000000	0
1.57663333333333	0
1.57996666666667	0
1.58330000000000	0
1.58663333333333	0
1.58996666666667	203
1.59330000000000	224
1.59661666666667	0
1.59996666666667	0
1.60330000000000	4
1.60663333333333	62
1.60996666666667	69
1.61330000000000	0
1.61663333333333	0
1.61996666666667	0
1.62330000000000	0
1.62663333333333	0
1.62996666666667	125
1.63330000000000	130
1.63663333333333	0
1.63996666666667	0
1.64330000000000	45
1.64663333333333	0
1.64996666666667	0
1.65330000000000	20
1.65663333333333	0
1.65996666666667	37
1.66330000000000	18
1.66663333333333	0
1.66996666666667	0
1.67328333333333	0
1.67663333333333	43
1.67996666666667	86
1.68330000000000	121
1.68663333333333	0
1.68996666666667	0
1.69330000000000	87
1.69663333333333	59
1.69996666666667	0
1.70330000000000	0
1.70663333333333	0
1.70996666666667	0
1.71330000000000	0
1.71663333333333	0
1.71995000000000	0
1.72330000000000	69
1.72663333333333	34
1.72996666666667	0
1.73330000000000	87
1.73663333333333	0
1.73996666666667	4
1.74330000000000	93
1.74663333333333	0
1.74996666666667	0
1.75330000000000	3
1.75663333333333	0
1.75996666666667	0
1.76330000000000	0
1.76663333333333	0
1.76996666666667	0
1.77330000000000	0
1.77663333333333	0
1.77996666666667	0
1.78330000000000	0
1.78663333333333	45
1.78996666666667	51
1.79330000000000	0
1.79663333333333	108
1.79996666666667	76
1.80330000000000	0
1.80663333333333	0
1.80996666666667	0
1.81330000000000	0
1.81663333333333	7
1.81996666666667	3
1.82330000000000	0
1.82663333333333	0
1.82996666666667	37
1.83330000000000	120
1.83663333333333	134
1.83996666666667	146
1.84330000000000	0
1.84663333333333	0
1.84996666666667	0
1.85330000000000	0
1.85663333333333	0
1.85996666666667	0
1.86330000000000	0
1.86663333333333	0
1.86996666666667	66
1.87330000000000	61
1.87661666666667	0
1.87996666666667	0
1.88330000000000	0
1.88663333333333	0
1.88996666666667	0
1.89330000000000	0
1.89663333333333	0
1.89996666666667	0
1.90330000000000	0
1.90663333333333	0
1.90996666666667	0
1.91328333333333	0
1.91663333333333	84
1.91996666666667	127
1.92330000000000	61
1.92663333333333	3
1.92995000000000	4
1.93330000000000	0
1.93663333333333	6
1.93996666666667	0
1.94330000000000	4
1.94663333333333	0
1.94996666666667	0
1.95330000000000	0
1.95663333333333	2
1.95996666666667	3
1.96330000000000	2
1.96663333333333	0
1.96996666666667	0
1.97330000000000	0
1.97663333333333	0
1.97996666666667	0
1.98330000000000	86
1.98663333333333	65
1.98996666666667	0
1.99330000000000	0
1.99663333333333	3
1.99996666666667	15
2.00330000000000	22
2.00663333333333	30
2.00996666666667	41
2.01330000000000	52
2.01663333333333	0
2.01996666666667	0
2.02330000000000	0
2.02663333333333	0
2.02996666666667	0
2.03330000000000	0
2.03663333333333	0
2.03996666666667	0
2.04330000000000	0
2.04663333333333	0
2.04996666666667	0
2.05330000000000	0
2.05663333333333	3
2.05996666666667	1
2.06330000000000	0
2.06663333333333	0
2.06996666666667	0
2.07330000000000	0
2.07663333333333	0
2.07996666666667	0
2.08330000000000	0
2.08663333333333	0
2.08996666666667	0
2.09330000000000	0
2.09661666666667	0
2.09996666666667	23
2.10330000000000	60
2.10663333333333	30
2.10996666666667	0
2.11330000000000	0
2.11663333333333	0
2.11996666666667	0
2.12330000000000	0
2.12663333333333	0
2.12995000000000	0
2.13328333333333	0
2.13663333333333	3
2.13996666666667	2
2.14330000000000	0
2.14661666666667	0
2.14996666666667	0
2.15330000000000	0
2.15663333333333	0
2.15996666666667	0
2.16328333333333	0
2.16661666666667	0
2.16996666666667	115
2.17330000000000	57
2.17663333333333	0
2.17996666666667	0
2.18330000000000	0
2.18663333333333	0
2.18996666666667	2
2.19330000000000	4
2.19663333333333	2
2.19996666666667	0
2.20330000000000	0
2.20663333333333	0
2.20996666666667	0
2.21330000000000	0
2.21663333333333	0
2.21996666666667	0
2.22330000000000	24
2.22663333333333	48
2.22996666666667	69
2.23330000000000	0
2.23663333333333	0
2.23996666666667	0
2.24330000000000	0
2.24663333333333	0
2.24996666666667	0
2.25330000000000	0
2.25663333333333	0
2.25996666666667	0
2.26330000000000	0
2.26663333333333	0
2.26996666666667	0
2.27330000000000	0
2.27663333333333	0
2.27996666666667	3
2.28330000000000	45
2.28663333333333	23
2.28996666666667	0
2.29330000000000	0
2.29663333333333	20
2.29996666666667	10
2.30330000000000	0
2.30663333333333	0
2.30996666666667	0
2.31330000000000	0
2.31663333333333	0
2.31996666666667	0
2.32330000000000	0
2.32663333333333	0
2.32996666666667	0
2.33330000000000	0
2.33663333333333	0
2.33996666666667	0
2.34330000000000	0
2.34663333333333	0
2.34996666666667	0
2.35330000000000	0
2.35663333333333	0
2.35996666666667	0
2.36330000000000	0
2.36663333333333	85
2.36996666666667	67
2.37330000000000	50
2.37663333333333	0
2.37996666666667	0
2.38328333333333	0
2.38663333333333	0
2.38996666666667	0
2.39330000000000	0
2.39663333333333	0
2.39996666666667	0
2.40330000000000	94
2.40663333333333	47
2.40996666666667	0
2.41330000000000	0
2.41663333333333	4
2.41996666666667	9
2.42330000000000	65
2.42663333333333	48
2.42996666666667	31
2.43330000000000	0
2.43663333333333	0
2.43996666666667	0
2.44330000000000	0
2.44663333333333	0
2.44996666666667	0
2.45330000000000	33
2.45663333333333	65
2.45996666666667	85
2.46328333333333	0
2.46663333333333	3
2.46995000000000	2
2.47330000000000	0
2.47663333333333	9
2.47995000000000	158
2.48330000000000	79
2.48663333333333	0
2.48996666666667	0
2.49330000000000	59
2.49663333333333	0
2.49996666666667	0
2.50330000000000	0
2.50663333333333	0
2.50996666666667	0
2.51330000000000	0
2.51663333333333	32
2.51996666666667	63
2.52330000000000	42
2.52663333333333	0
2.52996666666667	46
2.53330000000000	0
2.53663333333333	0
2.53996666666667	0
2.54330000000000	0
2.54661666666667	0
2.54996666666667	0
2.55330000000000	0
2.55663333333333	0
2.55996666666667	0
2.56328333333333	0
2.56663333333333	0
2.56995000000000	3
2.57330000000000	35
2.57663333333333	36
2.57996666666667	0
2.58330000000000	0
2.58663333333333	0
2.58996666666667	0
2.59330000000000	0
2.59663333333333	0
2.59996666666667	0
2.60330000000000	0
2.60661666666667	0
2.60996666666667	0
2.61330000000000	36
2.61663333333333	18
2.61996666666667	0
2.62330000000000	0
2.62663333333333	0
2.62996666666667	19
2.63330000000000	9
2.63663333333333	0
2.63995000000000	3
2.64330000000000	0
2.64663333333333	0
2.64996666666667	56
2.65330000000000	58
2.65663333333333	0
2.65996666666667	42
2.66330000000000	83
2.66663333333333	3
2.66996666666667	14
2.67330000000000	26
2.67663333333333	0
2.67996666666667	22
2.68328333333333	33
2.68663333333333	0
2.68996666666667	56
2.69330000000000	135
2.69663333333333	108
2.69996666666667	106
2.70330000000000	0
2.70663333333333	0
2.70996666666667	0
2.71330000000000	0
2.71663333333333	0
2.71996666666667	0
2.72330000000000	0
2.72663333333333	92
2.72996666666667	101
2.73328333333333	0
2.73661666666667	112
2.73996666666667	27
2.74330000000000	16
2.74663333333333	75
2.74996666666667	58
2.75330000000000	57
2.75663333333333	118
2.75996666666667	0
2.76330000000000	85
2.76663333333333	87
2.76996666666667	44
2.77328333333333	0
2.77663333333333	0
2.77996666666667	0
2.78330000000000	0
2.78663333333333	0
2.78995000000000	0
2.79330000000000	0
2.79663333333333	0
2.79996666666667	21
2.80330000000000	10
2.80663333333333	0
2.80996666666667	0
2.81330000000000	0
2.81663333333333	0
2.81996666666667	20
2.82330000000000	30
2.82663333333333	40
2.82996666666667	0
2.83330000000000	0
2.83663333333333	42
2.83996666666667	0
2.84330000000000	0
2.84663333333333	0
2.84996666666667	4
2.85330000000000	2
2.85663333333333	0
2.85996666666667	0
2.86330000000000	0
2.86663333333333	0
2.86996666666667	0
2.87330000000000	0
2.87663333333333	0
2.87996666666667	0
2.88330000000000	27
2.88663333333333	13
2.88996666666667	0
2.89330000000000	0
2.89663333333333	0
2.89996666666667	88
2.90330000000000	65
2.90663333333333	0
2.90996666666667	0
2.91330000000000	0
2.91663333333333	0
2.91996666666667	0
2.92330000000000	0
2.92663333333333	0
2.92996666666667	0
2.93330000000000	0
2.93663333333333	0
2.93996666666667	0
2.94330000000000	0
2.94663333333333	0
2.94996666666667	0
2.95328333333333	0
2.95663333333333	27
2.95996666666667	55
2.96330000000000	27
2.96663333333333	0
2.96996666666667	55
2.97328333333333	0
2.97661666666667	0
2.97996666666667	0
2.98330000000000	0
2.98661666666667	86
2.98995000000000	43
2.99328333333333	0
2.99663333333333	0
