0.50330000000000	0
0.50663333333333	0
0.50996666666667	0
0.51330000000000	0
0.51663333333333	0
0.51998333333333	0
0.52331666666667	0
0.52665000000000	0
0.52998333333333	0
0.53331666666667	0
0.53666666666667	0
0.54000000000000	0
0.54333333333333	0
0.54666666666667	0
0.55000000000000	0
0.55335000000000	0
0.55668333333333	0
0.56001666666667	0
0.56335000000000	0
0.56668333333333	0
0.57003333333333	0
0.57336666666667	0
0.57670000000000	0
0.58003333333333	0
0.58336666666667	0
0.58670000000000	0
0.59003333333333	0
0.59336666666667	0
0.59670000000000	0
0.60003333333333	0
0.60338333333333	0
0.60671666666667	0
0.61005000000000	0
0.61338333333333	0
0.61671666666667	0
0.62005000000000	0
0.62340000000000	0
0.62673333333333	0
0.63006666666667	0
0.63340000000000	0
0.63673333333333	0
0.64008333333333	0
0.64341666666667	0
0.64675000000000	0
0.65008333333333	0
0.65341666666667	0
0.65676666666667	0
0.66010000000000	0
0.66343333333333	0
0.66676666666667	0
0.67010000000000	0
0.67345000000000	0
0.67678333333333	0
0.68011666666667	0
0.68345000000000	0
0.68678333333333	0
0.69013333333333	0
0.69346666666667	0
0.69680000000000	0
0.70013333333333	0
0.70346666666667	0
0.70680000000000	0
0.71013333333333	0
0.71346666666667	0
0.71680000000000	0
0.72013333333333	0
0.72348333333333	0
0.72681666666667	0
0.73015000000000	0
0.73348333333333	0
0.73681666666667	0
0.74016666666667	0
0.74350000000000	0
0.74683333333333	0
0.75016666666667	0
0.75350000000000	0
0.75683333333333	0
0.76018333333333	0
0.76351666666667	0
0.76685000000000	0
0.77018333333333	0
0.77351666666667	0
0.77686666666667	0
0.78020000000000	0
0.78353333333333	0
0.78685000000000	0
0.79018333333333	0
0.79353333333333	0
0.79686666666667	0
0.80020000000000	0
0.80353333333333	0
0.80686666666667	0
0.81021666666667	0
0.81355000000000	0
0.81688333333333	0
0.82021666666667	0
0.82355000000000	0
0.82690000000000	0
0.83023333333333	0
0.83356666666667	0
0.83690000000000	0
0.84023333333333	0
0.84358333333333	0
0.84691666666667	0
0.85025000000000	0
0.85358333333333	0
0.85691666666667	0
0.86026666666667	0
0.86360000000000	0
0.86693333333333	0
0.87026666666667	0
0.87358333333333	0
0.87693333333333	0
0.88026666666667	0
0.88360000000000	0
0.88693333333333	0
0.89026666666667	0
0.89360000000000	0
0.89695000000000	0
0.90028333333333	0
0.90361666666667	0
0.90695000000000	0
0.91028333333333	0
0.91363333333333	0
0.91696666666667	0
0.92030000000000	0
0.92363333333333	0
0.92696666666667	0
0.93031666666667	0
0.93365000000000	0
0.93698333333333	0
0.94030000000000	0
0.94363333333333	0
0.94698333333333	0
0.95031666666667	0
0.95365000000000	0
0.95698333333333	0
0.96031666666667	0
0.96366666666667	0
0.96700000000000	0
0.97033333333333	0
0.97366666666667	0
0.97700000000000	0
0.98035000000000	0
0.98368333333333	0
0.98701666666667	0
0.99035000000000	0
0.99368333333333	0
0.99703333333333	0
1.00036666666667	0
1.00370000000000	0
1.00703333333333	0
1.01036666666667	0
1.01371666666667	0
1.01705000000000	0
1.02038333333333	0
1.02371666666667	0
1.02705000000000	0
1.03038333333333	0
1.03373333333333	0
1.03706666666667	0
1.04040000000000	0
1.04373333333333	0
1.04706666666667	0
1.05041666666667	0
1.05375000000000	0
1.05708333333333	0
1.06040000000000	0
1.06373333333333	0
1.06708333333333	0
1.07041666666667	0
1.07375000000000	0
1.07708333333333	0
1.08041666666667	0
1.08376666666667	0
1.08710000000000	0
1.09043333333333	0
1.09376666666667	0
1.09710000000000	0
1.10045000000000	0
1.10378333333333	0
1.10711666666667	1544
1.11045000000000	1224
1.11378333333333	2131
1.11713333333333	2316
1.12046666666667	2831
1.12380000000000	3044
1.12713333333333	3217
1.13046666666667	1313
1.13381666666667	1334
1.13715000000000	1355
1.14048333333333	1031
1.14381666666667	964
1.14715000000000	1598
1.15048333333333	877
1.15381666666667	156
1.15715000000000	373
1.16048333333333	24
1.16381666666667	236
1.16715000000000	448
1.17050000000000	0
1.17383333333333	524
1.17716666666667	339
1.18050000000000	153
1.18383333333333	171
1.18718333333333	0
1.19051666666667	257
1.19385000000000	232
1.19718333333333	207
1.20051666666667	404
1.20386666666667	420
1.20720000000000	0
1.21053333333333	0
1.21386666666667	511
1.21720000000000	0
1.22055000000000	0
1.22388333333333	0
1.22720000000000	492
1.23053333333333	426
1.23386666666667	0
1.23721666666667	0
1.24055000000000	0
1.24388333333333	0
1.24721666666667	0
1.25055000000000	0
1.25390000000000	0
1.25723333333333	0
1.26056666666667	0
1.26390000000000	0
1.26723333333333	0
1.27058333333333	400
1.27391666666667	354
1.27725000000000	135
1.28058333333333	0
1.28391666666667	0
1.28726666666667	0
1.29060000000000	0
1.29393333333333	0
1.29725000000000	0
1.30058333333333	0
1.30391666666667	0
1.30726666666667	0
1.31060000000000	0
1.31393333333333	0
1.31726666666667	0
1.32060000000000	0
1.32395000000000	0
1.32728333333333	0
1.33061666666667	0
1.33395000000000	0
1.33728333333333	0
1.34063333333333	0
1.34396666666667	0
1.34730000000000	0
1.35063333333333	0
1.35396666666667	0
1.35731666666667	0
1.36065000000000	0
1.36398333333333	0
1.36731666666667	0
1.37065000000000	0
1.37400000000000	0
1.37733333333333	0
1.38066666666667	0
1.38400000000000	0
1.38733333333333	0
1.39068333333333	0
1.39401666666667	0
1.39735000000000	0
1.40068333333333	0
1.40401666666667	0
1.40736666666667	0
1.41070000000000	0
1.41403333333333	0
1.41736666666667	0
1.42070000000000	0
1.42405000000000	0
1.42738333333333	0
1.43071666666667	0
1.43405000000000	0
1.43738333333333	0
1.44070000000000	0
1.44405000000000	0
1.44738333333333	0
1.45071666666667	0
1.45405000000000	0
1.45738333333333	0
1.46073333333333	0
1.46406666666667	0
1.46740000000000	0
1.47073333333333	0
1.47406666666667	0
1.47741666666667	0
1.48075000000000	0
1.48408333333333	0
1.48741666666667	0
1.49075000000000	0
1.49410000000000	0
1.49743333333333	0
1.50076666666667	0
1.50410000000000	0
1.50743333333333	0
1.51078333333333	0
1.51411666666667	0
1.51745000000000	0
1.52078333333333	0
1.52411666666667	0
1.52746666666667	0
1.53080000000000	0
1.53413333333333	0
1.53746666666667	0
1.54080000000000	0
1.54415000000000	0
1.54748333333333	0
1.55081666666667	0
1.55415000000000	0
1.55748333333333	0
1.56083333333333	0
1.56416666666667	0
1.56750000000000	0
1.57083333333333	0
1.57415000000000	0
1.57748333333333	0
1.58083333333333	0
1.58416666666667	0
1.58750000000000	0
1.59083333333333	0
1.59416666666667	0
1.59751666666667	0
1.60085000000000	0
1.60418333333333	0
1.60751666666667	0
1.61085000000000	0
1.61420000000000	0
1.61753333333333	0
1.62086666666667	0
1.62420000000000	0
1.62753333333333	0
1.63088333333333	0
1.63421666666667	0
1.63755000000000	0
1.64088333333333	0
1.64421666666667	0
1.64756666666667	0
1.65090000000000	0
1.65423333333333	7
1.65756666666667	4
1.66088333333333	0
1.66423333333333	0
1.66756666666667	0
1.67090000000000	0
1.67423333333333	0
1.67756666666667	0
1.68091666666667	0
1.68425000000000	0
1.68758333333333	0
1.69091666666667	0
1.69425000000000	0
1.69760000000000	0
1.70093333333333	0
1.70426666666667	0
1.70760000000000	0
1.71093333333333	0
1.71426666666667	0
1.71761666666667	0
1.72095000000000	0
1.72428333333333	0
1.72761666666667	0
1.73095000000000	0
1.73430000000000	0
1.73763333333333	0
1.74096666666667	0
1.74430000000000	0
1.74763333333333	0
1.75098333333333	0
1.75431666666667	0
1.75765000000000	0
1.76098333333333	0
1.76430000000000	0
1.76765000000000	0
1.77098333333333	0
1.77431666666667	0
1.77765000000000	0
1.78098333333333	15
1.78433333333333	7
1.78766666666667	0
1.79100000000000	0
1.79433333333333	0
1.79766666666667	0
1.80101666666667	0
1.80435000000000	0
1.80768333333333	0
1.81101666666667	0
1.81435000000000	0
1.81770000000000	0
1.82103333333333	0
1.82436666666667	0
1.82770000000000	0
1.83103333333333	0
1.83438333333333	0
1.83771666666667	0
1.84105000000000	0
1.84438333333333	0
1.84771666666667	0
1.85105000000000	0
1.85440000000000	0
1.85773333333333	0
1.86106666666667	0
1.86440000000000	0
1.86773333333333	0
1.87108333333333	0
1.87441666666667	0
1.87775000000000	0
1.88108333333333	0
1.88441666666667	0
1.88776666666667	0
1.89110000000000	0
1.89443333333333	0
1.89775000000000	0
1.90108333333333	0
1.90443333333333	0
1.90776666666667	0
1.91110000000000	0
1.91443333333333	0
1.91776666666667	0
1.92111666666667	0
1.92445000000000	15
1.92778333333333	7
1.93111666666667	0
1.93445000000000	0
1.93780000000000	0
1.94113333333333	0
1.94446666666667	0
1.94780000000000	0
1.95113333333333	0
1.95448333333333	0
1.95781666666667	0
1.96115000000000	0
1.96448333333333	0
1.96781666666667	0
1.97116666666667	0
1.97450000000000	0
1.97783333333333	0
1.98116666666667	0
1.98448333333333	0
1.98781666666667	0
1.99116666666667	0
1.99450000000000	0
1.99783333333333	0
2.00116666666667	0
2.00450000000000	0
2.00785000000000	0
2.01118333333333	0
2.01451666666667	0
2.01785000000000	0
2.02118333333333	0
2.02453333333333	0
2.02786666666667	0
2.03120000000000	0
2.03453333333333	0
2.03786666666667	0
2.04121666666667	0
2.04455000000000	0
2.04788333333333	0
2.05121666666667	0
2.05455000000000	0
2.05790000000000	0
2.06123333333333	0
2.06456666666667	0
2.06790000000000	0
2.07123333333333	0
2.07458333333333	0
2.07791666666667	0
2.08125000000000	0
2.08458333333333	0
2.08791666666667	0
2.09126666666667	0
2.09460000000000	0
2.09793333333333	0
2.10126666666667	0
2.10460000000000	0
2.10795000000000	0
2.11128333333333	0
2.11461666666667	0
2.11795000000000	0
2.12128333333333	0
2.12461666666667	0
2.12796666666667	0
2.13130000000000	0
2.13463333333333	0
2.13796666666667	0
2.14130000000000	0
2.14465000000000	0
2.14798333333333	0
2.15131666666667	0
2.15465000000000	0
2.15798333333333	0
2.16133333333333	0
2.16466666666667	0
2.16800000000000	0
2.17131666666667	0
2.17465000000000	0
2.17800000000000	0
2.18133333333333	0
2.18466666666667	0
2.18800000000000	0
2.19133333333333	0
2.19468333333333	0
2.19801666666667	0
2.20135000000000	0
2.20468333333333	0
2.20801666666667	0
2.21136666666667	0
2.21470000000000	0
2.21803333333333	0
2.22136666666667	0
2.22470000000000	0
2.22805000000000	0
2.23138333333333	0
2.23471666666667	0
2.23805000000000	0
2.24138333333333	0
2.24473333333333	0
2.24806666666667	0
2.25138333333333	0
2.25471666666667	0
2.25805000000000	368
2.26138333333333	184
2.26473333333333	0
2.26806666666667	0
2.27140000000000	0
2.27473333333333	0
2.27806666666667	0
2.28141666666667	0
2.28475000000000	0
2.28808333333333	0
2.29141666666667	0
2.29475000000000	0
2.29810000000000	0
2.30143333333333	0
2.30476666666667	0
2.30810000000000	0
2.31143333333333	0
2.31478333333333	0
2.31811666666667	0
2.32145000000000	0
2.32478333333333	0
2.32811666666667	0
2.33146666666667	0
2.33480000000000	0
2.33813333333333	0
2.34145000000000	0
2.34478333333333	0
2.34813333333333	0
2.35146666666667	0
2.35480000000000	0
2.35813333333333	0
2.36146666666667	0
2.36481666666667	0
2.36815000000000	0
2.37148333333333	0
2.37481666666667	0
2.37815000000000	0
2.38150000000000	0
2.38483333333333	0
2.38816666666667	0
2.39150000000000	0
2.39483333333333	0
2.39816666666667	0
2.40151666666667	0
2.40485000000000	0
2.40818333333333	0
2.41151666666667	0
2.41485000000000	0
2.41820000000000	0
2.42153333333333	0
2.42486666666667	0
2.42820000000000	0
2.43153333333333	0
2.43488333333333	0
2.43821666666667	0
2.44155000000000	0
2.44486666666667	0
2.44820000000000	0
2.45155000000000	0
2.45488333333333	0
2.45821666666667	0
2.46155000000000	0
2.46488333333333	0
2.46823333333333	0
2.47156666666667	0
2.47490000000000	0
2.47823333333333	0
2.48156666666667	0
2.48491666666667	9
2.48825000000000	5
2.49158333333333	0
2.49491666666667	0
2.49825000000000	0
2.50160000000000	0
2.50493333333333	0
2.50826666666667	0
2.51158333333333	0
2.51491666666667	0
2.51826666666667	0
2.52160000000000	0
2.52493333333333	0
2.52826666666667	0
2.53160000000000	0
2.53493333333333	0
2.53828333333333	0
2.54161666666667	0
2.54495000000000	0
2.54828333333333	0
2.55161666666667	0
2.55496666666667	0
2.55830000000000	0
2.56163333333333	0
2.56496666666667	0
2.56830000000000	0
2.57165000000000	0
2.57498333333333	0
2.57831666666667	0
2.58165000000000	66
2.58498333333333	33
2.58833333333333	0
2.59166666666667	0
2.59500000000000	0
2.59831666666667	0
2.60165000000000	0
2.60500000000000	0
2.60833333333333	0
2.61166666666667	0
2.61500000000000	0
2.61833333333333	0
2.62168333333333	0
2.62501666666667	0
2.62835000000000	0
2.63168333333333	0
2.63501666666667	0
2.63836666666667	0
2.64170000000000	0
2.64503333333333	0
2.64836666666667	0
2.65170000000000	0
2.65505000000000	0
2.65838333333333	0
2.66171666666667	0
2.66505000000000	0
2.66838333333333	0
2.67171666666667	0
2.67506666666667	0
2.67840000000000	0
2.68173333333333	0
2.68506666666667	0
2.68840000000000	0
2.69175000000000	0
2.69508333333333	0
2.69841666666667	0
2.70175000000000	0
2.70508333333333	0
2.70843333333333	0
2.71176666666667	0
2.71510000000000	0
2.71843333333333	0
2.72176666666667	0
2.72511666666667	0
2.72845000000000	0
2.73178333333333	0
2.73511666666667	0
2.73845000000000	0
2.74180000000000	0
2.74513333333333	0
2.74846666666667	0
2.75180000000000	0
2.75513333333333	0
2.75848333333333	0
2.76181666666667	0
2.76515000000000	0
2.76848333333333	0
2.77180000000000	0
2.77515000000000	0
2.77848333333333	0
2.78181666666667	0
2.78515000000000	0
2.78848333333333	556
2.79183333333333	471
2.79516666666667	0
2.79850000000000	0
2.80183333333333	0
2.80516666666667	0
2.80850000000000	0
2.81185000000000	0
2.81518333333333	0
2.81851666666667	0
2.82185000000000	0
2.82518333333333	0
2.82853333333333	0
2.83186666666667	0
2.83520000000000	0
2.83853333333333	0
2.84186666666667	0
2.84521666666667	0
2.84855000000000	0
2.85186666666667	0
2.85520000000000	0
2.85853333333333	0
2.86188333333333	0
2.86521666666667	0
2.86855000000000	0
2.87188333333333	0
2.87521666666667	0
2.87856666666667	0
2.88190000000000	0
2.88523333333333	0
2.88856666666667	0
2.89190000000000	0
2.89525000000000	0
2.89858333333333	0
2.90191666666667	0
2.90525000000000	0
2.90858333333333	0
2.91193333333333	0
2.91526666666667	0
2.91860000000000	0
2.92193333333333	0
2.92526666666667	0
2.92861666666667	0
2.93195000000000	0
2.93528333333333	0
2.93861666666667	0
2.94195000000000	0
2.94526666666667	0
2.94861666666667	0
2.95195000000000	0
2.95528333333333	0
2.95861666666667	0
2.96195000000000	0
2.96530000000000	0
2.96863333333333	0
2.97196666666667	0
2.97530000000000	0
2.97863333333333	0
2.98198333333333	0
2.98531666666667	0
2.98865000000000	0
2.99198333333333	0
2.99531666666667	0
