0.50081666666667	0
0.50165000000000	0
0.50248333333333	0
0.50331666666667	0
0.50415000000000	0
0.50498333333333	0
0.50581666666667	0
0.50665000000000	0
0.50748333333333	0
0.50831666666667	0
0.50915000000000	0
0.50998333333333	0
0.51081666666667	0
0.51165000000000	0
0.51248333333333	0
0.51331666666667	0
0.51415000000000	0
0.51498333333333	0
0.51581666666667	0
0.51665000000000	0
0.51748333333333	0
0.51833333333333	0
0.51916666666667	0
0.52000000000000	0
0.52083333333333	0
0.52166666666667	0
0.52250000000000	0
0.52333333333333	0
0.52416666666667	0
0.52500000000000	0
0.52583333333333	0
0.52666666666667	0
0.52750000000000	0
0.52833333333333	0
0.52916666666667	0
0.52998333333333	0
0.53081666666667	0
0.53165000000000	0
0.53248333333333	0
0.53331666666667	0
0.53415000000000	0
0.53500000000000	0
0.53583333333333	0
0.53666666666667	0
0.53750000000000	0
0.53833333333333	0
0.53916666666667	0
0.54000000000000	0
0.54083333333333	0
0.54166666666667	0
0.54250000000000	0
0.54333333333333	0
0.54416666666667	0
0.54500000000000	0
0.54583333333333	0
0.54666666666667	0
0.54750000000000	0
0.54833333333333	0
0.54916666666667	0
0.55000000000000	0
0.55083333333333	0
0.55166666666667	0
0.55251666666667	0
0.55335000000000	0
0.55418333333333	0
0.55501666666667	0
0.55585000000000	0
0.55668333333333	0
0.55751666666667	0
0.55835000000000	0
0.55918333333333	0
0.56001666666667	0
0.56085000000000	0
0.56168333333333	0
0.56251666666667	0
0.56335000000000	0
0.56418333333333	0
0.56501666666667	0
0.56585000000000	0
0.56668333333333	0
0.56751666666667	0
0.56835000000000	0
0.56920000000000	0
0.57003333333333	0
0.57086666666667	0
0.57170000000000	0
0.57253333333333	0
0.57336666666667	0
0.57420000000000	0
0.57503333333333	0
0.57586666666667	0
0.57670000000000	0
0.57753333333333	0
0.57836666666667	0
0.57920000000000	0
0.58003333333333	0
0.58086666666667	0
0.58170000000000	0
0.58253333333333	0
0.58336666666667	0
0.58420000000000	0
0.58503333333333	0
0.58586666666667	0
0.58671666666667	0
0.58755000000000	0
0.58838333333333	0
0.58921666666667	0
0.59005000000000	0
0.59088333333333	0
0.59171666666667	0
0.59255000000000	0
0.59338333333333	0
0.59421666666667	0
0.59505000000000	0
0.59588333333333	0
0.59671666666667	0
0.59755000000000	0
0.59838333333333	0
0.59921666666667	0
0.60005000000000	0
0.60088333333333	0
0.60171666666667	0
0.60255000000000	0
0.60340000000000	0
0.60423333333333	0
0.60506666666667	0
0.60590000000000	0
0.60673333333333	0
0.60756666666667	0
0.60840000000000	0
0.60923333333333	0
0.61006666666667	0
0.61090000000000	0
0.61173333333333	0
0.61256666666667	0
0.61340000000000	0
0.61423333333333	0
0.61506666666667	0
0.61590000000000	0
0.61673333333333	0
0.61756666666667	0
0.61840000000000	0
0.61923333333333	0
0.62006666666667	0
0.62091666666667	0
0.62175000000000	0
0.62258333333333	0
0.62341666666667	0
0.62425000000000	0
0.62508333333333	0
0.62591666666667	0
0.62675000000000	0
0.62758333333333	0
0.62841666666667	0
0.62925000000000	0
0.63008333333333	0
0.63091666666667	0
0.63175000000000	0
0.63258333333333	0
0.63341666666667	0
0.63423333333333	0
0.63506666666667	0
0.63590000000000	0
0.63673333333333	0
0.63758333333333	0
0.63841666666667	0
0.63925000000000	0
0.64008333333333	0
0.64091666666667	0
0.64175000000000	0
0.64258333333333	0
0.64341666666667	0
0.64425000000000	0
0.64508333333333	0
0.64591666666667	0
0.64675000000000	0
0.64758333333333	0
0.64841666666667	0
0.64925000000000	0
0.65008333333333	0
0.65091666666667	0
0.65175000000000	0
0.65258333333333	0
0.65341666666667	0
0.65425000000000	0
0.65510000000000	0
0.65593333333333	0
0.65676666666667	0
0.65760000000000	0
0.65843333333333	0
0.65926666666667	0
0.66010000000000	0
0.66093333333333	0
0.66176666666667	0
0.66260000000000	0
0.66343333333333	0
0.66426666666667	0
0.66510000000000	0
0.66593333333333	0
0.66676666666667	0
0.66760000000000	0
0.66843333333333	0
0.66926666666667	0
0.67010000000000	0
0.67093333333333	0
0.67178333333333	0
0.67261666666667	0
0.67345000000000	0
0.67428333333333	0
0.67511666666667	0
0.67595000000000	0
0.67678333333333	0
0.67761666666667	0
0.67845000000000	0
0.67928333333333	0
0.68011666666667	0
0.68095000000000	0
0.68178333333333	0
0.68261666666667	0
0.68345000000000	0
0.68428333333333	0
0.68511666666667	0
0.68595000000000	0
0.68678333333333	0
0.68761666666667	0
0.68845000000000	0
0.68930000000000	0
0.69013333333333	0
0.69096666666667	0
0.69180000000000	0
0.69263333333333	0
0.69346666666667	0
0.69430000000000	0
0.69513333333333	0
0.69596666666667	0
0.69680000000000	0
0.69763333333333	0
0.69846666666667	0
0.69930000000000	0
0.70013333333333	0
0.70096666666667	0
0.70180000000000	0
0.70263333333333	0
0.70346666666667	0
0.70430000000000	0
0.70513333333333	0
0.70598333333333	0
0.70681666666667	0
0.70765000000000	0
0.70848333333333	133
0.70931666666667	66
0.71015000000000	0
0.71098333333333	0
0.71181666666667	0
0.71265000000000	0
0.71348333333333	0
0.71431666666667	0
0.71515000000000	0
0.71598333333333	0
0.71681666666667	0
0.71765000000000	0
0.71848333333333	0
0.71931666666667	0
0.72015000000000	0
0.72098333333333	0
0.72181666666667	0
0.72265000000000	0
0.72350000000000	0
0.72433333333333	0
0.72516666666667	0
0.72600000000000	0
0.72683333333333	0
0.72766666666667	0
0.72850000000000	0
0.72933333333333	0
0.73016666666667	0
0.73100000000000	0
0.73183333333333	0
0.73266666666667	0
0.73350000000000	0
0.73433333333333	0
0.73516666666667	0
0.73600000000000	0
0.73683333333333	0
0.73766666666667	0
0.73850000000000	0
0.73933333333333	0
0.74018333333333	0
0.74101666666667	0
0.74185000000000	0
0.74268333333333	0
0.74351666666667	0
0.74435000000000	0
0.74518333333333	0
0.74601666666667	0
0.74685000000000	0
0.74768333333333	0
0.74851666666667	0
0.74935000000000	0
0.75018333333333	0
0.75101666666667	0
0.75185000000000	0
0.75268333333333	0
0.75351666666667	0
0.75435000000000	0
0.75518333333333	0
0.75601666666667	0
0.75685000000000	0
0.75770000000000	0
0.75853333333333	0
0.75936666666667	0
0.76020000000000	0
0.76103333333333	0
0.76186666666667	0
0.76270000000000	0
0.76353333333333	0
0.76436666666667	0
0.76520000000000	0
0.76603333333333	0
0.76686666666667	0
0.76770000000000	0
0.76853333333333	0
0.76936666666667	0
0.77020000000000	0
0.77103333333333	0
0.77186666666667	0
0.77270000000000	0
0.77353333333333	0
0.77438333333333	0
0.77521666666667	0
0.77605000000000	0
0.77688333333333	0
0.77771666666667	0
0.77855000000000	0
0.77938333333333	0
0.78021666666667	0
0.78105000000000	0
0.78188333333333	0
0.78271666666667	0
0.78355000000000	0
0.78438333333333	0
0.78521666666667	0
0.78605000000000	0
0.78688333333333	0
0.78771666666667	0
0.78855000000000	0
0.78938333333333	0
0.79021666666667	0
0.79105000000000	0
0.79190000000000	0
0.79273333333333	0
0.79356666666667	0
0.79440000000000	0
0.79523333333333	0
0.79606666666667	0
0.79690000000000	0
0.79773333333333	0
0.79856666666667	0
0.79940000000000	0
0.80023333333333	0
0.80106666666667	0
0.80190000000000	0
0.80273333333333	0
0.80356666666667	0
0.80440000000000	0
0.80523333333333	0
0.80606666666667	0
0.80690000000000	0
0.80773333333333	0
0.80858333333333	0
0.80941666666667	0
0.81025000000000	0
0.81108333333333	0
0.81191666666667	0
0.81275000000000	0
0.81358333333333	0
0.81441666666667	0
0.81525000000000	0
0.81608333333333	0
0.81691666666667	0
0.81775000000000	0
0.81858333333333	0
0.81941666666667	0
0.82023333333333	0
0.82106666666667	0
0.82190000000000	0
0.82273333333333	0
0.82356666666667	0
0.82440000000000	0
0.82523333333333	0
0.82608333333333	0
0.82691666666667	0
0.82775000000000	0
0.82858333333333	0
0.82941666666667	0
0.83025000000000	0
0.83108333333333	0
0.83191666666667	0
0.83275000000000	0
0.83358333333333	0
0.83441666666667	0
0.83525000000000	0
0.83608333333333	0
0.83691666666667	0
0.83775000000000	0
0.83858333333333	0
0.83941666666667	0
0.84025000000000	0
0.84108333333333	0
0.84191666666667	0
0.84276666666667	0
0.84360000000000	0
0.84443333333333	0
0.84526666666667	0
0.84610000000000	0
0.84693333333333	0
0.84776666666667	0
0.84860000000000	0
0.84943333333333	0
0.85026666666667	0
0.85110000000000	0
0.85193333333333	0
0.85276666666667	0
0.85360000000000	0
0.85443333333333	0
0.85526666666667	0
0.85610000000000	0
0.85693333333333	0
0.85776666666667	0
0.85860000000000	0
0.85943333333333	0
0.86028333333333	0
0.86111666666667	0
0.86195000000000	0
0.86278333333333	0
0.86361666666667	0
0.86445000000000	0
0.86528333333333	0
0.86611666666667	0
0.86695000000000	0
0.86778333333333	0
0.86861666666667	0
0.86945000000000	0
0.87028333333333	0
0.87111666666667	0
0.87195000000000	0
0.87278333333333	0
0.87361666666667	0
0.87445000000000	0
0.87528333333333	0
0.87611666666667	0
0.87696666666667	0
0.87780000000000	0
0.87863333333333	0
0.87946666666667	0
0.88030000000000	0
0.88113333333333	0
0.88196666666667	0
0.88280000000000	0
0.88363333333333	0
0.88446666666667	0
0.88530000000000	0
0.88613333333333	0
0.88696666666667	0
0.88780000000000	0
0.88863333333333	0
0.88946666666667	0
0.89030000000000	0
0.89113333333333	0
0.89196666666667	0
0.89280000000000	0
0.89363333333333	0
0.89448333333333	0
0.89531666666667	0
0.89615000000000	0
0.89698333333333	0
0.89781666666667	0
0.89865000000000	0
0.89948333333333	0
0.90031666666667	0
0.90115000000000	0
0.90198333333333	0
0.90281666666667	0
0.90365000000000	0
0.90446666666667	0
0.90530000000000	0
0.90613333333333	0
0.90696666666667	0
0.90780000000000	0
0.90863333333333	0
0.90946666666667	0
0.91030000000000	0
0.91115000000000	0
0.91198333333333	0
0.91281666666667	0
0.91365000000000	0
0.91448333333333	0
0.91531666666667	0
0.91615000000000	0
0.91698333333333	0
0.91781666666667	0
0.91865000000000	0
0.91948333333333	0
0.92031666666667	0
0.92115000000000	0
0.92198333333333	0
0.92281666666667	0
0.92365000000000	0
0.92448333333333	0
0.92531666666667	0
0.92615000000000	0
0.92698333333333	0
0.92781666666667	0
0.92866666666667	0
0.92950000000000	0
0.93033333333333	0
0.93116666666667	0
0.93200000000000	0
0.93283333333333	0
0.93366666666667	0
0.93450000000000	0
0.93533333333333	0
0.93616666666667	0
0.93700000000000	0
0.93783333333333	0
0.93866666666667	0
0.93950000000000	0
0.94033333333333	0
0.94116666666667	0
0.94200000000000	0
0.94283333333333	0
0.94366666666667	0
0.94450000000000	0
0.94535000000000	0
0.94618333333333	0
0.94701666666667	0
0.94785000000000	0
0.94868333333333	0
0.94951666666667	0
0.95035000000000	0
0.95118333333333	0
0.95201666666667	0
0.95285000000000	0
0.95368333333333	0
0.95451666666667	0
0.95535000000000	0
0.95618333333333	0
0.95701666666667	0
0.95785000000000	0
0.95868333333333	0
0.95951666666667	0
0.96035000000000	0
0.96118333333333	0
0.96201666666667	0
0.96286666666667	0
0.96370000000000	0
0.96453333333333	0
0.96536666666667	0
0.96620000000000	0
0.96703333333333	0
0.96786666666667	0
0.96870000000000	0
0.96953333333333	0
0.97036666666667	0
0.97120000000000	0
0.97203333333333	0
0.97286666666667	0
0.97370000000000	0
0.97453333333333	0
0.97536666666667	0
0.97620000000000	0
0.97703333333333	0
0.97786666666667	0
0.97870000000000	307
0.97955000000000	302
0.98038333333333	0
0.98121666666667	0
0.98205000000000	0
0.98288333333333	0
0.98371666666667	0
0.98455000000000	0
0.98538333333333	0
0.98621666666667	0
0.98705000000000	117
0.98788333333333	59
0.98871666666667	0
0.98955000000000	0
0.99036666666667	0
0.99120000000000	0
0.99203333333333	0
0.99286666666667	0
0.99370000000000	0
0.99453333333333	0
0.99536666666667	0
0.99620000000000	165
0.99705000000000	82
0.99788333333333	0
0.99871666666667	0
0.99955000000000	0
1.00038333333333	0
1.00121666666667	0
1.00205000000000	0
1.00288333333333	0
1.00371666666667	0
1.00455000000000	9
1.00538333333333	18
1.00621666666667	9
1.00705000000000	0
1.00788333333333	0
1.00871666666667	0
1.00955000000000	0
1.01038333333333	0
1.01121666666667	0
1.01205000000000	0
1.01288333333333	0
1.01373333333333	0
1.01456666666667	0
1.01540000000000	0
1.01623333333333	0
1.01706666666667	0
1.01790000000000	0
1.01873333333333	0
1.01956666666667	519
1.02040000000000	260
1.02123333333333	0
1.02206666666667	0
1.02290000000000	0
1.02373333333333	959
1.02456666666667	1028
1.02540000000000	0
1.02623333333333	0
1.02706666666667	1032
1.02790000000000	977
1.02873333333333	158
1.02956666666667	370
1.03040000000000	488
1.03125000000000	464
1.03208333333333	440
1.03291666666667	823
1.03375000000000	0
1.03458333333333	41
1.03541666666667	0
1.03625000000000	0
1.03708333333333	0
1.03791666666667	0
1.03875000000000	238
1.03958333333333	119
1.04041666666667	0
1.04125000000000	0
1.04208333333333	0
1.04291666666667	0
1.04375000000000	592
1.04458333333333	454
1.04541666666667	498
1.04625000000000	256
1.04708333333333	14
1.04793333333333	547
1.04876666666667	0
1.04960000000000	161
1.05043333333333	323
1.05126666666667	0
1.05210000000000	0
1.05293333333333	0
1.05376666666667	645
1.05460000000000	322
1.05543333333333	0
1.05626666666667	0
1.05710000000000	0
1.05793333333333	233
1.05876666666667	117
1.05960000000000	0
1.06043333333333	952
1.06126666666667	973
1.06210000000000	610
1.06293333333333	542
1.06376666666667	1287
1.06460000000000	0
1.06545000000000	15
1.06628333333333	967
1.06711666666667	356
1.06795000000000	696
1.06878333333333	0
1.06961666666667	457
1.07045000000000	632
1.07128333333333	396
1.07211666666667	506
1.07295000000000	998
1.07378333333333	1811
1.07461666666667	1424
1.07545000000000	1058
1.07628333333333	1517
1.07711666666667	1379
1.07795000000000	425
1.07878333333333	881
1.07961666666667	929
1.08045000000000	1618
1.08128333333333	1980
1.08213333333333	1789
1.08296666666667	623
1.08380000000000	1663
1.08463333333333	98
1.08546666666667	938
1.08630000000000	1882
1.08713333333333	2551
1.08796666666667	3036
1.08880000000000	1801
1.08963333333333	3291
1.09046666666667	924
1.09130000000000	1459
1.09213333333333	1994
1.09296666666667	2097
1.09380000000000	2199
1.09463333333333	2307
1.09546666666667	2415
1.09630000000000	2915
1.09713333333333	3157
1.09796666666667	3398
1.09880000000000	4501
1.09965000000000	6950
1.10048333333333	6240
1.10131666666667	5857
1.10215000000000	3752
1.10298333333333	6577
1.10381666666667	9516
1.10465000000000	11880
1.10548333333333	7659
1.10631666666667	15180
1.10715000000000	12824
1.10798333333333	14752
1.10881666666667	18564
1.10965000000000	20760
1.11048333333333	21880
1.11131666666667	20756
1.11215000000000	19628
1.11298333333333	19892
1.11381666666667	20156
1.11465000000000	28280
1.11548333333333	28144
1.11633333333333	28012
1.11716666666667	26272
1.11800000000000	22760
1.11883333333333	33808
1.11966666666667	35184
1.12050000000000	36880
1.12133333333333	33168
1.12216666666667	34544
1.12300000000000	35920
1.12383333333333	23440
1.12466666666667	28116
1.12550000000000	38176
1.12633333333333	23260
1.12716666666667	25816
1.12800000000000	27672
1.12883333333333	22088
1.12966666666667	26656
1.13050000000000	20972
1.13133333333333	33616
1.13216666666667	33088
1.13300000000000	21528
1.13385000000000	20888
1.13468333333333	24284
1.13551666666667	17248
1.13635000000000	20840
1.13718333333333	25580
1.13801666666667	19168
1.13885000000000	16568
1.13968333333333	16776
1.14051666666667	15184
1.14135000000000	13592
1.14218333333333	21144
1.14301666666667	22380
1.14385000000000	24684
1.14468333333333	17640
1.14551666666667	15784
1.14635000000000	13720
1.14718333333333	13340
1.14801666666667	11856
1.14885000000000	12352
1.14968333333333	12848
1.15053333333333	14260
1.15136666666667	16824
1.15220000000000	16436
1.15303333333333	14488
1.15386666666667	8996
1.15470000000000	10952
1.15553333333333	13564
1.15636666666667	11956
1.15720000000000	14020
1.15803333333333	5979
1.15886666666667	7959
1.15970000000000	7555
1.16053333333333	7271
1.16136666666667	6987
1.16220000000000	8068
1.16303333333333	8316
1.16385000000000	8452
1.16468333333333	8592
1.16551666666667	7910
1.16635000000000	8460
1.16718333333333	9016
1.16803333333333	5241
1.16886666666667	8616
1.16970000000000	6112
1.17053333333333	4556
1.17136666666667	8003
1.17220000000000	7170
1.17303333333333	8103
1.17386666666667	8124
1.17470000000000	4376
1.17553333333333	6964
1.17636666666667	4184
1.17720000000000	7318
1.17803333333333	4124
1.17886666666667	5153
1.17970000000000	8119
1.18053333333333	2542
1.18136666666667	3865
1.18220000000000	4236
1.18303333333333	4934
1.18386666666667	4708
1.18471666666667	4483
1.18555000000000	2434
1.18638333333333	4998
1.18721666666667	6194
1.18805000000000	5063
1.18888333333333	4551
1.18971666666667	2582
1.19055000000000	2769
1.19138333333333	3965
1.19221666666667	2522
1.19305000000000	1497
1.19388333333333	5718
1.19471666666667	4456
1.19555000000000	4548
1.19638333333333	2490
1.19721666666667	3968
1.19805000000000	4794
1.19888333333333	5496
1.19971666666667	2836
1.20055000000000	2251
1.20138333333333	379
1.20223333333333	2860
1.20306666666667	2125
1.20390000000000	3525
1.20473333333333	3097
1.20556666666667	2668
1.20640000000000	3058
1.20723333333333	3109
1.20806666666667	1540
1.20890000000000	2434
1.20973333333333	1410
1.21056666666667	847
1.21140000000000	148
1.21223333333333	800
1.21306666666667	1348
1.21390000000000	2010
1.21473333333333	2044
1.21556666666667	2078
1.21640000000000	2671
1.21723333333333	2096
1.21806666666667	1521
1.21891666666667	336
1.21975000000000	846
1.22058333333333	1869
1.22141666666667	244
1.22225000000000	0
1.22308333333333	781
1.22391666666667	719
1.22475000000000	658
1.22558333333333	1013
1.22641666666667	997
1.22725000000000	981
1.22808333333333	574
1.22891666666667	167
1.22975000000000	1302
1.23058333333333	879
1.23141666666667	0
1.23225000000000	1266
1.23308333333333	171
1.23391666666667	198
1.23475000000000	225
1.23558333333333	883
1.23643333333333	684
1.23726666666667	484
1.23810000000000	125
1.23893333333333	500
1.23976666666667	441
1.24060000000000	382
1.24143333333333	191
1.24226666666667	0
1.24310000000000	174
1.24393333333333	87
1.24476666666667	0
1.24560000000000	0
1.24643333333333	0
1.24726666666667	562
1.24810000000000	849
1.24893333333333	779
1.24976666666667	1015
1.25060000000000	860
1.25141666666667	0
1.25225000000000	417
1.25310000000000	256
1.25393333333333	254
1.25476666666667	251
1.25560000000000	287
1.25643333333333	322
1.25726666666667	323
1.25810000000000	323
1.25893333333333	312
1.25976666666667	300
1.26060000000000	214
1.26143333333333	0
1.26226666666667	397
1.26310000000000	199
1.26393333333333	0
1.26476666666667	0
1.26560000000000	0
1.26643333333333	202
1.26726666666667	101
1.26810000000000	0
1.26893333333333	83
1.26976666666667	167
1.27061666666667	83
1.27145000000000	0
1.27228333333333	220
1.27311666666667	110
1.27395000000000	0
1.27478333333333	0
1.27561666666667	0
1.27645000000000	0
1.27728333333333	0
1.27811666666667	0
1.27895000000000	0
1.27978333333333	0
1.28061666666667	0
1.28145000000000	0
1.28228333333333	66
1.28311666666667	131
1.28395000000000	566
1.28478333333333	319
1.28561666666667	71
1.28645000000000	82
1.28730000000000	41
1.28813333333333	0
1.28896666666667	0
1.28980000000000	0
1.29063333333333	153
1.29146666666667	150
1.29230000000000	147
1.29313333333333	503
1.29396666666667	893
1.29480000000000	777
1.29563333333333	274
1.29646666666667	426
1.29730000000000	0
1.29813333333333	0
1.29896666666667	0
1.29980000000000	234
1.30063333333333	469
1.30146666666667	332
1.30230000000000	0
1.30313333333333	801
1.30396666666667	967
1.30481666666667	0
1.30565000000000	360
1.30648333333333	813
1.30731666666667	0
1.30815000000000	0
1.30898333333333	436
1.30981666666667	412
1.31065000000000	0
1.31148333333333	0
1.31231666666667	0
1.31315000000000	430
1.31398333333333	561
1.31481666666667	0
1.31565000000000	0
1.31648333333333	0
1.31731666666667	140
1.31815000000000	70
1.31898333333333	0
1.31981666666667	0
1.32065000000000	0
1.32150000000000	0
1.32233333333333	232
1.32316666666667	116
1.32400000000000	0
1.32483333333333	82
1.32566666666667	164
1.32650000000000	0
1.32733333333333	0
1.32816666666667	0
1.32900000000000	169
1.32983333333333	85
1.33066666666667	0
1.33150000000000	0
1.33233333333333	0
1.33316666666667	0
1.33400000000000	0
1.33483333333333	0
1.33566666666667	425
1.33650000000000	404
1.33733333333333	384
1.33816666666667	0
1.33901666666667	0
1.33985000000000	0
1.34068333333333	0
1.34151666666667	0
1.34235000000000	0
1.34318333333333	0
1.34401666666667	0
1.34485000000000	0
1.34568333333333	0
1.34651666666667	0
1.34735000000000	0
1.34818333333333	0
1.34901666666667	0
1.34985000000000	0
1.35068333333333	196
1.35151666666667	98
1.35235000000000	0
1.35318333333333	95
1.35401666666667	48
1.35485000000000	0
1.35570000000000	0
1.35653333333333	0
1.35736666666667	0
1.35820000000000	0
1.35903333333333	0
1.35986666666667	0
1.36070000000000	0
1.36153333333333	0
1.36236666666667	0
1.36320000000000	0
1.36403333333333	0
1.36486666666667	0
1.36570000000000	0
1.36653333333333	0
1.36736666666667	0
1.36820000000000	0
1.36903333333333	0
1.36986666666667	0
1.37070000000000	0
1.37153333333333	0
1.37235000000000	0
1.37320000000000	0
1.37403333333333	0
1.37486666666667	0
1.37570000000000	0
1.37653333333333	0
1.37736666666667	0
1.37820000000000	0
1.37903333333333	0
1.37986666666667	0
1.38070000000000	0
1.38153333333333	0
1.38236666666667	0
1.38320000000000	0
1.38403333333333	0
1.38486666666667	0
1.38570000000000	0
1.38653333333333	0
1.38736666666667	0
1.38820000000000	0
1.38903333333333	0
1.38988333333333	118
1.39071666666667	135
1.39155000000000	0
1.39238333333333	0
1.39321666666667	0
1.39405000000000	0
1.39488333333333	0
1.39571666666667	0
1.39655000000000	0
1.39738333333333	0
1.39821666666667	0
1.39905000000000	0
1.39988333333333	0
1.40071666666667	0
1.40155000000000	0
1.40238333333333	0
1.40321666666667	0
1.40405000000000	0
1.40488333333333	0
1.40571666666667	0
1.40655000000000	0
1.40740000000000	0
1.40823333333333	0
1.40906666666667	215
1.40990000000000	108
1.41073333333333	0
1.41156666666667	21
1.41240000000000	0
1.41323333333333	0
1.41406666666667	0
1.41490000000000	0
1.41573333333333	0
1.41656666666667	539
1.41740000000000	498
1.41823333333333	433
1.41906666666667	0
1.41990000000000	0
1.42073333333333	0
1.42156666666667	0
1.42240000000000	0
1.42323333333333	0
1.42408333333333	0
1.42491666666667	0
1.42575000000000	0
1.42658333333333	0
1.42741666666667	0
1.42825000000000	0
1.42908333333333	0
1.42991666666667	0
1.43075000000000	0
1.43158333333333	0
1.43241666666667	0
1.43325000000000	0
1.43408333333333	0
1.43491666666667	0
1.43575000000000	0
1.43658333333333	0
1.43741666666667	0
1.43825000000000	0
1.43908333333333	7
1.43991666666667	14
1.44075000000000	7
1.44160000000000	0
1.44243333333333	0
1.44326666666667	0
1.44410000000000	0
1.44493333333333	0
1.44576666666667	0
1.44660000000000	0
1.44743333333333	0
1.44826666666667	0
1.44910000000000	0
1.44993333333333	0
1.45076666666667	0
1.45160000000000	0
1.45243333333333	0
1.45326666666667	0
1.45410000000000	0
1.45493333333333	0
1.45576666666667	0
1.45660000000000	0
1.45743333333333	0
1.45828333333333	0
1.45911666666667	0
1.45995000000000	0
1.46078333333333	0
1.46161666666667	0
1.46245000000000	0
1.46328333333333	0
1.46411666666667	0
1.46495000000000	0
1.46578333333333	0
1.46661666666667	0
1.46745000000000	0
1.46828333333333	0
1.46911666666667	0
1.46995000000000	0
1.47078333333333	0
1.47161666666667	0
1.47245000000000	0
1.47328333333333	0
1.47411666666667	0
1.47493333333333	0
1.47578333333333	0
1.47661666666667	0
1.47745000000000	0
1.47828333333333	0
1.47911666666667	0
1.47995000000000	0
1.48078333333333	0
1.48161666666667	0
1.48245000000000	0
1.48328333333333	0
1.48411666666667	0
1.48495000000000	0
1.48578333333333	0
1.48661666666667	0
1.48745000000000	0
1.48828333333333	0
1.48911666666667	0
1.48995000000000	0
1.49078333333333	0
1.49161666666667	0
1.49246666666667	0
1.49330000000000	0
1.49413333333333	0
1.49496666666667	0
1.49580000000000	0
1.49663333333333	0
1.49746666666667	0
1.49830000000000	87
1.49913333333333	44
1.49996666666667	0
1.50080000000000	0
1.50163333333333	0
1.50246666666667	8
1.50330000000000	4
1.50413333333333	0
1.50496666666667	0
1.50580000000000	0
1.50663333333333	0
1.50746666666667	0
1.50830000000000	0
1.50913333333333	0
1.50998333333333	0
1.51081666666667	0
1.51165000000000	0
1.51248333333333	0
1.51331666666667	0
1.51415000000000	0
1.51498333333333	0
1.51581666666667	0
1.51665000000000	0
1.51748333333333	0
1.51831666666667	0
1.51915000000000	0
1.51998333333333	0
1.52081666666667	0
1.52165000000000	0
1.52248333333333	0
1.52331666666667	0
1.52415000000000	0
1.52498333333333	0
1.52581666666667	0
1.52666666666667	0
1.52750000000000	0
1.52833333333333	0
1.52916666666667	0
1.53000000000000	0
1.53083333333333	0
1.53166666666667	0
1.53250000000000	0
1.53333333333333	0
1.53416666666667	0
1.53500000000000	0
1.53583333333333	0
1.53666666666667	0
1.53750000000000	0
1.53833333333333	0
1.53916666666667	0
1.54000000000000	0
1.54083333333333	0
1.54166666666667	0
1.54250000000000	0
1.54333333333333	0
1.54418333333333	0
1.54501666666667	0
1.54585000000000	0
1.54668333333333	0
1.54751666666667	0
1.54835000000000	0
1.54918333333333	0
1.55001666666667	0
1.55085000000000	0
1.55168333333333	0
1.55251666666667	0
1.55335000000000	0
1.55418333333333	0
1.55501666666667	0
1.55585000000000	0
1.55668333333333	0
1.55751666666667	0
1.55835000000000	0
1.55918333333333	0
1.56001666666667	0
1.56086666666667	0
1.56170000000000	0
1.56253333333333	0
1.56336666666667	0
1.56420000000000	0
1.56503333333333	0
1.56586666666667	0
1.56670000000000	0
1.56753333333333	0
1.56836666666667	0
1.56920000000000	0
1.57003333333333	0
1.57086666666667	0
1.57170000000000	0
1.57253333333333	0
1.57336666666667	0
1.57420000000000	0
1.57503333333333	0
1.57586666666667	0
1.57670000000000	0
1.57753333333333	0
1.57838333333333	0
1.57921666666667	0
1.58005000000000	0
1.58088333333333	0
1.58171666666667	0
1.58255000000000	0
1.58338333333333	0
1.58421666666667	0
1.58505000000000	0
1.58588333333333	0
1.58671666666667	0
1.58755000000000	0
1.58838333333333	0
1.58921666666667	0
1.59003333333333	0
1.59086666666667	0
1.59170000000000	0
1.59253333333333	0
1.59336666666667	0
1.59420000000000	0
1.59505000000000	0
1.59588333333333	0
1.59671666666667	38
1.59755000000000	19
1.59838333333333	0
1.59921666666667	0
1.60005000000000	0
1.60088333333333	0
1.60171666666667	0
1.60255000000000	0
1.60338333333333	0
1.60421666666667	0
1.60505000000000	0
1.60588333333333	0
1.60671666666667	0
1.60755000000000	0
1.60838333333333	0
1.60921666666667	0
1.61005000000000	0
1.61088333333333	0
1.61171666666667	0
1.61256666666667	0
1.61340000000000	0
1.61423333333333	0
1.61506666666667	0
1.61590000000000	0
1.61673333333333	0
1.61756666666667	0
1.61840000000000	0
1.61923333333333	0
1.62006666666667	0
1.62090000000000	0
1.62173333333333	0
1.62256666666667	0
1.62340000000000	0
1.62423333333333	0
1.62506666666667	0
1.62590000000000	0
1.62673333333333	0
1.62756666666667	0
1.62840000000000	0
1.62925000000000	0
1.63008333333333	0
1.63091666666667	0
1.63175000000000	0
1.63258333333333	0
1.63341666666667	0
1.63425000000000	0
1.63508333333333	0
1.63591666666667	0
1.63675000000000	0
1.63758333333333	0
1.63841666666667	0
1.63925000000000	0
1.64008333333333	0
1.64091666666667	0
1.64175000000000	0
1.64258333333333	0
1.64341666666667	0
1.64425000000000	0
1.64508333333333	0
1.64591666666667	0
1.64676666666667	0
1.64760000000000	0
1.64843333333333	0
1.64926666666667	0
1.65010000000000	0
1.65093333333333	0
1.65176666666667	0
1.65260000000000	0
1.65343333333333	0
1.65426666666667	0
1.65510000000000	0
1.65593333333333	0
1.65676666666667	0
1.65760000000000	0
1.65843333333333	0
1.65926666666667	0
1.66010000000000	0
1.66091666666667	0
1.66175000000000	0
1.66258333333333	0
1.66343333333333	0
1.66426666666667	0
1.66510000000000	0
1.66593333333333	0
1.66676666666667	0
1.66760000000000	0
1.66843333333333	0
1.66926666666667	0
1.67010000000000	0
1.67093333333333	0
1.67176666666667	0
1.67260000000000	0
1.67343333333333	0
1.67426666666667	0
1.67510000000000	0
1.67593333333333	0
1.67676666666667	0
1.67760000000000	0
1.67843333333333	0
1.67926666666667	0
1.68010000000000	0
1.68095000000000	0
1.68178333333333	0
1.68261666666667	0
1.68345000000000	0
1.68428333333333	0
1.68511666666667	0
1.68595000000000	0
1.68678333333333	0
1.68761666666667	0
1.68845000000000	0
1.68928333333333	0
1.69011666666667	0
1.69095000000000	0
1.69178333333333	0
1.69261666666667	0
1.69345000000000	0
1.69428333333333	0
1.69511666666667	0
1.69595000000000	0
1.69678333333333	0
1.69763333333333	0
1.69846666666667	0
1.69930000000000	0
1.70013333333333	0
1.70096666666667	0
1.70180000000000	0
1.70263333333333	0
1.70346666666667	0
1.70430000000000	0
1.70513333333333	0
1.70596666666667	0
1.70680000000000	0
1.70763333333333	0
1.70846666666667	0
1.70930000000000	0
1.71013333333333	0
1.71096666666667	0
1.71180000000000	0
1.71263333333333	0
1.71346666666667	0
1.71430000000000	0
1.71515000000000	0
1.71598333333333	0
1.71681666666667	0
1.71765000000000	0
1.71848333333333	0
1.71931666666667	0
1.72015000000000	0
1.72098333333333	0
1.72181666666667	0
1.72265000000000	0
1.72348333333333	0
1.72431666666667	0
1.72515000000000	0
1.72598333333333	0
1.72681666666667	0
1.72765000000000	0
1.72848333333333	0
1.72931666666667	0
1.73015000000000	0
1.73098333333333	0
1.73183333333333	0
1.73266666666667	0
1.73350000000000	0
1.73433333333333	0
1.73516666666667	0
1.73600000000000	0
1.73683333333333	0
1.73766666666667	0
1.73850000000000	0
1.73933333333333	0
1.74016666666667	0
1.74100000000000	0
1.74183333333333	0
1.74266666666667	0
1.74350000000000	0
1.74433333333333	0
1.74516666666667	0
1.74600000000000	0
1.74683333333333	0
1.74766666666667	0
1.74850000000000	0
1.74935000000000	0
1.75018333333333	0
1.75101666666667	0
1.75185000000000	0
1.75268333333333	0
1.75351666666667	0
1.75435000000000	0
1.75518333333333	0
1.75601666666667	356
1.75685000000000	178
1.75768333333333	0
1.75851666666667	0
1.75935000000000	0
1.76018333333333	0
1.76101666666667	0
1.76185000000000	0
1.76268333333333	0
1.76351666666667	0
1.76435000000000	0
1.76518333333333	0
1.76603333333333	0
1.76686666666667	0
1.76770000000000	0
1.76853333333333	8
1.76936666666667	4
1.77020000000000	0
1.77103333333333	0
1.77186666666667	0
1.77270000000000	0
1.77353333333333	0
1.77436666666667	0
1.77520000000000	0
1.77603333333333	0
1.77686666666667	0
1.77770000000000	0
1.77853333333333	0
1.77936666666667	0
1.78020000000000	0
1.78103333333333	0
1.78186666666667	0
1.78270000000000	0
1.78355000000000	0
1.78438333333333	0
1.78521666666667	0
1.78605000000000	0
1.78688333333333	0
1.78771666666667	0
1.78855000000000	0
1.78938333333333	0
1.79021666666667	0
1.79105000000000	0
1.79188333333333	0
1.79271666666667	0
1.79355000000000	0
1.79438333333333	0
1.79521666666667	0
1.79605000000000	0
1.79686666666667	0
1.79770000000000	0
1.79853333333333	0
1.79936666666667	0
1.80021666666667	0
1.80105000000000	0
1.80188333333333	0
1.80271666666667	0
1.80355000000000	0
1.80438333333333	0
1.80521666666667	0
1.80605000000000	0
1.80688333333333	0
1.80771666666667	0
1.80855000000000	0
1.80938333333333	0
1.81021666666667	0
1.81105000000000	0
1.81188333333333	0
1.81271666666667	0
1.81355000000000	0
1.81438333333333	0
1.81521666666667	0
1.81605000000000	0
1.81688333333333	0
1.81773333333333	0
1.81856666666667	0
1.81940000000000	0
1.82023333333333	0
1.82106666666667	0
1.82190000000000	0
1.82273333333333	0
1.82356666666667	0
1.82440000000000	0
1.82523333333333	0
1.82606666666667	0
1.82690000000000	0
1.82773333333333	0
1.82856666666667	0
1.82940000000000	0
1.83023333333333	0
1.83106666666667	0
1.83190000000000	0
1.83273333333333	0
1.83356666666667	0
1.83441666666667	0
1.83525000000000	0
1.83608333333333	0
1.83691666666667	0
1.83775000000000	0
1.83858333333333	0
1.83941666666667	0
1.84025000000000	0
1.84108333333333	0
1.84191666666667	0
1.84275000000000	0
1.84358333333333	0
1.84441666666667	0
1.84525000000000	0
1.84608333333333	0
1.84691666666667	0
1.84775000000000	0
1.84858333333333	0
1.84941666666667	0
1.85025000000000	0
1.85108333333333	0
1.85193333333333	0
1.85276666666667	0
1.85360000000000	0
1.85443333333333	0
1.85526666666667	0
1.85610000000000	0
1.85693333333333	0
1.85776666666667	0
1.85860000000000	0
1.85943333333333	0
1.86026666666667	0
1.86110000000000	0
1.86193333333333	0
1.86276666666667	0
1.86360000000000	0
1.86443333333333	0
1.86526666666667	0
1.86610000000000	0
1.86693333333333	0
1.86776666666667	0
1.86861666666667	0
1.86945000000000	0
1.87028333333333	0
1.87111666666667	0
1.87195000000000	0
1.87278333333333	0
1.87361666666667	0
1.87445000000000	0
1.87528333333333	0
1.87611666666667	0
1.87695000000000	0
1.87778333333333	0
1.87861666666667	0
1.87945000000000	0
1.88028333333333	0
1.88111666666667	0
1.88195000000000	0
1.88278333333333	0
1.88361666666667	0
1.88445000000000	0
1.88528333333333	0
1.88613333333333	0
1.88696666666667	0
1.88780000000000	0
1.88863333333333	0
1.88946666666667	0
1.89030000000000	0
1.89113333333333	0
1.89196666666667	0
1.89280000000000	0
1.89363333333333	0
1.89446666666667	0
1.89530000000000	0
1.89613333333333	0
1.89696666666667	0
1.89780000000000	0
1.89863333333333	0
1.89946666666667	0
1.90030000000000	0
1.90113333333333	0
1.90196666666667	0
1.90281666666667	0
1.90365000000000	0
1.90448333333333	0
1.90531666666667	0
1.90615000000000	0
1.90698333333333	0
1.90781666666667	0
1.90865000000000	0
1.90948333333333	0
1.91031666666667	0
1.91115000000000	0
1.91198333333333	0
1.91281666666667	0
1.91365000000000	0
1.91448333333333	0
1.91531666666667	0
1.91615000000000	0
1.91698333333333	0
1.91781666666667	0
1.91865000000000	0
1.91948333333333	0
1.92033333333333	0
1.92116666666667	0
1.92200000000000	0
1.92283333333333	0
1.92366666666667	0
1.92450000000000	62
1.92533333333333	31
1.92616666666667	0
1.92700000000000	0
1.92783333333333	0
1.92866666666667	0
1.92950000000000	0
1.93033333333333	0
1.93116666666667	0
1.93200000000000	0
1.93283333333333	0
1.93366666666667	0
1.93450000000000	0
1.93531666666667	0
1.93615000000000	0
1.93700000000000	0
1.93783333333333	0
1.93866666666667	0
1.93950000000000	0
1.94033333333333	0
1.94116666666667	0
1.94200000000000	0
1.94283333333333	0
1.94366666666667	0
1.94450000000000	0
1.94533333333333	0
1.94616666666667	0
1.94700000000000	0
1.94783333333333	0
1.94866666666667	0
1.94950000000000	0
1.95033333333333	0
1.95116666666667	0
1.95200000000000	0
1.95283333333333	0
1.95366666666667	0
1.95451666666667	0
1.95535000000000	0
1.95618333333333	0
1.95701666666667	0
1.95785000000000	0
1.95868333333333	0
1.95951666666667	0
1.96035000000000	0
1.96118333333333	0
1.96201666666667	0
1.96285000000000	0
1.96368333333333	15
1.96451666666667	7
1.96535000000000	0
1.96618333333333	0
1.96701666666667	0
1.96785000000000	0
1.96868333333333	0
1.96951666666667	0
1.97035000000000	0
1.97120000000000	0
1.97203333333333	0
1.97286666666667	0
1.97370000000000	0
1.97453333333333	0
1.97536666666667	0
1.97620000000000	0
1.97703333333333	0
1.97786666666667	0
1.97870000000000	0
1.97953333333333	0
1.98036666666667	0
1.98120000000000	0
1.98203333333333	0
1.98286666666667	0
1.98370000000000	0
1.98453333333333	0
1.98536666666667	0
1.98620000000000	0
1.98703333333333	0
1.98786666666667	0
1.98871666666667	0
1.98955000000000	0
1.99038333333333	0
1.99121666666667	0
1.99205000000000	0
1.99288333333333	0
1.99371666666667	0
1.99455000000000	0
1.99538333333333	0
1.99621666666667	0
1.99705000000000	0
1.99788333333333	0
1.99871666666667	0
1.99955000000000	0
2.00038333333333	0
2.00121666666667	0
2.00205000000000	0
2.00288333333333	0
2.00371666666667	0
2.00455000000000	0
2.00540000000000	0
2.00623333333333	0
2.00706666666667	0
2.00790000000000	0
2.00873333333333	0
2.00956666666667	0
2.01040000000000	0
2.01123333333333	0
2.01206666666667	0
2.01290000000000	0
2.01373333333333	0
2.01456666666667	0
2.01540000000000	0
2.01623333333333	0
2.01706666666667	0
2.01790000000000	0
2.01873333333333	0
2.01956666666667	0
2.02040000000000	0
2.02123333333333	0
2.02206666666667	0
2.02291666666667	0
2.02375000000000	0
2.02458333333333	0
2.02541666666667	0
2.02625000000000	0
2.02708333333333	0
2.02791666666667	0
2.02875000000000	0
2.02958333333333	0
2.03041666666667	0
2.03125000000000	0
2.03208333333333	0
2.03291666666667	0
2.03375000000000	0
2.03458333333333	0
2.03541666666667	0
2.03625000000000	0
2.03708333333333	0
2.03791666666667	0
2.03875000000000	0
2.03960000000000	0
2.04043333333333	0
2.04126666666667	0
2.04210000000000	0
2.04293333333333	0
2.04376666666667	0
2.04460000000000	0
2.04543333333333	0
2.04626666666667	0
2.04710000000000	0
2.04793333333333	0
2.04876666666667	0
2.04960000000000	0
2.05043333333333	0
2.05126666666667	0
2.05210000000000	0
2.05293333333333	0
2.05376666666667	0
2.05460000000000	0
2.05543333333333	0
2.05626666666667	0
2.05711666666667	0
2.05795000000000	0
2.05878333333333	0
2.05961666666667	0
2.06045000000000	0
2.06128333333333	0
2.06211666666667	0
2.06295000000000	0
2.06378333333333	0
2.06461666666667	0
2.06545000000000	0
2.06628333333333	0
2.06711666666667	0
2.06795000000000	0
2.06878333333333	0
2.06961666666667	0
2.07045000000000	0
2.07128333333333	0
2.07211666666667	0
2.07295000000000	0
2.07380000000000	0
2.07463333333333	0
2.07546666666667	0
2.07630000000000	0
2.07713333333333	0
2.07796666666667	0
2.07880000000000	0
2.07963333333333	0
2.08046666666667	0
2.08130000000000	0
2.08213333333333	0
2.08296666666667	0
2.08380000000000	0
2.08463333333333	0
2.08546666666667	0
2.08630000000000	0
2.08713333333333	0
2.08796666666667	0
2.08880000000000	0
2.08963333333333	0
2.09046666666667	0
2.09131666666667	0
2.09215000000000	0
2.09298333333333	0
2.09381666666667	0
2.09465000000000	0
2.09548333333333	0
2.09631666666667	0
2.09715000000000	0
2.09798333333333	0
2.09881666666667	0
2.09965000000000	0
2.10048333333333	0
2.10131666666667	0
2.10215000000000	0
2.10298333333333	0
2.10381666666667	0
2.10465000000000	0
2.10548333333333	0
2.10631666666667	0
2.10715000000000	0
2.10800000000000	0
2.10883333333333	0
2.10966666666667	0
2.11050000000000	0
2.11133333333333	0
2.11216666666667	0
2.11300000000000	0
2.11383333333333	0
2.11466666666667	0
2.11550000000000	0
2.11633333333333	0
2.11716666666667	0
2.11800000000000	0
2.11883333333333	0
2.11966666666667	0
2.12050000000000	0
2.12133333333333	0
2.12216666666667	0
2.12300000000000	0
2.12383333333333	0
2.12466666666667	0
2.12551666666667	0
2.12635000000000	0
2.12718333333333	0
2.12801666666667	0
2.12885000000000	0
2.12968333333333	0
2.13051666666667	0
2.13135000000000	0
2.13218333333333	0
2.13301666666667	0
2.13385000000000	0
2.13468333333333	0
2.13551666666667	0
2.13635000000000	0
2.13718333333333	0
2.13801666666667	0
2.13885000000000	0
2.13968333333333	0
2.14051666666667	0
2.14135000000000	0
2.14220000000000	0
2.14303333333333	0
2.14386666666667	0
2.14470000000000	0
2.14553333333333	0
2.14636666666667	0
2.14720000000000	0
2.14803333333333	0
2.14886666666667	0
2.14970000000000	0
2.15053333333333	0
2.15136666666667	0
2.15220000000000	0
2.15303333333333	0
2.15386666666667	0
2.15470000000000	0
2.15553333333333	0
2.15636666666667	0
2.15720000000000	0
2.15803333333333	0
2.15885000000000	0
2.15970000000000	0
2.16053333333333	0
2.16136666666667	0
2.16220000000000	0
2.16303333333333	0
2.16386666666667	0
2.16470000000000	0
2.16553333333333	0
2.16636666666667	0
2.16720000000000	0
2.16803333333333	0
2.16886666666667	0
2.16970000000000	0
2.17053333333333	0
2.17136666666667	0
2.17220000000000	0
2.17303333333333	0
2.17386666666667	0
2.17470000000000	0
2.17553333333333	0
2.17638333333333	0
2.17721666666667	0
2.17805000000000	0
2.17888333333333	0
2.17971666666667	0
2.18055000000000	0
2.18138333333333	0
2.18221666666667	0
2.18305000000000	0
2.18388333333333	0
2.18471666666667	0
2.18555000000000	0
2.18638333333333	0
2.18721666666667	0
2.18805000000000	0
2.18888333333333	0
2.18971666666667	0
2.19055000000000	0
2.19138333333333	0
2.19221666666667	0
2.19305000000000	0
2.19390000000000	0
2.19473333333333	0
2.19556666666667	0
2.19640000000000	0
2.19723333333333	0
2.19806666666667	0
2.19890000000000	0
2.19973333333333	0
2.20056666666667	0
2.20140000000000	0
2.20223333333333	0
2.20306666666667	0
2.20390000000000	0
2.20473333333333	0
2.20556666666667	0
2.20640000000000	0
2.20723333333333	0
2.20806666666667	0
2.20890000000000	0
2.20973333333333	0
2.21058333333333	0
2.21141666666667	0
2.21225000000000	0
2.21308333333333	0
2.21391666666667	0
2.21475000000000	0
2.21558333333333	0
2.21641666666667	0
2.21725000000000	0
2.21808333333333	0
2.21891666666667	0
2.21975000000000	0
2.22058333333333	0
2.22141666666667	0
2.22225000000000	0
2.22308333333333	0
2.22391666666667	0
2.22475000000000	0
2.22558333333333	0
2.22641666666667	0
2.22725000000000	0
2.22810000000000	0
2.22893333333333	0
2.22976666666667	0
2.23060000000000	0
2.23143333333333	0
2.23226666666667	0
2.23310000000000	0
2.23393333333333	0
2.23476666666667	0
2.23560000000000	0
2.23643333333333	0
2.23726666666667	0
2.23810000000000	0
2.23893333333333	0
2.23976666666667	0
2.24060000000000	0
2.24143333333333	0
2.24226666666667	0
2.24310000000000	0
2.24393333333333	0
2.24478333333333	0
2.24561666666667	0
2.24645000000000	0
2.24728333333333	0
2.24811666666667	0
2.24895000000000	0
2.24978333333333	0
2.25061666666667	0
2.25145000000000	0
2.25228333333333	0
2.25311666666667	0
2.25395000000000	0
2.25478333333333	0
2.25561666666667	0
2.25645000000000	0
2.25728333333333	0
2.25811666666667	0
2.25895000000000	0
2.25978333333333	0
2.26061666666667	0
2.26145000000000	0
2.26230000000000	0
2.26313333333333	0
2.26396666666667	0
2.26480000000000	0
2.26563333333333	0
2.26646666666667	0
2.26730000000000	0
2.26813333333333	0
2.26896666666667	0
2.26980000000000	0
2.27063333333333	0
2.27146666666667	0
2.27230000000000	0
2.27313333333333	0
2.27396666666667	0
2.27480000000000	0
2.27563333333333	0
2.27646666666667	0
2.27730000000000	0
2.27813333333333	0
2.27898333333333	0
2.27981666666667	0
2.28065000000000	0
2.28148333333333	0
2.28231666666667	0
2.28315000000000	0
2.28398333333333	0
2.28481666666667	0
2.28565000000000	0
2.28648333333333	0
2.28731666666667	0
2.28815000000000	0
2.28898333333333	0
2.28981666666667	0
2.29065000000000	0
2.29148333333333	0
2.29231666666667	0
2.29315000000000	0
2.29398333333333	0
2.29481666666667	0
2.29563333333333	0
2.29648333333333	0
2.29731666666667	0
2.29815000000000	0
2.29898333333333	0
2.29981666666667	0
2.30065000000000	0
2.30148333333333	0
2.30231666666667	0
2.30315000000000	0
2.30398333333333	0
2.30481666666667	0
2.30565000000000	0
2.30648333333333	0
2.30731666666667	0
2.30815000000000	0
2.30898333333333	0
2.30981666666667	0
2.31065000000000	0
2.31148333333333	0
2.31231666666667	0
2.31316666666667	0
2.31400000000000	0
2.31483333333333	0
2.31566666666667	0
2.31650000000000	0
2.31733333333333	0
2.31816666666667	0
2.31900000000000	0
2.31983333333333	0
2.32066666666667	0
2.32150000000000	0
2.32233333333333	0
2.32316666666667	0
2.32400000000000	128
2.32483333333333	64
2.32566666666667	0
2.32650000000000	16
2.32733333333333	8
2.32816666666667	0
2.32900000000000	0
2.32983333333333	0
2.33068333333333	0
2.33151666666667	0
2.33235000000000	0
2.33318333333333	0
2.33401666666667	0
2.33485000000000	0
2.33568333333333	0
2.33651666666667	0
2.33735000000000	0
2.33818333333333	0
2.33901666666667	0
2.33985000000000	0
2.34068333333333	0
2.34151666666667	0
2.34235000000000	0
2.34318333333333	0
2.34401666666667	0
2.34485000000000	0
2.34568333333333	0
2.34651666666667	0
2.34736666666667	0
2.34820000000000	0
2.34903333333333	0
2.34986666666667	0
2.35070000000000	0
2.35153333333333	0
2.35236666666667	0
2.35320000000000	0
2.35403333333333	0
2.35486666666667	0
2.35570000000000	0
2.35653333333333	0
2.35736666666667	0
2.35820000000000	0
2.35903333333333	0
2.35986666666667	0
2.36070000000000	0
2.36153333333333	0
2.36236666666667	0
2.36320000000000	0
2.36403333333333	0
2.36488333333333	0
2.36571666666667	0
2.36655000000000	0
2.36738333333333	0
2.36821666666667	0
2.36905000000000	0
2.36988333333333	0
2.37071666666667	0
2.37155000000000	0
2.37238333333333	0
2.37321666666667	0
2.37403333333333	0
2.37486666666667	0
2.37570000000000	0
2.37653333333333	0
2.37736666666667	0
2.37820000000000	0
2.37903333333333	0
2.37986666666667	0
2.38070000000000	0
2.38155000000000	0
2.38238333333333	0
2.38321666666667	0
2.38405000000000	0
2.38488333333333	0
2.38571666666667	0
2.38655000000000	0
2.38738333333333	0
2.38821666666667	0
2.38905000000000	0
2.38988333333333	0
2.39071666666667	0
2.39155000000000	0
2.39238333333333	10
2.39321666666667	5
2.39405000000000	0
2.39488333333333	0
2.39571666666667	0
2.39655000000000	0
2.39738333333333	0
2.39821666666667	0
2.39906666666667	0
2.39990000000000	0
2.40073333333333	0
2.40156666666667	0
2.40240000000000	0
2.40323333333333	0
2.40406666666667	0
2.40490000000000	0
2.40573333333333	0
2.40656666666667	0
2.40740000000000	0
2.40823333333333	0
2.40906666666667	0
2.40990000000000	0
2.41073333333333	0
2.41156666666667	0
2.41240000000000	0
2.41323333333333	0
2.41406666666667	0
2.41490000000000	0
2.41575000000000	0
2.41658333333333	0
2.41741666666667	0
2.41825000000000	0
2.41908333333333	0
2.41991666666667	0
2.42075000000000	0
2.42158333333333	0
2.42241666666667	0
2.42325000000000	0
2.42408333333333	0
2.42491666666667	0
2.42575000000000	0
2.42658333333333	0
2.42741666666667	0
2.42825000000000	0
2.42908333333333	0
2.42991666666667	0
2.43075000000000	0
2.43158333333333	0
2.43241666666667	0
2.43326666666667	0
2.43410000000000	38
2.43493333333333	19
2.43576666666667	0
2.43660000000000	0
2.43743333333333	0
2.43826666666667	0
2.43910000000000	542
2.43993333333333	623
2.44076666666667	0
2.44160000000000	0
2.44243333333333	0
2.44326666666667	0
2.44410000000000	0
2.44493333333333	0
2.44576666666667	0
2.44660000000000	0
2.44743333333333	0
2.44826666666667	0
2.44910000000000	0
2.44995000000000	0
2.45078333333333	0
2.45161666666667	0
2.45245000000000	0
2.45328333333333	0
2.45411666666667	0
2.45495000000000	0
2.45578333333333	0
2.45661666666667	0
2.45745000000000	0
2.45828333333333	0
2.45911666666667	0
2.45995000000000	0
2.46078333333333	0
2.46161666666667	0
2.46245000000000	0
2.46328333333333	0
2.46411666666667	0
2.46495000000000	0
2.46578333333333	0
2.46661666666667	0
2.46746666666667	0
2.46830000000000	0
2.46913333333333	0
2.46996666666667	0
2.47080000000000	0
2.47163333333333	0
2.47246666666667	0
2.47330000000000	0
2.47413333333333	0
2.47496666666667	0
2.47580000000000	0
2.47663333333333	0
2.47746666666667	0
2.47830000000000	0
2.47913333333333	0
2.47996666666667	0
2.48080000000000	0
2.48163333333333	0
2.48246666666667	0
2.48330000000000	0
2.48415000000000	0
2.48498333333333	0
2.48581666666667	0
2.48665000000000	0
2.48748333333333	0
2.48831666666667	0
2.48915000000000	0
2.48998333333333	0
2.49081666666667	0
2.49165000000000	0
2.49248333333333	0
2.49331666666667	0
2.49415000000000	0
2.49498333333333	0
2.49581666666667	0
2.49665000000000	0
2.49748333333333	0
2.49831666666667	0
2.49915000000000	0
2.49998333333333	0
2.50081666666667	0
2.50166666666667	0
2.50250000000000	0
2.50333333333333	0
2.50416666666667	0
2.50500000000000	0
2.50583333333333	0
2.50666666666667	0
2.50750000000000	0
2.50833333333333	0
2.50916666666667	0
2.51000000000000	0
2.51083333333333	0
2.51166666666667	0
2.51250000000000	0
2.51333333333333	0
2.51415000000000	0
2.51498333333333	0
2.51581666666667	0
2.51665000000000	0
2.51748333333333	0
2.51833333333333	0
2.51916666666667	0
2.52000000000000	0
2.52083333333333	0
2.52166666666667	0
2.52250000000000	0
2.52333333333333	0
2.52416666666667	0
2.52500000000000	0
2.52583333333333	0
2.52666666666667	0
2.52750000000000	0
2.52833333333333	0
2.52916666666667	0
2.53000000000000	0
2.53083333333333	0
2.53166666666667	0
2.53250000000000	0
2.53333333333333	0
2.53416666666667	0
2.53500000000000	0
2.53585000000000	0
2.53668333333333	0
2.53751666666667	0
2.53835000000000	0
2.53918333333333	0
2.54001666666667	0
2.54085000000000	0
2.54168333333333	0
2.54251666666667	0
2.54335000000000	0
2.54418333333333	0
2.54501666666667	0
2.54585000000000	0
2.54668333333333	0
2.54751666666667	0
2.54835000000000	0
2.54918333333333	0
2.55001666666667	0
2.55085000000000	0
2.55168333333333	0
2.55253333333333	0
2.55336666666667	0
2.55420000000000	0
2.55503333333333	0
2.55586666666667	0
2.55670000000000	0
2.55753333333333	0
2.55836666666667	0
2.55920000000000	0
2.56003333333333	0
2.56086666666667	0
2.56170000000000	0
2.56253333333333	0
2.56336666666667	0
2.56420000000000	0
2.56503333333333	0
2.56586666666667	0
2.56670000000000	0
2.56753333333333	0
2.56836666666667	0
2.56920000000000	0
2.57005000000000	0
2.57088333333333	0
2.57171666666667	0
2.57255000000000	0
2.57338333333333	0
2.57421666666667	0
2.57505000000000	0
2.57588333333333	0
2.57671666666667	0
2.57755000000000	0
2.57838333333333	0
2.57921666666667	0
2.58005000000000	0
2.58088333333333	0
2.58171666666667	0
2.58255000000000	0
2.58338333333333	0
2.58421666666667	0
2.58505000000000	0
2.58588333333333	0
2.58673333333333	0
2.58756666666667	0
2.58840000000000	0
2.58923333333333	0
2.59006666666667	0
2.59090000000000	0
2.59173333333333	0
2.59256666666667	0
2.59340000000000	0
2.59423333333333	0
2.59506666666667	0
2.59590000000000	0
2.59673333333333	0
2.59756666666667	0
2.59840000000000	0
2.59923333333333	0
2.60005000000000	0
2.60088333333333	0
2.60171666666667	0
2.60255000000000	0
2.60338333333333	0
2.60423333333333	0
2.60506666666667	0
2.60590000000000	0
2.60673333333333	0
2.60756666666667	0
2.60840000000000	0
2.60923333333333	8
2.61006666666667	4
2.61090000000000	0
2.61173333333333	0
2.61256666666667	0
2.61340000000000	0
2.61423333333333	0
2.61506666666667	0
2.61590000000000	0
2.61673333333333	0
2.61756666666667	0
2.61840000000000	0
2.61923333333333	0
2.62006666666667	0
2.62091666666667	0
2.62175000000000	0
2.62258333333333	0
2.62341666666667	0
2.62425000000000	0
2.62508333333333	0
2.62591666666667	0
2.62675000000000	0
2.62758333333333	0
2.62841666666667	0
2.62925000000000	0
2.63008333333333	0
2.63091666666667	0
2.63175000000000	0
2.63258333333333	0
2.63341666666667	0
2.63425000000000	0
2.63508333333333	0
2.63591666666667	0
2.63675000000000	0
2.63758333333333	0
2.63843333333333	0
2.63926666666667	0
2.64010000000000	0
2.64093333333333	0
2.64176666666667	0
2.64260000000000	0
2.64343333333333	0
2.64426666666667	0
2.64510000000000	0
2.64593333333333	0
2.64676666666667	0
2.64760000000000	0
2.64843333333333	0
2.64926666666667	0
2.65010000000000	0
2.65093333333333	0
2.65176666666667	0
2.65260000000000	0
2.65343333333333	0
2.65426666666667	0
2.65511666666667	0
2.65595000000000	0
2.65678333333333	0
2.65761666666667	0
2.65845000000000	0
2.65928333333333	0
2.66011666666667	0
2.66095000000000	0
2.66178333333333	0
2.66261666666667	0
2.66345000000000	0
2.66428333333333	0
2.66511666666667	0
2.66595000000000	0
2.66678333333333	0
2.66761666666667	0
2.66845000000000	0
2.66928333333333	0
2.67011666666667	0
2.67095000000000	0
2.67178333333333	0
2.67263333333333	0
2.67346666666667	0
2.67430000000000	0
2.67513333333333	0
2.67596666666667	0
2.67680000000000	0
2.67763333333333	0
2.67846666666667	0
2.67930000000000	0
2.68013333333333	0
2.68096666666667	0
2.68180000000000	0
2.68263333333333	0
2.68346666666667	0
2.68430000000000	0
2.68513333333333	0
2.68596666666667	0
2.68680000000000	0
2.68763333333333	0
2.68845000000000	0
2.68930000000000	0
2.69013333333333	0
2.69096666666667	0
2.69180000000000	0
2.69263333333333	0
2.69346666666667	0
2.69430000000000	0
2.69513333333333	0
2.69596666666667	0
2.69680000000000	0
2.69763333333333	0
2.69846666666667	0
2.69930000000000	0
2.70013333333333	0
2.70096666666667	0
2.70180000000000	0
2.70263333333333	0
2.70346666666667	0
2.70430000000000	0
2.70513333333333	0
2.70596666666667	0
2.70681666666667	0
2.70765000000000	0
2.70848333333333	0
2.70931666666667	0
2.71015000000000	0
2.71098333333333	0
2.71181666666667	7
2.71265000000000	4
2.71348333333333	0
2.71431666666667	0
2.71515000000000	0
2.71598333333333	0
2.71681666666667	0
2.71765000000000	0
2.71848333333333	0
2.71931666666667	0
2.72015000000000	0
2.72098333333333	0
2.72181666666667	0
2.72265000000000	0
2.72350000000000	0
2.72433333333333	0
2.72516666666667	0
2.72600000000000	0
2.72683333333333	0
2.72766666666667	0
2.72850000000000	0
2.72933333333333	0
2.73016666666667	0
2.73100000000000	0
2.73183333333333	0
2.73266666666667	0
2.73350000000000	0
2.73433333333333	0
2.73516666666667	0
2.73600000000000	0
2.73683333333333	0
2.73766666666667	0
2.73850000000000	0
2.73933333333333	0
2.74016666666667	0
2.74101666666667	0
2.74185000000000	0
2.74268333333333	0
2.74351666666667	336
2.74435000000000	245
2.74518333333333	155
2.74601666666667	0
2.74685000000000	0
2.74768333333333	0
2.74851666666667	0
2.74935000000000	0
2.75018333333333	0
2.75101666666667	0
2.75185000000000	0
2.75268333333333	0
2.75351666666667	0
2.75435000000000	13
2.75518333333333	7
2.75601666666667	0
2.75685000000000	16
2.75770000000000	0
2.75853333333333	0
2.75936666666667	0
2.76020000000000	0
2.76103333333333	0
2.76186666666667	0
2.76270000000000	0
2.76353333333333	0
2.76436666666667	0
2.76520000000000	0
2.76603333333333	0
2.76686666666667	0
2.76770000000000	0
2.76853333333333	0
2.76936666666667	0
2.77020000000000	0
2.77103333333333	0
2.77186666666667	0
2.77270000000000	0
2.77353333333333	0
2.77436666666667	0
2.77521666666667	0
2.77605000000000	0
2.77688333333333	0
2.77771666666667	0
2.77855000000000	0
2.77938333333333	0
2.78021666666667	0
2.78105000000000	0
2.78188333333333	0
2.78271666666667	0
2.78355000000000	0
2.78438333333333	158
2.78521666666667	275
2.78605000000000	138
2.78688333333333	0
2.78771666666667	0
2.78855000000000	0
2.78938333333333	0
2.79021666666667	0
2.79105000000000	0
2.79190000000000	0
2.79273333333333	0
2.79356666666667	0
2.79440000000000	0
2.79523333333333	0
2.79606666666667	0
2.79690000000000	7
2.79773333333333	4
2.79856666666667	0
2.79940000000000	0
2.80023333333333	0
2.80106666666667	0
2.80190000000000	0
2.80273333333333	0
2.80356666666667	0
2.80440000000000	0
2.80523333333333	0
2.80606666666667	0
2.80690000000000	0
2.80773333333333	0
2.80856666666667	0
2.80941666666667	0
2.81025000000000	0
2.81108333333333	0
2.81191666666667	0
2.81275000000000	0
2.81358333333333	0
2.81441666666667	0
2.81525000000000	0
2.81608333333333	0
2.81691666666667	0
2.81775000000000	0
2.81858333333333	0
2.81941666666667	0
2.82025000000000	0
2.82108333333333	0
2.82191666666667	0
2.82275000000000	0
2.82358333333333	0
2.82441666666667	0
2.82525000000000	0
2.82610000000000	0
2.82693333333333	0
2.82776666666667	0
2.82860000000000	0
2.82943333333333	0
2.83026666666667	0
2.83110000000000	0
2.83193333333333	0
2.83276666666667	0
2.83360000000000	0
2.83443333333333	0
2.83526666666667	0
2.83610000000000	0
2.83693333333333	0
2.83776666666667	0
2.83858333333333	0
2.83941666666667	0
2.84025000000000	0
2.84108333333333	0
2.84191666666667	0
2.84275000000000	0
2.84360000000000	0
2.84443333333333	261
2.84526666666667	130
2.84610000000000	0
2.84693333333333	0
2.84776666666667	0
2.84860000000000	0
2.84943333333333	0
2.85026666666667	0
2.85110000000000	0
2.85193333333333	0
2.85276666666667	0
2.85360000000000	0
2.85443333333333	0
2.85526666666667	0
2.85610000000000	0
2.85693333333333	0
2.85776666666667	0
2.85860000000000	0
2.85943333333333	0
2.86028333333333	0
2.86111666666667	0
2.86195000000000	0
2.86278333333333	0
2.86361666666667	0
2.86445000000000	0
2.86528333333333	0
2.86611666666667	0
2.86695000000000	0
2.86778333333333	0
2.86861666666667	0
2.86945000000000	0
2.87028333333333	0
2.87111666666667	0
2.87195000000000	0
2.87278333333333	0
2.87361666666667	0
2.87445000000000	0
2.87528333333333	0
2.87611666666667	0
2.87695000000000	0
2.87780000000000	0
2.87863333333333	0
2.87946666666667	0
2.88030000000000	0
2.88113333333333	0
2.88196666666667	0
2.88280000000000	0
2.88363333333333	0
2.88446666666667	0
2.88530000000000	0
2.88613333333333	0
2.88696666666667	0
2.88780000000000	0
2.88863333333333	0
2.88946666666667	0
2.89030000000000	0
2.89113333333333	0
2.89196666666667	0
2.89280000000000	0
2.89363333333333	0
2.89448333333333	0
2.89531666666667	0
2.89615000000000	0
2.89698333333333	0
2.89781666666667	0
2.89865000000000	0
2.89948333333333	0
2.90031666666667	0
2.90115000000000	0
2.90198333333333	0
2.90281666666667	0
2.90365000000000	0
2.90448333333333	0
2.90531666666667	0
2.90615000000000	0
2.90698333333333	0
2.90781666666667	0
2.90865000000000	0
2.90948333333333	0
2.91031666666667	0
2.91115000000000	0
2.91200000000000	0
2.91283333333333	0
2.91366666666667	0
2.91450000000000	0
2.91533333333333	0
2.91616666666667	0
2.91700000000000	0
2.91783333333333	0
2.91866666666667	0
2.91950000000000	0
2.92033333333333	0
2.92116666666667	0
2.92200000000000	0
2.92283333333333	0
2.92366666666667	0
2.92450000000000	0
2.92533333333333	0
2.92616666666667	0
2.92700000000000	0
2.92783333333333	0
2.92868333333333	0
2.92951666666667	0
2.93035000000000	0
2.93118333333333	0
2.93201666666667	0
2.93285000000000	0
2.93368333333333	0
2.93451666666667	0
2.93535000000000	0
2.93618333333333	0
2.93701666666667	0
2.93785000000000	0
2.93868333333333	0
2.93951666666667	0
2.94035000000000	0
2.94118333333333	0
2.94201666666667	0
2.94285000000000	0
2.94368333333333	0
2.94451666666667	0
2.94535000000000	0
2.94620000000000	0
2.94703333333333	0
2.94786666666667	0
2.94870000000000	0
2.94953333333333	0
2.95036666666667	0
2.95120000000000	0
2.95203333333333	0
2.95286666666667	0
2.95370000000000	0
2.95453333333333	0
2.95536666666667	0
2.95620000000000	0
2.95703333333333	0
2.95786666666667	0
2.95870000000000	0
2.95953333333333	0
2.96036666666667	0
2.96120000000000	0
2.96203333333333	0
2.96288333333333	0
2.96371666666667	0
2.96455000000000	0
2.96538333333333	0
2.96621666666667	0
2.96705000000000	0
2.96788333333333	0
2.96871666666667	0
2.96955000000000	0
2.97038333333333	0
2.97121666666667	0
2.97205000000000	0
2.97288333333333	0
2.97371666666667	0
2.97455000000000	0
2.97538333333333	0
2.97621666666667	0
2.97705000000000	0
2.97788333333333	0
2.97871666666667	0
2.97955000000000	0
2.98040000000000	0
2.98123333333333	0
2.98206666666667	0
2.98290000000000	0
2.98373333333333	0
2.98456666666667	0
2.98540000000000	0
2.98623333333333	0
2.98706666666667	0
2.98790000000000	0
2.98873333333333	0
2.98956666666667	0
2.99040000000000	0
2.99123333333333	0
2.99205000000000	0
2.99288333333333	0
2.99371666666667	0
2.99455000000000	0
2.99538333333333	0
2.99621666666667	0
2.99706666666667	0
2.99790000000000	0
2.99873333333333	0
