0.50081666666667	0
0.50165000000000	0
0.50248333333333	0
0.50331666666667	0
0.50415000000000	0
0.50498333333333	0
0.50581666666667	0
0.50665000000000	0
0.50748333333333	0
0.50831666666667	0
0.50915000000000	0
0.50998333333333	0
0.51081666666667	0
0.51165000000000	0
0.51248333333333	0
0.51331666666667	0
0.51415000000000	0
0.51498333333333	0
0.51581666666667	0
0.51665000000000	0
0.51748333333333	0
0.51833333333333	0
0.51916666666667	0
0.52000000000000	0
0.52083333333333	0
0.52166666666667	0
0.52250000000000	0
0.52333333333333	0
0.52416666666667	0
0.52500000000000	0
0.52583333333333	0
0.52666666666667	0
0.52750000000000	0
0.52833333333333	0
0.52916666666667	0
0.53000000000000	0
0.53083333333333	0
0.53166666666667	0
0.53250000000000	0
0.53333333333333	0
0.53416666666667	0
0.53501666666667	0
0.53585000000000	0
0.53668333333333	0
0.53751666666667	0
0.53835000000000	0
0.53918333333333	0
0.54001666666667	0
0.54085000000000	0
0.54168333333333	0
0.54251666666667	0
0.54335000000000	0
0.54418333333333	0
0.54501666666667	0
0.54585000000000	0
0.54668333333333	0
0.54751666666667	0
0.54835000000000	0
0.54918333333333	0
0.55001666666667	0
0.55085000000000	0
0.55168333333333	0
0.55253333333333	0
0.55336666666667	0
0.55420000000000	0
0.55503333333333	0
0.55586666666667	0
0.55670000000000	0
0.55753333333333	0
0.55836666666667	0
0.55920000000000	0
0.56003333333333	0
0.56086666666667	0
0.56170000000000	0
0.56253333333333	0
0.56335000000000	0
0.56418333333333	0
0.56501666666667	0
0.56585000000000	0
0.56668333333333	0
0.56751666666667	0
0.56835000000000	0
0.56920000000000	0
0.57003333333333	0
0.57086666666667	0
0.57170000000000	0
0.57253333333333	0
0.57336666666667	0
0.57420000000000	0
0.57503333333333	0
0.57586666666667	0
0.57670000000000	0
0.57753333333333	0
0.57836666666667	0
0.57920000000000	0
0.58003333333333	0
0.58086666666667	0
0.58170000000000	0
0.58253333333333	0
0.58336666666667	0
0.58420000000000	0
0.58503333333333	0
0.58586666666667	0
0.58671666666667	0
0.58755000000000	0
0.58838333333333	0
0.58921666666667	0
0.59005000000000	0
0.59088333333333	0
0.59171666666667	0
0.59255000000000	0
0.59338333333333	0
0.59421666666667	0
0.59505000000000	0
0.59588333333333	0
0.59671666666667	0
0.59755000000000	0
0.59838333333333	0
0.59921666666667	0
0.60005000000000	0
0.60088333333333	0
0.60171666666667	0
0.60255000000000	0
0.60340000000000	0
0.60423333333333	0
0.60506666666667	0
0.60590000000000	0
0.60673333333333	0
0.60756666666667	0
0.60840000000000	0
0.60923333333333	0
0.61006666666667	0
0.61090000000000	0
0.61173333333333	0
0.61256666666667	0
0.61340000000000	0
0.61423333333333	0
0.61506666666667	0
0.61590000000000	0
0.61673333333333	0
0.61756666666667	0
0.61840000000000	0
0.61923333333333	0
0.62006666666667	0
0.62091666666667	0
0.62175000000000	0
0.62258333333333	0
0.62341666666667	0
0.62425000000000	0
0.62508333333333	0
0.62591666666667	0
0.62675000000000	0
0.62758333333333	0
0.62841666666667	0
0.62925000000000	0
0.63008333333333	0
0.63091666666667	0
0.63175000000000	0
0.63258333333333	0
0.63341666666667	0
0.63425000000000	0
0.63506666666667	0
0.63590000000000	0
0.63673333333333	0
0.63758333333333	0
0.63841666666667	0
0.63925000000000	0
0.64008333333333	0
0.64091666666667	0
0.64175000000000	0
0.64258333333333	0
0.64341666666667	0
0.64425000000000	0
0.64508333333333	0
0.64591666666667	0
0.64675000000000	0
0.64758333333333	0
0.64841666666667	0
0.64925000000000	0
0.65008333333333	0
0.65091666666667	0
0.65175000000000	0
0.65258333333333	0
0.65341666666667	0
0.65425000000000	0
0.65510000000000	0
0.65593333333333	0
0.65676666666667	0
0.65760000000000	0
0.65843333333333	0
0.65926666666667	0
0.66010000000000	0
0.66093333333333	0
0.66176666666667	0
0.66260000000000	0
0.66343333333333	0
0.66426666666667	0
0.66510000000000	0
0.66593333333333	0
0.66676666666667	0
0.66760000000000	0
0.66843333333333	0
0.66926666666667	0
0.67010000000000	0
0.67093333333333	0
0.67178333333333	0
0.67261666666667	0
0.67345000000000	0
0.67428333333333	0
0.67511666666667	0
0.67595000000000	0
0.67678333333333	0
0.67761666666667	0
0.67845000000000	0
0.67928333333333	0
0.68011666666667	0
0.68095000000000	0
0.68178333333333	0
0.68261666666667	0
0.68345000000000	0
0.68428333333333	0
0.68511666666667	0
0.68595000000000	0
0.68678333333333	0
0.68761666666667	0
0.68845000000000	0
0.68930000000000	0
0.69013333333333	0
0.69096666666667	0
0.69180000000000	0
0.69263333333333	0
0.69346666666667	0
0.69430000000000	0
0.69513333333333	0
0.69596666666667	0
0.69680000000000	0
0.69763333333333	0
0.69846666666667	0
0.69930000000000	0
0.70013333333333	0
0.70096666666667	0
0.70180000000000	0
0.70263333333333	0
0.70346666666667	0
0.70430000000000	0
0.70513333333333	0
0.70598333333333	0
0.70681666666667	0
0.70765000000000	0
0.70848333333333	0
0.70931666666667	0
0.71015000000000	0
0.71098333333333	0
0.71181666666667	0
0.71265000000000	0
0.71348333333333	0
0.71431666666667	0
0.71515000000000	0
0.71598333333333	0
0.71681666666667	0
0.71765000000000	0
0.71848333333333	0
0.71931666666667	0
0.72013333333333	0
0.72096666666667	0
0.72180000000000	0
0.72263333333333	0
0.72348333333333	0
0.72431666666667	0
0.72515000000000	0
0.72598333333333	0
0.72681666666667	0
0.72765000000000	0
0.72848333333333	0
0.72931666666667	0
0.73015000000000	0
0.73098333333333	0
0.73181666666667	0
0.73265000000000	0
0.73348333333333	0
0.73431666666667	0
0.73515000000000	0
0.73598333333333	0
0.73681666666667	0
0.73765000000000	0
0.73848333333333	0
0.73931666666667	0
0.74016666666667	0
0.74100000000000	0
0.74183333333333	0
0.74266666666667	0
0.74350000000000	0
0.74433333333333	0
0.74516666666667	0
0.74600000000000	0
0.74683333333333	0
0.74766666666667	0
0.74850000000000	0
0.74933333333333	0
0.75016666666667	0
0.75100000000000	0
0.75183333333333	0
0.75266666666667	0
0.75350000000000	0
0.75433333333333	0
0.75516666666667	0
0.75600000000000	0
0.75683333333333	0
0.75768333333333	0
0.75851666666667	0
0.75935000000000	0
0.76018333333333	0
0.76101666666667	0
0.76185000000000	0
0.76268333333333	0
0.76351666666667	0
0.76435000000000	0
0.76518333333333	0
0.76601666666667	0
0.76685000000000	0
0.76768333333333	0
0.76851666666667	0
0.76935000000000	0
0.77018333333333	0
0.77101666666667	0
0.77185000000000	0
0.77268333333333	0
0.77351666666667	0
0.77436666666667	0
0.77520000000000	0
0.77603333333333	0
0.77686666666667	0
0.77770000000000	0
0.77853333333333	0
0.77936666666667	0
0.78020000000000	0
0.78103333333333	0
0.78186666666667	0
0.78270000000000	0
0.78353333333333	0
0.78436666666667	0
0.78520000000000	0
0.78603333333333	0
0.78686666666667	0
0.78770000000000	0
0.78853333333333	0
0.78936666666667	0
0.79020000000000	0
0.79103333333333	0
0.79188333333333	0
0.79271666666667	0
0.79355000000000	0
0.79438333333333	0
0.79521666666667	0
0.79605000000000	0
0.79688333333333	0
0.79771666666667	0
0.79855000000000	0
0.79938333333333	0
0.80021666666667	0
0.80105000000000	0
0.80188333333333	0
0.80271666666667	0
0.80355000000000	0
0.80438333333333	0
0.80521666666667	0
0.80605000000000	0
0.80688333333333	0
0.80771666666667	0
0.80856666666667	0
0.80940000000000	0
0.81023333333333	0
0.81106666666667	0
0.81190000000000	0
0.81273333333333	0
0.81356666666667	0
0.81440000000000	0
0.81523333333333	0
0.81606666666667	0
0.81690000000000	0
0.81773333333333	0
0.81856666666667	0
0.81940000000000	0
0.82023333333333	0
0.82106666666667	0
0.82190000000000	0
0.82273333333333	0
0.82356666666667	0
0.82440000000000	0
0.82523333333333	0
0.82608333333333	0
0.82691666666667	0
0.82775000000000	0
0.82858333333333	0
0.82941666666667	0
0.83025000000000	0
0.83108333333333	0
0.83191666666667	0
0.83275000000000	0
0.83358333333333	0
0.83441666666667	0
0.83525000000000	0
0.83608333333333	0
0.83691666666667	0
0.83775000000000	0
0.83858333333333	0
0.83941666666667	0
0.84025000000000	0
0.84108333333333	0
0.84191666666667	0
0.84276666666667	0
0.84360000000000	0
0.84443333333333	0
0.84526666666667	0
0.84610000000000	0
0.84693333333333	0
0.84776666666667	0
0.84860000000000	0
0.84943333333333	0
0.85026666666667	0
0.85110000000000	0
0.85193333333333	0
0.85276666666667	0
0.85360000000000	0
0.85443333333333	0
0.85526666666667	0
0.85610000000000	0
0.85693333333333	0
0.85776666666667	0
0.85860000000000	0
0.85943333333333	0
0.86028333333333	0
0.86111666666667	0
0.86195000000000	0
0.86278333333333	0
0.86361666666667	0
0.86445000000000	0
0.86528333333333	0
0.86611666666667	0
0.86695000000000	0
0.86778333333333	0
0.86861666666667	0
0.86945000000000	0
0.87028333333333	0
0.87111666666667	0
0.87195000000000	0
0.87278333333333	0
0.87361666666667	0
0.87445000000000	0
0.87528333333333	0
0.87611666666667	0
0.87696666666667	0
0.87780000000000	0
0.87863333333333	0
0.87946666666667	0
0.88030000000000	0
0.88113333333333	0
0.88196666666667	0
0.88280000000000	0
0.88363333333333	0
0.88446666666667	0
0.88530000000000	0
0.88611666666667	0
0.88695000000000	0
0.88778333333333	0
0.88861666666667	0
0.88945000000000	0
0.89028333333333	0
0.89111666666667	0
0.89195000000000	0
0.89278333333333	0
0.89361666666667	0
0.89446666666667	0
0.89530000000000	0
0.89613333333333	0
0.89696666666667	0
0.89780000000000	0
0.89863333333333	0
0.89946666666667	0
0.90030000000000	0
0.90113333333333	0
0.90196666666667	0
0.90280000000000	0
0.90363333333333	0
0.90446666666667	0
0.90530000000000	0
0.90613333333333	0
0.90696666666667	0
0.90780000000000	0
0.90863333333333	0
0.90946666666667	0
0.91030000000000	0
0.91115000000000	0
0.91198333333333	0
0.91281666666667	0
0.91365000000000	0
0.91448333333333	0
0.91531666666667	0
0.91615000000000	0
0.91698333333333	0
0.91781666666667	0
0.91865000000000	0
0.91948333333333	0
0.92031666666667	0
0.92115000000000	0
0.92198333333333	0
0.92281666666667	0
0.92365000000000	0
0.92448333333333	0
0.92531666666667	0
0.92615000000000	0
0.92698333333333	0
0.92781666666667	0
0.92866666666667	0
0.92950000000000	0
0.93033333333333	0
0.93116666666667	0
0.93200000000000	0
0.93283333333333	0
0.93366666666667	0
0.93450000000000	0
0.93533333333333	46
0.93616666666667	41
0.93700000000000	36
0.93783333333333	0
0.93866666666667	0
0.93950000000000	0
0.94033333333333	0
0.94116666666667	0
0.94200000000000	0
0.94283333333333	0
0.94366666666667	0
0.94450000000000	0
0.94535000000000	0
0.94618333333333	0
0.94701666666667	0
0.94785000000000	0
0.94868333333333	0
0.94951666666667	0
0.95035000000000	0
0.95118333333333	0
0.95201666666667	0
0.95285000000000	0
0.95368333333333	0
0.95451666666667	0
0.95535000000000	0
0.95618333333333	0
0.95701666666667	0
0.95785000000000	0
0.95868333333333	0
0.95951666666667	0
0.96035000000000	0
0.96118333333333	0
0.96200000000000	0
0.96285000000000	0
0.96368333333333	0
0.96451666666667	0
0.96535000000000	0
0.96618333333333	0
0.96701666666667	0
0.96785000000000	0
0.96868333333333	0
0.96951666666667	0
0.97035000000000	0
0.97118333333333	0
0.97201666666667	0
0.97285000000000	0
0.97368333333333	0
0.97451666666667	0
0.97535000000000	0
0.97618333333333	0
0.97701666666667	0
0.97785000000000	0
0.97868333333333	0
0.97953333333333	0
0.98036666666667	0
0.98120000000000	14
0.98203333333333	14
0.98286666666667	0
0.98370000000000	0
0.98453333333333	0
0.98536666666667	0
0.98620000000000	0
0.98703333333333	0
0.98786666666667	0
0.98870000000000	0
0.98953333333333	0
0.99036666666667	0
0.99120000000000	0
0.99203333333333	0
0.99286666666667	0
0.99370000000000	0
0.99453333333333	0
0.99536666666667	0
0.99620000000000	0
0.99705000000000	0
0.99788333333333	0
0.99871666666667	0
0.99955000000000	0
1.00038333333333	0
1.00121666666667	0
1.00205000000000	0
1.00288333333333	0
1.00371666666667	0
1.00455000000000	0
1.00538333333333	0
1.00621666666667	0
1.00705000000000	0
1.00788333333333	0
1.00871666666667	0
1.00955000000000	0
1.01038333333333	0
1.01121666666667	0
1.01205000000000	0
1.01288333333333	0
1.01373333333333	0
1.01456666666667	0
1.01540000000000	0
1.01623333333333	0
1.01706666666667	0
1.01790000000000	0
1.01873333333333	0
1.01956666666667	0
1.02040000000000	0
1.02123333333333	0
1.02206666666667	0
1.02290000000000	0
1.02373333333333	0
1.02456666666667	0
1.02540000000000	0
1.02623333333333	0
1.02706666666667	0
1.02790000000000	0
1.02871666666667	0
1.02955000000000	0
1.03038333333333	0
1.03123333333333	0
1.03206666666667	0
1.03290000000000	0
1.03373333333333	0
1.03456666666667	0
1.03540000000000	0
1.03623333333333	0
1.03706666666667	0
1.03790000000000	0
1.03873333333333	0
1.03956666666667	0
1.04040000000000	0
1.04123333333333	0
1.04206666666667	0
1.04290000000000	0
1.04373333333333	0
1.04456666666667	0
1.04540000000000	0
1.04623333333333	0
1.04706666666667	0
1.04791666666667	0
1.04875000000000	0
1.04958333333333	0
1.05041666666667	0
1.05125000000000	0
1.05208333333333	0
1.05291666666667	0
1.05375000000000	0
1.05458333333333	0
1.05541666666667	0
1.05625000000000	0
1.05708333333333	0
1.05791666666667	0
1.05875000000000	0
1.05958333333333	0
1.06041666666667	0
1.06125000000000	0
1.06208333333333	0
1.06291666666667	0
1.06375000000000	0
1.06458333333333	0
1.06543333333333	0
1.06626666666667	0
1.06710000000000	0
1.06793333333333	0
1.06876666666667	0
1.06960000000000	0
1.07043333333333	0
1.07126666666667	0
1.07210000000000	0
1.07293333333333	0
1.07376666666667	0
1.07460000000000	0
1.07543333333333	0
1.07626666666667	0
1.07710000000000	0
1.07793333333333	0
1.07876666666667	0
1.07960000000000	0
1.08043333333333	0
1.08126666666667	0
1.08211666666667	0
1.08295000000000	0
1.08378333333333	0
1.08461666666667	0
1.08545000000000	0
1.08628333333333	0
1.08711666666667	0
1.08795000000000	0
1.08878333333333	0
1.08961666666667	0
1.09045000000000	0
1.09128333333333	0
1.09211666666667	0
1.09295000000000	0
1.09378333333333	0
1.09461666666667	0
1.09545000000000	0
1.09628333333333	0
1.09711666666667	0
1.09795000000000	0
1.09878333333333	0
1.09963333333333	0
1.10046666666667	0
1.10130000000000	41
1.10213333333333	20
1.10296666666667	0
1.10380000000000	103
1.10463333333333	206
1.10546666666667	103
1.10630000000000	0
1.10713333333333	0
1.10796666666667	0
1.10880000000000	210
1.10963333333333	511
1.11046666666667	393
1.11130000000000	276
1.11213333333333	270
1.11296666666667	315
1.11380000000000	336
1.11463333333333	284
1.11546666666667	232
1.11631666666667	0
1.11715000000000	770
1.11798333333333	889
1.11881666666667	365
1.11965000000000	836
1.12048333333333	788
1.12131666666667	740
1.12215000000000	597
1.12298333333333	164
1.12381666666667	0
1.12465000000000	296
1.12548333333333	308
1.12631666666667	319
1.12715000000000	0
1.12798333333333	85
1.12881666666667	758
1.12963333333333	773
1.13046666666667	623
1.13130000000000	616
1.13213333333333	214
1.13296666666667	0
1.13381666666667	493
1.13465000000000	943
1.13548333333333	634
1.13631666666667	324
1.13715000000000	723
1.13798333333333	631
1.13881666666667	723
1.13965000000000	494
1.14048333333333	608
1.14131666666667	0
1.14215000000000	546
1.14298333333333	398
1.14381666666667	251
1.14465000000000	0
1.14548333333333	286
1.14631666666667	246
1.14715000000000	206
1.14798333333333	0
1.14881666666667	237
1.14965000000000	0
1.15050000000000	0
1.15133333333333	0
1.15216666666667	0
1.15300000000000	0
1.15383333333333	0
1.15466666666667	0
1.15550000000000	0
1.15633333333333	0
1.15716666666667	0
1.15800000000000	0
1.15883333333333	0
1.15966666666667	0
1.16050000000000	0
1.16133333333333	0
1.16216666666667	0
1.16300000000000	342
1.16383333333333	171
1.16466666666667	0
1.16550000000000	0
1.16633333333333	0
1.16716666666667	0
1.16801666666667	0
1.16885000000000	0
1.16968333333333	0
1.17051666666667	0
1.17135000000000	0
1.17218333333333	0
1.17301666666667	0
1.17385000000000	0
1.17468333333333	69
1.17551666666667	34
1.17635000000000	0
1.17718333333333	0
1.17801666666667	0
1.17885000000000	0
1.17968333333333	0
1.18051666666667	0
1.18135000000000	0
1.18218333333333	0
1.18301666666667	0
1.18385000000000	439
1.18470000000000	527
1.18553333333333	0
1.18636666666667	0
1.18720000000000	0
1.18803333333333	0
1.18886666666667	0
1.18970000000000	113
1.19053333333333	226
1.19136666666667	184
1.19220000000000	92
1.19303333333333	0
1.19386666666667	0
1.19470000000000	0
1.19553333333333	0
1.19636666666667	0
1.19720000000000	0
1.19803333333333	0
1.19886666666667	0
1.19970000000000	0
1.20053333333333	0
1.20136666666667	0
1.20221666666667	0
1.20305000000000	0
1.20388333333333	0
1.20471666666667	0
1.20555000000000	0
1.20638333333333	0
1.20721666666667	0
1.20805000000000	0
1.20888333333333	0
1.20971666666667	0
1.21055000000000	0
1.21138333333333	0
1.21221666666667	0
1.21305000000000	0
1.21388333333333	0
1.21471666666667	0
1.21555000000000	0
1.21638333333333	0
1.21721666666667	0
1.21805000000000	0
1.21890000000000	0
1.21973333333333	0
1.22056666666667	0
1.22140000000000	0
1.22223333333333	0
1.22306666666667	0
1.22390000000000	0
1.22473333333333	0
1.22556666666667	0
1.22640000000000	0
1.22723333333333	0
1.22806666666667	0
1.22890000000000	0
1.22973333333333	0
1.23056666666667	0
1.23140000000000	0
1.23221666666667	0
1.23305000000000	0
1.23388333333333	0
1.23471666666667	0
1.23555000000000	0
1.23640000000000	0
1.23723333333333	0
1.23806666666667	0
1.23890000000000	0
1.23973333333333	0
1.24056666666667	0
1.24140000000000	0
1.24223333333333	0
1.24306666666667	0
1.24390000000000	0
1.24473333333333	0
1.24556666666667	0
1.24640000000000	0
1.24723333333333	0
1.24806666666667	0
1.24890000000000	0
1.24973333333333	0
1.25056666666667	232
1.25140000000000	116
1.25223333333333	0
1.25308333333333	14
1.25391666666667	30
1.25475000000000	0
1.25558333333333	0
1.25641666666667	0
1.25725000000000	0
1.25808333333333	0
1.25891666666667	0
1.25975000000000	0
1.26058333333333	0
1.26141666666667	0
1.26225000000000	0
1.26308333333333	0
1.26391666666667	0
1.26475000000000	0
1.26558333333333	0
1.26641666666667	0
1.26725000000000	0
1.26808333333333	0
1.26891666666667	0
1.26975000000000	0
1.27060000000000	0
1.27143333333333	0
1.27226666666667	0
1.27310000000000	0
1.27393333333333	0
1.27476666666667	0
1.27560000000000	0
1.27643333333333	0
1.27726666666667	0
1.27810000000000	0
1.27893333333333	0
1.27976666666667	0
1.28060000000000	0
1.28143333333333	0
1.28226666666667	0
1.28310000000000	0
1.28393333333333	0
1.28476666666667	0
1.28560000000000	0
1.28643333333333	0
1.28728333333333	0
1.28811666666667	0
1.28895000000000	0
1.28978333333333	0
1.29061666666667	0
1.29145000000000	0
1.29228333333333	0
1.29311666666667	0
1.29395000000000	0
1.29478333333333	0
1.29561666666667	0
1.29645000000000	0
1.29728333333333	0
1.29811666666667	0
1.29895000000000	0
1.29978333333333	14
1.30061666666667	7
1.30145000000000	0
1.30228333333333	0
1.30311666666667	0
1.30395000000000	0
1.30480000000000	0
1.30563333333333	0
1.30646666666667	0
1.30730000000000	0
1.30813333333333	0
1.30896666666667	0
1.30980000000000	0
1.31063333333333	0
1.31146666666667	0
1.31230000000000	0
1.31313333333333	7
1.31396666666667	4
1.31480000000000	0
1.31563333333333	0
1.31646666666667	0
1.31730000000000	0
1.31813333333333	0
1.31896666666667	0
1.31980000000000	0
1.32063333333333	0
1.32148333333333	0
1.32231666666667	0
1.32315000000000	0
1.32398333333333	18
1.32481666666667	9
1.32565000000000	0
1.32648333333333	0
1.32731666666667	0
1.32815000000000	0
1.32898333333333	0
1.32981666666667	0
1.33065000000000	0
1.33148333333333	0
1.33231666666667	0
1.33315000000000	0
1.33396666666667	0
1.33480000000000	0
1.33563333333333	0
1.33646666666667	0
1.33730000000000	0
1.33813333333333	0
1.33898333333333	0
1.33981666666667	0
1.34065000000000	0
1.34148333333333	0
1.34231666666667	0
1.34315000000000	0
1.34398333333333	0
1.34481666666667	0
1.34565000000000	0
1.34648333333333	0
1.34731666666667	0
1.34815000000000	0
1.34898333333333	0
1.34981666666667	0
1.35065000000000	0
1.35148333333333	0
1.35231666666667	0
1.35315000000000	0
1.35398333333333	0
1.35481666666667	0
1.35566666666667	0
1.35650000000000	0
1.35733333333333	0
1.35816666666667	0
1.35900000000000	0
1.35983333333333	0
1.36066666666667	0
1.36150000000000	0
1.36233333333333	0
1.36316666666667	0
1.36400000000000	0
1.36483333333333	0
1.36566666666667	0
1.36650000000000	0
1.36733333333333	0
1.36816666666667	0
1.36900000000000	0
1.36983333333333	0
1.37066666666667	0
1.37150000000000	0
1.37233333333333	0
1.37318333333333	0
1.37401666666667	0
1.37485000000000	0
1.37568333333333	0
1.37651666666667	0
1.37735000000000	0
1.37818333333333	0
1.37901666666667	0
1.37985000000000	0
1.38068333333333	0
1.38151666666667	0
1.38235000000000	0
1.38318333333333	0
1.38401666666667	0
1.38485000000000	0
1.38568333333333	0
1.38651666666667	0
1.38735000000000	0
1.38818333333333	0
1.38901666666667	0
1.38986666666667	0
1.39070000000000	0
1.39153333333333	0
1.39236666666667	0
1.39320000000000	0
1.39403333333333	0
1.39486666666667	0
1.39570000000000	0
1.39653333333333	0
1.39736666666667	0
1.39820000000000	0
1.39903333333333	0
1.39986666666667	0
1.40070000000000	0
1.40153333333333	0
1.40236666666667	0
1.40320000000000	0
1.40403333333333	0
1.40486666666667	0
1.40570000000000	0
1.40653333333333	0
1.40738333333333	0
1.40821666666667	0
1.40905000000000	0
1.40988333333333	0
1.41071666666667	0
1.41155000000000	0
1.41238333333333	0
1.41321666666667	0
1.41405000000000	0
1.41488333333333	0
1.41571666666667	0
1.41655000000000	0
1.41738333333333	0
1.41821666666667	0
1.41905000000000	0
1.41988333333333	0
1.42071666666667	0
1.42155000000000	0
1.42238333333333	0
1.42321666666667	0
1.42406666666667	0
1.42490000000000	0
1.42573333333333	0
1.42656666666667	0
1.42740000000000	0
1.42823333333333	0
1.42906666666667	0
1.42990000000000	0
1.43073333333333	0
1.43156666666667	0
1.43240000000000	0
1.43323333333333	0
1.43406666666667	0
1.43490000000000	0
1.43573333333333	0
1.43656666666667	0
1.43740000000000	0
1.43823333333333	0
1.43906666666667	0
1.43990000000000	0
1.44073333333333	0
1.44158333333333	0
1.44241666666667	0
1.44325000000000	0
1.44408333333333	0
1.44491666666667	0
1.44575000000000	0
1.44658333333333	0
1.44741666666667	0
1.44825000000000	0
1.44908333333333	0
1.44991666666667	0
1.45075000000000	0
1.45158333333333	0
1.45241666666667	0
1.45325000000000	0
1.45408333333333	0
1.45490000000000	0
1.45573333333333	0
1.45656666666667	0
1.45740000000000	0
1.45825000000000	0
1.45908333333333	0
1.45991666666667	0
1.46075000000000	0
1.46158333333333	0
1.46241666666667	0
1.46325000000000	0
1.46408333333333	0
1.46491666666667	0
1.46575000000000	0
1.46658333333333	0
1.46741666666667	0
1.46825000000000	0
1.46908333333333	0
1.46991666666667	0
1.47075000000000	0
1.47158333333333	0
1.47241666666667	0
1.47325000000000	0
1.47408333333333	0
1.47491666666667	0
1.47576666666667	0
1.47660000000000	0
1.47743333333333	0
1.47826666666667	0
1.47910000000000	0
1.47993333333333	0
1.48076666666667	0
1.48160000000000	0
1.48243333333333	0
1.48326666666667	0
1.48410000000000	0
1.48493333333333	0
1.48576666666667	0
1.48660000000000	0
1.48743333333333	0
1.48826666666667	0
1.48910000000000	0
1.48993333333333	0
1.49076666666667	0
1.49160000000000	46
1.49245000000000	23
1.49328333333333	0
1.49411666666667	0
1.49495000000000	0
1.49578333333333	0
1.49661666666667	0
1.49745000000000	0
1.49828333333333	0
1.49911666666667	0
1.49995000000000	0
1.50078333333333	0
1.50161666666667	0
1.50245000000000	0
1.50328333333333	0
1.50411666666667	0
1.50495000000000	0
1.50578333333333	0
1.50661666666667	0
1.50745000000000	0
1.50828333333333	0
1.50911666666667	0
1.50996666666667	0
1.51080000000000	0
1.51163333333333	0
1.51246666666667	0
1.51330000000000	0
1.51413333333333	0
1.51496666666667	0
1.51580000000000	0
1.51663333333333	0
1.51746666666667	0
1.51830000000000	0
1.51913333333333	0
1.51996666666667	0
1.52080000000000	0
1.52163333333333	0
1.52246666666667	0
1.52330000000000	0
1.52413333333333	0
1.52496666666667	0
1.52578333333333	0
1.52663333333333	0
1.52746666666667	0
1.52830000000000	0
1.52913333333333	0
1.52996666666667	0
1.53080000000000	0
1.53163333333333	0
1.53246666666667	0
1.53330000000000	0
1.53413333333333	0
1.53496666666667	0
1.53580000000000	0
1.53663333333333	0
1.53746666666667	0
1.53830000000000	0
1.53913333333333	0
1.53996666666667	0
1.54080000000000	0
1.54163333333333	0
1.54246666666667	0
1.54330000000000	0
1.54415000000000	0
1.54498333333333	0
1.54581666666667	0
1.54665000000000	0
1.54748333333333	0
1.54831666666667	0
1.54915000000000	0
1.54998333333333	0
1.55081666666667	0
1.55165000000000	0
1.55248333333333	0
1.55331666666667	0
1.55415000000000	0
1.55498333333333	0
1.55581666666667	0
1.55665000000000	0
1.55748333333333	0
1.55831666666667	0
1.55915000000000	0
1.55998333333333	0
1.56083333333333	0
1.56166666666667	0
1.56250000000000	0
1.56333333333333	0
1.56416666666667	0
1.56500000000000	0
1.56583333333333	0
1.56666666666667	0
1.56750000000000	0
1.56833333333333	0
1.56916666666667	0
1.57000000000000	0
1.57083333333333	0
1.57166666666667	108
1.57250000000000	54
1.57333333333333	0
1.57416666666667	0
1.57500000000000	0
1.57583333333333	0
1.57666666666667	0
1.57750000000000	0
1.57835000000000	0
1.57918333333333	0
1.58001666666667	0
1.58085000000000	0
1.58168333333333	0
1.58251666666667	0
1.58335000000000	0
1.58418333333333	0
1.58501666666667	0
1.58585000000000	0
1.58668333333333	0
1.58751666666667	0
1.58835000000000	0
1.58918333333333	0
1.59001666666667	0
1.59085000000000	0
1.59168333333333	0
1.59251666666667	0
1.59335000000000	0
1.59418333333333	0
1.59503333333333	0
1.59586666666667	0
1.59670000000000	0
1.59753333333333	0
1.59836666666667	0
1.59920000000000	0
1.60003333333333	0
1.60086666666667	0
1.60170000000000	0
1.60253333333333	0
1.60336666666667	0
1.60420000000000	0
1.60503333333333	0
1.60586666666667	0
1.60670000000000	0
1.60753333333333	0
1.60836666666667	0
1.60920000000000	0
1.61003333333333	0
1.61086666666667	0
1.61170000000000	0
1.61255000000000	0
1.61338333333333	0
1.61421666666667	0
1.61505000000000	0
1.61588333333333	0
1.61671666666667	0
1.61755000000000	0
1.61838333333333	0
1.61921666666667	0
1.62005000000000	0
1.62088333333333	0
1.62171666666667	0
1.62255000000000	0
1.62338333333333	0
1.62421666666667	0
1.62505000000000	0
1.62588333333333	0
1.62671666666667	0
1.62755000000000	0
1.62838333333333	0
1.62923333333333	0
1.63006666666667	0
1.63090000000000	0
1.63173333333333	0
1.63256666666667	0
1.63340000000000	0
1.63423333333333	0
1.63506666666667	0
1.63590000000000	0
1.63673333333333	0
1.63756666666667	0
1.63840000000000	0
1.63923333333333	0
1.64006666666667	0
1.64090000000000	0
1.64173333333333	0
1.64256666666667	0
1.64340000000000	0
1.64423333333333	0
1.64506666666667	0
1.64590000000000	0
1.64675000000000	0
1.64758333333333	0
1.64841666666667	0
1.64925000000000	0
1.65008333333333	0
1.65091666666667	0
1.65175000000000	0
1.65258333333333	0
1.65341666666667	0
1.65425000000000	0
1.65508333333333	0
1.65591666666667	0
1.65675000000000	0
1.65758333333333	0
1.65841666666667	0
1.65925000000000	0
1.66008333333333	0
1.66091666666667	0
1.66175000000000	0
1.66258333333333	0
1.66343333333333	0
1.66426666666667	0
1.66510000000000	0
1.66593333333333	0
1.66676666666667	0
1.66760000000000	0
1.66843333333333	0
1.66926666666667	0
1.67010000000000	0
1.67093333333333	0
1.67176666666667	0
1.67260000000000	0
1.67343333333333	0
1.67426666666667	0
1.67510000000000	0
1.67593333333333	0
1.67676666666667	0
1.67760000000000	18
1.67843333333333	9
1.67926666666667	0
1.68010000000000	0
1.68095000000000	0
1.68178333333333	0
1.68261666666667	0
1.68345000000000	0
1.68428333333333	0
1.68511666666667	0
1.68595000000000	0
1.68678333333333	0
1.68761666666667	0
1.68845000000000	0
1.68928333333333	0
1.69011666666667	0
1.69095000000000	0
1.69178333333333	0
1.69261666666667	0
1.69345000000000	0
1.69428333333333	0
1.69511666666667	0
1.69595000000000	0
1.69678333333333	0
1.69763333333333	0
1.69846666666667	0
1.69930000000000	0
1.70013333333333	0
1.70096666666667	0
1.70180000000000	0
1.70263333333333	0
1.70346666666667	0
1.70430000000000	0
1.70513333333333	0
1.70596666666667	0
1.70680000000000	0
1.70763333333333	0
1.70846666666667	0
1.70930000000000	0
1.71013333333333	0
1.71096666666667	0
1.71180000000000	0
1.71263333333333	0
1.71346666666667	0
1.71430000000000	0
1.71515000000000	0
1.71598333333333	0
1.71681666666667	0
1.71765000000000	0
1.71848333333333	0
1.71931666666667	0
1.72015000000000	0
1.72098333333333	0
1.72181666666667	0
1.72265000000000	0
1.72348333333333	0
1.72431666666667	0
1.72515000000000	0
1.72598333333333	0
1.72680000000000	0
1.72763333333333	0
1.72846666666667	0
1.72930000000000	0
1.73013333333333	0
1.73096666666667	0
1.73181666666667	0
1.73265000000000	0
1.73348333333333	0
1.73431666666667	0
1.73515000000000	0
1.73598333333333	0
1.73681666666667	0
1.73765000000000	0
1.73848333333333	14
1.73931666666667	18
1.74015000000000	0
1.74098333333333	0
1.74181666666667	0
1.74265000000000	0
1.74348333333333	0
1.74431666666667	0
1.74515000000000	0
1.74598333333333	0
1.74681666666667	0
1.74765000000000	0
1.74848333333333	0
1.74933333333333	0
1.75016666666667	0
1.75100000000000	0
1.75183333333333	0
1.75266666666667	0
1.75350000000000	0
1.75433333333333	0
1.75516666666667	0
1.75600000000000	0
1.75683333333333	0
1.75766666666667	0
1.75850000000000	0
1.75933333333333	0
1.76016666666667	0
1.76100000000000	0
1.76183333333333	0
1.76266666666667	0
1.76350000000000	0
1.76433333333333	0
1.76516666666667	0
1.76601666666667	0
1.76685000000000	0
1.76768333333333	0
1.76851666666667	0
1.76935000000000	0
1.77018333333333	0
1.77101666666667	0
1.77185000000000	0
1.77268333333333	0
1.77351666666667	0
1.77435000000000	0
1.77518333333333	0
1.77601666666667	0
1.77685000000000	0
1.77768333333333	0
1.77851666666667	18
1.77935000000000	9
1.78018333333333	0
1.78101666666667	0
1.78185000000000	0
1.78268333333333	0
1.78353333333333	0
1.78436666666667	0
1.78520000000000	0
1.78603333333333	0
1.78686666666667	0
1.78770000000000	379
1.78853333333333	190
1.78936666666667	0
1.79020000000000	0
1.79103333333333	0
1.79186666666667	0
1.79270000000000	0
1.79353333333333	0
1.79436666666667	0
1.79520000000000	0
1.79603333333333	0
1.79686666666667	0
1.79770000000000	0
1.79853333333333	0
1.79936666666667	0
1.80021666666667	0
1.80105000000000	0
1.80188333333333	0
1.80271666666667	0
1.80355000000000	0
1.80438333333333	0
1.80521666666667	0
1.80605000000000	0
1.80688333333333	0
1.80771666666667	0
1.80855000000000	0
1.80938333333333	0
1.81021666666667	0
1.81105000000000	0
1.81188333333333	0
1.81271666666667	0
1.81353333333333	0
1.81436666666667	0
1.81520000000000	0
1.81603333333333	0
1.81686666666667	0
1.81771666666667	0
1.81855000000000	0
1.81938333333333	0
1.82021666666667	0
1.82105000000000	0
1.82188333333333	0
1.82271666666667	0
1.82355000000000	0
1.82438333333333	0
1.82521666666667	0
1.82605000000000	0
1.82688333333333	0
1.82771666666667	0
1.82855000000000	0
1.82938333333333	0
1.83021666666667	0
1.83105000000000	0
1.83188333333333	0
1.83271666666667	0
1.83355000000000	0
1.83440000000000	0
1.83523333333333	0
1.83606666666667	0
1.83690000000000	0
1.83773333333333	0
1.83856666666667	0
1.83940000000000	0
1.84023333333333	0
1.84106666666667	0
1.84190000000000	0
1.84273333333333	0
1.84356666666667	0
1.84440000000000	0
1.84523333333333	0
1.84606666666667	0
1.84690000000000	0
1.84773333333333	0
1.84856666666667	0
1.84940000000000	0
1.85023333333333	0
1.85106666666667	0
1.85191666666667	0
1.85275000000000	0
1.85358333333333	0
1.85441666666667	0
1.85525000000000	0
1.85608333333333	0
1.85691666666667	0
1.85775000000000	0
1.85858333333333	0
1.85941666666667	0
1.86025000000000	0
1.86108333333333	0
1.86191666666667	0
1.86275000000000	0
1.86358333333333	0
1.86441666666667	0
1.86525000000000	0
1.86608333333333	0
1.86691666666667	0
1.86775000000000	0
1.86860000000000	0
1.86943333333333	0
1.87026666666667	0
1.87110000000000	0
1.87193333333333	0
1.87276666666667	0
1.87360000000000	0
1.87443333333333	0
1.87526666666667	0
1.87610000000000	0
1.87693333333333	0
1.87776666666667	0
1.87860000000000	0
1.87943333333333	0
1.88026666666667	0
1.88110000000000	0
1.88193333333333	0
1.88276666666667	0
1.88360000000000	0
1.88443333333333	0
1.88526666666667	0
1.88611666666667	0
1.88695000000000	0
1.88778333333333	0
1.88861666666667	0
1.88945000000000	0
1.89028333333333	0
1.89111666666667	0
1.89195000000000	0
1.89278333333333	0
1.89361666666667	0
1.89445000000000	0
1.89528333333333	0
1.89611666666667	0
1.89695000000000	0
1.89778333333333	0
1.89861666666667	0
1.89945000000000	0
1.90028333333333	0
1.90111666666667	0
1.90195000000000	0
1.90280000000000	0
1.90363333333333	0
1.90446666666667	0
1.90530000000000	0
1.90613333333333	0
1.90696666666667	0
1.90780000000000	0
1.90863333333333	0
1.90946666666667	0
1.91030000000000	0
1.91113333333333	0
1.91196666666667	0
1.91280000000000	0
1.91363333333333	0
1.91446666666667	0
1.91530000000000	0
1.91613333333333	0
1.91696666666667	0
1.91780000000000	0
1.91863333333333	0
1.91946666666667	0
1.92031666666667	0
1.92115000000000	0
1.92198333333333	0
1.92281666666667	0
1.92365000000000	0
1.92448333333333	0
1.92531666666667	0
1.92615000000000	0
1.92698333333333	0
1.92781666666667	0
1.92865000000000	0
1.92948333333333	0
1.93031666666667	0
1.93115000000000	0
1.93198333333333	0
1.93281666666667	0
1.93365000000000	0
1.93448333333333	0
1.93531666666667	0
1.93615000000000	0
1.93700000000000	0
1.93783333333333	0
1.93866666666667	0
1.93950000000000	0
1.94033333333333	0
1.94116666666667	0
1.94200000000000	0
1.94283333333333	0
1.94366666666667	0
1.94450000000000	0
1.94533333333333	0
1.94616666666667	0
1.94700000000000	0
1.94783333333333	0
1.94866666666667	0
1.94950000000000	0
1.95033333333333	0
1.95116666666667	0
1.95200000000000	0
1.95283333333333	0
1.95366666666667	0
1.95451666666667	0
1.95535000000000	0
1.95618333333333	0
1.95701666666667	0
1.95785000000000	0
1.95868333333333	0
1.95951666666667	0
1.96035000000000	0
1.96118333333333	0
1.96201666666667	0
1.96285000000000	0
1.96368333333333	0
1.96451666666667	0
1.96535000000000	0
1.96618333333333	0
1.96701666666667	0
1.96785000000000	0
1.96868333333333	0
1.96951666666667	0
1.97035000000000	0
1.97120000000000	0
1.97203333333333	0
1.97286666666667	0
1.97370000000000	0
1.97453333333333	0
1.97536666666667	0
1.97620000000000	0
1.97703333333333	0
1.97786666666667	0
1.97870000000000	0
1.97953333333333	0
1.98036666666667	0
1.98120000000000	0
1.98201666666667	0
1.98285000000000	0
1.98368333333333	0
1.98451666666667	0
1.98535000000000	0
1.98618333333333	0
1.98701666666667	0
1.98785000000000	0
1.98870000000000	0
1.98953333333333	0
1.99036666666667	0
1.99120000000000	0
1.99203333333333	0
1.99286666666667	0
1.99370000000000	0
1.99453333333333	0
1.99536666666667	0
1.99620000000000	0
1.99703333333333	0
1.99786666666667	0
1.99870000000000	0
1.99953333333333	0
2.00036666666667	0
2.00120000000000	0
2.00203333333333	0
2.00286666666667	0
2.00370000000000	0
2.00453333333333	0
2.00538333333333	0
2.00621666666667	0
2.00705000000000	0
2.00788333333333	0
2.00871666666667	0
2.00955000000000	0
2.01038333333333	0
2.01121666666667	0
2.01205000000000	0
2.01288333333333	0
2.01371666666667	0
2.01455000000000	0
2.01538333333333	0
2.01621666666667	0
2.01705000000000	0
2.01788333333333	0
2.01871666666667	0
2.01955000000000	0
2.02038333333333	0
2.02121666666667	0
2.02205000000000	0
2.02290000000000	0
2.02373333333333	0
2.02456666666667	0
2.02540000000000	0
2.02623333333333	0
2.02706666666667	0
2.02790000000000	0
2.02873333333333	0
2.02956666666667	0
2.03040000000000	0
2.03123333333333	0
2.03206666666667	0
2.03290000000000	0
2.03373333333333	0
2.03456666666667	0
2.03540000000000	0
2.03623333333333	0
2.03706666666667	0
2.03790000000000	0
2.03873333333333	0
2.03958333333333	0
2.04041666666667	0
2.04125000000000	0
2.04208333333333	0
2.04291666666667	0
2.04375000000000	0
2.04458333333333	0
2.04541666666667	0
2.04625000000000	0
2.04708333333333	0
2.04791666666667	0
2.04875000000000	0
2.04958333333333	0
2.05041666666667	0
2.05125000000000	0
2.05208333333333	0
2.05291666666667	0
2.05375000000000	0
2.05458333333333	0
2.05541666666667	0
2.05623333333333	0
2.05708333333333	0
2.05791666666667	0
2.05875000000000	0
2.05958333333333	0
2.06041666666667	0
2.06125000000000	0
2.06208333333333	0
2.06291666666667	0
2.06375000000000	0
2.06458333333333	0
2.06541666666667	0
2.06625000000000	0
2.06708333333333	0
2.06791666666667	0
2.06875000000000	0
2.06958333333333	0
2.07041666666667	0
2.07125000000000	0
2.07208333333333	0
2.07291666666667	0
2.07376666666667	0
2.07460000000000	0
2.07543333333333	0
2.07626666666667	0
2.07710000000000	0
2.07793333333333	0
2.07876666666667	0
2.07960000000000	0
2.08043333333333	0
2.08126666666667	0
2.08210000000000	0
2.08293333333333	0
2.08376666666667	0
2.08460000000000	0
2.08543333333333	0
2.08626666666667	0
2.08710000000000	0
2.08793333333333	0
2.08876666666667	0
2.08960000000000	0
2.09043333333333	0
2.09128333333333	0
2.09211666666667	0
2.09295000000000	0
2.09378333333333	0
2.09461666666667	0
2.09545000000000	0
2.09628333333333	0
2.09711666666667	0
2.09795000000000	0
2.09878333333333	0
2.09961666666667	0
2.10045000000000	0
2.10128333333333	0
2.10211666666667	0
2.10295000000000	0
2.10378333333333	0
2.10461666666667	0
2.10545000000000	0
2.10628333333333	0
2.10711666666667	0
2.10796666666667	0
2.10880000000000	0
2.10963333333333	0
2.11046666666667	0
2.11130000000000	0
2.11213333333333	0
2.11296666666667	0
2.11380000000000	0
2.11463333333333	0
2.11546666666667	0
2.11630000000000	0
2.11713333333333	0
2.11796666666667	0
2.11880000000000	0
2.11963333333333	0
2.12046666666667	0
2.12130000000000	0
2.12213333333333	0
2.12296666666667	0
2.12380000000000	0
2.12463333333333	0
2.12548333333333	0
2.12631666666667	0
2.12715000000000	0
2.12798333333333	0
2.12881666666667	0
2.12965000000000	0
2.13048333333333	0
2.13131666666667	0
2.13215000000000	0
2.13298333333333	0
2.13381666666667	0
2.13465000000000	0
2.13548333333333	0
2.13631666666667	0
2.13715000000000	0
2.13798333333333	0
2.13881666666667	0
2.13965000000000	0
2.14046666666667	0
2.14130000000000	0
2.14215000000000	0
2.14298333333333	0
2.14381666666667	0
2.14465000000000	0
2.14548333333333	0
2.14631666666667	0
2.14715000000000	0
2.14798333333333	0
2.14881666666667	0
2.14965000000000	0
2.15048333333333	0
2.15131666666667	0
2.15215000000000	0
2.15298333333333	0
2.15381666666667	0
2.15465000000000	0
2.15548333333333	0
2.15631666666667	0
2.15715000000000	0
2.15798333333333	0
2.15881666666667	0
2.15966666666667	0
2.16050000000000	0
2.16133333333333	0
2.16216666666667	0
2.16300000000000	0
2.16383333333333	0
2.16466666666667	0
2.16550000000000	0
2.16633333333333	0
2.16716666666667	0
2.16800000000000	0
2.16883333333333	0
2.16966666666667	0
2.17050000000000	0
2.17133333333333	0
2.17216666666667	0
2.17300000000000	0
2.17383333333333	0
2.17466666666667	0
2.17550000000000	0
2.17635000000000	0
2.17718333333333	0
2.17801666666667	0
2.17885000000000	0
2.17968333333333	0
2.18051666666667	0
2.18135000000000	0
2.18218333333333	0
2.18301666666667	0
2.18385000000000	0
2.18468333333333	0
2.18551666666667	0
2.18635000000000	0
2.18718333333333	0
2.18801666666667	0
2.18885000000000	0
2.18968333333333	0
2.19051666666667	0
2.19135000000000	0
2.19218333333333	0
2.19301666666667	0
2.19386666666667	0
2.19470000000000	0
2.19553333333333	0
2.19636666666667	0
2.19720000000000	0
2.19803333333333	0
2.19886666666667	0
2.19970000000000	0
2.20053333333333	0
2.20136666666667	0
2.20220000000000	0
2.20303333333333	0
2.20386666666667	0
2.20470000000000	0
2.20553333333333	0
2.20636666666667	0
2.20720000000000	0
2.20803333333333	0
2.20886666666667	0
2.20970000000000	64
2.21055000000000	32
2.21138333333333	0
2.21221666666667	0
2.21305000000000	0
2.21388333333333	0
2.21471666666667	0
2.21555000000000	0
2.21638333333333	0
2.21721666666667	0
2.21805000000000	0
2.21888333333333	0
2.21971666666667	0
2.22055000000000	0
2.22138333333333	0
2.22221666666667	0
2.22305000000000	0
2.22388333333333	0
2.22471666666667	0
2.22555000000000	0
2.22638333333333	0
2.22721666666667	0
2.22806666666667	0
2.22890000000000	0
2.22973333333333	0
2.23056666666667	17
2.23140000000000	8
2.23223333333333	0
2.23306666666667	0
2.23390000000000	0
2.23473333333333	0
2.23556666666667	0
2.23640000000000	0
2.23723333333333	0
2.23806666666667	0
2.23890000000000	0
2.23971666666667	0
2.24055000000000	0
2.24138333333333	0
2.24221666666667	0
2.24305000000000	0
2.24388333333333	0
2.24473333333333	0
2.24556666666667	0
2.24640000000000	0
2.24723333333333	0
2.24806666666667	0
2.24890000000000	0
2.24973333333333	0
2.25056666666667	0
2.25140000000000	0
2.25223333333333	0
2.25306666666667	0
2.25390000000000	0
2.25473333333333	0
2.25556666666667	0
2.25640000000000	0
2.25723333333333	0
2.25806666666667	0
2.25890000000000	0
2.25973333333333	0
2.26056666666667	0
2.26140000000000	0
2.26225000000000	0
2.26308333333333	0
2.26391666666667	0
2.26475000000000	0
2.26558333333333	0
2.26641666666667	0
2.26725000000000	0
2.26808333333333	0
2.26891666666667	0
2.26975000000000	0
2.27058333333333	0
2.27141666666667	0
2.27225000000000	0
2.27308333333333	0
2.27391666666667	0
2.27475000000000	0
2.27558333333333	0
2.27641666666667	0
2.27725000000000	0
2.27808333333333	0
2.27893333333333	0
2.27976666666667	0
2.28060000000000	0
2.28143333333333	0
2.28226666666667	0
2.28310000000000	0
2.28393333333333	0
2.28476666666667	0
2.28560000000000	0
2.28643333333333	0
2.28726666666667	0
2.28810000000000	0
2.28893333333333	0
2.28976666666667	0
2.29060000000000	0
2.29143333333333	0
2.29226666666667	0
2.29310000000000	0
2.29393333333333	0
2.29476666666667	0
2.29560000000000	0
2.29645000000000	0
2.29728333333333	0
2.29811666666667	0
2.29895000000000	0
2.29978333333333	0
2.30061666666667	0
2.30145000000000	0
2.30228333333333	0
2.30311666666667	0
2.30395000000000	0
2.30478333333333	0
2.30561666666667	0
2.30645000000000	0
2.30728333333333	0
2.30811666666667	0
2.30895000000000	0
2.30978333333333	0
2.31061666666667	0
2.31145000000000	0
2.31228333333333	0
2.31313333333333	0
2.31396666666667	0
2.31480000000000	0
2.31563333333333	0
2.31646666666667	0
2.31730000000000	0
2.31813333333333	0
2.31896666666667	0
2.31980000000000	0
2.32063333333333	0
2.32146666666667	0
2.32230000000000	0
2.32313333333333	0
2.32396666666667	0
2.32480000000000	0
2.32563333333333	0
2.32646666666667	0
2.32730000000000	0
2.32813333333333	0
2.32896666666667	0
2.32978333333333	0
2.33063333333333	0
2.33146666666667	0
2.33230000000000	7
2.33313333333333	3
2.33396666666667	0
2.33480000000000	0
2.33563333333333	0
2.33646666666667	0
2.33730000000000	0
2.33813333333333	0
2.33896666666667	0
2.33980000000000	0
2.34063333333333	0
2.34146666666667	0
2.34230000000000	0
2.34313333333333	0
2.34396666666667	0
2.34480000000000	0
2.34563333333333	0
2.34646666666667	0
2.34731666666667	0
2.34815000000000	0
2.34898333333333	0
2.34981666666667	0
2.35065000000000	35
2.35148333333333	17
2.35231666666667	0
2.35315000000000	0
2.35398333333333	0
2.35481666666667	0
2.35565000000000	0
2.35648333333333	0
2.35731666666667	0
2.35815000000000	0
2.35898333333333	0
2.35981666666667	0
2.36065000000000	0
2.36148333333333	0
2.36231666666667	0
2.36315000000000	0
2.36398333333333	0
2.36483333333333	0
2.36566666666667	0
2.36650000000000	0
2.36733333333333	0
2.36816666666667	0
2.36900000000000	0
2.36983333333333	0
2.37066666666667	0
2.37150000000000	0
2.37233333333333	16
2.37316666666667	8
2.37400000000000	0
2.37483333333333	0
2.37566666666667	0
2.37650000000000	0
2.37733333333333	0
2.37816666666667	0
2.37900000000000	0
2.37983333333333	0
2.38066666666667	0
2.38151666666667	0
2.38235000000000	0
2.38318333333333	0
2.38401666666667	0
2.38485000000000	0
2.38568333333333	0
2.38651666666667	0
2.38735000000000	0
2.38818333333333	0
2.38901666666667	0
2.38985000000000	0
2.39068333333333	0
2.39151666666667	0
2.39235000000000	0
2.39318333333333	0
2.39401666666667	0
2.39485000000000	0
2.39568333333333	0
2.39651666666667	0
2.39735000000000	0
2.39818333333333	0
2.39903333333333	0
2.39986666666667	0
2.40070000000000	0
2.40153333333333	0
2.40236666666667	0
2.40320000000000	0
2.40403333333333	0
2.40486666666667	0
2.40570000000000	0
2.40653333333333	0
2.40736666666667	0
2.40820000000000	0
2.40903333333333	0
2.40986666666667	0
2.41070000000000	0
2.41151666666667	0
2.41235000000000	0
2.41318333333333	0
2.41401666666667	0
2.41485000000000	0
2.41570000000000	0
2.41653333333333	0
2.41736666666667	0
2.41820000000000	0
2.41903333333333	0
2.41986666666667	0
2.42070000000000	0
2.42153333333333	0
2.42236666666667	0
2.42320000000000	0
2.42403333333333	0
2.42486666666667	0
2.42570000000000	0
2.42653333333333	0
2.42736666666667	0
2.42820000000000	0
2.42903333333333	0
2.42986666666667	0
2.43070000000000	0
2.43153333333333	0
2.43236666666667	0
2.43321666666667	0
2.43405000000000	0
2.43488333333333	0
2.43571666666667	0
2.43655000000000	0
2.43738333333333	0
2.43821666666667	0
2.43905000000000	0
2.43988333333333	0
2.44071666666667	0
2.44155000000000	0
2.44238333333333	0
2.44321666666667	0
2.44405000000000	0
2.44488333333333	0
2.44571666666667	0
2.44655000000000	0
2.44738333333333	0
2.44821666666667	0
2.44905000000000	0
2.44990000000000	0
2.45073333333333	0
2.45156666666667	0
2.45240000000000	0
2.45323333333333	0
2.45406666666667	308
2.45490000000000	154
2.45573333333333	0
2.45656666666667	0
2.45740000000000	0
2.45823333333333	17
2.45906666666667	8
2.45990000000000	0
2.46073333333333	0
2.46156666666667	0
2.46240000000000	0
2.46323333333333	0
2.46406666666667	0
2.46490000000000	0
2.46573333333333	0
2.46656666666667	0
2.46741666666667	0
2.46825000000000	0
2.46908333333333	0
2.46991666666667	0
2.47075000000000	0
2.47158333333333	0
2.47241666666667	0
2.47325000000000	0
2.47408333333333	0
2.47491666666667	0
2.47575000000000	0
2.47658333333333	0
2.47741666666667	0
2.47825000000000	0
2.47908333333333	0
2.47991666666667	0
2.48075000000000	0
2.48158333333333	0
2.48241666666667	0
2.48325000000000	0
2.48410000000000	0
2.48493333333333	0
2.48576666666667	0
2.48660000000000	0
2.48743333333333	0
2.48826666666667	0
2.48910000000000	0
2.48993333333333	0
2.49076666666667	0
2.49160000000000	0
2.49243333333333	0
2.49326666666667	0
2.49410000000000	0
2.49493333333333	0
2.49576666666667	0
2.49660000000000	0
2.49743333333333	0
2.49826666666667	0
2.49910000000000	0
2.49991666666667	0
2.50075000000000	0
2.50160000000000	34
2.50243333333333	59
2.50326666666667	84
2.50410000000000	0
2.50493333333333	0
2.50576666666667	0
2.50660000000000	0
2.50743333333333	0
2.50826666666667	0
2.50910000000000	0
2.50993333333333	0
2.51076666666667	0
2.51160000000000	0
2.51243333333333	0
2.51326666666667	0
2.51410000000000	0
2.51493333333333	0
2.51576666666667	0
2.51660000000000	0
2.51743333333333	0
2.51828333333333	0
2.51911666666667	0
2.51995000000000	0
2.52078333333333	0
2.52161666666667	0
2.52245000000000	0
2.52328333333333	0
2.52411666666667	0
2.52495000000000	0
2.52578333333333	0
2.52661666666667	0
2.52745000000000	0
2.52828333333333	0
2.52911666666667	0
2.52995000000000	0
2.53078333333333	0
2.53161666666667	0
2.53245000000000	0
2.53328333333333	0
2.53411666666667	0
2.53495000000000	0
2.53580000000000	0
2.53663333333333	0
2.53746666666667	0
2.53830000000000	0
2.53913333333333	0
2.53996666666667	0
2.54080000000000	0
2.54163333333333	0
2.54246666666667	0
2.54330000000000	0
2.54413333333333	0
2.54496666666667	0
2.54580000000000	0
2.54663333333333	0
2.54746666666667	0
2.54830000000000	0
2.54913333333333	0
2.54996666666667	0
2.55080000000000	0
2.55163333333333	0
2.55248333333333	0
2.55331666666667	0
2.55415000000000	0
2.55498333333333	0
2.55581666666667	0
2.55665000000000	0
2.55748333333333	0
2.55831666666667	0
2.55915000000000	0
2.55998333333333	0
2.56081666666667	0
2.56165000000000	0
2.56248333333333	0
2.56331666666667	0
2.56415000000000	0
2.56498333333333	0
2.56581666666667	0
2.56665000000000	0
2.56748333333333	0
2.56831666666667	0
2.56915000000000	0
2.57000000000000	0
2.57083333333333	0
2.57166666666667	0
2.57250000000000	0
2.57333333333333	0
2.57416666666667	0
2.57500000000000	0
2.57583333333333	0
2.57666666666667	0
2.57750000000000	0
2.57833333333333	0
2.57916666666667	0
2.58000000000000	0
2.58083333333333	0
2.58166666666667	0
2.58250000000000	0
2.58333333333333	0
2.58416666666667	0
2.58500000000000	0
2.58583333333333	0
2.58668333333333	0
2.58751666666667	0
2.58835000000000	0
2.58918333333333	0
2.59001666666667	0
2.59085000000000	0
2.59168333333333	0
2.59251666666667	0
2.59335000000000	0
2.59418333333333	0
2.59501666666667	0
2.59585000000000	0
2.59668333333333	0
2.59751666666667	0
2.59835000000000	0
2.59918333333333	14
2.60001666666667	29
2.60085000000000	156
2.60168333333333	78
2.60251666666667	0
2.60335000000000	0
2.60420000000000	0
2.60503333333333	0
2.60586666666667	0
2.60670000000000	0
2.60753333333333	0
2.60836666666667	0
2.60920000000000	0
2.61003333333333	0
2.61086666666667	0
2.61170000000000	0
2.61253333333333	0
2.61336666666667	0
2.61420000000000	0
2.61503333333333	0
2.61586666666667	0
2.61670000000000	0
2.61753333333333	0
2.61836666666667	0
2.61920000000000	0
2.62003333333333	0
2.62088333333333	0
2.62171666666667	0
2.62255000000000	0
2.62338333333333	0
2.62421666666667	0
2.62505000000000	0
2.62588333333333	0
2.62671666666667	0
2.62755000000000	0
2.62838333333333	0
2.62921666666667	0
2.63005000000000	0
2.63088333333333	0
2.63170000000000	0
2.63253333333333	0
2.63336666666667	0
2.63420000000000	0
2.63503333333333	0
2.63586666666667	0
2.63670000000000	0
2.63753333333333	0
2.63838333333333	0
2.63921666666667	0
2.64005000000000	0
2.64088333333333	0
2.64171666666667	0
2.64255000000000	0
2.64338333333333	0
2.64421666666667	0
2.64505000000000	0
2.64588333333333	0
2.64671666666667	0
2.64755000000000	0
2.64838333333333	0
2.64921666666667	0
2.65005000000000	0
2.65088333333333	0
2.65171666666667	0
2.65255000000000	0
2.65338333333333	0
2.65421666666667	0
2.65506666666667	0
2.65590000000000	0
2.65673333333333	0
2.65756666666667	0
2.65840000000000	0
2.65923333333333	0
2.66006666666667	0
2.66090000000000	0
2.66173333333333	0
2.66256666666667	0
2.66340000000000	0
2.66423333333333	0
2.66506666666667	0
2.66590000000000	0
2.66673333333333	0
2.66756666666667	0
2.66840000000000	0
2.66923333333333	0
2.67006666666667	0
2.67090000000000	0
2.67173333333333	0
2.67258333333333	0
2.67341666666667	0
2.67425000000000	0
2.67508333333333	0
2.67591666666667	0
2.67675000000000	0
2.67758333333333	247
2.67841666666667	124
2.67925000000000	0
2.68008333333333	0
2.68091666666667	0
2.68175000000000	0
2.68258333333333	0
2.68341666666667	0
2.68425000000000	0
2.68508333333333	0
2.68591666666667	0
2.68675000000000	0
2.68758333333333	0
2.68841666666667	0
2.68926666666667	0
2.69010000000000	0
2.69093333333333	0
2.69176666666667	0
2.69260000000000	0
2.69343333333333	0
2.69426666666667	0
2.69510000000000	0
2.69593333333333	0
2.69676666666667	0
2.69760000000000	0
2.69843333333333	207
2.69926666666667	295
2.70010000000000	148
2.70093333333333	0
2.70175000000000	0
2.70258333333333	0
2.70341666666667	0
2.70425000000000	0
2.70508333333333	0
2.70591666666667	0
2.70676666666667	0
2.70760000000000	0
2.70843333333333	0
2.70926666666667	0
2.71010000000000	0
2.71093333333333	0
2.71176666666667	0
2.71260000000000	0
2.71343333333333	0
2.71426666666667	0
2.71510000000000	0
2.71593333333333	0
2.71676666666667	8
2.71760000000000	4
2.71843333333333	0
2.71926666666667	0
2.72010000000000	0
2.72093333333333	0
2.72176666666667	0
2.72260000000000	0
2.72345000000000	0
2.72428333333333	0
2.72511666666667	0
2.72595000000000	0
2.72678333333333	0
2.72761666666667	0
2.72845000000000	0
2.72928333333333	0
2.73011666666667	0
2.73095000000000	0
2.73178333333333	0
2.73261666666667	0
2.73345000000000	0
2.73428333333333	0
2.73511666666667	0
2.73595000000000	0
2.73678333333333	0
2.73761666666667	0
2.73845000000000	0
2.73928333333333	0
2.74011666666667	0
2.74096666666667	0
2.74180000000000	0
2.74263333333333	0
2.74346666666667	0
2.74430000000000	0
2.74513333333333	0
2.74596666666667	0
2.74680000000000	0
2.74763333333333	0
2.74846666666667	0
2.74930000000000	0
2.75013333333333	0
2.75096666666667	0
2.75180000000000	0
2.75263333333333	0
2.75346666666667	0
2.75430000000000	0
2.75513333333333	0
2.75596666666667	0
2.75680000000000	0
2.75765000000000	0
2.75848333333333	0
2.75931666666667	0
2.76015000000000	0
2.76098333333333	0
2.76181666666667	0
2.76265000000000	0
2.76348333333333	0
2.76431666666667	0
2.76515000000000	0
2.76598333333333	0
2.76681666666667	0
2.76765000000000	0
2.76848333333333	0
2.76931666666667	0
2.77015000000000	0
2.77098333333333	0
2.77181666666667	0
2.77265000000000	0
2.77348333333333	0
2.77431666666667	0
2.77516666666667	0
2.77600000000000	0
2.77683333333333	0
2.77766666666667	0
2.77850000000000	0
2.77933333333333	0
2.78016666666667	0
2.78100000000000	0
2.78183333333333	0
2.78266666666667	259
2.78350000000000	253
2.78433333333333	0
2.78516666666667	0
2.78600000000000	0
2.78683333333333	0
2.78766666666667	0
2.78850000000000	0
2.78933333333333	0
2.79016666666667	0
2.79100000000000	0
2.79185000000000	0
2.79268333333333	171
2.79351666666667	148
2.79435000000000	0
2.79518333333333	0
2.79601666666667	0
2.79685000000000	0
2.79768333333333	0
2.79851666666667	0
2.79935000000000	0
2.80018333333333	0
2.80101666666667	0
2.80185000000000	0
2.80268333333333	0
2.80351666666667	0
2.80433333333333	0
2.80516666666667	0
2.80600000000000	0
2.80683333333333	0
2.80766666666667	0
2.80850000000000	0
2.80935000000000	0
2.81018333333333	0
2.81101666666667	0
2.81185000000000	0
2.81268333333333	0
2.81351666666667	0
2.81435000000000	0
2.81518333333333	0
2.81601666666667	0
2.81685000000000	0
2.81768333333333	0
2.81851666666667	0
2.81935000000000	0
2.82018333333333	0
2.82101666666667	0
2.82185000000000	0
2.82268333333333	0
2.82351666666667	0
2.82435000000000	0
2.82518333333333	0
2.82603333333333	0
2.82686666666667	0
2.82770000000000	0
2.82853333333333	0
2.82936666666667	0
2.83020000000000	0
2.83103333333333	0
2.83186666666667	0
2.83270000000000	0
2.83353333333333	0
2.83436666666667	0
2.83520000000000	0
2.83603333333333	0
2.83686666666667	0
2.83770000000000	0
2.83853333333333	0
2.83936666666667	0
2.84020000000000	0
2.84103333333333	0
2.84186666666667	0
2.84270000000000	0
2.84355000000000	0
2.84438333333333	0
2.84521666666667	0
2.84605000000000	0
2.84688333333333	0
2.84771666666667	0
2.84855000000000	0
2.84938333333333	0
2.85021666666667	0
2.85105000000000	0
2.85188333333333	0
2.85271666666667	0
2.85355000000000	0
2.85438333333333	0
2.85521666666667	0
2.85605000000000	0
2.85688333333333	0
2.85771666666667	0
2.85855000000000	0
2.85938333333333	0
2.86023333333333	0
2.86106666666667	0
2.86190000000000	0
2.86273333333333	0
2.86356666666667	0
2.86440000000000	0
2.86523333333333	0
2.86606666666667	0
2.86690000000000	0
2.86773333333333	0
2.86856666666667	0
2.86940000000000	0
2.87023333333333	0
2.87106666666667	0
2.87190000000000	0
2.87273333333333	0
2.87356666666667	0
2.87440000000000	0
2.87523333333333	0
2.87606666666667	0
2.87690000000000	0
2.87775000000000	0
2.87858333333333	0
2.87941666666667	0
2.88025000000000	0
2.88108333333333	0
2.88191666666667	0
2.88275000000000	0
2.88358333333333	0
2.88441666666667	0
2.88525000000000	0
2.88608333333333	0
2.88691666666667	0
2.88775000000000	0
2.88858333333333	0
2.88941666666667	0
2.89025000000000	0
2.89108333333333	0
2.89191666666667	0
2.89275000000000	0
2.89358333333333	0
2.89443333333333	0
2.89526666666667	0
2.89610000000000	0
2.89693333333333	0
2.89776666666667	0
2.89860000000000	0
2.89943333333333	0
2.90026666666667	0
2.90110000000000	0
2.90193333333333	0
2.90276666666667	0
2.90360000000000	0
2.90443333333333	0
2.90526666666667	0
2.90610000000000	0
2.90693333333333	0
2.90776666666667	0
2.90860000000000	0
2.90941666666667	0
2.91025000000000	0
2.91108333333333	0
2.91193333333333	0
2.91276666666667	0
2.91360000000000	0
2.91443333333333	0
2.91526666666667	0
2.91610000000000	0
2.91693333333333	0
2.91776666666667	0
2.91860000000000	0
2.91943333333333	0
2.92026666666667	0
2.92110000000000	0
2.92193333333333	0
2.92276666666667	0
2.92360000000000	0
2.92443333333333	0
2.92526666666667	0
2.92610000000000	0
2.92693333333333	0
2.92776666666667	0
2.92861666666667	0
2.92945000000000	0
2.93028333333333	0
2.93111666666667	0
2.93195000000000	0
2.93278333333333	0
2.93361666666667	0
2.93445000000000	0
2.93528333333333	0
2.93611666666667	0
2.93695000000000	0
2.93778333333333	0
2.93861666666667	0
2.93945000000000	0
2.94028333333333	0
2.94111666666667	0
2.94195000000000	0
2.94278333333333	0
2.94361666666667	0
2.94445000000000	0
2.94528333333333	0
2.94613333333333	0
2.94696666666667	0
2.94780000000000	0
2.94863333333333	0
2.94946666666667	0
2.95030000000000	0
2.95113333333333	0
2.95196666666667	0
2.95280000000000	0
2.95363333333333	0
2.95446666666667	0
2.95530000000000	0
2.95613333333333	0
2.95696666666667	0
2.95780000000000	0
2.95863333333333	0
2.95946666666667	0
2.96030000000000	0
2.96113333333333	0
2.96196666666667	0
2.96281666666667	0
2.96365000000000	0
2.96448333333333	0
2.96531666666667	0
2.96615000000000	0
2.96698333333333	0
2.96781666666667	0
2.96865000000000	0
2.96948333333333	0
2.97031666666667	0
2.97115000000000	0
2.97198333333333	0
2.97281666666667	0
2.97365000000000	0
2.97448333333333	0
2.97531666666667	0
2.97615000000000	0
2.97698333333333	0
2.97781666666667	0
2.97863333333333	0
2.97946666666667	0
2.98031666666667	0
2.98115000000000	0
2.98198333333333	0
2.98281666666667	0
2.98365000000000	0
2.98448333333333	0
2.98531666666667	0
2.98615000000000	0
2.98698333333333	0
2.98781666666667	0
2.98865000000000	0
2.98948333333333	0
2.99031666666667	0
2.99115000000000	0
2.99198333333333	0
2.99281666666667	0
2.99365000000000	0
2.99448333333333	0
2.99531666666667	0
2.99615000000000	0
2.99700000000000	0
2.99783333333333	0
2.99866666666667	0
2.99950000000000	0
