0.50081666666667	0
0.50165000000000	645
0.50248333333333	0
0.50331666666667	0
0.50415000000000	0
0.50498333333333	0
0.50581666666667	0
0.50665000000000	0
0.50748333333333	0
0.50831666666667	0
0.50915000000000	0
0.50998333333333	0
0.51081666666667	0
0.51165000000000	0
0.51248333333333	0
0.51331666666667	0
0.51415000000000	0
0.51498333333333	0
0.51581666666667	0
0.51665000000000	0
0.51748333333333	0
0.51833333333333	0
0.51916666666667	0
0.52000000000000	0
0.52083333333333	0
0.52166666666667	0
0.52250000000000	0
0.52333333333333	0
0.52416666666667	0
0.52500000000000	0
0.52583333333333	0
0.52666666666667	0
0.52750000000000	0
0.52833333333333	0
0.52916666666667	0
0.53000000000000	0
0.53083333333333	0
0.53166666666667	0
0.53250000000000	0
0.53333333333333	0
0.53416666666667	0
0.53501666666667	0
0.53585000000000	0
0.53668333333333	0
0.53751666666667	0
0.53835000000000	0
0.53918333333333	0
0.54001666666667	0
0.54085000000000	0
0.54168333333333	0
0.54251666666667	0
0.54335000000000	0
0.54418333333333	0
0.54501666666667	0
0.54585000000000	0
0.54666666666667	0
0.54750000000000	0
0.54833333333333	0
0.54916666666667	0
0.55000000000000	0
0.55083333333333	0
0.55166666666667	0
0.55251666666667	0
0.55335000000000	0
0.55418333333333	0
0.55501666666667	0
0.55585000000000	0
0.55668333333333	0
0.55751666666667	0
0.55835000000000	0
0.55918333333333	0
0.56001666666667	0
0.56085000000000	0
0.56168333333333	0
0.56251666666667	0
0.56335000000000	0
0.56418333333333	0
0.56501666666667	0
0.56585000000000	0
0.56668333333333	0
0.56751666666667	0
0.56835000000000	0
0.56920000000000	0
0.57003333333333	0
0.57086666666667	0
0.57170000000000	0
0.57253333333333	0
0.57336666666667	0
0.57420000000000	0
0.57503333333333	0
0.57586666666667	0
0.57670000000000	0
0.57753333333333	0
0.57836666666667	0
0.57920000000000	0
0.58003333333333	0
0.58086666666667	0
0.58170000000000	0
0.58253333333333	0
0.58336666666667	0
0.58420000000000	0
0.58503333333333	0
0.58586666666667	0
0.58671666666667	0
0.58755000000000	0
0.58838333333333	0
0.58921666666667	0
0.59005000000000	0
0.59088333333333	0
0.59171666666667	0
0.59255000000000	0
0.59338333333333	0
0.59421666666667	0
0.59505000000000	0
0.59588333333333	0
0.59671666666667	0
0.59755000000000	0
0.59838333333333	0
0.59921666666667	0
0.60005000000000	0
0.60088333333333	0
0.60171666666667	0
0.60255000000000	0
0.60340000000000	0
0.60423333333333	0
0.60506666666667	0
0.60590000000000	0
0.60673333333333	0
0.60756666666667	0
0.60840000000000	0
0.60923333333333	0
0.61006666666667	0
0.61090000000000	0
0.61173333333333	0
0.61256666666667	0
0.61340000000000	0
0.61423333333333	0
0.61506666666667	0
0.61590000000000	0
0.61673333333333	0
0.61756666666667	0
0.61840000000000	0
0.61923333333333	0
0.62006666666667	0
0.62091666666667	0
0.62175000000000	0
0.62258333333333	0
0.62341666666667	0
0.62425000000000	0
0.62508333333333	0
0.62591666666667	0
0.62675000000000	0
0.62758333333333	0
0.62841666666667	0
0.62925000000000	0
0.63008333333333	0
0.63091666666667	0
0.63175000000000	0
0.63258333333333	0
0.63341666666667	0
0.63425000000000	0
0.63508333333333	0
0.63591666666667	0
0.63675000000000	0
0.63760000000000	0
0.63843333333333	0
0.63926666666667	0
0.64010000000000	0
0.64093333333333	0
0.64176666666667	0
0.64260000000000	0
0.64343333333333	0
0.64426666666667	0
0.64510000000000	0
0.64593333333333	0
0.64676666666667	0
0.64760000000000	0
0.64843333333333	0
0.64926666666667	0
0.65010000000000	0
0.65093333333333	0
0.65176666666667	0
0.65260000000000	0
0.65343333333333	0
0.65426666666667	0
0.65511666666667	0
0.65595000000000	0
0.65678333333333	0
0.65761666666667	0
0.65845000000000	0
0.65928333333333	0
0.66011666666667	0
0.66095000000000	0
0.66178333333333	0
0.66261666666667	0
0.66345000000000	0
0.66428333333333	0
0.66511666666667	0
0.66595000000000	0
0.66678333333333	0
0.66761666666667	0
0.66845000000000	0
0.66928333333333	0
0.67011666666667	0
0.67095000000000	0
0.67180000000000	0
0.67263333333333	0
0.67346666666667	0
0.67430000000000	0
0.67513333333333	0
0.67596666666667	0
0.67680000000000	0
0.67763333333333	0
0.67846666666667	0
0.67930000000000	0
0.68013333333333	0
0.68096666666667	0
0.68180000000000	0
0.68263333333333	0
0.68346666666667	0
0.68430000000000	0
0.68513333333333	0
0.68596666666667	0
0.68680000000000	0
0.68763333333333	0
0.68846666666667	0
0.68931666666667	0
0.69015000000000	0
0.69098333333333	0
0.69181666666667	0
0.69265000000000	0
0.69348333333333	0
0.69431666666667	0
0.69515000000000	0
0.69598333333333	0
0.69681666666667	0
0.69765000000000	0
0.69848333333333	0
0.69931666666667	0
0.70015000000000	0
0.70098333333333	0
0.70181666666667	0
0.70265000000000	0
0.70348333333333	0
0.70431666666667	0
0.70515000000000	0
0.70600000000000	0
0.70683333333333	0
0.70766666666667	0
0.70850000000000	0
0.70933333333333	0
0.71016666666667	0
0.71100000000000	0
0.71183333333333	0
0.71266666666667	0
0.71350000000000	0
0.71433333333333	0
0.71516666666667	0
0.71600000000000	0
0.71683333333333	0
0.71766666666667	0
0.71850000000000	0
0.71933333333333	0
0.72016666666667	0
0.72100000000000	0
0.72183333333333	0
0.72265000000000	0
0.72350000000000	0
0.72433333333333	0
0.72516666666667	0
0.72600000000000	0
0.72683333333333	0
0.72766666666667	0
0.72850000000000	0
0.72933333333333	0
0.73016666666667	0
0.73100000000000	0
0.73183333333333	0
0.73266666666667	0
0.73350000000000	0
0.73433333333333	0
0.73516666666667	0
0.73600000000000	0
0.73683333333333	0
0.73766666666667	0
0.73850000000000	0
0.73933333333333	0
0.74018333333333	0
0.74101666666667	0
0.74185000000000	0
0.74268333333333	0
0.74351666666667	0
0.74435000000000	0
0.74518333333333	0
0.74601666666667	0
0.74685000000000	0
0.74768333333333	0
0.74851666666667	0
0.74935000000000	0
0.75018333333333	0
0.75101666666667	0
0.75185000000000	0
0.75268333333333	0
0.75351666666667	0
0.75435000000000	0
0.75518333333333	0
0.75601666666667	0
0.75685000000000	0
0.75770000000000	0
0.75853333333333	0
0.75936666666667	0
0.76020000000000	0
0.76103333333333	0
0.76186666666667	0
0.76270000000000	0
0.76353333333333	0
0.76436666666667	0
0.76520000000000	0
0.76603333333333	0
0.76686666666667	0
0.76770000000000	0
0.76853333333333	0
0.76936666666667	0
0.77020000000000	0
0.77103333333333	0
0.77186666666667	0
0.77270000000000	0
0.77353333333333	0
0.77438333333333	42
0.77521666666667	21
0.77605000000000	0
0.77688333333333	0
0.77771666666667	0
0.77855000000000	0
0.77938333333333	0
0.78021666666667	0
0.78105000000000	0
0.78188333333333	0
0.78271666666667	0
0.78355000000000	0
0.78438333333333	0
0.78521666666667	0
0.78605000000000	0
0.78688333333333	0
0.78771666666667	0
0.78855000000000	0
0.78938333333333	0
0.79021666666667	0
0.79105000000000	0
0.79190000000000	0
0.79273333333333	0
0.79356666666667	0
0.79440000000000	0
0.79523333333333	0
0.79606666666667	0
0.79690000000000	0
0.79773333333333	0
0.79856666666667	0
0.79940000000000	0
0.80023333333333	0
0.80106666666667	0
0.80190000000000	0
0.80273333333333	0
0.80356666666667	0
0.80440000000000	0
0.80523333333333	0
0.80606666666667	0
0.80690000000000	0
0.80773333333333	0
0.80858333333333	0
0.80941666666667	0
0.81025000000000	0
0.81108333333333	0
0.81191666666667	0
0.81275000000000	0
0.81358333333333	0
0.81441666666667	0
0.81525000000000	0
0.81608333333333	0
0.81691666666667	0
0.81775000000000	0
0.81858333333333	0
0.81941666666667	0
0.82025000000000	0
0.82108333333333	0
0.82191666666667	0
0.82275000000000	0
0.82358333333333	0
0.82441666666667	0
0.82525000000000	0
0.82610000000000	0
0.82693333333333	0
0.82776666666667	0
0.82860000000000	0
0.82943333333333	0
0.83026666666667	0
0.83110000000000	0
0.83193333333333	0
0.83276666666667	0
0.83360000000000	0
0.83443333333333	0
0.83526666666667	0
0.83610000000000	0
0.83693333333333	0
0.83776666666667	0
0.83860000000000	0
0.83943333333333	0
0.84026666666667	0
0.84110000000000	0
0.84193333333333	0
0.84278333333333	0
0.84361666666667	0
0.84445000000000	0
0.84528333333333	0
0.84611666666667	0
0.84695000000000	0
0.84778333333333	0
0.84861666666667	0
0.84945000000000	0
0.85028333333333	0
0.85111666666667	0
0.85195000000000	0
0.85278333333333	0
0.85361666666667	0
0.85443333333333	0
0.85526666666667	0
0.85610000000000	0
0.85693333333333	0
0.85776666666667	0
0.85860000000000	0
0.85943333333333	0
0.86028333333333	0
0.86111666666667	0
0.86195000000000	0
0.86278333333333	0
0.86361666666667	0
0.86445000000000	0
0.86528333333333	0
0.86611666666667	0
0.86695000000000	0
0.86778333333333	0
0.86861666666667	0
0.86945000000000	0
0.87028333333333	0
0.87111666666667	0
0.87195000000000	0
0.87278333333333	0
0.87361666666667	0
0.87445000000000	0
0.87528333333333	0
0.87611666666667	0
0.87696666666667	0
0.87780000000000	0
0.87863333333333	0
0.87946666666667	0
0.88030000000000	0
0.88113333333333	0
0.88196666666667	0
0.88280000000000	0
0.88363333333333	0
0.88446666666667	0
0.88530000000000	0
0.88613333333333	0
0.88696666666667	0
0.88780000000000	0
0.88863333333333	0
0.88946666666667	0
0.89030000000000	0
0.89113333333333	0
0.89196666666667	0
0.89280000000000	0
0.89363333333333	0
0.89448333333333	0
0.89531666666667	0
0.89615000000000	0
0.89698333333333	0
0.89781666666667	0
0.89865000000000	0
0.89948333333333	0
0.90031666666667	0
0.90115000000000	0
0.90198333333333	0
0.90281666666667	0
0.90365000000000	0
0.90448333333333	0
0.90531666666667	0
0.90615000000000	0
0.90698333333333	0
0.90781666666667	0
0.90865000000000	0
0.90948333333333	0
0.91031666666667	0
0.91116666666667	0
0.91200000000000	0
0.91283333333333	0
0.91366666666667	0
0.91450000000000	0
0.91533333333333	0
0.91616666666667	0
0.91700000000000	0
0.91783333333333	0
0.91866666666667	0
0.91950000000000	0
0.92033333333333	0
0.92116666666667	0
0.92200000000000	0
0.92281666666667	0
0.92365000000000	0
0.92448333333333	0
0.92531666666667	0
0.92615000000000	0
0.92698333333333	0
0.92781666666667	0
0.92866666666667	0
0.92950000000000	0
0.93033333333333	0
0.93116666666667	0
0.93200000000000	0
0.93283333333333	0
0.93366666666667	0
0.93450000000000	0
0.93533333333333	0
0.93616666666667	0
0.93700000000000	0
0.93783333333333	0
0.93866666666667	0
0.93950000000000	0
0.94033333333333	0
0.94116666666667	0
0.94200000000000	0
0.94283333333333	0
0.94366666666667	0
0.94450000000000	0
0.94535000000000	0
0.94618333333333	0
0.94701666666667	0
0.94785000000000	0
0.94868333333333	0
0.94951666666667	0
0.95035000000000	0
0.95118333333333	0
0.95201666666667	0
0.95285000000000	0
0.95368333333333	0
0.95451666666667	0
0.95535000000000	0
0.95618333333333	0
0.95701666666667	0
0.95785000000000	0
0.95868333333333	0
0.95951666666667	0
0.96035000000000	0
0.96118333333333	0
0.96201666666667	0
0.96286666666667	0
0.96370000000000	0
0.96453333333333	0
0.96536666666667	0
0.96620000000000	0
0.96703333333333	0
0.96786666666667	0
0.96870000000000	0
0.96953333333333	0
0.97036666666667	0
0.97120000000000	0
0.97203333333333	0
0.97286666666667	0
0.97370000000000	0
0.97453333333333	0
0.97536666666667	264
0.97620000000000	247
0.97703333333333	0
0.97786666666667	0
0.97870000000000	0
0.97955000000000	0
0.98038333333333	0
0.98121666666667	0
0.98205000000000	0
0.98288333333333	451
0.98371666666667	349
0.98455000000000	0
0.98538333333333	0
0.98621666666667	0
0.98705000000000	0
0.98788333333333	0
0.98871666666667	0
0.98955000000000	0
0.99038333333333	188
0.99121666666667	197
0.99205000000000	207
0.99288333333333	0
0.99371666666667	0
0.99455000000000	0
0.99538333333333	0
0.99621666666667	0
0.99706666666667	0
0.99790000000000	0
0.99873333333333	0
0.99956666666667	0
1.00040000000000	0
1.00123333333333	0
1.00206666666667	0
1.00290000000000	0
1.00373333333333	0
1.00456666666667	0
1.00540000000000	0
1.00623333333333	0
1.00706666666667	0
1.00790000000000	0
1.00873333333333	0
1.00956666666667	0
1.01040000000000	0
1.01123333333333	0
1.01206666666667	0
1.01290000000000	135
1.01375000000000	67
1.01458333333333	0
1.01541666666667	0
1.01625000000000	0
1.01708333333333	366
1.01791666666667	183
1.01875000000000	0
1.01958333333333	52
1.02041666666667	26
1.02125000000000	0
1.02208333333333	0
1.02291666666667	0
1.02375000000000	0
1.02458333333333	0
1.02541666666667	0
1.02625000000000	0
1.02706666666667	0
1.02790000000000	0
1.02873333333333	178
1.02956666666667	89
1.03040000000000	0
1.03125000000000	218
1.03208333333333	0
1.03291666666667	16
1.03375000000000	355
1.03458333333333	177
1.03541666666667	0
1.03625000000000	336
1.03708333333333	586
1.03791666666667	511
1.03875000000000	437
1.03958333333333	218
1.04041666666667	0
1.04125000000000	462
1.04208333333333	353
1.04291666666667	0
1.04375000000000	0
1.04458333333333	352
1.04541666666667	176
1.04625000000000	0
1.04708333333333	414
1.04793333333333	1007
1.04876666666667	892
1.04960000000000	622
1.05043333333333	0
1.05126666666667	435
1.05210000000000	488
1.05293333333333	540
1.05376666666667	491
1.05460000000000	442
1.05543333333333	752
1.05626666666667	964
1.05710000000000	906
1.05793333333333	0
1.05876666666667	1548
1.05960000000000	324
1.06043333333333	917
1.06126666666667	1204
1.06210000000000	23
1.06293333333333	294
1.06376666666667	615
1.06460000000000	875
1.06545000000000	1136
1.06628333333333	1088
1.06711666666667	1407
1.06795000000000	215
1.06878333333333	1273
1.06961666666667	2012
1.07045000000000	0
1.07128333333333	638
1.07211666666667	1012
1.07295000000000	540
1.07378333333333	1474
1.07461666666667	1734
1.07545000000000	2336
1.07628333333333	491
1.07711666666667	1743
1.07795000000000	1201
1.07878333333333	1545
1.07961666666667	1120
1.08045000000000	1732
1.08128333333333	1849
1.08213333333333	1966
1.08296666666667	2562
1.08380000000000	3178
1.08463333333333	2425
1.08546666666667	1671
1.08630000000000	2399
1.08713333333333	1819
1.08796666666667	5816
1.08880000000000	6310
1.08963333333333	4021
1.09046666666667	2432
1.09130000000000	842
1.09213333333333	6096
1.09296666666667	7016
1.09380000000000	8612
1.09463333333333	9472
1.09546666666667	10412
1.09630000000000	12172
1.09713333333333	13772
1.09796666666667	15372
1.09880000000000	14292
1.09965000000000	15236
1.10048333333333	16708
1.10131666666667	17248
1.10215000000000	19760
1.10298333333333	22040
1.10381666666667	24316
1.10465000000000	23968
1.10548333333333	20772
1.10631666666667	17576
1.10715000000000	25020
1.10798333333333	24964
1.10881666666667	28844
1.10965000000000	27884
1.11046666666667	26924
1.11130000000000	27348
1.11213333333333	27776
1.11296666666667	24928
1.11380000000000	28208
1.11463333333333	29936
1.11546666666667	33760
1.11631666666667	35504
1.11715000000000	30300
1.11798333333333	31336
1.11881666666667	30608
1.11965000000000	27664
1.12048333333333	23988
1.12131666666667	23272
1.12215000000000	26912
1.12298333333333	16840
1.12381666666667	26844
1.12465000000000	23984
1.12548333333333	24096
1.12631666666667	18916
1.12715000000000	13512
1.12798333333333	12536
1.12881666666667	14100
1.12965000000000	16976
1.13048333333333	17344
1.13131666666667	17764
1.13215000000000	18184
1.13298333333333	18812
1.13383333333333	17648
1.13466666666667	16480
1.13550000000000	12172
1.13633333333333	12072
1.13716666666667	14548
1.13800000000000	14332
1.13883333333333	13280
1.13966666666667	10392
1.14050000000000	11872
1.14133333333333	13860
1.14216666666667	6214
1.14300000000000	12100
1.14383333333333	7432
1.14466666666667	8316
1.14550000000000	9336
1.14633333333333	12096
1.14716666666667	10108
1.14800000000000	8116
1.14883333333333	11960
1.14966666666667	9992
1.15051666666667	8084
1.15135000000000	7766
1.15218333333333	11080
1.15301666666667	9808
1.15385000000000	8904
1.15468333333333	5947
1.15551666666667	9680
1.15635000000000	7403
1.15718333333333	8236
1.15801666666667	10056
1.15885000000000	7916
1.15968333333333	8960
1.16051666666667	5274
1.16135000000000	7128
1.16218333333333	3891
1.16301666666667	6206
1.16385000000000	6320
1.16468333333333	6114
1.16551666666667	6560
1.16635000000000	3526
1.16718333333333	5295
1.16803333333333	3471
1.16886666666667	4665
1.16970000000000	3842
1.17053333333333	3401
1.17136666666667	3367
1.17220000000000	3851
1.17303333333333	4335
1.17386666666667	5169
1.17470000000000	6002
1.17553333333333	6024
1.17636666666667	3689
1.17720000000000	2881
1.17803333333333	4532
1.17886666666667	4684
1.17970000000000	1789
1.18053333333333	1891
1.18136666666667	1407
1.18220000000000	2446
1.18303333333333	2894
1.18385000000000	2148
1.18471666666667	1402
1.18555000000000	2016
1.18638333333333	2629
1.18721666666667	2671
1.18805000000000	2713
1.18888333333333	2481
1.18971666666667	2212
1.19055000000000	3055
1.19138333333333	3121
1.19221666666667	3186
1.19305000000000	2642
1.19388333333333	2992
1.19471666666667	2144
1.19555000000000	3011
1.19638333333333	1903
1.19721666666667	3050
1.19805000000000	1255
1.19886666666667	2103
1.19970000000000	1132
1.20053333333333	1948
1.20136666666667	1730
1.20221666666667	1175
1.20305000000000	2052
1.20388333333333	1421
1.20471666666667	2234
1.20555000000000	2629
1.20638333333333	505
1.20721666666667	2209
1.20805000000000	1199
1.20888333333333	784
1.20971666666667	2019
1.21055000000000	1463
1.21138333333333	409
1.21221666666667	696
1.21305000000000	1073
1.21388333333333	491
1.21471666666667	431
1.21555000000000	371
1.21638333333333	908
1.21721666666667	1388
1.21805000000000	1868
1.21890000000000	0
1.21973333333333	459
1.22056666666667	232
1.22140000000000	212
1.22223333333333	191
1.22306666666667	1451
1.22390000000000	1078
1.22473333333333	706
1.22556666666667	474
1.22640000000000	876
1.22723333333333	228
1.22806666666667	995
1.22890000000000	1296
1.22973333333333	1770
1.23056666666667	1930
1.23140000000000	500
1.23223333333333	298
1.23306666666667	175
1.23390000000000	349
1.23473333333333	269
1.23556666666667	188
1.23641666666667	235
1.23725000000000	0
1.23808333333333	0
1.23891666666667	0
1.23975000000000	0
1.24058333333333	0
1.24141666666667	208
1.24225000000000	416
1.24308333333333	208
1.24391666666667	0
1.24475000000000	230
1.24558333333333	460
1.24641666666667	461
1.24725000000000	297
1.24808333333333	202
1.24891666666667	101
1.24975000000000	0
1.25058333333333	0
1.25141666666667	0
1.25225000000000	367
1.25310000000000	184
1.25393333333333	0
1.25476666666667	0
1.25560000000000	0
1.25643333333333	0
1.25726666666667	0
1.25810000000000	43
1.25893333333333	85
1.25976666666667	554
1.26060000000000	277
1.26143333333333	0
1.26226666666667	391
1.26310000000000	195
1.26393333333333	0
1.26476666666667	0
1.26560000000000	32
1.26643333333333	65
1.26726666666667	32
1.26810000000000	0
1.26893333333333	0
1.26976666666667	0
1.27061666666667	357
1.27145000000000	512
1.27228333333333	468
1.27311666666667	320
1.27395000000000	323
1.27478333333333	0
1.27561666666667	386
1.27645000000000	0
1.27728333333333	0
1.27811666666667	326
1.27895000000000	0
1.27978333333333	0
1.28061666666667	0
1.28145000000000	0
1.28228333333333	0
1.28311666666667	0
1.28395000000000	0
1.28478333333333	0
1.28561666666667	0
1.28645000000000	0
1.28728333333333	0
1.28811666666667	278
1.28895000000000	209
1.28978333333333	105
1.29061666666667	0
1.29145000000000	0
1.29228333333333	0
1.29311666666667	0
1.29395000000000	0
1.29478333333333	0
1.29561666666667	0
1.29645000000000	0
1.29728333333333	0
1.29811666666667	0
1.29895000000000	0
1.29978333333333	556
1.30061666666667	531
1.30145000000000	268
1.30228333333333	0
1.30311666666667	0
1.30395000000000	0
1.30480000000000	0
1.30563333333333	0
1.30646666666667	0
1.30730000000000	0
1.30813333333333	0
1.30896666666667	0
1.30980000000000	0
1.31063333333333	0
1.31146666666667	0
1.31230000000000	0
1.31313333333333	0
1.31396666666667	0
1.31480000000000	0
1.31563333333333	0
1.31646666666667	0
1.31730000000000	0
1.31813333333333	0
1.31896666666667	0
1.31980000000000	0
1.32063333333333	0
1.32148333333333	0
1.32231666666667	0
1.32315000000000	0
1.32398333333333	0
1.32481666666667	0
1.32565000000000	0
1.32648333333333	0
1.32731666666667	0
1.32815000000000	0
1.32898333333333	0
1.32981666666667	0
1.33065000000000	140
1.33148333333333	70
1.33231666666667	0
1.33315000000000	0
1.33398333333333	0
1.33481666666667	0
1.33565000000000	0
1.33648333333333	0
1.33731666666667	0
1.33815000000000	0
1.33900000000000	0
1.33983333333333	0
1.34066666666667	0
1.34150000000000	0
1.34233333333333	0
1.34316666666667	0
1.34400000000000	0
1.34483333333333	0
1.34566666666667	0
1.34650000000000	0
1.34733333333333	0
1.34816666666667	0
1.34900000000000	0
1.34983333333333	0
1.35066666666667	0
1.35150000000000	0
1.35231666666667	0
1.35315000000000	0
1.35398333333333	0
1.35481666666667	0
1.35566666666667	0
1.35650000000000	0
1.35733333333333	0
1.35816666666667	0
1.35900000000000	0
1.35983333333333	0
1.36066666666667	0
1.36150000000000	0
1.36233333333333	0
1.36316666666667	0
1.36400000000000	0
1.36483333333333	0
1.36566666666667	0
1.36650000000000	0
1.36733333333333	224
1.36816666666667	112
1.36900000000000	0
1.36983333333333	0
1.37066666666667	0
1.37150000000000	0
1.37233333333333	0
1.37318333333333	0
1.37401666666667	0
1.37485000000000	0
1.37568333333333	0
1.37651666666667	0
1.37735000000000	36
1.37818333333333	18
1.37901666666667	0
1.37985000000000	0
1.38068333333333	0
1.38151666666667	0
1.38235000000000	0
1.38318333333333	0
1.38401666666667	0
1.38485000000000	0
1.38568333333333	0
1.38651666666667	328
1.38735000000000	292
1.38818333333333	0
1.38901666666667	0
1.38986666666667	0
1.39070000000000	0
1.39153333333333	0
1.39236666666667	0
1.39320000000000	0
1.39403333333333	0
1.39486666666667	0
1.39570000000000	0
1.39653333333333	0
1.39736666666667	0
1.39820000000000	0
1.39903333333333	0
1.39986666666667	0
1.40070000000000	0
1.40153333333333	0
1.40236666666667	0
1.40320000000000	0
1.40403333333333	0
1.40486666666667	15
1.40570000000000	7
1.40653333333333	0
1.40738333333333	0
1.40821666666667	0
1.40905000000000	0
1.40988333333333	0
1.41071666666667	0
1.41155000000000	0
1.41238333333333	0
1.41321666666667	0
1.41405000000000	0
1.41488333333333	0
1.41571666666667	0
1.41655000000000	0
1.41738333333333	0
1.41821666666667	0
1.41905000000000	0
1.41988333333333	0
1.42071666666667	0
1.42155000000000	0
1.42238333333333	0
1.42321666666667	0
1.42406666666667	0
1.42490000000000	0
1.42573333333333	0
1.42656666666667	0
1.42740000000000	0
1.42823333333333	0
1.42906666666667	0
1.42990000000000	0
1.43073333333333	0
1.43156666666667	0
1.43240000000000	0
1.43323333333333	0
1.43406666666667	0
1.43490000000000	0
1.43573333333333	0
1.43656666666667	0
1.43740000000000	0
1.43823333333333	0
1.43906666666667	0
1.43990000000000	0
1.44073333333333	0
1.44158333333333	0
1.44241666666667	0
1.44325000000000	0
1.44408333333333	0
1.44491666666667	0
1.44575000000000	0
1.44658333333333	0
1.44741666666667	0
1.44825000000000	0
1.44908333333333	0
1.44991666666667	0
1.45075000000000	0
1.45158333333333	0
1.45241666666667	0
1.45325000000000	0
1.45408333333333	0
1.45491666666667	0
1.45575000000000	0
1.45658333333333	0
1.45741666666667	0
1.45826666666667	0
1.45910000000000	0
1.45993333333333	0
1.46076666666667	0
1.46160000000000	0
1.46243333333333	0
1.46326666666667	0
1.46410000000000	0
1.46493333333333	0
1.46576666666667	0
1.46660000000000	0
1.46743333333333	0
1.46826666666667	0
1.46910000000000	0
1.46993333333333	0
1.47076666666667	0
1.47160000000000	0
1.47243333333333	0
1.47326666666667	0
1.47410000000000	0
1.47493333333333	0
1.47578333333333	0
1.47661666666667	0
1.47745000000000	0
1.47828333333333	0
1.47911666666667	0
1.47995000000000	0
1.48078333333333	0
1.48161666666667	0
1.48245000000000	0
1.48328333333333	0
1.48411666666667	0
1.48495000000000	0
1.48578333333333	0
1.48661666666667	0
1.48745000000000	0
1.48828333333333	0
1.48911666666667	0
1.48995000000000	0
1.49078333333333	0
1.49161666666667	0
1.49246666666667	0
1.49330000000000	0
1.49413333333333	0
1.49496666666667	0
1.49580000000000	0
1.49663333333333	0
1.49746666666667	0
1.49830000000000	0
1.49913333333333	0
1.49996666666667	0
1.50080000000000	0
1.50163333333333	0
1.50246666666667	0
1.50330000000000	0
1.50413333333333	0
1.50496666666667	0
1.50578333333333	0
1.50661666666667	0
1.50745000000000	0
1.50828333333333	0
1.50911666666667	0
1.50996666666667	0
1.51080000000000	0
1.51163333333333	0
1.51246666666667	0
1.51330000000000	0
1.51413333333333	0
1.51496666666667	0
1.51580000000000	0
1.51663333333333	0
1.51746666666667	0
1.51830000000000	0
1.51913333333333	0
1.51996666666667	0
1.52080000000000	0
1.52163333333333	0
1.52246666666667	0
1.52330000000000	0
1.52413333333333	0
1.52496666666667	0
1.52580000000000	0
1.52665000000000	0
1.52748333333333	0
1.52831666666667	0
1.52915000000000	0
1.52998333333333	0
1.53081666666667	0
1.53165000000000	0
1.53248333333333	0
1.53331666666667	0
1.53415000000000	0
1.53498333333333	0
1.53581666666667	0
1.53665000000000	0
1.53748333333333	0
1.53831666666667	0
1.53915000000000	0
1.53998333333333	0
1.54081666666667	0
1.54165000000000	0
1.54248333333333	0
1.54331666666667	0
1.54416666666667	0
1.54500000000000	0
1.54583333333333	0
1.54666666666667	0
1.54750000000000	0
1.54833333333333	0
1.54916666666667	0
1.55000000000000	0
1.55083333333333	0
1.55166666666667	0
1.55250000000000	0
1.55333333333333	0
1.55416666666667	0
1.55500000000000	0
1.55583333333333	0
1.55666666666667	0
1.55750000000000	0
1.55833333333333	0
1.55916666666667	0
1.56000000000000	0
1.56085000000000	0
1.56168333333333	8
1.56251666666667	4
1.56335000000000	0
1.56418333333333	0
1.56501666666667	0
1.56585000000000	0
1.56668333333333	0
1.56751666666667	0
1.56835000000000	0
1.56918333333333	0
1.57001666666667	0
1.57085000000000	0
1.57168333333333	0
1.57251666666667	0
1.57335000000000	0
1.57418333333333	0
1.57501666666667	0
1.57585000000000	0
1.57668333333333	0
1.57751666666667	0
1.57836666666667	0
1.57920000000000	0
1.58003333333333	0
1.58086666666667	0
1.58170000000000	0
1.58253333333333	0
1.58336666666667	0
1.58420000000000	0
1.58503333333333	0
1.58586666666667	0
1.58670000000000	0
1.58753333333333	0
1.58836666666667	0
1.58920000000000	0
1.59003333333333	0
1.59086666666667	0
1.59170000000000	0
1.59253333333333	0
1.59336666666667	0
1.59420000000000	0
1.59505000000000	0
1.59588333333333	0
1.59671666666667	0
1.59755000000000	0
1.59838333333333	0
1.59921666666667	0
1.60005000000000	0
1.60088333333333	0
1.60171666666667	0
1.60255000000000	0
1.60338333333333	0
1.60421666666667	0
1.60505000000000	0
1.60588333333333	0
1.60671666666667	0
1.60755000000000	0
1.60838333333333	0
1.60921666666667	0
1.61005000000000	0
1.61088333333333	0
1.61171666666667	0
1.61256666666667	0
1.61340000000000	0
1.61423333333333	0
1.61506666666667	0
1.61590000000000	0
1.61673333333333	0
1.61756666666667	0
1.61840000000000	0
1.61923333333333	0
1.62006666666667	0
1.62090000000000	0
1.62173333333333	0
1.62256666666667	0
1.62340000000000	0
1.62423333333333	0
1.62506666666667	0
1.62590000000000	0
1.62673333333333	0
1.62755000000000	0
1.62838333333333	0
1.62923333333333	0
1.63006666666667	0
1.63090000000000	0
1.63173333333333	0
1.63256666666667	0
1.63340000000000	0
1.63423333333333	0
1.63506666666667	0
1.63590000000000	0
1.63673333333333	0
1.63756666666667	0
1.63840000000000	0
1.63923333333333	0
1.64006666666667	0
1.64090000000000	0
1.64173333333333	0
1.64256666666667	0
1.64340000000000	0
1.64423333333333	0
1.64506666666667	0
1.64590000000000	0
1.64675000000000	0
1.64758333333333	0
1.64841666666667	0
1.64925000000000	0
1.65008333333333	0
1.65091666666667	0
1.65175000000000	0
1.65258333333333	0
1.65341666666667	0
1.65425000000000	0
1.65508333333333	0
1.65591666666667	0
1.65675000000000	0
1.65758333333333	0
1.65841666666667	0
1.65925000000000	0
1.66008333333333	0
1.66091666666667	0
1.66175000000000	0
1.66258333333333	0
1.66343333333333	0
1.66426666666667	0
1.66510000000000	0
1.66593333333333	0
1.66676666666667	0
1.66760000000000	0
1.66843333333333	0
1.66926666666667	0
1.67010000000000	0
1.67093333333333	0
1.67176666666667	0
1.67260000000000	0
1.67343333333333	0
1.67426666666667	0
1.67510000000000	0
1.67593333333333	0
1.67676666666667	0
1.67760000000000	0
1.67843333333333	0
1.67926666666667	0
1.68010000000000	0
1.68095000000000	0
1.68178333333333	0
1.68261666666667	0
1.68345000000000	0
1.68428333333333	0
1.68511666666667	0
1.68595000000000	0
1.68678333333333	0
1.68761666666667	0
1.68845000000000	0
1.68928333333333	0
1.69011666666667	0
1.69095000000000	0
1.69178333333333	0
1.69261666666667	0
1.69345000000000	0
1.69428333333333	0
1.69511666666667	0
1.69595000000000	0
1.69678333333333	0
1.69763333333333	0
1.69846666666667	0
1.69930000000000	0
1.70013333333333	0
1.70096666666667	0
1.70180000000000	0
1.70263333333333	0
1.70346666666667	0
1.70430000000000	0
1.70513333333333	0
1.70596666666667	0
1.70680000000000	0
1.70763333333333	0
1.70846666666667	0
1.70930000000000	0
1.71013333333333	0
1.71096666666667	0
1.71180000000000	0
1.71261666666667	0
1.71345000000000	0
1.71428333333333	0
1.71513333333333	0
1.71596666666667	0
1.71680000000000	0
1.71763333333333	0
1.71846666666667	0
1.71930000000000	0
1.72013333333333	0
1.72096666666667	0
1.72180000000000	0
1.72263333333333	0
1.72346666666667	0
1.72430000000000	0
1.72513333333333	0
1.72596666666667	0
1.72680000000000	0
1.72763333333333	0
1.72846666666667	0
1.72930000000000	0
1.73013333333333	0
1.73096666666667	0
1.73181666666667	0
1.73265000000000	0
1.73348333333333	0
1.73431666666667	0
1.73515000000000	0
1.73598333333333	0
1.73681666666667	0
1.73765000000000	0
1.73848333333333	0
1.73931666666667	0
1.74015000000000	0
1.74098333333333	0
1.74181666666667	0
1.74265000000000	0
1.74348333333333	0
1.74431666666667	0
1.74515000000000	0
1.74598333333333	0
1.74681666666667	0
1.74765000000000	0
1.74848333333333	0
1.74933333333333	0
1.75016666666667	0
1.75100000000000	0
1.75183333333333	0
1.75266666666667	0
1.75350000000000	0
1.75433333333333	0
1.75516666666667	33
1.75600000000000	16
1.75683333333333	0
1.75766666666667	0
1.75850000000000	0
1.75933333333333	0
1.76016666666667	0
1.76100000000000	0
1.76183333333333	0
1.76266666666667	0
1.76350000000000	0
1.76433333333333	0
1.76516666666667	0
1.76601666666667	0
1.76685000000000	0
1.76768333333333	0
1.76851666666667	0
1.76935000000000	0
1.77018333333333	0
1.77101666666667	0
1.77185000000000	0
1.77268333333333	0
1.77351666666667	0
1.77435000000000	0
1.77518333333333	0
1.77601666666667	0
1.77685000000000	0
1.77768333333333	0
1.77851666666667	0
1.77935000000000	0
1.78018333333333	0
1.78101666666667	0
1.78185000000000	0
1.78268333333333	0
1.78353333333333	0
1.78436666666667	0
1.78520000000000	0
1.78603333333333	0
1.78686666666667	0
1.78770000000000	0
1.78853333333333	0
1.78936666666667	0
1.79020000000000	0
1.79103333333333	0
1.79186666666667	0
1.79270000000000	0
1.79353333333333	0
1.79436666666667	0
1.79520000000000	0
1.79603333333333	0
1.79686666666667	0
1.79770000000000	0
1.79853333333333	0
1.79936666666667	0
1.80020000000000	0
1.80103333333333	0
1.80186666666667	0
1.80270000000000	0
1.80353333333333	0
1.80436666666667	0
1.80520000000000	0
1.80603333333333	0
1.80686666666667	0
1.80770000000000	0
1.80853333333333	0
1.80936666666667	0
1.81020000000000	0
1.81103333333333	0
1.81186666666667	0
1.81270000000000	0
1.81353333333333	0
1.81436666666667	0
1.81520000000000	0
1.81603333333333	0
1.81686666666667	0
1.81771666666667	0
1.81855000000000	0
1.81938333333333	0
1.82021666666667	0
1.82105000000000	0
1.82188333333333	0
1.82271666666667	0
1.82355000000000	0
1.82438333333333	0
1.82521666666667	0
1.82605000000000	0
1.82688333333333	0
1.82771666666667	0
1.82855000000000	0
1.82938333333333	0
1.83021666666667	0
1.83105000000000	0
1.83188333333333	0
1.83271666666667	0
1.83355000000000	0
1.83440000000000	0
1.83523333333333	0
1.83606666666667	0
1.83690000000000	0
1.83773333333333	0
1.83856666666667	0
1.83940000000000	0
1.84023333333333	0
1.84106666666667	0
1.84190000000000	0
1.84273333333333	0
1.84356666666667	0
1.84440000000000	0
1.84523333333333	0
1.84606666666667	0
1.84690000000000	0
1.84773333333333	0
1.84856666666667	0
1.84940000000000	0
1.85023333333333	0
1.85106666666667	0
1.85191666666667	0
1.85275000000000	0
1.85358333333333	0
1.85441666666667	0
1.85525000000000	0
1.85608333333333	0
1.85691666666667	0
1.85775000000000	0
1.85858333333333	0
1.85941666666667	0
1.86025000000000	0
1.86108333333333	0
1.86191666666667	0
1.86275000000000	0
1.86358333333333	0
1.86440000000000	0
1.86523333333333	0
1.86606666666667	0
1.86690000000000	0
1.86773333333333	0
1.86858333333333	0
1.86941666666667	0
1.87025000000000	0
1.87108333333333	0
1.87191666666667	0
1.87275000000000	0
1.87358333333333	0
1.87441666666667	0
1.87525000000000	0
1.87608333333333	0
1.87691666666667	0
1.87775000000000	0
1.87858333333333	0
1.87941666666667	0
1.88025000000000	0
1.88108333333333	0
1.88191666666667	0
1.88275000000000	0
1.88358333333333	0
1.88441666666667	0
1.88525000000000	0
1.88610000000000	0
1.88693333333333	0
1.88776666666667	0
1.88860000000000	0
1.88943333333333	0
1.89026666666667	0
1.89110000000000	0
1.89193333333333	0
1.89276666666667	0
1.89360000000000	0
1.89443333333333	0
1.89526666666667	0
1.89610000000000	0
1.89693333333333	0
1.89776666666667	0
1.89860000000000	0
1.89943333333333	0
1.90026666666667	0
1.90110000000000	0
1.90193333333333	0
1.90278333333333	0
1.90361666666667	0
1.90445000000000	0
1.90528333333333	0
1.90611666666667	0
1.90695000000000	0
1.90778333333333	0
1.90861666666667	0
1.90945000000000	0
1.91028333333333	0
1.91111666666667	0
1.91195000000000	0
1.91278333333333	0
1.91361666666667	0
1.91445000000000	0
1.91528333333333	0
1.91611666666667	0
1.91695000000000	0
1.91778333333333	0
1.91861666666667	0
1.91945000000000	0
1.92030000000000	0
1.92113333333333	0
1.92196666666667	0
1.92280000000000	0
1.92363333333333	0
1.92446666666667	0
1.92530000000000	0
1.92613333333333	0
1.92696666666667	0
1.92780000000000	0
1.92863333333333	0
1.92946666666667	0
1.93030000000000	0
1.93113333333333	0
1.93196666666667	0
1.93280000000000	0
1.93363333333333	0
1.93446666666667	0
1.93530000000000	0
1.93613333333333	0
1.93698333333333	0
1.93781666666667	0
1.93865000000000	0
1.93948333333333	0
1.94031666666667	0
1.94115000000000	0
1.94198333333333	0
1.94281666666667	0
1.94365000000000	0
1.94448333333333	0
1.94531666666667	0
1.94615000000000	0
1.94698333333333	0
1.94781666666667	0
1.94865000000000	0
1.94948333333333	0
1.95031666666667	0
1.95115000000000	0
1.95198333333333	0
1.95281666666667	0
1.95365000000000	0
1.95450000000000	0
1.95533333333333	0
1.95616666666667	0
1.95700000000000	0
1.95783333333333	0
1.95866666666667	0
1.95950000000000	0
1.96033333333333	0
1.96116666666667	0
1.96200000000000	0
1.96283333333333	0
1.96366666666667	0
1.96450000000000	0
1.96533333333333	0
1.96616666666667	0
1.96700000000000	0
1.96783333333333	0
1.96866666666667	0
1.96950000000000	0
1.97033333333333	0
1.97118333333333	0
1.97201666666667	540
1.97285000000000	270
1.97368333333333	0
1.97451666666667	0
1.97535000000000	8
1.97618333333333	4
1.97701666666667	0
1.97785000000000	0
1.97868333333333	0
1.97951666666667	0
1.98035000000000	0
1.98118333333333	0
1.98201666666667	0
1.98285000000000	0
1.98368333333333	0
1.98451666666667	0
1.98535000000000	0
1.98618333333333	0
1.98701666666667	0
1.98785000000000	0
1.98870000000000	0
1.98953333333333	0
1.99036666666667	0
1.99120000000000	0
1.99203333333333	0
1.99286666666667	0
1.99370000000000	0
1.99453333333333	0
1.99536666666667	0
1.99620000000000	0
1.99703333333333	0
1.99786666666667	0
1.99870000000000	0
1.99953333333333	0
2.00036666666667	0
2.00120000000000	0
2.00203333333333	0
2.00285000000000	0
2.00368333333333	0
2.00451666666667	0
2.00536666666667	0
2.00620000000000	0
2.00703333333333	0
2.00786666666667	0
2.00870000000000	0
2.00953333333333	0
2.01036666666667	0
2.01120000000000	0
2.01203333333333	0
2.01286666666667	0
2.01370000000000	0
2.01453333333333	0
2.01536666666667	0
2.01620000000000	0
2.01703333333333	0
2.01786666666667	0
2.01870000000000	0
2.01953333333333	0
2.02036666666667	0
2.02120000000000	0
2.02203333333333	0
2.02288333333333	0
2.02371666666667	0
2.02455000000000	0
2.02538333333333	0
2.02621666666667	0
2.02705000000000	0
2.02788333333333	0
2.02871666666667	0
2.02955000000000	0
2.03038333333333	0
2.03121666666667	0
2.03205000000000	0
2.03288333333333	0
2.03371666666667	0
2.03455000000000	0
2.03538333333333	0
2.03621666666667	0
2.03705000000000	0
2.03788333333333	0
2.03871666666667	0
2.03956666666667	0
2.04040000000000	0
2.04123333333333	0
2.04206666666667	0
2.04290000000000	0
2.04373333333333	0
2.04456666666667	0
2.04540000000000	0
2.04623333333333	0
2.04706666666667	0
2.04790000000000	0
2.04873333333333	0
2.04956666666667	0
2.05040000000000	0
2.05123333333333	0
2.05206666666667	0
2.05290000000000	0
2.05373333333333	0
2.05456666666667	0
2.05540000000000	0
2.05623333333333	0
2.05708333333333	0
2.05791666666667	0
2.05875000000000	0
2.05958333333333	0
2.06041666666667	0
2.06125000000000	0
2.06208333333333	0
2.06291666666667	0
2.06375000000000	0
2.06458333333333	0
2.06541666666667	0
2.06625000000000	0
2.06708333333333	0
2.06791666666667	0
2.06875000000000	0
2.06958333333333	0
2.07041666666667	0
2.07125000000000	0
2.07208333333333	0
2.07291666666667	0
2.07376666666667	0
2.07460000000000	0
2.07543333333333	0
2.07626666666667	0
2.07710000000000	0
2.07793333333333	0
2.07876666666667	0
2.07960000000000	0
2.08043333333333	0
2.08126666666667	0
2.08210000000000	0
2.08293333333333	0
2.08376666666667	0
2.08460000000000	0
2.08543333333333	0
2.08626666666667	0
2.08710000000000	0
2.08791666666667	0
2.08875000000000	0
2.08958333333333	0
2.09041666666667	0
2.09126666666667	0
2.09210000000000	0
2.09293333333333	0
2.09376666666667	0
2.09460000000000	0
2.09543333333333	0
2.09626666666667	0
2.09710000000000	0
2.09793333333333	0
2.09876666666667	0
2.09960000000000	0
2.10043333333333	0
2.10126666666667	0
2.10210000000000	0
2.10293333333333	0
2.10376666666667	0
2.10460000000000	0
2.10543333333333	0
2.10626666666667	0
2.10710000000000	0
2.10795000000000	0
2.10878333333333	0
2.10961666666667	0
2.11045000000000	0
2.11128333333333	0
2.11211666666667	0
2.11295000000000	0
2.11378333333333	0
2.11461666666667	0
2.11545000000000	0
2.11628333333333	0
2.11711666666667	0
2.11795000000000	0
2.11878333333333	0
2.11961666666667	0
2.12045000000000	0
2.12128333333333	0
2.12211666666667	0
2.12295000000000	0
2.12378333333333	0
2.12461666666667	0
2.12546666666667	0
2.12630000000000	0
2.12713333333333	0
2.12796666666667	0
2.12880000000000	0
2.12963333333333	0
2.13046666666667	0
2.13130000000000	0
2.13213333333333	0
2.13296666666667	0
2.13380000000000	0
2.13463333333333	0
2.13546666666667	0
2.13630000000000	0
2.13713333333333	0
2.13796666666667	0
2.13880000000000	0
2.13963333333333	0
2.14046666666667	0
2.14130000000000	0
2.14215000000000	0
2.14298333333333	0
2.14381666666667	0
2.14465000000000	0
2.14548333333333	0
2.14631666666667	0
2.14715000000000	0
2.14798333333333	0
2.14881666666667	0
2.14965000000000	0
2.15048333333333	0
2.15131666666667	0
2.15215000000000	0
2.15298333333333	0
2.15381666666667	0
2.15465000000000	0
2.15548333333333	0
2.15631666666667	0
2.15715000000000	0
2.15798333333333	0
2.15881666666667	0
2.15966666666667	0
2.16050000000000	0
2.16133333333333	0
2.16216666666667	0
2.16300000000000	0
2.16383333333333	0
2.16466666666667	0
2.16550000000000	0
2.16633333333333	0
2.16716666666667	0
2.16800000000000	0
2.16883333333333	0
2.16966666666667	0
2.17050000000000	0
2.17133333333333	0
2.17216666666667	0
2.17300000000000	0
2.17383333333333	0
2.17466666666667	0
2.17550000000000	0
2.17635000000000	0
2.17718333333333	0
2.17801666666667	0
2.17885000000000	0
2.17968333333333	0
2.18051666666667	0
2.18135000000000	0
2.18218333333333	0
2.18301666666667	0
2.18385000000000	0
2.18468333333333	0
2.18551666666667	0
2.18635000000000	0
2.18718333333333	0
2.18801666666667	0
2.18885000000000	0
2.18968333333333	0
2.19051666666667	0
2.19135000000000	0
2.19218333333333	0
2.19301666666667	0
2.19386666666667	0
2.19470000000000	0
2.19553333333333	0
2.19636666666667	0
2.19720000000000	0
2.19803333333333	0
2.19886666666667	0
2.19970000000000	0
2.20053333333333	0
2.20136666666667	0
2.20220000000000	0
2.20303333333333	0
2.20386666666667	0
2.20470000000000	0
2.20553333333333	0
2.20636666666667	0
2.20720000000000	0
2.20803333333333	0
2.20886666666667	0
2.20970000000000	0
2.21055000000000	0
2.21138333333333	0
2.21221666666667	0
2.21305000000000	0
2.21388333333333	0
2.21471666666667	0
2.21555000000000	0
2.21638333333333	0
2.21721666666667	0
2.21805000000000	0
2.21888333333333	0
2.21971666666667	0
2.22055000000000	0
2.22138333333333	0
2.22221666666667	0
2.22305000000000	0
2.22388333333333	0
2.22471666666667	0
2.22555000000000	0
2.22638333333333	0
2.22721666666667	0
2.22806666666667	0
2.22890000000000	0
2.22973333333333	0
2.23056666666667	0
2.23140000000000	0
2.23223333333333	0
2.23306666666667	0
2.23390000000000	0
2.23473333333333	0
2.23556666666667	0
2.23640000000000	0
2.23723333333333	0
2.23806666666667	0
2.23890000000000	0
2.23973333333333	0
2.24056666666667	0
2.24140000000000	0
2.24223333333333	0
2.24306666666667	0
2.24390000000000	0
2.24475000000000	0
2.24558333333333	0
2.24641666666667	0
2.24725000000000	0
2.24808333333333	0
2.24891666666667	0
2.24975000000000	0
2.25058333333333	0
2.25141666666667	0
2.25225000000000	0
2.25308333333333	0
2.25391666666667	0
2.25475000000000	0
2.25558333333333	0
2.25641666666667	0
2.25725000000000	0
2.25808333333333	0
2.25891666666667	0
2.25975000000000	0
2.26056666666667	0
2.26140000000000	0
2.26225000000000	0
2.26308333333333	0
2.26391666666667	0
2.26475000000000	0
2.26558333333333	0
2.26641666666667	0
2.26725000000000	0
2.26808333333333	0
2.26891666666667	0
2.26975000000000	0
2.27058333333333	0
2.27141666666667	0
2.27225000000000	0
2.27308333333333	0
2.27391666666667	0
2.27475000000000	0
2.27558333333333	0
2.27641666666667	0
2.27725000000000	0
2.27808333333333	0
2.27893333333333	0
2.27976666666667	0
2.28060000000000	0
2.28143333333333	0
2.28226666666667	453
2.28310000000000	482
2.28393333333333	0
2.28476666666667	0
2.28560000000000	0
2.28643333333333	0
2.28726666666667	0
2.28810000000000	0
2.28893333333333	0
2.28976666666667	0
2.29060000000000	0
2.29143333333333	0
2.29226666666667	0
2.29310000000000	0
2.29393333333333	0
2.29476666666667	0
2.29560000000000	0
2.29645000000000	0
2.29728333333333	0
2.29811666666667	0
2.29895000000000	14
2.29978333333333	185
2.30061666666667	220
2.30145000000000	0
2.30228333333333	0
2.30311666666667	0
2.30395000000000	0
2.30478333333333	0
2.30561666666667	0
2.30645000000000	0
2.30728333333333	0
2.30811666666667	0
2.30895000000000	0
2.30978333333333	0
2.31061666666667	0
2.31145000000000	0
2.31228333333333	0
2.31313333333333	0
2.31396666666667	0
2.31480000000000	0
2.31563333333333	0
2.31646666666667	0
2.31730000000000	0
2.31813333333333	0
2.31896666666667	0
2.31980000000000	0
2.32063333333333	0
2.32146666666667	0
2.32230000000000	0
2.32313333333333	0
2.32396666666667	0
2.32480000000000	0
2.32563333333333	0
2.32646666666667	0
2.32730000000000	0
2.32811666666667	0
2.32895000000000	0
2.32978333333333	0
2.33063333333333	0
2.33146666666667	0
2.33230000000000	0
2.33313333333333	0
2.33396666666667	0
2.33480000000000	0
2.33563333333333	0
2.33646666666667	0
2.33730000000000	0
2.33813333333333	0
2.33896666666667	0
2.33980000000000	0
2.34063333333333	0
2.34146666666667	0
2.34230000000000	0
2.34313333333333	0
2.34396666666667	0
2.34480000000000	0
2.34563333333333	0
2.34646666666667	0
2.34731666666667	0
2.34815000000000	0
2.34898333333333	0
2.34981666666667	0
2.35065000000000	0
2.35148333333333	0
2.35231666666667	0
2.35315000000000	0
2.35398333333333	0
2.35481666666667	0
2.35565000000000	0
2.35648333333333	0
2.35731666666667	0
2.35815000000000	0
2.35898333333333	0
2.35981666666667	0
2.36065000000000	0
2.36148333333333	0
2.36231666666667	0
2.36315000000000	0
2.36398333333333	0
2.36483333333333	0
2.36566666666667	0
2.36650000000000	0
2.36733333333333	0
2.36816666666667	0
2.36900000000000	0
2.36983333333333	0
2.37066666666667	0
2.37150000000000	0
2.37233333333333	0
2.37316666666667	0
2.37400000000000	0
2.37483333333333	0
2.37566666666667	0
2.37650000000000	0
2.37733333333333	0
2.37816666666667	0
2.37900000000000	0
2.37983333333333	0
2.38066666666667	0
2.38151666666667	0
2.38235000000000	0
2.38318333333333	0
2.38401666666667	0
2.38485000000000	0
2.38568333333333	0
2.38651666666667	0
2.38735000000000	0
2.38818333333333	0
2.38901666666667	0
2.38985000000000	0
2.39068333333333	0
2.39151666666667	0
2.39235000000000	0
2.39318333333333	0
2.39401666666667	0
2.39485000000000	0
2.39568333333333	0
2.39651666666667	0
2.39735000000000	0
2.39818333333333	0
2.39903333333333	0
2.39986666666667	0
2.40070000000000	0
2.40153333333333	0
2.40236666666667	0
2.40320000000000	0
2.40403333333333	0
2.40486666666667	0
2.40570000000000	0
2.40653333333333	0
2.40736666666667	0
2.40820000000000	0
2.40903333333333	0
2.40986666666667	0
2.41070000000000	0
2.41153333333333	0
2.41236666666667	0
2.41320000000000	0
2.41403333333333	0
2.41486666666667	0
2.41571666666667	0
2.41655000000000	0
2.41738333333333	0
2.41821666666667	0
2.41905000000000	0
2.41988333333333	0
2.42071666666667	0
2.42155000000000	0
2.42238333333333	0
2.42321666666667	0
2.42405000000000	0
2.42488333333333	0
2.42571666666667	0
2.42655000000000	0
2.42738333333333	0
2.42821666666667	0
2.42905000000000	0
2.42988333333333	0
2.43071666666667	0
2.43155000000000	0
2.43238333333333	0
2.43323333333333	0
2.43406666666667	0
2.43490000000000	0
2.43573333333333	0
2.43656666666667	0
2.43740000000000	0
2.43823333333333	0
2.43906666666667	0
2.43990000000000	0
2.44073333333333	0
2.44156666666667	0
2.44240000000000	0
2.44323333333333	0
2.44406666666667	0
2.44490000000000	0
2.44573333333333	0
2.44656666666667	0
2.44740000000000	0
2.44823333333333	0
2.44906666666667	0
2.44991666666667	0
2.45075000000000	0
2.45158333333333	0
2.45241666666667	0
2.45325000000000	0
2.45408333333333	0
2.45491666666667	0
2.45575000000000	0
2.45658333333333	0
2.45741666666667	0
2.45825000000000	0
2.45908333333333	0
2.45991666666667	0
2.46075000000000	0
2.46158333333333	0
2.46241666666667	0
2.46325000000000	0
2.46408333333333	0
2.46491666666667	0
2.46575000000000	0
2.46658333333333	0
2.46743333333333	0
2.46826666666667	0
2.46910000000000	0
2.46993333333333	0
2.47076666666667	0
2.47160000000000	0
2.47243333333333	0
2.47326666666667	0
2.47410000000000	0
2.47493333333333	0
2.47576666666667	0
2.47660000000000	0
2.47743333333333	351
2.47825000000000	273
2.47908333333333	0
2.47991666666667	0
2.48075000000000	0
2.48158333333333	0
2.48241666666667	0
2.48325000000000	0
2.48410000000000	0
2.48493333333333	0
2.48576666666667	0
2.48660000000000	0
2.48743333333333	0
2.48826666666667	0
2.48910000000000	0
2.48993333333333	0
2.49076666666667	0
2.49160000000000	0
2.49243333333333	0
2.49326666666667	0
2.49410000000000	0
2.49493333333333	0
2.49576666666667	0
2.49660000000000	0
2.49743333333333	0
2.49826666666667	0
2.49910000000000	0
2.49993333333333	0
2.50076666666667	0
2.50161666666667	0
2.50245000000000	0
2.50328333333333	0
2.50411666666667	0
2.50495000000000	0
2.50578333333333	0
2.50661666666667	0
2.50745000000000	0
2.50828333333333	0
2.50911666666667	0
2.50995000000000	0
2.51078333333333	0
2.51161666666667	0
2.51245000000000	0
2.51328333333333	0
2.51411666666667	0
2.51495000000000	0
2.51578333333333	0
2.51661666666667	0
2.51745000000000	0
2.51830000000000	0
2.51913333333333	0
2.51996666666667	0
2.52080000000000	0
2.52163333333333	0
2.52246666666667	0
2.52330000000000	0
2.52413333333333	0
2.52496666666667	0
2.52580000000000	0
2.52663333333333	0
2.52746666666667	0
2.52830000000000	0
2.52913333333333	0
2.52996666666667	0
2.53080000000000	0
2.53163333333333	0
2.53246666666667	0
2.53330000000000	0
2.53413333333333	0
2.53496666666667	0
2.53581666666667	0
2.53665000000000	0
2.53748333333333	0
2.53831666666667	0
2.53915000000000	0
2.53998333333333	0
2.54081666666667	0
2.54165000000000	0
2.54248333333333	0
2.54331666666667	0
2.54415000000000	0
2.54498333333333	0
2.54581666666667	0
2.54665000000000	0
2.54748333333333	0
2.54831666666667	0
2.54915000000000	0
2.54998333333333	0
2.55081666666667	0
2.55165000000000	0
2.55250000000000	0
2.55333333333333	0
2.55416666666667	0
2.55500000000000	0
2.55583333333333	0
2.55666666666667	0
2.55750000000000	0
2.55833333333333	0
2.55916666666667	0
2.56000000000000	0
2.56083333333333	0
2.56166666666667	0
2.56250000000000	0
2.56333333333333	0
2.56416666666667	0
2.56500000000000	0
2.56583333333333	0
2.56666666666667	0
2.56750000000000	0
2.56833333333333	0
2.56916666666667	0
2.57001666666667	0
2.57085000000000	0
2.57168333333333	0
2.57251666666667	0
2.57335000000000	0
2.57418333333333	0
2.57501666666667	0
2.57585000000000	0
2.57668333333333	0
2.57751666666667	0
2.57835000000000	0
2.57918333333333	0
2.58001666666667	0
2.58085000000000	0
2.58168333333333	0
2.58251666666667	0
2.58335000000000	0
2.58418333333333	0
2.58501666666667	0
2.58585000000000	0
2.58670000000000	0
2.58753333333333	0
2.58836666666667	0
2.58920000000000	0
2.59003333333333	0
2.59086666666667	0
2.59170000000000	0
2.59253333333333	0
2.59336666666667	0
2.59420000000000	0
2.59503333333333	0
2.59586666666667	0
2.59668333333333	0
2.59751666666667	0
2.59835000000000	0
2.59918333333333	0
2.60001666666667	0
2.60085000000000	0
2.60168333333333	0
2.60251666666667	0
2.60335000000000	0
2.60420000000000	0
2.60503333333333	0
2.60586666666667	0
2.60670000000000	0
2.60753333333333	0
2.60836666666667	0
2.60920000000000	0
2.61003333333333	0
2.61086666666667	0
2.61170000000000	0
2.61253333333333	0
2.61336666666667	0
2.61420000000000	0
2.61503333333333	0
2.61586666666667	0
2.61670000000000	0
2.61753333333333	0
2.61836666666667	0
2.61920000000000	0
2.62003333333333	0
2.62088333333333	0
2.62171666666667	0
2.62255000000000	0
2.62338333333333	0
2.62421666666667	0
2.62505000000000	0
2.62588333333333	0
2.62671666666667	0
2.62755000000000	0
2.62838333333333	0
2.62921666666667	0
2.63005000000000	0
2.63088333333333	0
2.63171666666667	0
2.63255000000000	0
2.63338333333333	0
2.63421666666667	0
2.63505000000000	0
2.63588333333333	0
2.63671666666667	0
2.63755000000000	0
2.63840000000000	0
2.63923333333333	0
2.64006666666667	0
2.64090000000000	0
2.64173333333333	0
2.64256666666667	0
2.64340000000000	0
2.64423333333333	0
2.64506666666667	0
2.64590000000000	0
2.64673333333333	0
2.64756666666667	0
2.64840000000000	0
2.64923333333333	0
2.65006666666667	0
2.65090000000000	0
2.65173333333333	0
2.65256666666667	0
2.65340000000000	0
2.65423333333333	0
2.65508333333333	0
2.65591666666667	0
2.65675000000000	0
2.65758333333333	0
2.65841666666667	0
2.65925000000000	0
2.66008333333333	0
2.66091666666667	0
2.66175000000000	0
2.66258333333333	0
2.66341666666667	0
2.66425000000000	0
2.66508333333333	0
2.66591666666667	0
2.66675000000000	0
2.66758333333333	0
2.66841666666667	0
2.66925000000000	0
2.67008333333333	0
2.67091666666667	0
2.67175000000000	0
2.67260000000000	0
2.67343333333333	0
2.67426666666667	0
2.67510000000000	0
2.67593333333333	0
2.67676666666667	0
2.67760000000000	0
2.67843333333333	0
2.67926666666667	299
2.68010000000000	303
2.68093333333333	0
2.68176666666667	0
2.68260000000000	0
2.68343333333333	0
2.68426666666667	0
2.68510000000000	0
2.68593333333333	0
2.68676666666667	0
2.68760000000000	0
2.68843333333333	0
2.68928333333333	0
2.69011666666667	0
2.69095000000000	0
2.69178333333333	0
2.69261666666667	0
2.69345000000000	0
2.69428333333333	0
2.69511666666667	0
2.69595000000000	0
2.69678333333333	7
2.69761666666667	4
2.69845000000000	0
2.69928333333333	0
2.70011666666667	0
2.70095000000000	149
2.70178333333333	74
2.70261666666667	0
2.70345000000000	0
2.70428333333333	0
2.70511666666667	0
2.70595000000000	0
2.70680000000000	0
2.70763333333333	0
2.70846666666667	0
2.70930000000000	0
2.71013333333333	0
2.71096666666667	15
2.71180000000000	8
2.71263333333333	0
2.71346666666667	0
2.71430000000000	0
2.71513333333333	0
2.71596666666667	0
2.71680000000000	0
2.71763333333333	0
2.71846666666667	0
2.71930000000000	0
2.72013333333333	0
2.72096666666667	0
2.72180000000000	0
2.72263333333333	0
2.72348333333333	0
2.72431666666667	0
2.72515000000000	0
2.72598333333333	0
2.72681666666667	0
2.72765000000000	0
2.72848333333333	0
2.72931666666667	0
2.73015000000000	0
2.73098333333333	0
2.73181666666667	0
2.73265000000000	0
2.73348333333333	0
2.73431666666667	0
2.73515000000000	0
2.73598333333333	0
2.73681666666667	0
2.73765000000000	0
2.73848333333333	0
2.73931666666667	0
2.74015000000000	0
2.74100000000000	0
2.74183333333333	0
2.74266666666667	0
2.74350000000000	0
2.74433333333333	0
2.74516666666667	0
2.74600000000000	0
2.74683333333333	0
2.74766666666667	0
2.74850000000000	0
2.74933333333333	0
2.75016666666667	0
2.75100000000000	0
2.75183333333333	0
2.75266666666667	0
2.75350000000000	0
2.75433333333333	0
2.75516666666667	0
2.75600000000000	0
2.75683333333333	0
2.75768333333333	0
2.75851666666667	458
2.75935000000000	463
2.76018333333333	0
2.76101666666667	646
2.76185000000000	0
2.76268333333333	0
2.76351666666667	0
2.76435000000000	0
2.76518333333333	0
2.76601666666667	0
2.76685000000000	0
2.76768333333333	0
2.76851666666667	0
2.76935000000000	0
2.77018333333333	0
2.77101666666667	0
2.77185000000000	0
2.77268333333333	0
2.77351666666667	0
2.77435000000000	0
2.77520000000000	0
2.77603333333333	0
2.77686666666667	0
2.77770000000000	0
2.77853333333333	0
2.77936666666667	0
2.78020000000000	0
2.78103333333333	0
2.78186666666667	0
2.78270000000000	0
2.78353333333333	0
2.78436666666667	0
2.78520000000000	0
2.78603333333333	0
2.78686666666667	0
2.78770000000000	0
2.78853333333333	0
2.78935000000000	0
2.79018333333333	0
2.79101666666667	0
2.79186666666667	0
2.79270000000000	0
2.79353333333333	0
2.79436666666667	0
2.79520000000000	0
2.79603333333333	0
2.79686666666667	0
2.79770000000000	0
2.79853333333333	0
2.79936666666667	0
2.80020000000000	0
2.80103333333333	0
2.80186666666667	0
2.80270000000000	0
2.80353333333333	0
2.80436666666667	0
2.80520000000000	0
2.80603333333333	0
2.80686666666667	0
2.80770000000000	0
2.80853333333333	0
2.80938333333333	0
2.81021666666667	0
2.81105000000000	0
2.81188333333333	67
2.81271666666667	33
2.81355000000000	0
2.81438333333333	0
2.81521666666667	0
2.81605000000000	0
2.81688333333333	0
2.81771666666667	0
2.81855000000000	0
2.81938333333333	0
2.82021666666667	0
2.82105000000000	390
2.82188333333333	320
2.82271666666667	0
2.82355000000000	0
2.82438333333333	0
2.82521666666667	0
2.82606666666667	0
2.82690000000000	0
2.82773333333333	0
2.82856666666667	0
2.82940000000000	0
2.83023333333333	0
2.83106666666667	0
2.83190000000000	0
2.83273333333333	0
2.83356666666667	0
2.83440000000000	0
2.83523333333333	0
2.83606666666667	0
2.83690000000000	0
2.83773333333333	0
2.83856666666667	0
2.83940000000000	0
2.84023333333333	0
2.84106666666667	0
2.84190000000000	0
2.84273333333333	0
2.84358333333333	0
2.84441666666667	0
2.84525000000000	0
2.84608333333333	0
2.84691666666667	0
2.84775000000000	0
2.84858333333333	0
2.84941666666667	0
2.85025000000000	0
2.85108333333333	0
2.85191666666667	0
2.85275000000000	0
2.85358333333333	0
2.85441666666667	0
2.85525000000000	0
2.85608333333333	0
2.85691666666667	0
2.85775000000000	0
2.85858333333333	0
2.85941666666667	707
2.86026666666667	550
2.86110000000000	0
2.86193333333333	0
2.86276666666667	0
2.86360000000000	0
2.86443333333333	0
2.86526666666667	0
2.86610000000000	0
2.86693333333333	0
2.86776666666667	0
2.86860000000000	0
2.86943333333333	0
2.87026666666667	0
2.87110000000000	0
2.87193333333333	0
2.87276666666667	0
2.87360000000000	0
2.87443333333333	0
2.87526666666667	0
2.87610000000000	0
2.87693333333333	0
2.87778333333333	0
2.87861666666667	0
2.87945000000000	0
2.88028333333333	0
2.88111666666667	0
2.88195000000000	0
2.88278333333333	0
2.88361666666667	0
2.88445000000000	0
2.88528333333333	0
2.88611666666667	0
2.88695000000000	0
2.88778333333333	0
2.88861666666667	0
2.88945000000000	0
2.89028333333333	0
2.89111666666667	0
2.89195000000000	0
2.89278333333333	0
2.89361666666667	0
2.89446666666667	0
2.89530000000000	0
2.89613333333333	0
2.89696666666667	0
2.89780000000000	97
2.89863333333333	49
2.89946666666667	0
2.90030000000000	0
2.90113333333333	0
2.90196666666667	0
2.90280000000000	0
2.90363333333333	0
2.90446666666667	0
2.90530000000000	0
2.90613333333333	0
2.90696666666667	0
2.90780000000000	0
2.90863333333333	0
2.90946666666667	0
2.91030000000000	0
2.91113333333333	0
2.91198333333333	0
2.91281666666667	0
2.91365000000000	0
2.91448333333333	0
2.91531666666667	0
2.91615000000000	0
2.91698333333333	0
2.91781666666667	0
2.91865000000000	0
2.91948333333333	0
2.92031666666667	0
2.92115000000000	0
2.92198333333333	0
2.92281666666667	0
2.92365000000000	386
2.92448333333333	193
2.92531666666667	0
2.92615000000000	0
2.92698333333333	0
2.92781666666667	0
2.92866666666667	0
2.92950000000000	0
2.93033333333333	0
2.93116666666667	0
2.93200000000000	0
2.93283333333333	0
2.93366666666667	0
2.93450000000000	0
2.93533333333333	0
2.93616666666667	0
2.93700000000000	0
2.93783333333333	0
2.93866666666667	0
2.93950000000000	0
2.94033333333333	0
2.94116666666667	0
2.94198333333333	0
2.94281666666667	0
2.94365000000000	0
2.94448333333333	0
2.94531666666667	0
2.94616666666667	0
2.94700000000000	0
2.94783333333333	0
2.94866666666667	0
2.94950000000000	0
2.95033333333333	0
2.95116666666667	0
2.95200000000000	0
2.95283333333333	0
2.95366666666667	0
2.95450000000000	0
2.95533333333333	0
2.95616666666667	0
2.95700000000000	0
2.95783333333333	0
2.95866666666667	0
2.95950000000000	0
2.96033333333333	0
2.96116666666667	0
2.96200000000000	0
2.96285000000000	0
2.96368333333333	0
2.96451666666667	0
2.96535000000000	0
2.96618333333333	0
2.96701666666667	0
2.96785000000000	0
2.96868333333333	0
2.96951666666667	0
2.97035000000000	0
2.97118333333333	0
2.97201666666667	0
2.97285000000000	0
2.97368333333333	0
2.97451666666667	0
2.97535000000000	0
2.97618333333333	0
2.97701666666667	0
2.97785000000000	0
2.97868333333333	0
2.97951666666667	0
2.98036666666667	0
2.98120000000000	0
2.98203333333333	0
2.98286666666667	0
2.98370000000000	0
2.98453333333333	0
2.98536666666667	0
2.98620000000000	0
2.98703333333333	0
2.98786666666667	0
2.98870000000000	0
2.98953333333333	0
2.99036666666667	0
2.99120000000000	0
2.99203333333333	0
2.99286666666667	0
2.99370000000000	0
2.99453333333333	0
2.99536666666667	0
2.99620000000000	0
2.99705000000000	0
2.99788333333333	0
2.99871666666667	0
2.99955000000000	0
