0.50331666666667	0
0.50665000000000	0
0.50998333333333	0
0.51331666666667	0
0.51665000000000	0
0.52000000000000	0
0.52333333333333	0
0.52666666666667	0
0.53000000000000	0
0.53333333333333	0
0.53668333333333	0
0.54001666666667	0
0.54335000000000	0
0.54668333333333	0
0.55001666666667	0
0.55336666666667	0
0.55670000000000	0
0.56003333333333	0
0.56336666666667	0
0.56670000000000	0
0.57005000000000	0
0.57338333333333	0
0.57671666666667	0
0.58005000000000	0
0.58338333333333	0
0.58673333333333	0
0.59006666666667	0
0.59340000000000	0
0.59673333333333	0
0.60006666666667	0
0.60341666666667	0
0.60675000000000	0
0.61008333333333	0
0.61341666666667	0
0.61675000000000	0
0.62010000000000	0
0.62343333333333	0
0.62676666666667	0
0.63010000000000	0
0.63343333333333	0
0.63678333333333	0
0.64011666666667	0
0.64345000000000	0
0.64678333333333	0
0.65011666666667	0
0.65346666666667	0
0.65680000000000	0
0.66013333333333	0
0.66346666666667	0
0.66680000000000	0
0.67015000000000	0
0.67348333333333	0
0.67681666666667	0
0.68015000000000	0
0.68348333333333	0
0.68683333333333	0
0.69016666666667	0
0.69350000000000	0
0.69683333333333	0
0.70016666666667	0
0.70351666666667	0
0.70685000000000	0
0.71018333333333	0
0.71351666666667	0
0.71685000000000	0
0.72020000000000	0
0.72353333333333	0
0.72686666666667	0
0.73020000000000	0
0.73353333333333	0
0.73688333333333	0
0.74021666666667	0
0.74355000000000	0
0.74688333333333	0
0.75021666666667	0
0.75356666666667	0
0.75690000000000	0
0.76023333333333	0
0.76356666666667	0
0.76690000000000	0
0.77025000000000	0
0.77358333333333	0
0.77691666666667	0
0.78025000000000	0
0.78358333333333	0
0.78693333333333	0
0.79026666666667	0
0.79360000000000	0
0.79693333333333	0
0.80026666666667	0
0.80361666666667	0
0.80695000000000	0
0.81028333333333	0
0.81361666666667	0
0.81695000000000	0
0.82028333333333	0
0.82363333333333	0
0.82696666666667	0
0.83030000000000	0
0.83363333333333	0
0.83696666666667	0
0.84031666666667	0
0.84365000000000	0
0.84698333333333	0
0.85031666666667	0
0.85365000000000	0
0.85700000000000	0
0.86033333333333	0
0.86366666666667	0
0.86700000000000	0
0.87033333333333	0
0.87368333333333	0
0.87701666666667	0
0.88035000000000	0
0.88368333333333	0
0.88700000000000	0
0.89035000000000	0
0.89368333333333	0
0.89701666666667	0
0.90035000000000	0
0.90368333333333	0
0.90703333333333	0
0.91036666666667	0
0.91370000000000	0
0.91703333333333	0
0.92036666666667	0
0.92371666666667	0
0.92705000000000	0
0.93038333333333	0
0.93371666666667	0
0.93705000000000	0
0.94040000000000	0
0.94373333333333	0
0.94706666666667	0
0.95040000000000	0
0.95373333333333	0
0.95708333333333	0
0.96041666666667	0
0.96375000000000	0
0.96708333333333	0
0.97041666666667	0
0.97376666666667	0
0.97710000000000	0
0.98043333333333	0
0.98376666666667	0
0.98710000000000	0
0.99045000000000	0
0.99378333333333	0
0.99711666666667	0
1.00045000000000	0
1.00378333333333	0
1.00713333333333	0
1.01046666666667	0
1.01380000000000	0
1.01713333333333	0
1.02046666666667	0
1.02381666666667	0
1.02715000000000	0
1.03048333333333	0
1.03381666666667	0
1.03715000000000	0
1.04050000000000	0
1.04383333333333	0
1.04716666666667	0
1.05050000000000	0
1.05383333333333	0
1.05718333333333	0
1.06051666666667	1861
1.06385000000000	1510
1.06718333333333	0
1.07051666666667	1225
1.07386666666667	1733
1.07720000000000	0
1.08053333333333	2552
1.08386666666667	1333
1.08720000000000	3794
1.09055000000000	2814
1.09388333333333	921
1.09721666666667	9704
1.10055000000000	9360
1.10388333333333	8604
1.10723333333333	12268
1.11056666666667	20620
1.11390000000000	18624
1.11723333333333	20592
1.12056666666667	19048
1.12391666666667	17504
1.12725000000000	15784
1.13058333333333	14060
1.13391666666667	17312
1.13725000000000	18000
1.14060000000000	18684
1.14393333333333	14164
1.14726666666667	9392
1.15060000000000	6455
1.15393333333333	11336
1.15726666666667	10408
1.16061666666667	5682
1.16395000000000	4857
1.16728333333333	5653
1.17061666666667	5730
1.17395000000000	5214
1.17730000000000	4498
1.18063333333333	1975
1.18396666666667	3306
1.18730000000000	4170
1.19063333333333	2344
1.19398333333333	769
1.19731666666667	3206
1.20065000000000	2095
1.20398333333333	1278
1.20731666666667	2197
1.21066666666667	2331
1.21400000000000	0
1.21733333333333	0
1.22066666666667	1784
1.22400000000000	0
1.22735000000000	1067
1.23068333333333	2135
1.23401666666667	1487
1.23735000000000	0
1.24068333333333	460
1.24403333333333	920
1.24736666666667	0
1.25070000000000	0
1.25403333333333	0
1.25736666666667	0
1.26071666666667	0
1.26405000000000	984
1.26738333333333	1275
1.27071666666667	0
1.27405000000000	0
1.27740000000000	0
1.28073333333333	0
1.28406666666667	0
1.28740000000000	0
1.29073333333333	0
1.29408333333333	0
1.29741666666667	0
1.30075000000000	0
1.30408333333333	142
1.30741666666667	71
1.31076666666667	0
1.31410000000000	0
1.31743333333333	215
1.32076666666667	108
1.32410000000000	0
1.32745000000000	0
1.33078333333333	0
1.33411666666667	0
1.33745000000000	0
1.34078333333333	0
1.34413333333333	0
1.34746666666667	0
1.35080000000000	0
1.35413333333333	0
1.35746666666667	0
1.36081666666667	0
1.36415000000000	0
1.36748333333333	0
1.37081666666667	0
1.37415000000000	0
1.37750000000000	0
1.38083333333333	0
1.38416666666667	0
1.38750000000000	0
1.39083333333333	0
1.39418333333333	0
1.39751666666667	0
1.40085000000000	0
1.40418333333333	0
1.40751666666667	0
1.41086666666667	0
1.41420000000000	0
1.41753333333333	0
1.42086666666667	0
1.42420000000000	0
1.42755000000000	0
1.43088333333333	0
1.43421666666667	0
1.43755000000000	0
1.44088333333333	0
1.44423333333333	0
1.44756666666667	0
1.45090000000000	0
1.45423333333333	0
1.45756666666667	0
1.46091666666667	0
1.46425000000000	0
1.46758333333333	0
1.47091666666667	0
1.47425000000000	0
1.47760000000000	0
1.48093333333333	0
1.48426666666667	0
1.48760000000000	0
1.49093333333333	0
1.49426666666667	0
1.49761666666667	0
1.50095000000000	0
1.50428333333333	0
1.50761666666667	0
1.51095000000000	0
1.51430000000000	0
1.51763333333333	0
1.52096666666667	0
1.52430000000000	0
1.52763333333333	0
1.53098333333333	0
1.53431666666667	0
1.53765000000000	0
1.54098333333333	0
1.54431666666667	0
1.54766666666667	0
1.55100000000000	0
1.55433333333333	0
1.55766666666667	0
1.56100000000000	0
1.56435000000000	0
1.56768333333333	0
1.57101666666667	0
1.57435000000000	0
1.57768333333333	0
1.58103333333333	0
1.58436666666667	0
1.58770000000000	0
1.59103333333333	0
1.59436666666667	0
1.59771666666667	0
1.60105000000000	0
1.60438333333333	0
1.60771666666667	0
1.61105000000000	0
1.61440000000000	0
1.61773333333333	0
1.62106666666667	0
1.62440000000000	0
1.62773333333333	0
1.63108333333333	0
1.63441666666667	0
1.63775000000000	0
1.64108333333333	0
1.64441666666667	0
1.64776666666667	0
1.65110000000000	0
1.65443333333333	0
1.65776666666667	0
1.66110000000000	0
1.66445000000000	0
1.66778333333333	0
1.67111666666667	0
1.67445000000000	0
1.67778333333333	0
1.68113333333333	0
1.68446666666667	0
1.68780000000000	0
1.69113333333333	0
1.69446666666667	0
1.69781666666667	0
1.70115000000000	0
1.70448333333333	0
1.70781666666667	0
1.71115000000000	0
1.71450000000000	0
1.71783333333333	0
1.72116666666667	0
1.72450000000000	0
1.72783333333333	0
1.73118333333333	0
1.73451666666667	0
1.73785000000000	0
1.74118333333333	0
1.74451666666667	0
1.74786666666667	0
1.75120000000000	0
1.75453333333333	0
1.75786666666667	0
1.76120000000000	0
1.76455000000000	0
1.76788333333333	0
1.77121666666667	0
1.77455000000000	0
1.77788333333333	0
1.78123333333333	0
1.78456666666667	0
1.78790000000000	0
1.79123333333333	0
1.79456666666667	0
1.79791666666667	0
1.80125000000000	0
1.80458333333333	0
1.80791666666667	0
1.81125000000000	0
1.81460000000000	0
1.81793333333333	0
1.82126666666667	0
1.82460000000000	0
1.82793333333333	0
1.83126666666667	0
1.83461666666667	0
1.83795000000000	0
1.84128333333333	0
1.84461666666667	0
1.84795000000000	0
1.85130000000000	0
1.85463333333333	0
1.85796666666667	0
1.86130000000000	0
1.86463333333333	0
1.86798333333333	0
1.87131666666667	0
1.87465000000000	0
1.87798333333333	0
1.88131666666667	0
1.88466666666667	0
1.88800000000000	0
1.89133333333333	0
1.89466666666667	0
1.89800000000000	0
1.90135000000000	0
1.90468333333333	0
1.90801666666667	0
1.91135000000000	0
1.91468333333333	0
1.91803333333333	0
1.92136666666667	0
1.92470000000000	0
1.92803333333333	0
1.93136666666667	0
1.93471666666667	0
1.93805000000000	0
1.94138333333333	0
1.94471666666667	0
1.94805000000000	0
1.95140000000000	0
1.95473333333333	0
1.95806666666667	0
1.96140000000000	0
1.96473333333333	0
1.96808333333333	0
1.97141666666667	0
1.97475000000000	0
1.97808333333333	0
1.98141666666667	0
1.98476666666667	0
1.98810000000000	0
1.99143333333333	0
1.99476666666667	0
1.99810000000000	0
2.00145000000000	0
2.00478333333333	0
2.00811666666667	0
2.01145000000000	0
2.01478333333333	0
2.01813333333333	0
2.02146666666667	0
2.02480000000000	0
2.02813333333333	0
2.03146666666667	0
2.03481666666667	0
2.03815000000000	0
2.04148333333333	0
2.04481666666667	0
2.04815000000000	0
2.05150000000000	0
2.05483333333333	0
2.05816666666667	0
2.06150000000000	0
2.06483333333333	0
2.06818333333333	0
2.07151666666667	0
2.07485000000000	0
2.07818333333333	0
2.08151666666667	0
2.08486666666667	0
2.08820000000000	0
2.09153333333333	0
2.09486666666667	0
2.09820000000000	0
2.10155000000000	0
2.10488333333333	0
2.10821666666667	0
2.11155000000000	0
2.11488333333333	0
2.11823333333333	0
2.12156666666667	0
2.12490000000000	0
2.12823333333333	0
2.13156666666667	0
2.13491666666667	0
2.13825000000000	0
2.14158333333333	0
2.14491666666667	0
2.14825000000000	0
2.15160000000000	0
2.15493333333333	0
2.15826666666667	0
2.16160000000000	0
2.16493333333333	0
2.16826666666667	0
2.17161666666667	0
2.17495000000000	0
2.17828333333333	0
2.18161666666667	0
2.18495000000000	0
2.18830000000000	0
2.19163333333333	0
2.19496666666667	0
2.19830000000000	0
2.20163333333333	0
2.20498333333333	0
2.20831666666667	0
2.21165000000000	0
2.21498333333333	0
2.21831666666667	0
2.22166666666667	0
2.22500000000000	0
2.22833333333333	0
2.23166666666667	0
2.23500000000000	0
2.23835000000000	0
2.24168333333333	0
2.24501666666667	0
2.24835000000000	0
2.25168333333333	0
2.25503333333333	0
2.25836666666667	0
2.26170000000000	0
2.26503333333333	0
2.26836666666667	0
2.27171666666667	0
2.27505000000000	0
2.27838333333333	0
2.28171666666667	0
2.28505000000000	0
2.28840000000000	0
2.29173333333333	0
2.29506666666667	0
2.29840000000000	0
2.30173333333333	0
2.30508333333333	0
2.30841666666667	0
2.31175000000000	0
2.31508333333333	0
2.31841666666667	0
2.32176666666667	0
2.32510000000000	0
2.32843333333333	0
2.33176666666667	0
2.33510000000000	0
2.33845000000000	0
2.34178333333333	0
2.34511666666667	0
2.34845000000000	0
2.35178333333333	0
2.35513333333333	0
2.35846666666667	0
2.36180000000000	0
2.36513333333333	0
2.36846666666667	0
2.37181666666667	0
2.37515000000000	0
2.37848333333333	0
2.38181666666667	0
2.38515000000000	0
2.38850000000000	0
2.39183333333333	0
2.39516666666667	0
2.39850000000000	0
2.40183333333333	0
2.40518333333333	0
2.40851666666667	0
2.41185000000000	0
2.41518333333333	0
2.41851666666667	0
2.42186666666667	0
2.42520000000000	0
2.42853333333333	0
2.43186666666667	0
2.43520000000000	0
2.43855000000000	0
2.44188333333333	0
2.44521666666667	0
2.44855000000000	0
2.45188333333333	0
2.45523333333333	0
2.45856666666667	0
2.46190000000000	0
2.46523333333333	0
2.46856666666667	0
2.47191666666667	0
2.47525000000000	0
2.47858333333333	0
2.48191666666667	0
2.48525000000000	0
2.48860000000000	0
2.49193333333333	0
2.49526666666667	0
2.49860000000000	0
2.50193333333333	0
2.50526666666667	0
2.50861666666667	0
2.51195000000000	0
2.51528333333333	0
2.51861666666667	0
2.52195000000000	0
2.52530000000000	0
2.52863333333333	0
2.53196666666667	0
2.53530000000000	0
2.53863333333333	0
2.54198333333333	0
2.54531666666667	0
2.54865000000000	0
2.55198333333333	0
2.55531666666667	0
2.55866666666667	0
2.56200000000000	0
2.56533333333333	0
2.56866666666667	0
2.57200000000000	0
2.57535000000000	0
2.57868333333333	0
2.58201666666667	0
2.58535000000000	0
2.58868333333333	0
2.59203333333333	0
2.59536666666667	0
2.59870000000000	0
2.60203333333333	0
2.60536666666667	0
2.60871666666667	0
2.61205000000000	0
2.61538333333333	0
2.61871666666667	0
2.62205000000000	0
2.62540000000000	0
2.62873333333333	0
2.63206666666667	0
2.63540000000000	0
2.63873333333333	0
2.64206666666667	0
2.64540000000000	0
2.64873333333333	0
2.65206666666667	0
2.65540000000000	0
2.65875000000000	0
2.66208333333333	0
2.66541666666667	0
2.66875000000000	0
2.67208333333333	0
2.67543333333333	0
2.67876666666667	0
2.68210000000000	0
2.68543333333333	0
2.68876666666667	0
2.69211666666667	0
2.69545000000000	0
2.69878333333333	0
2.70211666666667	0
2.70545000000000	0
2.70880000000000	0
2.71213333333333	0
2.71546666666667	0
2.71880000000000	0
2.72213333333333	0
2.72548333333333	0
2.72881666666667	0
2.73215000000000	0
2.73548333333333	0
2.73881666666667	0
2.74216666666667	0
2.74550000000000	0
2.74883333333333	0
2.75216666666667	0
2.75550000000000	0
2.75885000000000	0
2.76218333333333	0
2.76551666666667	0
2.76885000000000	0
2.77218333333333	0
2.77553333333333	0
2.77886666666667	0
2.78220000000000	0
2.78553333333333	0
2.78886666666667	0
2.79221666666667	0
2.79555000000000	0
2.79888333333333	0
2.80221666666667	0
2.80555000000000	0
2.80890000000000	0
2.81223333333333	0
2.81556666666667	0
2.81890000000000	0
2.82223333333333	0
2.82558333333333	0
2.82891666666667	0
2.83225000000000	0
2.83558333333333	0
2.83891666666667	0
2.84225000000000	0
2.84560000000000	0
2.84893333333333	0
2.85226666666667	0
2.85560000000000	0
2.85893333333333	0
2.86228333333333	0
2.86561666666667	0
2.86895000000000	0
2.87228333333333	0
2.87561666666667	0
2.87896666666667	0
2.88230000000000	0
2.88563333333333	0
2.88896666666667	0
2.89230000000000	0
2.89565000000000	0
2.89898333333333	0
2.90231666666667	0
2.90565000000000	0
2.90898333333333	0
2.91233333333333	0
2.91566666666667	0
2.91900000000000	0
2.92233333333333	0
2.92566666666667	0
2.92901666666667	0
2.93235000000000	0
2.93568333333333	0
2.93901666666667	0
2.94235000000000	0
2.94570000000000	0
2.94903333333333	0
2.95236666666667	0
2.95570000000000	0
2.95903333333333	0
2.96238333333333	0
2.96571666666667	0
2.96905000000000	0
2.97238333333333	0
2.97571666666667	0
2.97906666666667	0
2.98240000000000	0
2.98573333333333	0
2.98906666666667	0
2.99240000000000	0
2.99575000000000	0
