0.50330000000000	0
0.50663333333333	0
0.50996666666667	0
0.51330000000000	0
0.51663333333333	0
0.51998333333333	0
0.52331666666667	0
0.52665000000000	0
0.52998333333333	0
0.53331666666667	0
0.53666666666667	0
0.54000000000000	0
0.54333333333333	0
0.54666666666667	0
0.55000000000000	0
0.55335000000000	0
0.55668333333333	0
0.56001666666667	0
0.56335000000000	0
0.56668333333333	0
0.57003333333333	0
0.57336666666667	0
0.57670000000000	0
0.58003333333333	0
0.58336666666667	0
0.58671666666667	0
0.59005000000000	0
0.59338333333333	0
0.59671666666667	0
0.60003333333333	0
0.60338333333333	0
0.60671666666667	0
0.61005000000000	0
0.61338333333333	0
0.61671666666667	0
0.62005000000000	0
0.62340000000000	0
0.62673333333333	0
0.63006666666667	0
0.63340000000000	0
0.63673333333333	0
0.64008333333333	0
0.64341666666667	0
0.64675000000000	0
0.65008333333333	0
0.65341666666667	0
0.65676666666667	0
0.66010000000000	0
0.66343333333333	0
0.66676666666667	0
0.67010000000000	0
0.67345000000000	0
0.67678333333333	0
0.68011666666667	0
0.68345000000000	0
0.68678333333333	0
0.69011666666667	0
0.69345000000000	0
0.69678333333333	0
0.70011666666667	0
0.70345000000000	0
0.70680000000000	0
0.71013333333333	0
0.71346666666667	0
0.71680000000000	0
0.72013333333333	0
0.72348333333333	0
0.72681666666667	0
0.73015000000000	137
0.73348333333333	68
0.73681666666667	0
0.74016666666667	0
0.74350000000000	0
0.74683333333333	0
0.75016666666667	0
0.75350000000000	0
0.75681666666667	0
0.76016666666667	0
0.76350000000000	0
0.76683333333333	0
0.77016666666667	0
0.77350000000000	0
0.77685000000000	0
0.78018333333333	0
0.78351666666667	0
0.78685000000000	0
0.79018333333333	0
0.79353333333333	0
0.79686666666667	0
0.80020000000000	0
0.80353333333333	0
0.80686666666667	0
0.81021666666667	0
0.81355000000000	0
0.81688333333333	0
0.82021666666667	0
0.82355000000000	0
0.82690000000000	0
0.83023333333333	0
0.83356666666667	0
0.83690000000000	0
0.84023333333333	0
0.84358333333333	0
0.84691666666667	0
0.85025000000000	0
0.85358333333333	0
0.85691666666667	0
0.86026666666667	0
0.86360000000000	0
0.86693333333333	0
0.87026666666667	0
0.87360000000000	0
0.87695000000000	0
0.88028333333333	0
0.88361666666667	0
0.88695000000000	224
0.89028333333333	112
0.89360000000000	0
0.89695000000000	0
0.90028333333333	0
0.90361666666667	0
0.90695000000000	0
0.91028333333333	0
0.91363333333333	0
0.91696666666667	0
0.92030000000000	0
0.92363333333333	0
0.92696666666667	0
0.93031666666667	0
0.93365000000000	0
0.93698333333333	0
0.94031666666667	0
0.94365000000000	0
0.94700000000000	0
0.95033333333333	0
0.95366666666667	0
0.95700000000000	0
0.96033333333333	0
0.96368333333333	7
0.96701666666667	4
0.97035000000000	0
0.97366666666667	0
0.97700000000000	0
0.98035000000000	0
0.98368333333333	0
0.98701666666667	0
0.99035000000000	314
0.99368333333333	280
0.99703333333333	0
1.00036666666667	0
1.00370000000000	0
1.00703333333333	0
1.01036666666667	0
1.01371666666667	0
1.01705000000000	0
1.02038333333333	205
1.02371666666667	103
1.02705000000000	0
1.03038333333333	232
1.03373333333333	464
1.03706666666667	484
1.04040000000000	0
1.04373333333333	135
1.04706666666667	0
1.05041666666667	0
1.05375000000000	324
1.05708333333333	2361
1.06041666666667	2779
1.06375000000000	664
1.06708333333333	371
1.07041666666667	585
1.07375000000000	313
1.07708333333333	1360
1.08041666666667	1853
1.08376666666667	2451
1.08710000000000	2673
1.09043333333333	2895
1.09376666666667	4804
1.09710000000000	5600
1.10045000000000	8158
1.10378333333333	12856
1.10711666666667	18660
1.11045000000000	30104
1.11378333333333	26056
1.11713333333333	22008
1.12046666666667	20992
1.12380000000000	19976
1.12713333333333	19828
1.13046666666667	19680
1.13381666666667	18660
1.13715000000000	17640
1.14048333333333	16096
1.14381666666667	14496
1.14715000000000	12848
1.15048333333333	8078
1.15381666666667	8336
1.15715000000000	6361
1.16048333333333	5581
1.16381666666667	4613
1.16715000000000	3780
1.17050000000000	5335
1.17383333333333	2928
1.17716666666667	3863
1.18050000000000	4345
1.18383333333333	4480
1.18718333333333	3259
1.19051666666667	4279
1.19385000000000	1650
1.19718333333333	3103
1.20051666666667	1723
1.20386666666667	3173
1.20720000000000	2073
1.21053333333333	2255
1.21386666666667	1430
1.21720000000000	1162
1.22053333333333	1710
1.22386666666667	1457
1.22720000000000	1204
1.23053333333333	202
1.23386666666667	897
1.23721666666667	214
1.24055000000000	884
1.24388333333333	657
1.24721666666667	55
1.25055000000000	0
1.25390000000000	423
1.25723333333333	335
1.26056666666667	611
1.26390000000000	0
1.26723333333333	417
1.27058333333333	321
1.27391666666667	203
1.27725000000000	0
1.28058333333333	0
1.28391666666667	0
1.28726666666667	0
1.29060000000000	313
1.29393333333333	156
1.29725000000000	0
1.30058333333333	289
1.30391666666667	338
1.30726666666667	0
1.31060000000000	0
1.31393333333333	84
1.31726666666667	168
1.32060000000000	84
1.32395000000000	0
1.32728333333333	0
1.33061666666667	0
1.33395000000000	0
1.33728333333333	0
1.34063333333333	116
1.34396666666667	58
1.34730000000000	0
1.35063333333333	0
1.35396666666667	0
1.35731666666667	0
1.36065000000000	343
1.36398333333333	409
1.36731666666667	0
1.37063333333333	19
1.37398333333333	0
1.37731666666667	0
1.38065000000000	0
1.38398333333333	0
1.38731666666667	246
1.39066666666667	123
1.39400000000000	0
1.39733333333333	0
1.40066666666667	0
1.40400000000000	0
1.40735000000000	0
1.41068333333333	0
1.41401666666667	0
1.41735000000000	0
1.42068333333333	0
1.42403333333333	0
1.42736666666667	0
1.43070000000000	0
1.43403333333333	0
1.43736666666667	0
1.44070000000000	0
1.44405000000000	0
1.44738333333333	0
1.45071666666667	0
1.45405000000000	0
1.45736666666667	0
1.46071666666667	0
1.46405000000000	0
1.46738333333333	521
1.47071666666667	743
1.47405000000000	718
1.47740000000000	0
1.48073333333333	0
1.48406666666667	0
1.48740000000000	0
1.49073333333333	0
1.49408333333333	0
1.49741666666667	0
1.50075000000000	0
1.50408333333333	0
1.50741666666667	0
1.51076666666667	0
1.51410000000000	0
1.51743333333333	0
1.52076666666667	0
1.52410000000000	0
1.52745000000000	0
1.53078333333333	0
1.53411666666667	0
1.53745000000000	0
1.54078333333333	0
1.54413333333333	0
1.54746666666667	0
1.55080000000000	0
1.55413333333333	0
1.55745000000000	0
1.56080000000000	0
1.56413333333333	0
1.56746666666667	0
1.57080000000000	0
1.57413333333333	0
1.57746666666667	0
1.58081666666667	0
1.58415000000000	0
1.58748333333333	0
1.59081666666667	0
1.59415000000000	0
1.59750000000000	0
1.60083333333333	0
1.60416666666667	0
1.60750000000000	0
1.61083333333333	0
1.61418333333333	0
1.61751666666667	0
1.62085000000000	0
1.62418333333333	0
1.62751666666667	0
1.63085000000000	0
1.63418333333333	0
1.63751666666667	0
1.64085000000000	0
1.64418333333333	0
1.64753333333333	0
1.65086666666667	0
1.65420000000000	0
1.65753333333333	0
1.66086666666667	0
1.66421666666667	0
1.66755000000000	0
1.67088333333333	0
1.67421666666667	0
1.67755000000000	0
1.68090000000000	0
1.68423333333333	0
1.68756666666667	0
1.69090000000000	0
1.69423333333333	0
1.69756666666667	0
1.70090000000000	0
1.70423333333333	0
1.70756666666667	0
1.71090000000000	97
1.71423333333333	49
1.71758333333333	0
1.72091666666667	0
1.72425000000000	0
1.72758333333333	0
1.73091666666667	0
1.73426666666667	0
1.73760000000000	0
1.74093333333333	0
1.74426666666667	0
1.74760000000000	0
1.75095000000000	0
1.75428333333333	0
1.75761666666667	0
1.76095000000000	0
1.76428333333333	0
1.76763333333333	0
1.77096666666667	0
1.77430000000000	0
1.77763333333333	0
1.78096666666667	0
1.78431666666667	0
1.78765000000000	0
1.79098333333333	0
1.79431666666667	0
1.79765000000000	0
1.80100000000000	0
1.80433333333333	0
1.80766666666667	0
1.81100000000000	0
1.81431666666667	0
1.81766666666667	0
1.82100000000000	0
1.82433333333333	0
1.82766666666667	0
1.83100000000000	0
1.83435000000000	0
1.83768333333333	0
1.84101666666667	0
1.84435000000000	0
1.84768333333333	0
1.85101666666667	0
1.85436666666667	0
1.85770000000000	0
1.86103333333333	0
1.86436666666667	0
1.86770000000000	0
1.87105000000000	0
1.87438333333333	0
1.87771666666667	0
1.88105000000000	0
1.88438333333333	0
1.88773333333333	0
1.89106666666667	0
1.89440000000000	0
1.89773333333333	0
1.90105000000000	0
1.90440000000000	0
1.90773333333333	0
1.91106666666667	0
1.91440000000000	0
1.91773333333333	0
1.92108333333333	7
1.92441666666667	4
1.92775000000000	0
1.93108333333333	0
1.93441666666667	0
1.93776666666667	0
1.94110000000000	0
1.94443333333333	0
1.94776666666667	0
1.95110000000000	0
1.95445000000000	0
1.95778333333333	0
1.96111666666667	0
1.96445000000000	0
1.96778333333333	0
1.97113333333333	0
1.97446666666667	0
1.97780000000000	0
1.98113333333333	0
1.98445000000000	0
1.98778333333333	0
1.99113333333333	0
1.99446666666667	0
1.99780000000000	0
2.00113333333333	0
2.00446666666667	0
2.00781666666667	0
2.01115000000000	0
2.01448333333333	0
2.01781666666667	0
2.02115000000000	0
2.02450000000000	0
2.02783333333333	0
2.03116666666667	0
2.03450000000000	0
2.03783333333333	0
2.04118333333333	0
2.04451666666667	0
2.04785000000000	0
2.05118333333333	0
2.05451666666667	0
2.05786666666667	0
2.06120000000000	0
2.06453333333333	0
2.06786666666667	0
2.07118333333333	0
2.07453333333333	0
2.07786666666667	0
2.08120000000000	0
2.08453333333333	0
2.08786666666667	0
2.09121666666667	0
2.09455000000000	0
2.09788333333333	0
2.10121666666667	0
2.10455000000000	0
2.10790000000000	0
2.11123333333333	0
2.11456666666667	0
2.11790000000000	0
2.12123333333333	0
2.12456666666667	0
2.12791666666667	0
2.13125000000000	0
2.13458333333333	0
2.13791666666667	0
2.14125000000000	0
2.14460000000000	0
2.14793333333333	0
2.15126666666667	0
2.15460000000000	0
2.15793333333333	0
2.16128333333333	0
2.16461666666667	0
2.16795000000000	0
2.17128333333333	0
2.17461666666667	0
2.17795000000000	0
2.18128333333333	0
2.18461666666667	0
2.18795000000000	0
2.19128333333333	0
2.19463333333333	0
2.19796666666667	0
2.20130000000000	0
2.20463333333333	0
2.20796666666667	0
2.21131666666667	0
2.21465000000000	0
2.21798333333333	0
2.22131666666667	0
2.22465000000000	0
2.22800000000000	0
2.23133333333333	0
2.23466666666667	0
2.23800000000000	0
2.24133333333333	0
2.24466666666667	0
2.24800000000000	0
2.25133333333333	0
2.25466666666667	0
2.25800000000000	0
2.26133333333333	0
2.26468333333333	0
2.26801666666667	0
2.27135000000000	0
2.27468333333333	0
2.27801666666667	0
2.28136666666667	0
2.28470000000000	0
2.28803333333333	0
2.29136666666667	0
2.29470000000000	0
2.29805000000000	0
2.30138333333333	0
2.30471666666667	0
2.30805000000000	0
2.31138333333333	0
2.31473333333333	0
2.31806666666667	0
2.32140000000000	0
2.32473333333333	0
2.32806666666667	0
2.33141666666667	0
2.33475000000000	0
2.33808333333333	0
2.34141666666667	0
2.34475000000000	0
2.34810000000000	0
2.35143333333333	0
2.35476666666667	0
2.35810000000000	344
2.36143333333333	172
2.36478333333333	0
2.36811666666667	0
2.37145000000000	0
2.37478333333333	0
2.37811666666667	0
2.38146666666667	0
2.38480000000000	0
2.38813333333333	0
2.39146666666667	0
2.39480000000000	0
2.39813333333333	0
2.40148333333333	0
2.40481666666667	0
2.40815000000000	0
2.41148333333333	0
2.41481666666667	0
2.41816666666667	0
2.42150000000000	0
2.42483333333333	0
2.42816666666667	0
2.43148333333333	0
2.43483333333333	0
2.43816666666667	0
2.44150000000000	0
2.44483333333333	0
2.44816666666667	0
2.45151666666667	0
2.45485000000000	0
2.45818333333333	0
2.46151666666667	0
2.46485000000000	0
2.46820000000000	0
2.47153333333333	0
2.47486666666667	0
2.47820000000000	0
2.48153333333333	0
2.48488333333333	0
2.48821666666667	0
2.49155000000000	0
2.49488333333333	0
2.49821666666667	0
2.50156666666667	0
2.50490000000000	0
2.50823333333333	0
2.51156666666667	0
2.51488333333333	0
2.51823333333333	0
2.52156666666667	0
2.52490000000000	0
2.52823333333333	0
2.53156666666667	0
2.53490000000000	0
2.53825000000000	0
2.54158333333333	0
2.54491666666667	0
2.54825000000000	0
2.55158333333333	0
2.55493333333333	0
2.55826666666667	0
2.56160000000000	0
2.56493333333333	0
2.56826666666667	0
2.57161666666667	0
2.57495000000000	0
2.57828333333333	0
2.58161666666667	0
2.58495000000000	0
2.58828333333333	0
2.59161666666667	0
2.59495000000000	0
2.59828333333333	0
2.60161666666667	0
2.60496666666667	0
2.60830000000000	0
2.61163333333333	0
2.61496666666667	0
2.61830000000000	0
2.62165000000000	0
2.62498333333333	0
2.62831666666667	0
2.63165000000000	0
2.63498333333333	0
2.63833333333333	0
2.64166666666667	0
2.64500000000000	0
2.64833333333333	0
2.65166666666667	0
2.65501666666667	0
2.65835000000000	0
2.66168333333333	0
2.66501666666667	0
2.66835000000000	0
2.67168333333333	0
2.67503333333333	0
2.67836666666667	0
2.68168333333333	30
2.68501666666667	15
2.68835000000000	0
2.69170000000000	0
2.69503333333333	0
2.69836666666667	0
2.70170000000000	0
2.70503333333333	0
2.70838333333333	0
2.71171666666667	0
2.71505000000000	314
2.71838333333333	318
2.72171666666667	0
2.72506666666667	0
2.72840000000000	0
2.73173333333333	0
2.73506666666667	0
2.73840000000000	0
2.74175000000000	0
2.74508333333333	0
2.74841666666667	0
2.75175000000000	0
2.75508333333333	0
2.75843333333333	0
2.76176666666667	0
2.76510000000000	0
2.76843333333333	0
2.77176666666667	0
2.77511666666667	0
2.77845000000000	0
2.78178333333333	0
2.78511666666667	0
2.78845000000000	0
2.79178333333333	0
2.79511666666667	0
2.79845000000000	0
2.80178333333333	0
2.80511666666667	0
2.80845000000000	0
2.81180000000000	0
2.81513333333333	0
2.81846666666667	0
2.82180000000000	0
2.82513333333333	0
2.82848333333333	0
2.83181666666667	0
2.83515000000000	0
2.83848333333333	0
2.84181666666667	0
2.84516666666667	14
2.84850000000000	7
2.85183333333333	0
2.85516666666667	0
2.85850000000000	0
2.86185000000000	0
2.86518333333333	0
2.86851666666667	0
2.87185000000000	0
2.87518333333333	0
2.87853333333333	0
2.88186666666667	0
2.88520000000000	0
2.88851666666667	0
2.89185000000000	0
2.89520000000000	0
2.89853333333333	0
2.90186666666667	121
2.90520000000000	60
2.90853333333333	0
2.91188333333333	0
2.91521666666667	0
2.91855000000000	0
2.92188333333333	0
2.92521666666667	0
2.92856666666667	0
2.93190000000000	0
2.93523333333333	0
2.93856666666667	0
2.94190000000000	0
2.94523333333333	0
2.94858333333333	0
2.95191666666667	0
2.95525000000000	0
2.95858333333333	0
2.96190000000000	0
2.96525000000000	0
2.96858333333333	0
2.97191666666667	0
2.97525000000000	0
2.97858333333333	0
2.98193333333333	0
2.98526666666667	0
2.98860000000000	0
2.99193333333333	0
2.99526666666667	0
