0.50328333333333	0
0.50661666666667	0
0.50995000000000	0
0.51328333333333	0
0.51661666666667	0
0.51995000000000	0
0.52328333333333	0
0.52661666666667	0
0.52995000000000	0
0.53328333333333	0
0.53661666666667	0
0.53995000000000	0
0.54328333333333	0
0.54661666666667	0
0.54995000000000	0
0.55328333333333	0
0.55661666666667	0
0.55995000000000	0
0.56328333333333	0
0.56661666666667	0
0.56995000000000	0
0.57328333333333	0
0.57661666666667	0
0.57995000000000	0
0.58328333333333	0
0.58661666666667	0
0.58995000000000	0
0.59328333333333	3
0.59661666666667	3
0.59995000000000	3
0.60328333333333	0
0.60661666666667	0
0.60995000000000	0
0.61328333333333	0
0.61661666666667	0
0.61995000000000	0
0.62328333333333	0
0.62661666666667	0
0.62995000000000	0
0.63328333333333	0
0.63661666666667	0
0.63995000000000	0
0.64328333333333	0
0.64661666666667	0
0.64995000000000	0
0.65328333333333	0
0.65661666666667	0
0.65995000000000	0
0.66328333333333	0
0.66661666666667	0
0.66995000000000	0
0.67328333333333	0
0.67660000000000	0
0.67995000000000	153
0.68328333333333	117
0.68661666666667	0
0.68995000000000	61
0.69326666666667	0
0.69661666666667	0
0.69993333333333	0
0.70326666666667	0
0.70661666666667	0
0.70995000000000	0
0.71328333333333	0
0.71660000000000	0
0.71993333333333	0
0.72328333333333	0
0.72661666666667	0
0.72995000000000	0
0.73326666666667	0
0.73661666666667	0
0.73993333333333	0
0.74328333333333	0
0.74661666666667	0
0.74995000000000	0
0.75326666666667	0
0.75660000000000	0
0.75995000000000	0
0.76328333333333	2
0.76661666666667	3
0.76993333333333	3
0.77326666666667	0
0.77660000000000	0
0.77995000000000	0
0.78328333333333	0
0.78660000000000	0
0.78993333333333	0
0.79326666666667	35
0.79661666666667	18
0.79995000000000	0
0.80328333333333	0
0.80660000000000	0
0.80993333333333	0
0.81328333333333	0
0.81661666666667	3
0.81995000000000	1
0.82328333333333	0
0.82661666666667	2
0.82995000000000	1
0.83328333333333	0
0.83661666666667	0
0.83995000000000	0
0.84328333333333	0
0.84661666666667	0
0.84995000000000	0
0.85328333333333	0
0.85661666666667	0
0.85995000000000	0
0.86328333333333	0
0.86661666666667	0
0.86995000000000	0
0.87328333333333	0
0.87660000000000	0
0.87993333333333	0
0.88328333333333	0
0.88660000000000	0
0.88995000000000	0
0.89328333333333	0
0.89660000000000	0
0.89993333333333	0
0.90326666666667	0
0.90661666666667	0
0.90995000000000	0
0.91328333333333	0
0.91661666666667	0
0.91993333333333	0
0.92326666666667	0
0.92661666666667	0
0.92993333333333	0
0.93326666666667	0
0.93661666666667	0
0.93993333333333	0
0.94328333333333	0
0.94661666666667	0
0.94995000000000	0
0.95328333333333	0
0.95661666666667	0
0.95993333333333	109
0.96328333333333	85
0.96661666666667	0
0.96995000000000	94
0.97326666666667	0
0.97660000000000	0
0.97995000000000	0
0.98328333333333	0
0.98661666666667	10
0.98995000000000	13
0.99328333333333	16
0.99661666666667	34
0.99995000000000	224
1.00328333333333	260
1.00661666666667	232
1.00995000000000	146
1.01328333333333	138
1.01661666666667	42
1.01995000000000	136
1.02328333333333	158
1.02661666666667	735
1.02995000000000	686
1.03328333333333	138
1.03661666666667	369
1.03995000000000	218
1.04328333333333	523
1.04661666666667	380
1.04995000000000	224
1.05328333333333	649
1.05661666666667	525
1.05995000000000	699
1.06328333333333	701
1.06661666666667	418
1.06995000000000	1186
1.07328333333333	916
1.07661666666667	647
1.07995000000000	2012
1.08328333333333	2206
1.08661666666667	1939
1.08995000000000	2565
1.09328333333333	3888
1.09661666666667	4987
1.09995000000000	11116
1.10328333333333	14180
1.10661666666667	22484
1.10995000000000	28228
1.11328333333333	35744
1.11661666666667	32912
1.11995000000000	32500
1.12328333333333	25528
1.12661666666667	25000
1.12995000000000	22772
1.13328333333333	21384
1.13661666666667	18292
1.13995000000000	16796
1.14328333333333	15328
1.14661666666667	12492
1.14995000000000	11924
1.15328333333333	8860
1.15661666666667	9104
1.15995000000000	6828
1.16328333333333	8007
1.16661666666667	5948
1.16995000000000	4654
1.17328333333333	5266
1.17661666666667	4280
1.17993333333333	4615
1.18328333333333	4337
1.18661666666667	3485
1.18995000000000	4510
1.19328333333333	3473
1.19660000000000	3580
1.19995000000000	2531
1.20328333333333	2267
1.20661666666667	1847
1.20995000000000	1491
1.21326666666667	2333
1.21660000000000	1128
1.21995000000000	872
1.22328333333333	1862
1.22661666666667	1512
1.22993333333333	690
1.23328333333333	860
1.23661666666667	736
1.23995000000000	565
1.24328333333333	832
1.24661666666667	648
1.24995000000000	559
1.25328333333333	471
1.25661666666667	232
1.25995000000000	461
1.26328333333333	494
1.26661666666667	321
1.26995000000000	183
1.27328333333333	205
1.27661666666667	151
1.27995000000000	153
1.28328333333333	156
1.28661666666667	0
1.28995000000000	88
1.29328333333333	150
1.29661666666667	212
1.29995000000000	155
1.30328333333333	125
1.30661666666667	204
1.30995000000000	157
1.31328333333333	162
1.31661666666667	150
1.31995000000000	137
1.32328333333333	123
1.32661666666667	108
1.32995000000000	0
1.33328333333333	150
1.33661666666667	54
1.33995000000000	0
1.34328333333333	8
1.34661666666667	20
1.34995000000000	0
1.35328333333333	33
1.35661666666667	66
1.35995000000000	157
1.36326666666667	198
1.36661666666667	0
1.36995000000000	0
1.37328333333333	0
1.37661666666667	86
1.37993333333333	191
1.38328333333333	165
1.38661666666667	83
1.38995000000000	0
1.39328333333333	48
1.39661666666667	51
1.39993333333333	55
1.40328333333333	58
1.40661666666667	62
1.40995000000000	67
1.41328333333333	72
1.41661666666667	0
1.41995000000000	91
1.42328333333333	71
1.42661666666667	35
1.42995000000000	0
1.43326666666667	38
1.43660000000000	138
1.43995000000000	120
1.44328333333333	48
1.44661666666667	13
1.44995000000000	22
1.45326666666667	37
1.45661666666667	53
1.45995000000000	39
1.46328333333333	80
1.46661666666667	0
1.46993333333333	35
1.47328333333333	106
1.47661666666667	3
1.47995000000000	2
1.48328333333333	0
1.48661666666667	84
1.48995000000000	77
1.49328333333333	0
1.49661666666667	0
1.49995000000000	95
1.50328333333333	0
1.50661666666667	86
1.50995000000000	37
1.51328333333333	0
1.51661666666667	58
1.51995000000000	63
1.52328333333333	69
1.52661666666667	14
1.52995000000000	45
1.53328333333333	75
1.53661666666667	0
1.53995000000000	9
1.54328333333333	4
1.54660000000000	0
1.54995000000000	0
1.55328333333333	0
1.55661666666667	0
1.55995000000000	180
1.56328333333333	190
1.56661666666667	0
1.56995000000000	0
1.57328333333333	110
1.57661666666667	9
1.57993333333333	125
1.58328333333333	0
1.58661666666667	97
1.58995000000000	0
1.59328333333333	0
1.59661666666667	0
1.59995000000000	0
1.60328333333333	0
1.60661666666667	0
1.60995000000000	0
1.61328333333333	0
1.61661666666667	0
1.61995000000000	0
1.62328333333333	0
1.62661666666667	0
1.62995000000000	78
1.63328333333333	81
1.63660000000000	0
1.63995000000000	0
1.64328333333333	0
1.64661666666667	25
1.64995000000000	49
1.65328333333333	61
1.65661666666667	72
1.65995000000000	0
1.66328333333333	0
1.66661666666667	29
1.66995000000000	14
1.67326666666667	0
1.67661666666667	0
1.67995000000000	0
1.68328333333333	0
1.68661666666667	0
1.68995000000000	8
1.69328333333333	4
1.69661666666667	0
1.69995000000000	8
1.70328333333333	7
1.70661666666667	0
1.70995000000000	0
1.71328333333333	0
1.71661666666667	0
1.71995000000000	22
1.72328333333333	11
1.72661666666667	0
1.72995000000000	0
1.73328333333333	0
1.73661666666667	2
1.73995000000000	1
1.74328333333333	0
1.74661666666667	19
1.74995000000000	39
1.75328333333333	46
1.75661666666667	21
1.75995000000000	0
1.76328333333333	0
1.76661666666667	0
1.76995000000000	0
1.77328333333333	0
1.77661666666667	0
1.77995000000000	0
1.78328333333333	3
1.78661666666667	1
1.78995000000000	0
1.79328333333333	0
1.79661666666667	0
1.79995000000000	0
1.80326666666667	9
1.80661666666667	5
1.80995000000000	0
1.81328333333333	0
1.81661666666667	0
1.81995000000000	0
1.82328333333333	0
1.82661666666667	0
1.82995000000000	0
1.83326666666667	1
1.83661666666667	1
1.83995000000000	0
1.84328333333333	0
1.84661666666667	0
1.84995000000000	0
1.85328333333333	0
1.85661666666667	0
1.85995000000000	0
1.86328333333333	0
1.86661666666667	0
1.86995000000000	0
1.87328333333333	0
1.87661666666667	0
1.87995000000000	0
1.88328333333333	0
1.88661666666667	0
1.88995000000000	6
1.89328333333333	68
1.89661666666667	102
1.89995000000000	83
1.90328333333333	0
1.90661666666667	0
1.90995000000000	96
1.91328333333333	0
1.91661666666667	0
1.91995000000000	0
1.92328333333333	0
1.92661666666667	0
1.92995000000000	0
1.93328333333333	0
1.93661666666667	0
1.93995000000000	0
1.94328333333333	0
1.94661666666667	0
1.94995000000000	0
1.95328333333333	18
1.95661666666667	10
1.95995000000000	3
1.96328333333333	0
1.96661666666667	0
1.96995000000000	0
1.97328333333333	0
1.97661666666667	0
1.97995000000000	0
1.98328333333333	0
1.98661666666667	0
1.98995000000000	0
1.99328333333333	0
1.99661666666667	0
1.99995000000000	0
2.00328333333333	0
2.00661666666667	0
2.00995000000000	0
2.01328333333333	0
2.01661666666667	0
2.01995000000000	0
2.02328333333333	0
2.02661666666667	0
2.02995000000000	0
2.03328333333333	0
2.03661666666667	0
2.03995000000000	0
2.04328333333333	0
2.04661666666667	82
2.04995000000000	75
2.05326666666667	0
2.05661666666667	0
2.05995000000000	3
2.06328333333333	3
2.06661666666667	0
2.06995000000000	3
2.07328333333333	0
2.07661666666667	0
2.07995000000000	0
2.08328333333333	0
2.08661666666667	0
2.08995000000000	0
2.09328333333333	0
2.09661666666667	0
2.09995000000000	0
2.10328333333333	0
2.10661666666667	0
2.10995000000000	147
2.11328333333333	190
2.11661666666667	3
2.11995000000000	0
2.12328333333333	0
2.12661666666667	0
2.12995000000000	0
2.13328333333333	0
2.13661666666667	0
2.13995000000000	0
2.14328333333333	0
2.14661666666667	0
2.14995000000000	0
2.15328333333333	0
2.15661666666667	21
2.15995000000000	11
2.16328333333333	0
2.16661666666667	0
2.16995000000000	0
2.17328333333333	0
2.17661666666667	0
2.17995000000000	0
2.18328333333333	0
2.18661666666667	0
2.18995000000000	0
2.19328333333333	0
2.19661666666667	0
2.19995000000000	0
2.20328333333333	0
2.20661666666667	1
2.20995000000000	3
2.21328333333333	1
2.21661666666667	0
2.21995000000000	0
2.22326666666667	0
2.22661666666667	0
2.22995000000000	0
2.23328333333333	0
2.23661666666667	0
2.23995000000000	0
2.24326666666667	0
2.24661666666667	0
2.24995000000000	0
2.25328333333333	0
2.25660000000000	0
2.25995000000000	0
2.26328333333333	0
2.26661666666667	0
2.26995000000000	0
2.27328333333333	0
2.27661666666667	0
2.27993333333333	0
2.28328333333333	0
2.28661666666667	93
2.28995000000000	79
2.29326666666667	38
2.29661666666667	17
2.29995000000000	10
2.30328333333333	3
2.30661666666667	0
2.30993333333333	0
2.31326666666667	0
2.31660000000000	0
2.31995000000000	49
2.32328333333333	60
2.32661666666667	0
2.32993333333333	58
2.33326666666667	0
2.33661666666667	0
2.33995000000000	3
2.34328333333333	0
2.34661666666667	0
2.34993333333333	16
2.35326666666667	8
2.35661666666667	0
2.35995000000000	0
2.36326666666667	0
2.36660000000000	0
2.36993333333333	0
2.37328333333333	0
2.37661666666667	0
2.37995000000000	0
2.38326666666667	0
2.38660000000000	0
2.38995000000000	0
2.39328333333333	0
2.39661666666667	92
2.39995000000000	71
2.40328333333333	23
2.40661666666667	0
2.40995000000000	0
2.41328333333333	0
2.41661666666667	0
2.41995000000000	0
2.42328333333333	0
2.42660000000000	0
2.42995000000000	24
2.43328333333333	12
2.43661666666667	0
2.43993333333333	0
2.44326666666667	0
2.44661666666667	0
2.44995000000000	0
2.45328333333333	0
2.45661666666667	0
2.45995000000000	0
2.46326666666667	0
2.46661666666667	0
2.46995000000000	0
2.47328333333333	3
2.47661666666667	3
2.47993333333333	0
2.48328333333333	0
2.48661666666667	0
2.48995000000000	0
2.49326666666667	0
2.49660000000000	0
2.49993333333333	0
2.50328333333333	0
2.50661666666667	0
2.50995000000000	0
2.51326666666667	0
2.51660000000000	0
2.51995000000000	0
2.52328333333333	0
2.52661666666667	0
2.52993333333333	71
2.53328333333333	122
2.53661666666667	73
2.53995000000000	0
2.54328333333333	0
2.54661666666667	0
2.54995000000000	0
2.55326666666667	48
2.55661666666667	24
2.55995000000000	0
2.56328333333333	0
2.56661666666667	0
2.56995000000000	0
2.57328333333333	0
2.57661666666667	0
2.57995000000000	0
2.58328333333333	0
2.58661666666667	0
2.58995000000000	0
2.59328333333333	0
2.59661666666667	0
2.59995000000000	0
2.60328333333333	0
2.60661666666667	0
2.60995000000000	0
2.61328333333333	0
2.61661666666667	0
2.61995000000000	0
2.62328333333333	0
2.62661666666667	0
2.62995000000000	0
2.63328333333333	0
2.63661666666667	0
2.63995000000000	0
2.64328333333333	0
2.64661666666667	0
2.64995000000000	0
2.65328333333333	4
2.65661666666667	2
2.65995000000000	0
2.66328333333333	0
2.66661666666667	0
2.66995000000000	0
2.67328333333333	0
2.67661666666667	1
2.67995000000000	1
2.68326666666667	0
2.68661666666667	0
2.68995000000000	0
2.69326666666667	0
2.69661666666667	0
2.69993333333333	0
2.70328333333333	0
2.70661666666667	0
2.70995000000000	48
2.71326666666667	24
2.71660000000000	0
2.71993333333333	0
2.72328333333333	0
2.72661666666667	0
2.72995000000000	0
2.73328333333333	0
2.73660000000000	35
2.73995000000000	18
2.74328333333333	0
2.74661666666667	3
2.74993333333333	3
2.75326666666667	4
2.75661666666667	2
2.75995000000000	0
2.76328333333333	0
2.76661666666667	0
2.76995000000000	0
2.77328333333333	0
2.77661666666667	0
2.77995000000000	0
2.78328333333333	0
2.78661666666667	0
2.78995000000000	25
2.79328333333333	51
2.79661666666667	46
2.79995000000000	41
2.80328333333333	0
2.80661666666667	82
2.80995000000000	106
2.81328333333333	0
2.81661666666667	0
2.81995000000000	0
2.82328333333333	0
2.82661666666667	0
2.82995000000000	0
2.83328333333333	0
2.83661666666667	0
2.83995000000000	0
2.84328333333333	198
2.84661666666667	153
2.84995000000000	0
2.85328333333333	0
2.85661666666667	0
2.85995000000000	0
2.86328333333333	5
2.86661666666667	3
2.86995000000000	0
2.87328333333333	0
2.87661666666667	0
2.87995000000000	0
2.88328333333333	0
2.88661666666667	22
2.88995000000000	113
2.89328333333333	85
2.89661666666667	33
2.89995000000000	0
2.90326666666667	0
2.90661666666667	0
2.90995000000000	2
2.91328333333333	1
2.91661666666667	0
2.91993333333333	0
2.92328333333333	0
2.92661666666667	3
2.92995000000000	1
2.93328333333333	0
2.93661666666667	0
2.93993333333333	0
2.94328333333333	2
2.94661666666667	1
2.94995000000000	0
2.95328333333333	0
2.95661666666667	0
2.95995000000000	0
2.96328333333333	0
2.96661666666667	0
2.96995000000000	0
2.97326666666667	0
2.97661666666667	0
2.97995000000000	0
2.98328333333333	0
2.98661666666667	0
2.98995000000000	0
2.99328333333333	0
2.99661666666667	0
