0.50328333333333	0
0.50661666666667	0
0.50995000000000	0
0.51328333333333	0
0.51661666666667	0
0.51995000000000	0
0.52328333333333	0
0.52661666666667	77
0.52996666666667	68
0.53328333333333	0
0.53661666666667	0
0.53996666666667	0
0.54330000000000	3
0.54663333333333	2
0.54996666666667	0
0.55330000000000	0
0.55661666666667	0
0.55996666666667	0
0.56330000000000	0
0.56663333333333	0
0.56995000000000	0
0.57330000000000	0
0.57663333333333	0
0.57996666666667	0
0.58330000000000	0
0.58663333333333	0
0.58996666666667	0
0.59328333333333	0
0.59663333333333	0
0.59996666666667	0
0.60330000000000	0
0.60663333333333	0
0.60996666666667	0
0.61330000000000	0
0.61663333333333	0
0.61996666666667	0
0.62330000000000	0
0.62663333333333	0
0.62996666666667	0
0.63330000000000	0
0.63663333333333	0
0.63996666666667	0
0.64330000000000	0
0.64663333333333	0
0.64996666666667	0
0.65330000000000	0
0.65663333333333	0
0.65996666666667	0
0.66330000000000	0
0.66663333333333	0
0.66996666666667	0
0.67330000000000	0
0.67663333333333	0
0.67996666666667	0
0.68330000000000	6
0.68663333333333	3
0.68996666666667	0
0.69330000000000	0
0.69663333333333	0
0.69996666666667	0
0.70330000000000	0
0.70663333333333	0
0.70996666666667	0
0.71330000000000	0
0.71663333333333	0
0.71996666666667	0
0.72330000000000	0
0.72663333333333	0
0.72996666666667	0
0.73330000000000	0
0.73663333333333	0
0.73996666666667	0
0.74330000000000	0
0.74663333333333	0
0.74996666666667	0
0.75330000000000	0
0.75663333333333	0
0.75996666666667	0
0.76330000000000	0
0.76663333333333	0
0.76996666666667	0
0.77330000000000	0
0.77663333333333	8
0.77996666666667	4
0.78330000000000	0
0.78663333333333	0
0.78996666666667	0
0.79330000000000	0
0.79663333333333	0
0.79996666666667	0
0.80330000000000	0
0.80663333333333	0
0.80996666666667	0
0.81328333333333	0
0.81663333333333	0
0.81996666666667	0
0.82330000000000	0
0.82663333333333	0
0.82996666666667	12
0.83330000000000	6
0.83663333333333	0
0.83996666666667	0
0.84330000000000	0
0.84661666666667	0
0.84996666666667	0
0.85330000000000	0
0.85663333333333	0
0.85996666666667	0
0.86330000000000	82
0.86661666666667	41
0.86996666666667	0
0.87330000000000	0
0.87663333333333	0
0.87996666666667	0
0.88330000000000	0
0.88661666666667	0
0.88996666666667	0
0.89330000000000	0
0.89663333333333	0
0.89996666666667	0
0.90330000000000	3
0.90663333333333	4
0.90996666666667	0
0.91330000000000	0
0.91663333333333	0
0.91996666666667	2
0.92328333333333	4
0.92663333333333	31
0.92996666666667	16
0.93330000000000	0
0.93663333333333	0
0.93995000000000	0
0.94330000000000	0
0.94663333333333	0
0.94996666666667	0
0.95330000000000	0
0.95663333333333	36
0.95995000000000	18
0.96330000000000	0
0.96663333333333	0
0.96996666666667	0
0.97330000000000	68
0.97661666666667	64
0.97996666666667	61
0.98330000000000	65
0.98663333333333	68
0.98996666666667	58
0.99330000000000	47
0.99661666666667	101
0.99996666666667	153
1.00330000000000	205
1.00663333333333	230
1.00996666666667	86
1.01330000000000	52
1.01663333333333	268
1.01996666666667	271
1.02330000000000	154
1.02661666666667	41
1.02995000000000	209
1.03330000000000	469
1.03663333333333	579
1.03996666666667	302
1.04330000000000	758
1.04663333333333	730
1.04996666666667	902
1.05330000000000	973
1.05663333333333	986
1.05996666666667	1103
1.06330000000000	961
1.06663333333333	819
1.06995000000000	997
1.07330000000000	901
1.07663333333333	806
1.07996666666667	2033
1.08330000000000	2018
1.08663333333333	2193
1.08996666666667	4245
1.09330000000000	7787
1.09663333333333	12928
1.09996666666667	14900
1.10330000000000	19320
1.10663333333333	21252
1.10996666666667	23184
1.11330000000000	26124
1.11663333333333	27404
1.11996666666667	24888
1.12330000000000	21520
1.12663333333333	18888
1.12996666666667	18592
1.13330000000000	14184
1.13663333333333	16268
1.13996666666667	11384
1.14330000000000	13556
1.14663333333333	10428
1.14996666666667	7397
1.15330000000000	9288
1.15663333333333	7978
1.15996666666667	6917
1.16330000000000	6368
1.16663333333333	6451
1.16996666666667	5251
1.17330000000000	5975
1.17663333333333	4608
1.17996666666667	3474
1.18330000000000	4504
1.18663333333333	2933
1.18996666666667	2762
1.19330000000000	2612
1.19663333333333	2685
1.19996666666667	2369
1.20330000000000	2153
1.20663333333333	1956
1.20996666666667	1565
1.21330000000000	925
1.21663333333333	1307
1.21996666666667	550
1.22330000000000	1000
1.22663333333333	1148
1.22996666666667	888
1.23330000000000	839
1.23663333333333	1096
1.23996666666667	521
1.24330000000000	771
1.24663333333333	865
1.24995000000000	498
1.25330000000000	621
1.25663333333333	601
1.25996666666667	555
1.26330000000000	325
1.26663333333333	230
1.26996666666667	316
1.27330000000000	183
1.27663333333333	198
1.27996666666667	212
1.28330000000000	156
1.28663333333333	100
1.28995000000000	351
1.29330000000000	412
1.29663333333333	97
1.29996666666667	621
1.30328333333333	462
1.30661666666667	226
1.30996666666667	217
1.31330000000000	47
1.31663333333333	99
1.31996666666667	151
1.32330000000000	114
1.32663333333333	77
1.32996666666667	79
1.33330000000000	89
1.33663333333333	89
1.33996666666667	90
1.34330000000000	0
1.34663333333333	112
1.34996666666667	65
1.35330000000000	0
1.35663333333333	0
1.35995000000000	0
1.36330000000000	0
1.36663333333333	33
1.36996666666667	65
1.37330000000000	226
1.37663333333333	191
1.37996666666667	87
1.38330000000000	123
1.38663333333333	206
1.38996666666667	93
1.39330000000000	85
1.39663333333333	186
1.39996666666667	240
1.40330000000000	167
1.40663333333333	0
1.40996666666667	0
1.41330000000000	0
1.41663333333333	0
1.41996666666667	47
1.42330000000000	23
1.42663333333333	0
1.42996666666667	0
1.43330000000000	2
1.43663333333333	1
1.43996666666667	0
1.44330000000000	142
1.44663333333333	217
1.44996666666667	205
1.45328333333333	3
1.45663333333333	342
1.45996666666667	99
1.46330000000000	0
1.46663333333333	5
1.46995000000000	2
1.47330000000000	0
1.47663333333333	0
1.47996666666667	60
1.48330000000000	65
1.48661666666667	70
1.48996666666667	59
1.49330000000000	49
1.49663333333333	145
1.49996666666667	126
1.50330000000000	0
1.50663333333333	96
1.50995000000000	0
1.51330000000000	0
1.51663333333333	0
1.51996666666667	0
1.52330000000000	0
1.52661666666667	0
1.52996666666667	0
1.53330000000000	68
1.53663333333333	34
1.53996666666667	0
1.54328333333333	0
1.54663333333333	0
1.54996666666667	0
1.55330000000000	0
1.55663333333333	0
1.55996666666667	0
1.56330000000000	0
1.56663333333333	0
1.56996666666667	0
1.57330000000000	0
1.57663333333333	0
1.57996666666667	0
1.58330000000000	14
1.58663333333333	7
1.58996666666667	0
1.59330000000000	0
1.59661666666667	0
1.59996666666667	0
1.60330000000000	0
1.60663333333333	28
1.60996666666667	55
1.61330000000000	28
1.61663333333333	0
1.61996666666667	0
1.62330000000000	0
1.62663333333333	2
1.62996666666667	1
1.63330000000000	0
1.63663333333333	0
1.63996666666667	0
1.64330000000000	18
1.64663333333333	9
1.64996666666667	0
1.65330000000000	0
1.65663333333333	7
1.65996666666667	8
1.66330000000000	8
1.66663333333333	4
1.66996666666667	0
1.67328333333333	0
1.67663333333333	0
1.67996666666667	0
1.68330000000000	81
1.68663333333333	77
1.68996666666667	37
1.69330000000000	11
1.69663333333333	30
1.69996666666667	48
1.70330000000000	0
1.70663333333333	15
1.70996666666667	7
1.71330000000000	0
1.71663333333333	47
1.71995000000000	23
1.72330000000000	0
1.72663333333333	127
1.72996666666667	190
1.73330000000000	206
1.73663333333333	114
1.73996666666667	7
1.74330000000000	0
1.74663333333333	167
1.74996666666667	115
1.75330000000000	107
1.75663333333333	3
1.75996666666667	0
1.76330000000000	0
1.76663333333333	0
1.76996666666667	2
1.77330000000000	1
1.77663333333333	0
1.77996666666667	16
1.78330000000000	8
1.78663333333333	0
1.78996666666667	0
1.79330000000000	0
1.79663333333333	0
1.79996666666667	5
1.80330000000000	3
1.80663333333333	0
1.80996666666667	0
1.81330000000000	0
1.81663333333333	0
1.81996666666667	0
1.82330000000000	0
1.82663333333333	0
1.82996666666667	0
1.83330000000000	0
1.83663333333333	0
1.83996666666667	0
1.84330000000000	0
1.84663333333333	0
1.84996666666667	0
1.85330000000000	110
1.85663333333333	108
1.85996666666667	0
1.86330000000000	27
1.86663333333333	68
1.86996666666667	0
1.87330000000000	0
1.87661666666667	30
1.87996666666667	15
1.88330000000000	0
1.88663333333333	4
1.88996666666667	0
1.89330000000000	0
1.89663333333333	0
1.89996666666667	0
1.90330000000000	0
1.90663333333333	0
1.90996666666667	0
1.91328333333333	0
1.91663333333333	0
1.91996666666667	0
1.92330000000000	0
1.92663333333333	0
1.92995000000000	0
1.93330000000000	0
1.93663333333333	0
1.93996666666667	0
1.94330000000000	0
1.94663333333333	0
1.94996666666667	0
1.95330000000000	0
1.95663333333333	0
1.95996666666667	0
1.96330000000000	0
1.96663333333333	0
1.96996666666667	86
1.97330000000000	69
1.97663333333333	0
1.97996666666667	7
1.98330000000000	0
1.98663333333333	0
1.98996666666667	0
1.99330000000000	0
1.99663333333333	0
1.99996666666667	0
2.00330000000000	0
2.00663333333333	0
2.00996666666667	0
2.01330000000000	9
2.01663333333333	18
2.01996666666667	50
2.02330000000000	25
2.02663333333333	0
2.02996666666667	0
2.03330000000000	0
2.03663333333333	0
2.03996666666667	0
2.04330000000000	0
2.04663333333333	0
2.04996666666667	0
2.05330000000000	0
2.05663333333333	0
2.05996666666667	0
2.06330000000000	0
2.06663333333333	0
2.06996666666667	0
2.07330000000000	0
2.07663333333333	0
2.07996666666667	0
2.08330000000000	0
2.08663333333333	0
2.08996666666667	0
2.09330000000000	0
2.09661666666667	0
2.09996666666667	0
2.10330000000000	0
2.10663333333333	0
2.10996666666667	0
2.11330000000000	0
2.11663333333333	0
2.11996666666667	0
2.12330000000000	0
2.12663333333333	0
2.12995000000000	0
2.13328333333333	0
2.13663333333333	0
2.13996666666667	0
2.14330000000000	0
2.14661666666667	0
2.14996666666667	0
2.15330000000000	0
2.15663333333333	0
2.15996666666667	0
2.16328333333333	0
2.16661666666667	0
2.16996666666667	0
2.17330000000000	0
2.17663333333333	0
2.17996666666667	0
2.18330000000000	0
2.18663333333333	0
2.18996666666667	0
2.19330000000000	0
2.19663333333333	0
2.19996666666667	0
2.20330000000000	0
2.20663333333333	0
2.20996666666667	0
2.21330000000000	0
2.21663333333333	0
2.21996666666667	0
2.22330000000000	0
2.22663333333333	2
2.22996666666667	1
2.23330000000000	0
2.23663333333333	0
2.23996666666667	0
2.24330000000000	0
2.24663333333333	0
2.24996666666667	0
2.25330000000000	0
2.25663333333333	0
2.25996666666667	0
2.26330000000000	0
2.26663333333333	0
2.26996666666667	0
2.27330000000000	0
2.27663333333333	0
2.27996666666667	0
2.28330000000000	0
2.28663333333333	0
2.28996666666667	0
2.29330000000000	0
2.29663333333333	0
2.29996666666667	0
2.30330000000000	0
2.30663333333333	0
2.30996666666667	42
2.31330000000000	84
2.31663333333333	42
2.31996666666667	0
2.32330000000000	0
2.32663333333333	0
2.32996666666667	0
2.33330000000000	2
2.33663333333333	4
2.33996666666667	2
2.34330000000000	0
2.34663333333333	3
2.34996666666667	0
2.35330000000000	0
2.35663333333333	3
2.35996666666667	37
2.36330000000000	19
2.36663333333333	0
2.36996666666667	0
2.37330000000000	0
2.37663333333333	0
2.37996666666667	0
2.38328333333333	0
2.38663333333333	0
2.38996666666667	0
2.39330000000000	0
2.39663333333333	0
2.39996666666667	0
2.40330000000000	0
2.40663333333333	0
2.40996666666667	0
2.41330000000000	0
2.41663333333333	0
2.41996666666667	0
2.42330000000000	0
2.42663333333333	0
2.42996666666667	0
2.43330000000000	0
2.43663333333333	0
2.43996666666667	0
2.44330000000000	0
2.44663333333333	0
2.44996666666667	0
2.45330000000000	0
2.45663333333333	0
2.45996666666667	40
2.46328333333333	20
2.46663333333333	0
2.46995000000000	0
2.47330000000000	0
2.47663333333333	0
2.47995000000000	94
2.48330000000000	47
2.48663333333333	0
2.48996666666667	0
2.49330000000000	0
2.49663333333333	0
2.49996666666667	0
2.50330000000000	0
2.50663333333333	0
2.50996666666667	0
2.51330000000000	0
2.51663333333333	0
2.51996666666667	0
2.52330000000000	0
2.52663333333333	0
2.52996666666667	60
2.53330000000000	32
2.53663333333333	4
2.53996666666667	0
2.54330000000000	40
2.54661666666667	20
2.54996666666667	0
2.55330000000000	0
2.55663333333333	27
2.55996666666667	0
2.56328333333333	0
2.56663333333333	0
2.56995000000000	0
2.57330000000000	0
2.57663333333333	0
2.57996666666667	25
2.58330000000000	13
2.58663333333333	0
2.58996666666667	0
2.59330000000000	0
2.59663333333333	0
2.59996666666667	0
2.60330000000000	0
2.60661666666667	0
2.60996666666667	0
2.61330000000000	0
2.61663333333333	0
2.61996666666667	0
2.62330000000000	0
2.62663333333333	0
2.62996666666667	0
2.63330000000000	0
2.63663333333333	0
2.63995000000000	0
2.64330000000000	0
2.64663333333333	0
2.64996666666667	0
2.65330000000000	0
2.65663333333333	0
2.65996666666667	0
2.66330000000000	0
2.66663333333333	0
2.66996666666667	0
2.67330000000000	0
2.67663333333333	38
2.67996666666667	75
2.68328333333333	76
2.68663333333333	0
2.68996666666667	13
2.69330000000000	87
2.69663333333333	49
2.69996666666667	73
2.70330000000000	44
2.70663333333333	22
2.70996666666667	0
2.71330000000000	76
2.71663333333333	151
2.71996666666667	173
2.72330000000000	0
2.72663333333333	0
2.72996666666667	204
2.73328333333333	3
2.73661666666667	0
2.73996666666667	132
2.74330000000000	0
2.74663333333333	0
2.74996666666667	103
2.75330000000000	50
2.75663333333333	0
2.75996666666667	25
2.76330000000000	93
2.76663333333333	105
2.76996666666667	117
2.77328333333333	0
2.77663333333333	43
2.77996666666667	0
2.78330000000000	83
2.78663333333333	88
2.78995000000000	0
2.79330000000000	0
2.79663333333333	0
2.79996666666667	0
2.80330000000000	0
2.80663333333333	0
2.80996666666667	0
2.81330000000000	0
2.81663333333333	20
2.81996666666667	39
2.82330000000000	20
2.82663333333333	0
2.82996666666667	0
2.83330000000000	0
2.83663333333333	14
2.83996666666667	91
2.84330000000000	121
2.84663333333333	0
2.84996666666667	0
2.85330000000000	116
2.85663333333333	0
2.85996666666667	0
2.86330000000000	0
2.86663333333333	37
2.86996666666667	19
2.87330000000000	0
2.87663333333333	0
2.87996666666667	27
2.88330000000000	35
2.88663333333333	43
2.88996666666667	0
2.89330000000000	0
2.89663333333333	64
2.89996666666667	108
2.90330000000000	103
2.90663333333333	0
2.90996666666667	53
2.91330000000000	25
2.91663333333333	14
2.91996666666667	43
2.92330000000000	0
2.92663333333333	0
2.92996666666667	0
2.93330000000000	0
2.93663333333333	0
2.93996666666667	0
2.94330000000000	0
2.94663333333333	0
2.94996666666667	70
2.95328333333333	35
2.95663333333333	0
2.95996666666667	0
2.96330000000000	67
2.96663333333333	52
2.96996666666667	0
2.97328333333333	0
2.97661666666667	0
2.97996666666667	0
2.98330000000000	0
2.98661666666667	0
2.98995000000000	0
2.99328333333333	40
2.99663333333333	20
