0.50081666666667	0
0.50165000000000	0
0.50248333333333	0
0.50331666666667	0
0.50415000000000	0
0.50498333333333	0
0.50581666666667	0
0.50665000000000	0
0.50748333333333	0
0.50831666666667	0
0.50915000000000	0
0.50998333333333	0
0.51081666666667	0
0.51165000000000	0
0.51248333333333	0
0.51331666666667	0
0.51415000000000	0
0.51498333333333	0
0.51581666666667	0
0.51665000000000	0
0.51748333333333	0
0.51833333333333	0
0.51916666666667	0
0.52000000000000	0
0.52083333333333	0
0.52166666666667	0
0.52250000000000	0
0.52333333333333	0
0.52416666666667	0
0.52500000000000	0
0.52583333333333	0
0.52666666666667	0
0.52750000000000	0
0.52833333333333	0
0.52916666666667	0
0.53000000000000	0
0.53083333333333	0
0.53166666666667	0
0.53250000000000	0
0.53333333333333	0
0.53416666666667	0
0.53501666666667	0
0.53585000000000	0
0.53668333333333	0
0.53751666666667	0
0.53835000000000	0
0.53918333333333	0
0.54001666666667	0
0.54085000000000	0
0.54168333333333	0
0.54251666666667	0
0.54335000000000	0
0.54418333333333	0
0.54501666666667	0
0.54585000000000	0
0.54668333333333	0
0.54751666666667	0
0.54835000000000	0
0.54918333333333	0
0.55001666666667	0
0.55085000000000	0
0.55168333333333	0
0.55253333333333	0
0.55336666666667	0
0.55420000000000	0
0.55503333333333	0
0.55586666666667	0
0.55670000000000	0
0.55753333333333	0
0.55836666666667	0
0.55920000000000	0
0.56003333333333	0
0.56086666666667	0
0.56170000000000	0
0.56253333333333	0
0.56336666666667	0
0.56420000000000	0
0.56503333333333	0
0.56586666666667	0
0.56670000000000	0
0.56753333333333	0
0.56836666666667	0
0.56921666666667	0
0.57005000000000	74
0.57088333333333	37
0.57171666666667	0
0.57255000000000	0
0.57338333333333	0
0.57421666666667	0
0.57505000000000	0
0.57588333333333	0
0.57671666666667	0
0.57755000000000	0
0.57838333333333	0
0.57921666666667	0
0.58005000000000	0
0.58088333333333	0
0.58171666666667	0
0.58255000000000	0
0.58338333333333	0
0.58421666666667	0
0.58503333333333	0
0.58586666666667	0
0.58671666666667	0
0.58755000000000	0
0.58838333333333	0
0.58921666666667	0
0.59005000000000	0
0.59088333333333	0
0.59171666666667	0
0.59255000000000	0
0.59338333333333	0
0.59421666666667	0
0.59505000000000	0
0.59588333333333	0
0.59671666666667	0
0.59755000000000	0
0.59838333333333	0
0.59921666666667	0
0.60005000000000	0
0.60088333333333	0
0.60171666666667	0
0.60255000000000	0
0.60340000000000	0
0.60423333333333	0
0.60506666666667	0
0.60590000000000	0
0.60673333333333	0
0.60756666666667	0
0.60840000000000	0
0.60923333333333	0
0.61006666666667	0
0.61090000000000	0
0.61173333333333	0
0.61256666666667	0
0.61340000000000	0
0.61423333333333	0
0.61506666666667	0
0.61590000000000	0
0.61673333333333	0
0.61756666666667	0
0.61840000000000	0
0.61923333333333	0
0.62006666666667	0
0.62091666666667	0
0.62175000000000	0
0.62258333333333	0
0.62341666666667	0
0.62425000000000	0
0.62508333333333	0
0.62591666666667	0
0.62675000000000	0
0.62758333333333	0
0.62841666666667	0
0.62925000000000	0
0.63008333333333	0
0.63091666666667	0
0.63175000000000	0
0.63258333333333	0
0.63341666666667	0
0.63425000000000	0
0.63508333333333	0
0.63591666666667	0
0.63675000000000	0
0.63760000000000	0
0.63843333333333	0
0.63926666666667	0
0.64010000000000	0
0.64093333333333	0
0.64176666666667	0
0.64260000000000	0
0.64343333333333	0
0.64426666666667	0
0.64510000000000	0
0.64593333333333	0
0.64676666666667	0
0.64760000000000	0
0.64843333333333	0
0.64926666666667	0
0.65010000000000	0
0.65093333333333	0
0.65176666666667	0
0.65260000000000	0
0.65343333333333	0
0.65426666666667	0
0.65511666666667	0
0.65595000000000	0
0.65678333333333	0
0.65761666666667	0
0.65845000000000	0
0.65928333333333	0
0.66011666666667	0
0.66095000000000	0
0.66178333333333	0
0.66261666666667	0
0.66345000000000	0
0.66428333333333	0
0.66511666666667	0
0.66595000000000	0
0.66678333333333	0
0.66761666666667	0
0.66843333333333	0
0.66926666666667	0
0.67010000000000	0
0.67093333333333	0
0.67178333333333	0
0.67261666666667	0
0.67345000000000	0
0.67428333333333	0
0.67511666666667	0
0.67595000000000	0
0.67678333333333	0
0.67761666666667	0
0.67845000000000	0
0.67928333333333	0
0.68011666666667	0
0.68095000000000	0
0.68178333333333	0
0.68261666666667	0
0.68345000000000	0
0.68428333333333	0
0.68511666666667	0
0.68595000000000	0
0.68678333333333	0
0.68761666666667	0
0.68845000000000	0
0.68930000000000	0
0.69013333333333	0
0.69096666666667	0
0.69180000000000	0
0.69263333333333	0
0.69346666666667	0
0.69430000000000	0
0.69513333333333	0
0.69596666666667	0
0.69680000000000	0
0.69763333333333	0
0.69846666666667	0
0.69930000000000	0
0.70013333333333	0
0.70096666666667	0
0.70180000000000	0
0.70263333333333	0
0.70346666666667	0
0.70430000000000	0
0.70513333333333	0
0.70598333333333	0
0.70681666666667	0
0.70765000000000	0
0.70848333333333	0
0.70931666666667	0
0.71015000000000	0
0.71098333333333	0
0.71181666666667	0
0.71265000000000	0
0.71348333333333	0
0.71431666666667	0
0.71515000000000	0
0.71598333333333	0
0.71681666666667	0
0.71765000000000	0
0.71848333333333	0
0.71931666666667	0
0.72015000000000	0
0.72098333333333	0
0.72181666666667	0
0.72265000000000	0
0.72350000000000	0
0.72433333333333	0
0.72516666666667	0
0.72600000000000	0
0.72683333333333	0
0.72766666666667	0
0.72850000000000	0
0.72933333333333	0
0.73016666666667	0
0.73100000000000	0
0.73183333333333	0
0.73266666666667	0
0.73350000000000	0
0.73433333333333	0
0.73516666666667	0
0.73600000000000	0
0.73683333333333	0
0.73766666666667	0
0.73848333333333	0
0.73931666666667	0
0.74016666666667	0
0.74100000000000	0
0.74183333333333	0
0.74266666666667	0
0.74350000000000	0
0.74433333333333	0
0.74516666666667	0
0.74600000000000	0
0.74683333333333	0
0.74766666666667	0
0.74850000000000	0
0.74933333333333	0
0.75016666666667	0
0.75100000000000	0
0.75183333333333	0
0.75266666666667	0
0.75350000000000	0
0.75433333333333	0
0.75516666666667	0
0.75600000000000	0
0.75683333333333	0
0.75768333333333	0
0.75851666666667	0
0.75935000000000	0
0.76018333333333	0
0.76101666666667	0
0.76185000000000	0
0.76268333333333	0
0.76351666666667	0
0.76435000000000	0
0.76518333333333	0
0.76601666666667	0
0.76685000000000	0
0.76768333333333	0
0.76851666666667	0
0.76935000000000	0
0.77018333333333	0
0.77101666666667	0
0.77185000000000	0
0.77268333333333	0
0.77351666666667	0
0.77436666666667	0
0.77520000000000	0
0.77603333333333	0
0.77686666666667	0
0.77770000000000	0
0.77853333333333	0
0.77936666666667	0
0.78020000000000	0
0.78103333333333	0
0.78186666666667	0
0.78270000000000	0
0.78353333333333	0
0.78436666666667	0
0.78520000000000	0
0.78603333333333	0
0.78686666666667	0
0.78770000000000	0
0.78853333333333	0
0.78936666666667	0
0.79020000000000	0
0.79103333333333	0
0.79188333333333	0
0.79271666666667	0
0.79355000000000	0
0.79438333333333	0
0.79521666666667	0
0.79605000000000	0
0.79688333333333	0
0.79771666666667	0
0.79855000000000	0
0.79938333333333	0
0.80021666666667	0
0.80105000000000	0
0.80188333333333	0
0.80271666666667	0
0.80355000000000	0
0.80438333333333	0
0.80521666666667	0
0.80605000000000	0
0.80688333333333	0
0.80771666666667	0
0.80856666666667	0
0.80940000000000	0
0.81023333333333	0
0.81106666666667	0
0.81190000000000	0
0.81273333333333	0
0.81356666666667	0
0.81440000000000	0
0.81523333333333	0
0.81606666666667	0
0.81690000000000	0
0.81773333333333	0
0.81856666666667	0
0.81940000000000	0
0.82021666666667	0
0.82105000000000	0
0.82188333333333	0
0.82271666666667	0
0.82355000000000	0
0.82438333333333	0
0.82521666666667	0
0.82606666666667	0
0.82690000000000	0
0.82773333333333	0
0.82856666666667	0
0.82940000000000	0
0.83023333333333	0
0.83106666666667	0
0.83190000000000	0
0.83273333333333	0
0.83356666666667	0
0.83440000000000	0
0.83523333333333	0
0.83606666666667	0
0.83690000000000	0
0.83773333333333	0
0.83856666666667	0
0.83940000000000	0
0.84023333333333	0
0.84106666666667	0
0.84190000000000	0
0.84275000000000	0
0.84358333333333	0
0.84441666666667	0
0.84525000000000	0
0.84608333333333	0
0.84691666666667	0
0.84775000000000	0
0.84858333333333	0
0.84941666666667	0
0.85025000000000	0
0.85108333333333	0
0.85191666666667	0
0.85275000000000	0
0.85358333333333	0
0.85441666666667	0
0.85525000000000	0
0.85608333333333	0
0.85691666666667	0
0.85775000000000	0
0.85858333333333	0
0.85941666666667	0
0.86026666666667	0
0.86110000000000	0
0.86193333333333	0
0.86276666666667	0
0.86360000000000	0
0.86443333333333	0
0.86526666666667	0
0.86610000000000	0
0.86693333333333	0
0.86776666666667	0
0.86860000000000	0
0.86943333333333	0
0.87026666666667	0
0.87110000000000	0
0.87193333333333	0
0.87276666666667	0
0.87360000000000	0
0.87443333333333	0
0.87526666666667	0
0.87610000000000	0
0.87695000000000	0
0.87778333333333	0
0.87861666666667	0
0.87945000000000	0
0.88028333333333	0
0.88111666666667	0
0.88195000000000	0
0.88278333333333	0
0.88361666666667	0
0.88445000000000	0
0.88528333333333	0
0.88611666666667	0
0.88695000000000	0
0.88778333333333	0
0.88861666666667	0
0.88945000000000	0
0.89028333333333	0
0.89111666666667	0
0.89195000000000	0
0.89278333333333	0
0.89360000000000	0
0.89445000000000	0
0.89528333333333	0
0.89611666666667	0
0.89695000000000	0
0.89778333333333	0
0.89861666666667	0
0.89945000000000	0
0.90028333333333	0
0.90111666666667	0
0.90195000000000	0
0.90278333333333	0
0.90361666666667	0
0.90445000000000	0
0.90528333333333	0
0.90611666666667	0
0.90695000000000	0
0.90778333333333	0
0.90861666666667	0
0.90945000000000	0
0.91028333333333	0
0.91113333333333	0
0.91196666666667	0
0.91280000000000	0
0.91363333333333	0
0.91446666666667	0
0.91530000000000	0
0.91613333333333	0
0.91696666666667	0
0.91780000000000	0
0.91863333333333	0
0.91946666666667	0
0.92030000000000	0
0.92113333333333	0
0.92196666666667	0
0.92280000000000	0
0.92363333333333	0
0.92446666666667	0
0.92530000000000	0
0.92613333333333	0
0.92696666666667	0
0.92780000000000	0
0.92865000000000	0
0.92948333333333	0
0.93031666666667	0
0.93115000000000	0
0.93198333333333	0
0.93281666666667	0
0.93365000000000	0
0.93448333333333	0
0.93531666666667	0
0.93615000000000	0
0.93698333333333	0
0.93781666666667	0
0.93865000000000	0
0.93948333333333	0
0.94031666666667	0
0.94115000000000	0
0.94198333333333	0
0.94281666666667	0
0.94365000000000	0
0.94448333333333	0
0.94533333333333	0
0.94616666666667	0
0.94700000000000	0
0.94783333333333	0
0.94866666666667	0
0.94950000000000	0
0.95033333333333	0
0.95116666666667	0
0.95200000000000	0
0.95283333333333	0
0.95366666666667	0
0.95450000000000	0
0.95533333333333	0
0.95616666666667	0
0.95700000000000	0
0.95783333333333	0
0.95866666666667	0
0.95950000000000	0
0.96033333333333	0
0.96116666666667	0
0.96200000000000	0
0.96285000000000	0
0.96368333333333	0
0.96451666666667	0
0.96535000000000	0
0.96618333333333	0
0.96701666666667	0
0.96785000000000	0
0.96868333333333	0
0.96951666666667	0
0.97035000000000	0
0.97118333333333	0
0.97201666666667	0
0.97285000000000	0
0.97368333333333	0
0.97451666666667	0
0.97535000000000	0
0.97618333333333	0
0.97701666666667	0
0.97785000000000	0
0.97868333333333	0
0.97953333333333	0
0.98036666666667	0
0.98120000000000	0
0.98203333333333	0
0.98286666666667	0
0.98370000000000	0
0.98453333333333	0
0.98536666666667	0
0.98620000000000	0
0.98703333333333	0
0.98786666666667	0
0.98870000000000	208
0.98953333333333	104
0.99036666666667	0
0.99120000000000	0
0.99201666666667	0
0.99285000000000	0
0.99368333333333	0
0.99451666666667	0
0.99535000000000	0
0.99618333333333	0
0.99703333333333	0
0.99786666666667	0
0.99870000000000	0
0.99953333333333	0
1.00036666666667	197
1.00120000000000	98
1.00203333333333	0
1.00286666666667	0
1.00370000000000	0
1.00453333333333	0
1.00536666666667	0
1.00620000000000	0
1.00703333333333	0
1.00786666666667	0
1.00870000000000	0
1.00953333333333	0
1.01036666666667	512
1.01120000000000	1002
1.01203333333333	762
1.01286666666667	522
1.01371666666667	940
1.01455000000000	1198
1.01538333333333	960
1.01621666666667	207
1.01705000000000	351
1.01788333333333	810
1.01871666666667	0
1.01955000000000	0
1.02038333333333	776
1.02121666666667	0
1.02205000000000	0
1.02288333333333	0
1.02371666666667	131
1.02455000000000	262
1.02538333333333	341
1.02621666666667	420
1.02705000000000	425
1.02788333333333	236
1.02871666666667	47
1.02955000000000	358
1.03038333333333	305
1.03123333333333	338
1.03206666666667	30
1.03290000000000	15
1.03373333333333	0
1.03456666666667	739
1.03540000000000	1027
1.03623333333333	421
1.03706666666667	0
1.03790000000000	138
1.03873333333333	358
1.03956666666667	578
1.04040000000000	963
1.04123333333333	1210
1.04206666666667	17
1.04290000000000	1578
1.04373333333333	493
1.04456666666667	0
1.04540000000000	1051
1.04623333333333	295
1.04706666666667	462
1.04791666666667	0
1.04875000000000	148
1.04958333333333	297
1.05041666666667	438
1.05125000000000	765
1.05208333333333	1254
1.05291666666667	1093
1.05375000000000	1595
1.05458333333333	79
1.05541666666667	872
1.05625000000000	1022
1.05708333333333	791
1.05791666666667	1876
1.05875000000000	1470
1.05958333333333	1065
1.06041666666667	114
1.06125000000000	1383
1.06208333333333	489
1.06291666666667	1028
1.06375000000000	276
1.06458333333333	1025
1.06543333333333	843
1.06626666666667	661
1.06710000000000	1129
1.06793333333333	1597
1.06876666666667	1694
1.06960000000000	1790
1.07043333333333	645
1.07126666666667	875
1.07210000000000	1089
1.07293333333333	847
1.07376666666667	605
1.07460000000000	1113
1.07543333333333	689
1.07626666666667	265
1.07710000000000	849
1.07793333333333	976
1.07876666666667	1104
1.07960000000000	1947
1.08043333333333	1700
1.08126666666667	1452
1.08211666666667	2052
1.08295000000000	1734
1.08378333333333	1262
1.08461666666667	789
1.08545000000000	4090
1.08628333333333	3648
1.08711666666667	2205
1.08795000000000	2690
1.08878333333333	3175
1.08961666666667	4149
1.09045000000000	3684
1.09128333333333	3218
1.09211666666667	4686
1.09295000000000	4758
1.09378333333333	3692
1.09461666666667	2625
1.09545000000000	3589
1.09628333333333	6819
1.09711666666667	6356
1.09795000000000	6263
1.09878333333333	9620
1.09963333333333	15108
1.10046666666667	14688
1.10130000000000	16904
1.10213333333333	15920
1.10296666666667	16544
1.10380000000000	20508
1.10463333333333	18776
1.10546666666667	17040
1.10630000000000	18876
1.10713333333333	25196
1.10796666666667	25792
1.10880000000000	26388
1.10963333333333	40368
1.11046666666667	40912
1.11130000000000	43664
1.11213333333333	37776
1.11296666666667	46800
1.11380000000000	43808
1.11463333333333	37696
1.11546666666667	34208
1.11631666666667	47280
1.11715000000000	46912
1.11798333333333	52656
1.11881666666667	46256
1.11965000000000	40368
1.12048333333333	42416
1.12131666666667	46848
1.12215000000000	46000
1.12298333333333	42976
1.12381666666667	39936
1.12465000000000	38608
1.12548333333333	46512
1.12631666666667	44208
1.12715000000000	29500
1.12798333333333	50768
1.12881666666667	29760
1.12965000000000	38512
1.13048333333333	46656
1.13131666666667	39120
1.13215000000000	36320
1.13298333333333	27184
1.13383333333333	35440
1.13466666666667	36112
1.13550000000000	32348
1.13633333333333	21140
1.13716666666667	27888
1.13800000000000	27872
1.13883333333333	26964
1.13966666666667	24792
1.14050000000000	26508
1.14133333333333	24168
1.14216666666667	25380
1.14300000000000	21716
1.14383333333333	19184
1.14466666666667	21828
1.14550000000000	20180
1.14633333333333	18528
1.14716666666667	22676
1.14800000000000	18852
1.14881666666667	16272
1.14965000000000	14864
1.15050000000000	20828
1.15133333333333	13092
1.15216666666667	14020
1.15300000000000	22216
1.15383333333333	13000
1.15466666666667	17824
1.15550000000000	7943
1.15633333333333	12112
1.15716666666667	15636
1.15800000000000	19000
1.15883333333333	12884
1.15966666666667	13368
1.16050000000000	12788
1.16133333333333	14320
1.16216666666667	9584
1.16300000000000	7898
1.16383333333333	12296
1.16466666666667	9808
1.16550000000000	9720
1.16633333333333	10248
1.16716666666667	9736
1.16801666666667	10496
1.16885000000000	11252
1.16968333333333	11848
1.17051666666667	7764
1.17135000000000	7906
1.17218333333333	6275
1.17301666666667	8134
1.17385000000000	9992
1.17468333333333	11780
1.17551666666667	4945
1.17635000000000	9424
1.17718333333333	5145
1.17801666666667	4124
1.17885000000000	6249
1.17968333333333	7478
1.18051666666667	9228
1.18135000000000	2298
1.18218333333333	5559
1.18301666666667	6455
1.18385000000000	7502
1.18470000000000	4721
1.18553333333333	7251
1.18636666666667	6101
1.18720000000000	4400
1.18803333333333	4657
1.18886666666667	4913
1.18970000000000	4525
1.19053333333333	4137
1.19136666666667	3981
1.19220000000000	4403
1.19303333333333	3457
1.19386666666667	2512
1.19470000000000	2661
1.19553333333333	2810
1.19636666666667	3240
1.19720000000000	3671
1.19803333333333	3468
1.19886666666667	3266
1.19970000000000	3974
1.20053333333333	4681
1.20136666666667	4671
1.20221666666667	3477
1.20305000000000	2303
1.20388333333333	3649
1.20471666666667	2802
1.20555000000000	4110
1.20638333333333	3246
1.20721666666667	2381
1.20805000000000	3286
1.20888333333333	1779
1.20971666666667	3739
1.21055000000000	3381
1.21138333333333	2738
1.21221666666667	447
1.21305000000000	3514
1.21388333333333	1735
1.21471666666667	1867
1.21555000000000	3428
1.21638333333333	1957
1.21721666666667	1060
1.21805000000000	2147
1.21890000000000	2380
1.21973333333333	1406
1.22056666666667	1155
1.22140000000000	1363
1.22223333333333	1383
1.22306666666667	1403
1.22390000000000	1749
1.22473333333333	1981
1.22556666666667	1062
1.22640000000000	1246
1.22723333333333	1429
1.22806666666667	2034
1.22890000000000	1876
1.22973333333333	2471
1.23056666666667	3066
1.23140000000000	1034
1.23223333333333	1089
1.23306666666667	1838
1.23390000000000	1185
1.23473333333333	1318
1.23556666666667	1208
1.23641666666667	954
1.23725000000000	700
1.23808333333333	1545
1.23891666666667	331
1.23975000000000	1892
1.24058333333333	0
1.24141666666667	1522
1.24225000000000	765
1.24308333333333	555
1.24391666666667	836
1.24475000000000	1118
1.24558333333333	1163
1.24641666666667	981
1.24725000000000	798
1.24808333333333	1078
1.24891666666667	831
1.24975000000000	733
1.25058333333333	395
1.25140000000000	589
1.25223333333333	783
1.25308333333333	804
1.25391666666667	825
1.25475000000000	807
1.25558333333333	792
1.25641666666667	776
1.25725000000000	610
1.25808333333333	556
1.25891666666667	416
1.25975000000000	533
1.26058333333333	649
1.26141666666667	97
1.26225000000000	847
1.26308333333333	631
1.26391666666667	660
1.26475000000000	811
1.26558333333333	454
1.26641666666667	0
1.26725000000000	0
1.26808333333333	0
1.26891666666667	132
1.26975000000000	263
1.27060000000000	266
1.27143333333333	264
1.27226666666667	419
1.27310000000000	210
1.27393333333333	0
1.27476666666667	0
1.27560000000000	0
1.27643333333333	0
1.27726666666667	0
1.27810000000000	0
1.27893333333333	0
1.27976666666667	199
1.28060000000000	99
1.28143333333333	0
1.28226666666667	0
1.28310000000000	0
1.28393333333333	0
1.28476666666667	0
1.28560000000000	0
1.28643333333333	0
1.28728333333333	88
1.28811666666667	176
1.28895000000000	88
1.28978333333333	0
1.29061666666667	208
1.29145000000000	0
1.29228333333333	310
1.29311666666667	221
1.29395000000000	341
1.29478333333333	279
1.29561666666667	205
1.29645000000000	0
1.29728333333333	304
1.29811666666667	0
1.29895000000000	0
1.29978333333333	54
1.30061666666667	0
1.30145000000000	0
1.30228333333333	0
1.30311666666667	0
1.30395000000000	0
1.30480000000000	165
1.30563333333333	330
1.30646666666667	165
1.30730000000000	0
1.30813333333333	0
1.30896666666667	0
1.30980000000000	0
1.31063333333333	0
1.31146666666667	0
1.31230000000000	0
1.31313333333333	0
1.31396666666667	0
1.31480000000000	0
1.31563333333333	0
1.31646666666667	0
1.31730000000000	67
1.31813333333333	34
1.31896666666667	0
1.31980000000000	117
1.32063333333333	235
1.32148333333333	211
1.32231666666667	186
1.32315000000000	0
1.32398333333333	272
1.32481666666667	0
1.32565000000000	354
1.32648333333333	0
1.32731666666667	359
1.32815000000000	0
1.32898333333333	0
1.32981666666667	307
1.33065000000000	0
1.33148333333333	0
1.33231666666667	0
1.33315000000000	0
1.33398333333333	0
1.33481666666667	0
1.33563333333333	0
1.33646666666667	0
1.33730000000000	142
1.33813333333333	71
1.33898333333333	0
1.33981666666667	112
1.34065000000000	471
1.34148333333333	642
1.34231666666667	458
1.34315000000000	0
1.34398333333333	0
1.34481666666667	291
1.34565000000000	0
1.34648333333333	0
1.34731666666667	0
1.34815000000000	0
1.34898333333333	0
1.34981666666667	0
1.35065000000000	0
1.35148333333333	239
1.35231666666667	478
1.35315000000000	806
1.35398333333333	689
1.35481666666667	0
1.35566666666667	400
1.35650000000000	0
1.35733333333333	0
1.35816666666667	0
1.35900000000000	0
1.35983333333333	0
1.36066666666667	0
1.36150000000000	111
1.36233333333333	56
1.36316666666667	0
1.36400000000000	0
1.36483333333333	0
1.36566666666667	0
1.36650000000000	0
1.36733333333333	0
1.36816666666667	0
1.36900000000000	0
1.36983333333333	0
1.37066666666667	0
1.37150000000000	0
1.37233333333333	0
1.37318333333333	0
1.37401666666667	0
1.37485000000000	0
1.37568333333333	0
1.37651666666667	0
1.37735000000000	0
1.37818333333333	0
1.37901666666667	0
1.37985000000000	569
1.38068333333333	813
1.38151666666667	302
1.38235000000000	0
1.38318333333333	0
1.38401666666667	0
1.38485000000000	403
1.38568333333333	424
1.38651666666667	0
1.38735000000000	0
1.38818333333333	193
1.38901666666667	0
1.38986666666667	0
1.39070000000000	0
1.39153333333333	0
1.39236666666667	0
1.39320000000000	283
1.39403333333333	381
1.39486666666667	393
1.39570000000000	0
1.39653333333333	0
1.39736666666667	0
1.39820000000000	0
1.39903333333333	0
1.39986666666667	0
1.40070000000000	0
1.40153333333333	9
1.40236666666667	4
1.40320000000000	0
1.40403333333333	0
1.40486666666667	0
1.40570000000000	0
1.40653333333333	0
1.40738333333333	0
1.40821666666667	0
1.40905000000000	0
1.40988333333333	0
1.41071666666667	0
1.41155000000000	0
1.41238333333333	0
1.41321666666667	0
1.41405000000000	0
1.41488333333333	0
1.41571666666667	0
1.41655000000000	0
1.41738333333333	0
1.41821666666667	0
1.41905000000000	0
1.41988333333333	0
1.42071666666667	0
1.42155000000000	0
1.42238333333333	0
1.42321666666667	180
1.42406666666667	360
1.42490000000000	266
1.42573333333333	133
1.42656666666667	0
1.42740000000000	0
1.42823333333333	0
1.42906666666667	0
1.42990000000000	0
1.43073333333333	0
1.43156666666667	0
1.43240000000000	0
1.43323333333333	0
1.43406666666667	0
1.43490000000000	0
1.43573333333333	309
1.43656666666667	333
1.43740000000000	0
1.43823333333333	0
1.43906666666667	0
1.43990000000000	0
1.44073333333333	0
1.44158333333333	0
1.44241666666667	0
1.44325000000000	0
1.44408333333333	242
1.44491666666667	121
1.44575000000000	0
1.44658333333333	0
1.44741666666667	0
1.44825000000000	0
1.44908333333333	0
1.44991666666667	0
1.45075000000000	0
1.45158333333333	0
1.45241666666667	0
1.45325000000000	0
1.45408333333333	0
1.45491666666667	0
1.45575000000000	0
1.45658333333333	0
1.45740000000000	0
1.45825000000000	0
1.45908333333333	0
1.45991666666667	0
1.46075000000000	0
1.46158333333333	0
1.46241666666667	0
1.46325000000000	0
1.46408333333333	0
1.46491666666667	0
1.46575000000000	0
1.46658333333333	0
1.46741666666667	0
1.46825000000000	0
1.46908333333333	0
1.46991666666667	0
1.47075000000000	0
1.47158333333333	0
1.47241666666667	0
1.47325000000000	0
1.47408333333333	0
1.47491666666667	0
1.47576666666667	0
1.47660000000000	323
1.47743333333333	162
1.47826666666667	0
1.47910000000000	48
1.47993333333333	0
1.48076666666667	0
1.48160000000000	0
1.48243333333333	0
1.48326666666667	0
1.48410000000000	0
1.48493333333333	0
1.48576666666667	0
1.48660000000000	0
1.48743333333333	0
1.48826666666667	0
1.48910000000000	0
1.48993333333333	0
1.49076666666667	0
1.49160000000000	0
1.49245000000000	0
1.49328333333333	0
1.49411666666667	0
1.49495000000000	0
1.49578333333333	0
1.49661666666667	0
1.49745000000000	0
1.49828333333333	0
1.49911666666667	0
1.49995000000000	0
1.50078333333333	0
1.50161666666667	0
1.50245000000000	0
1.50328333333333	0
1.50411666666667	0
1.50495000000000	0
1.50578333333333	0
1.50661666666667	0
1.50745000000000	0
1.50828333333333	0
1.50911666666667	0
1.50996666666667	0
1.51080000000000	0
1.51163333333333	0
1.51246666666667	0
1.51330000000000	0
1.51413333333333	0
1.51496666666667	0
1.51580000000000	0
1.51663333333333	0
1.51746666666667	0
1.51830000000000	0
1.51913333333333	0
1.51996666666667	0
1.52080000000000	0
1.52163333333333	0
1.52246666666667	0
1.52330000000000	0
1.52413333333333	0
1.52496666666667	0
1.52580000000000	0
1.52665000000000	0
1.52748333333333	0
1.52831666666667	0
1.52915000000000	0
1.52998333333333	0
1.53081666666667	0
1.53165000000000	0
1.53248333333333	307
1.53331666666667	153
1.53415000000000	0
1.53498333333333	0
1.53581666666667	0
1.53665000000000	0
1.53748333333333	0
1.53831666666667	0
1.53913333333333	0
1.53996666666667	0
1.54080000000000	0
1.54163333333333	27
1.54246666666667	13
1.54330000000000	0
1.54415000000000	89
1.54498333333333	45
1.54581666666667	0
1.54665000000000	0
1.54748333333333	0
1.54831666666667	0
1.54915000000000	0
1.54998333333333	0
1.55081666666667	0
1.55165000000000	0
1.55248333333333	0
1.55331666666667	0
1.55415000000000	0
1.55498333333333	0
1.55581666666667	361
1.55665000000000	436
1.55748333333333	322
1.55831666666667	0
1.55915000000000	0
1.55998333333333	0
1.56083333333333	0
1.56166666666667	0
1.56250000000000	0
1.56333333333333	0
1.56416666666667	0
1.56500000000000	0
1.56583333333333	0
1.56666666666667	0
1.56750000000000	0
1.56833333333333	0
1.56916666666667	0
1.57000000000000	0
1.57083333333333	0
1.57166666666667	0
1.57250000000000	31
1.57333333333333	16
1.57416666666667	0
1.57500000000000	0
1.57583333333333	0
1.57666666666667	0
1.57750000000000	0
1.57835000000000	0
1.57918333333333	0
1.58001666666667	0
1.58085000000000	0
1.58168333333333	0
1.58251666666667	0
1.58335000000000	0
1.58418333333333	0
1.58501666666667	0
1.58585000000000	0
1.58668333333333	0
1.58751666666667	0
1.58835000000000	0
1.58918333333333	0
1.59001666666667	0
1.59085000000000	0
1.59168333333333	0
1.59251666666667	0
1.59335000000000	0
1.59418333333333	0
1.59503333333333	0
1.59586666666667	0
1.59670000000000	0
1.59753333333333	0
1.59836666666667	0
1.59920000000000	0
1.60003333333333	0
1.60086666666667	0
1.60170000000000	0
1.60253333333333	0
1.60336666666667	0
1.60420000000000	0
1.60503333333333	0
1.60586666666667	23
1.60670000000000	12
1.60753333333333	0
1.60836666666667	0
1.60920000000000	0
1.61003333333333	0
1.61086666666667	0
1.61170000000000	0
1.61255000000000	0
1.61338333333333	0
1.61421666666667	0
1.61505000000000	0
1.61588333333333	0
1.61671666666667	0
1.61755000000000	0
1.61838333333333	0
1.61921666666667	0
1.62005000000000	0
1.62088333333333	0
1.62171666666667	0
1.62255000000000	0
1.62338333333333	0
1.62421666666667	0
1.62505000000000	0
1.62586666666667	0
1.62670000000000	0
1.62753333333333	0
1.62836666666667	0
1.62921666666667	0
1.63005000000000	0
1.63088333333333	0
1.63171666666667	0
1.63255000000000	0
1.63338333333333	0
1.63421666666667	0
1.63505000000000	0
1.63588333333333	0
1.63671666666667	0
1.63755000000000	0
1.63838333333333	0
1.63921666666667	0
1.64005000000000	0
1.64088333333333	0
1.64171666666667	0
1.64255000000000	0
1.64338333333333	0
1.64421666666667	0
1.64505000000000	0
1.64588333333333	0
1.64673333333333	0
1.64756666666667	0
1.64840000000000	0
1.64923333333333	0
1.65006666666667	0
1.65090000000000	0
1.65173333333333	0
1.65256666666667	0
1.65340000000000	0
1.65423333333333	0
1.65506666666667	0
1.65590000000000	0
1.65673333333333	0
1.65756666666667	0
1.65840000000000	0
1.65923333333333	0
1.66006666666667	0
1.66090000000000	0
1.66173333333333	0
1.66256666666667	0
1.66341666666667	0
1.66425000000000	0
1.66508333333333	0
1.66591666666667	0
1.66675000000000	0
1.66758333333333	0
1.66841666666667	0
1.66925000000000	0
1.67008333333333	0
1.67091666666667	0
1.67175000000000	0
1.67258333333333	0
1.67341666666667	0
1.67425000000000	0
1.67508333333333	308
1.67591666666667	236
1.67675000000000	0
1.67758333333333	304
1.67841666666667	365
1.67925000000000	0
1.68008333333333	282
1.68093333333333	0
1.68176666666667	0
1.68260000000000	45
1.68343333333333	23
1.68426666666667	0
1.68510000000000	0
1.68593333333333	0
1.68676666666667	0
1.68760000000000	0
1.68843333333333	0
1.68926666666667	0
1.69010000000000	0
1.69093333333333	0
1.69176666666667	0
1.69260000000000	0
1.69343333333333	0
1.69426666666667	0
1.69510000000000	0
1.69593333333333	0
1.69676666666667	0
1.69761666666667	0
1.69845000000000	0
1.69928333333333	0
1.70011666666667	0
1.70095000000000	0
1.70178333333333	0
1.70261666666667	0
1.70345000000000	0
1.70428333333333	0
1.70511666666667	0
1.70595000000000	0
1.70678333333333	0
1.70761666666667	0
1.70845000000000	0
1.70928333333333	0
1.71011666666667	0
1.71095000000000	0
1.71178333333333	0
1.71261666666667	0
1.71345000000000	0
1.71428333333333	0
1.71513333333333	408
1.71596666666667	548
1.71680000000000	0
1.71763333333333	0
1.71846666666667	0
1.71930000000000	0
1.72013333333333	0
1.72096666666667	0
1.72180000000000	0
1.72263333333333	0
1.72346666666667	0
1.72430000000000	0
1.72513333333333	0
1.72596666666667	0
1.72680000000000	0
1.72763333333333	0
1.72846666666667	0
1.72930000000000	0
1.73013333333333	0
1.73096666666667	0
1.73181666666667	0
1.73265000000000	0
1.73348333333333	0
1.73431666666667	0
1.73515000000000	0
1.73598333333333	0
1.73681666666667	0
1.73765000000000	0
1.73848333333333	0
1.73931666666667	0
1.74015000000000	0
1.74098333333333	0
1.74181666666667	0
1.74265000000000	0
1.74348333333333	0
1.74431666666667	0
1.74515000000000	0
1.74598333333333	0
1.74681666666667	0
1.74765000000000	0
1.74848333333333	0
1.74933333333333	0
1.75016666666667	0
1.75100000000000	0
1.75183333333333	0
1.75266666666667	0
1.75350000000000	0
1.75433333333333	0
1.75516666666667	0
1.75600000000000	0
1.75683333333333	0
1.75766666666667	0
1.75850000000000	0
1.75933333333333	0
1.76016666666667	0
1.76100000000000	0
1.76183333333333	0
1.76266666666667	0
1.76350000000000	0
1.76433333333333	0
1.76516666666667	0
1.76601666666667	0
1.76685000000000	0
1.76768333333333	0
1.76851666666667	0
1.76935000000000	0
1.77018333333333	0
1.77101666666667	0
1.77185000000000	0
1.77268333333333	0
1.77351666666667	0
1.77435000000000	0
1.77518333333333	0
1.77600000000000	0
1.77683333333333	0
1.77766666666667	0
1.77850000000000	0
1.77933333333333	0
1.78016666666667	0
1.78100000000000	119
1.78183333333333	60
1.78266666666667	0
1.78351666666667	0
1.78435000000000	0
1.78518333333333	0
1.78601666666667	0
1.78685000000000	0
1.78768333333333	0
1.78851666666667	0
1.78935000000000	0
1.79018333333333	0
1.79101666666667	0
1.79185000000000	0
1.79268333333333	0
1.79351666666667	0
1.79435000000000	0
1.79518333333333	0
1.79601666666667	0
1.79685000000000	0
1.79768333333333	0
1.79851666666667	0
1.79935000000000	0
1.80020000000000	0
1.80103333333333	0
1.80186666666667	0
1.80270000000000	0
1.80353333333333	0
1.80436666666667	0
1.80520000000000	0
1.80603333333333	0
1.80686666666667	0
1.80770000000000	0
1.80853333333333	0
1.80936666666667	0
1.81020000000000	0
1.81103333333333	0
1.81186666666667	0
1.81270000000000	0
1.81353333333333	0
1.81436666666667	0
1.81520000000000	0
1.81603333333333	0
1.81686666666667	0
1.81771666666667	0
1.81855000000000	0
1.81938333333333	0
1.82021666666667	0
1.82105000000000	0
1.82188333333333	0
1.82271666666667	0
1.82355000000000	0
1.82438333333333	0
1.82521666666667	0
1.82605000000000	0
1.82688333333333	0
1.82771666666667	0
1.82855000000000	0
1.82938333333333	0
1.83021666666667	0
1.83105000000000	0
1.83188333333333	0
1.83271666666667	0
1.83355000000000	0
1.83440000000000	0
1.83523333333333	0
1.83606666666667	0
1.83690000000000	0
1.83773333333333	0
1.83856666666667	0
1.83940000000000	0
1.84023333333333	0
1.84106666666667	0
1.84190000000000	0
1.84273333333333	0
1.84356666666667	0
1.84440000000000	0
1.84523333333333	0
1.84606666666667	0
1.84690000000000	0
1.84773333333333	0
1.84856666666667	0
1.84940000000000	0
1.85023333333333	0
1.85106666666667	0
1.85191666666667	0
1.85275000000000	0
1.85358333333333	0
1.85441666666667	0
1.85525000000000	0
1.85608333333333	0
1.85691666666667	0
1.85775000000000	0
1.85858333333333	0
1.85941666666667	0
1.86025000000000	0
1.86108333333333	0
1.86191666666667	0
1.86273333333333	0
1.86356666666667	0
1.86440000000000	0
1.86523333333333	0
1.86606666666667	0
1.86690000000000	0
1.86773333333333	0
1.86858333333333	0
1.86941666666667	0
1.87025000000000	0
1.87108333333333	0
1.87191666666667	0
1.87275000000000	0
1.87358333333333	0
1.87441666666667	0
1.87525000000000	0
1.87608333333333	0
1.87691666666667	0
1.87775000000000	0
1.87858333333333	0
1.87941666666667	0
1.88025000000000	0
1.88108333333333	0
1.88191666666667	0
1.88275000000000	0
1.88358333333333	0
1.88441666666667	0
1.88525000000000	0
1.88610000000000	0
1.88693333333333	0
1.88776666666667	0
1.88860000000000	0
1.88943333333333	0
1.89026666666667	0
1.89110000000000	280
1.89193333333333	279
1.89276666666667	270
1.89360000000000	0
1.89443333333333	0
1.89526666666667	0
1.89610000000000	0
1.89693333333333	0
1.89776666666667	0
1.89860000000000	0
1.89943333333333	0
1.90026666666667	0
1.90110000000000	0
1.90193333333333	0
1.90278333333333	0
1.90361666666667	0
1.90445000000000	0
1.90528333333333	0
1.90611666666667	0
1.90695000000000	0
1.90778333333333	0
1.90861666666667	0
1.90945000000000	0
1.91028333333333	0
1.91111666666667	21
1.91195000000000	11
1.91278333333333	0
1.91361666666667	0
1.91445000000000	0
1.91528333333333	0
1.91611666666667	0
1.91695000000000	0
1.91778333333333	0
1.91861666666667	0
1.91945000000000	0
1.92030000000000	0
1.92113333333333	0
1.92196666666667	0
1.92280000000000	0
1.92363333333333	0
1.92446666666667	0
1.92530000000000	0
1.92613333333333	0
1.92696666666667	0
1.92780000000000	0
1.92863333333333	0
1.92946666666667	0
1.93030000000000	0
1.93113333333333	0
1.93196666666667	0
1.93280000000000	0
1.93363333333333	0
1.93446666666667	0
1.93530000000000	0
1.93613333333333	0
1.93698333333333	0
1.93781666666667	0
1.93865000000000	0
1.93948333333333	0
1.94031666666667	0
1.94115000000000	0
1.94198333333333	0
1.94281666666667	0
1.94365000000000	0
1.94448333333333	0
1.94531666666667	0
1.94615000000000	0
1.94698333333333	0
1.94781666666667	0
1.94863333333333	0
1.94946666666667	0
1.95030000000000	0
1.95113333333333	0
1.95196666666667	0
1.95280000000000	0
1.95363333333333	0
1.95448333333333	0
1.95531666666667	0
1.95615000000000	0
1.95698333333333	0
1.95781666666667	0
1.95865000000000	0
1.95948333333333	0
1.96031666666667	0
1.96115000000000	0
1.96198333333333	0
1.96281666666667	0
1.96365000000000	0
1.96448333333333	0
1.96531666666667	0
1.96615000000000	0
1.96698333333333	0
1.96781666666667	0
1.96865000000000	0
1.96948333333333	0
1.97031666666667	0
1.97116666666667	0
1.97200000000000	0
1.97283333333333	0
1.97366666666667	0
1.97450000000000	0
1.97533333333333	0
1.97616666666667	0
1.97700000000000	0
1.97783333333333	0
1.97866666666667	0
1.97950000000000	0
1.98033333333333	0
1.98116666666667	0
1.98200000000000	356
1.98283333333333	178
1.98366666666667	0
1.98450000000000	0
1.98533333333333	0
1.98616666666667	0
1.98700000000000	0
1.98783333333333	0
1.98868333333333	0
1.98951666666667	0
1.99035000000000	0
1.99118333333333	0
1.99201666666667	0
1.99285000000000	0
1.99368333333333	0
1.99451666666667	0
1.99535000000000	0
1.99618333333333	0
1.99701666666667	0
1.99785000000000	0
1.99868333333333	0
1.99951666666667	0
2.00035000000000	0
2.00118333333333	0
2.00201666666667	0
2.00285000000000	0
2.00368333333333	0
2.00451666666667	0
2.00536666666667	0
2.00620000000000	0
2.00703333333333	0
2.00786666666667	0
2.00870000000000	0
2.00953333333333	0
2.01036666666667	0
2.01120000000000	0
2.01203333333333	0
2.01286666666667	0
2.01370000000000	0
2.01453333333333	0
2.01536666666667	0
2.01620000000000	0
2.01703333333333	0
2.01786666666667	0
2.01870000000000	0
2.01953333333333	0
2.02036666666667	0
2.02120000000000	0
2.02203333333333	0
2.02288333333333	0
2.02371666666667	0
2.02455000000000	0
2.02538333333333	0
2.02621666666667	0
2.02705000000000	0
2.02788333333333	0
2.02871666666667	0
2.02955000000000	0
2.03038333333333	0
2.03121666666667	0
2.03205000000000	0
2.03288333333333	0
2.03371666666667	0
2.03455000000000	0
2.03538333333333	0
2.03621666666667	0
2.03705000000000	0
2.03788333333333	0
2.03871666666667	0
2.03956666666667	0
2.04040000000000	0
2.04123333333333	0
2.04206666666667	0
2.04290000000000	0
2.04373333333333	0
2.04456666666667	0
2.04540000000000	0
2.04623333333333	0
2.04706666666667	0
2.04790000000000	0
2.04873333333333	0
2.04956666666667	0
2.05040000000000	0
2.05123333333333	0
2.05206666666667	0
2.05290000000000	0
2.05373333333333	0
2.05456666666667	0
2.05538333333333	0
2.05621666666667	0
2.05706666666667	0
2.05790000000000	0
2.05873333333333	0
2.05956666666667	0
2.06040000000000	0
2.06123333333333	0
2.06206666666667	0
2.06290000000000	0
2.06373333333333	0
2.06456666666667	0
2.06540000000000	0
2.06623333333333	0
2.06706666666667	0
2.06790000000000	0
2.06873333333333	0
2.06956666666667	0
2.07040000000000	0
2.07123333333333	0
2.07206666666667	0
2.07290000000000	0
2.07375000000000	0
2.07458333333333	0
2.07541666666667	0
2.07625000000000	0
2.07708333333333	0
2.07791666666667	0
2.07875000000000	0
2.07958333333333	0
2.08041666666667	0
2.08125000000000	0
2.08208333333333	0
2.08291666666667	0
2.08375000000000	0
2.08458333333333	0
2.08541666666667	0
2.08625000000000	0
2.08708333333333	0
2.08791666666667	0
2.08875000000000	0
2.08958333333333	0
2.09041666666667	0
2.09126666666667	0
2.09210000000000	0
2.09293333333333	31
2.09376666666667	16
2.09460000000000	0
2.09543333333333	0
2.09626666666667	0
2.09710000000000	0
2.09793333333333	0
2.09876666666667	0
2.09960000000000	0
2.10043333333333	0
2.10126666666667	0
2.10210000000000	0
2.10293333333333	0
2.10376666666667	0
2.10460000000000	0
2.10543333333333	0
2.10626666666667	0
2.10710000000000	0
2.10795000000000	0
2.10878333333333	0
2.10961666666667	0
2.11045000000000	0
2.11128333333333	0
2.11211666666667	0
2.11295000000000	0
2.11378333333333	0
2.11461666666667	0
2.11545000000000	0
2.11628333333333	0
2.11711666666667	0
2.11795000000000	0
2.11878333333333	0
2.11961666666667	0
2.12045000000000	0
2.12128333333333	0
2.12211666666667	0
2.12295000000000	0
2.12378333333333	0
2.12461666666667	0
2.12546666666667	0
2.12630000000000	0
2.12713333333333	0
2.12796666666667	0
2.12880000000000	0
2.12963333333333	0
2.13046666666667	0
2.13130000000000	0
2.13213333333333	0
2.13296666666667	0
2.13380000000000	0
2.13463333333333	0
2.13546666666667	0
2.13628333333333	0
2.13711666666667	0
2.13795000000000	0
2.13878333333333	0
2.13961666666667	0
2.14045000000000	0
2.14128333333333	0
2.14213333333333	0
2.14296666666667	0
2.14380000000000	0
2.14463333333333	0
2.14546666666667	0
2.14630000000000	0
2.14713333333333	0
2.14796666666667	0
2.14880000000000	0
2.14963333333333	0
2.15046666666667	0
2.15130000000000	0
2.15213333333333	0
2.15296666666667	0
2.15380000000000	0
2.15463333333333	0
2.15546666666667	0
2.15630000000000	0
2.15713333333333	0
2.15796666666667	0
2.15880000000000	0
2.15965000000000	0
2.16048333333333	0
2.16131666666667	0
2.16215000000000	0
2.16298333333333	0
2.16381666666667	0
2.16465000000000	0
2.16548333333333	0
2.16631666666667	0
2.16715000000000	0
2.16798333333333	0
2.16881666666667	0
2.16965000000000	0
2.17048333333333	0
2.17131666666667	0
2.17215000000000	0
2.17298333333333	0
2.17381666666667	0
2.17465000000000	0
2.17548333333333	0
2.17633333333333	0
2.17716666666667	0
2.17800000000000	0
2.17883333333333	0
2.17966666666667	0
2.18050000000000	0
2.18133333333333	0
2.18216666666667	0
2.18300000000000	0
2.18383333333333	0
2.18466666666667	0
2.18550000000000	0
2.18633333333333	168
2.18716666666667	84
2.18800000000000	0
2.18883333333333	0
2.18966666666667	0
2.19050000000000	0
2.19133333333333	0
2.19216666666667	0
2.19300000000000	0
2.19385000000000	0
2.19468333333333	0
2.19551666666667	0
2.19635000000000	0
2.19718333333333	0
2.19801666666667	0
2.19885000000000	0
2.19968333333333	0
2.20051666666667	0
2.20135000000000	0
2.20218333333333	0
2.20301666666667	0
2.20385000000000	0
2.20468333333333	0
2.20551666666667	0
2.20635000000000	0
2.20718333333333	0
2.20801666666667	0
2.20885000000000	0
2.20968333333333	0
2.21053333333333	0
2.21136666666667	0
2.21220000000000	0
2.21303333333333	0
2.21386666666667	0
2.21470000000000	0
2.21553333333333	0
2.21636666666667	0
2.21720000000000	0
2.21803333333333	0
2.21886666666667	0
2.21970000000000	0
2.22053333333333	0
2.22136666666667	0
2.22220000000000	0
2.22303333333333	0
2.22386666666667	0
2.22470000000000	0
2.22553333333333	0
2.22636666666667	0
2.22720000000000	0
2.22805000000000	0
2.22888333333333	0
2.22971666666667	0
2.23055000000000	0
2.23138333333333	0
2.23221666666667	0
2.23305000000000	0
2.23388333333333	0
2.23471666666667	0
2.23555000000000	0
2.23638333333333	0
2.23721666666667	0
2.23805000000000	0
2.23888333333333	0
2.23971666666667	0
2.24055000000000	0
2.24138333333333	0
2.24221666666667	0
2.24305000000000	0
2.24388333333333	0
2.24473333333333	0
2.24556666666667	0
2.24640000000000	0
2.24723333333333	0
2.24806666666667	0
2.24890000000000	0
2.24973333333333	0
2.25056666666667	0
2.25140000000000	0
2.25223333333333	0
2.25306666666667	0
2.25390000000000	0
2.25473333333333	0
2.25556666666667	0
2.25640000000000	0
2.25723333333333	0
2.25806666666667	0
2.25890000000000	0
2.25973333333333	0
2.26056666666667	0
2.26140000000000	0
2.26225000000000	0
2.26308333333333	0
2.26391666666667	0
2.26475000000000	0
2.26558333333333	0
2.26641666666667	0
2.26725000000000	0
2.26808333333333	0
2.26891666666667	0
2.26975000000000	0
2.27058333333333	0
2.27141666666667	0
2.27225000000000	0
2.27308333333333	0
2.27391666666667	0
2.27475000000000	0
2.27558333333333	0
2.27641666666667	0
2.27725000000000	0
2.27808333333333	0
2.27893333333333	0
2.27976666666667	0
2.28060000000000	0
2.28143333333333	0
2.28226666666667	0
2.28310000000000	0
2.28393333333333	0
2.28476666666667	0
2.28560000000000	0
2.28643333333333	0
2.28726666666667	0
2.28810000000000	0
2.28893333333333	0
2.28976666666667	0
2.29060000000000	0
2.29143333333333	0
2.29226666666667	0
2.29310000000000	0
2.29391666666667	0
2.29475000000000	0
2.29558333333333	0
2.29643333333333	35
2.29726666666667	18
2.29810000000000	0
2.29893333333333	0
2.29976666666667	0
2.30060000000000	0
2.30143333333333	0
2.30226666666667	0
2.30310000000000	0
2.30393333333333	0
2.30476666666667	0
2.30560000000000	0
2.30643333333333	0
2.30726666666667	0
2.30810000000000	0
2.30893333333333	0
2.30976666666667	0
2.31060000000000	0
2.31143333333333	0
2.31226666666667	0
2.31311666666667	0
2.31395000000000	0
2.31478333333333	0
2.31561666666667	0
2.31645000000000	0
2.31728333333333	0
2.31811666666667	0
2.31895000000000	0
2.31978333333333	0
2.32061666666667	0
2.32145000000000	0
2.32228333333333	0
2.32311666666667	0
2.32395000000000	0
2.32478333333333	0
2.32561666666667	0
2.32645000000000	0
2.32728333333333	0
2.32811666666667	0
2.32895000000000	70
2.32978333333333	35
2.33063333333333	0
2.33146666666667	0
2.33230000000000	0
2.33313333333333	0
2.33396666666667	0
2.33480000000000	0
2.33563333333333	0
2.33646666666667	0
2.33730000000000	0
2.33813333333333	0
2.33896666666667	0
2.33980000000000	0
2.34063333333333	0
2.34146666666667	0
2.34230000000000	0
2.34313333333333	0
2.34396666666667	0
2.34480000000000	0
2.34563333333333	0
2.34646666666667	0
2.34731666666667	0
2.34815000000000	0
2.34898333333333	0
2.34981666666667	0
2.35065000000000	0
2.35148333333333	0
2.35231666666667	0
2.35315000000000	0
2.35398333333333	0
2.35481666666667	0
2.35565000000000	0
2.35648333333333	0
2.35731666666667	0
2.35815000000000	0
2.35898333333333	0
2.35981666666667	0
2.36065000000000	0
2.36148333333333	0
2.36231666666667	0
2.36315000000000	0
2.36398333333333	0
2.36483333333333	0
2.36566666666667	0
2.36650000000000	0
2.36733333333333	0
2.36816666666667	0
2.36900000000000	0
2.36983333333333	0
2.37066666666667	0
2.37150000000000	0
2.37233333333333	0
2.37316666666667	0
2.37400000000000	0
2.37483333333333	0
2.37565000000000	0
2.37648333333333	0
2.37731666666667	0
2.37815000000000	0
2.37898333333333	0
2.37981666666667	0
2.38065000000000	0
2.38150000000000	0
2.38233333333333	0
2.38316666666667	0
2.38400000000000	0
2.38483333333333	0
2.38566666666667	0
2.38650000000000	0
2.38733333333333	0
2.38816666666667	0
2.38900000000000	0
2.38983333333333	0
2.39066666666667	0
2.39150000000000	0
2.39233333333333	0
2.39316666666667	0
2.39400000000000	0
2.39483333333333	0
2.39566666666667	0
2.39650000000000	0
2.39733333333333	0
2.39816666666667	0
2.39901666666667	0
2.39985000000000	0
2.40068333333333	0
2.40151666666667	0
2.40235000000000	0
2.40318333333333	0
2.40401666666667	0
2.40485000000000	0
2.40568333333333	0
2.40651666666667	0
2.40735000000000	0
2.40818333333333	0
2.40901666666667	0
2.40985000000000	0
2.41068333333333	0
2.41151666666667	0
2.41235000000000	0
2.41318333333333	0
2.41401666666667	0
2.41485000000000	0
2.41570000000000	0
2.41653333333333	0
2.41736666666667	0
2.41820000000000	0
2.41903333333333	0
2.41986666666667	0
2.42070000000000	0
2.42153333333333	0
2.42236666666667	0
2.42320000000000	0
2.42403333333333	0
2.42486666666667	0
2.42570000000000	0
2.42653333333333	0
2.42736666666667	0
2.42820000000000	0
2.42903333333333	0
2.42986666666667	0
2.43070000000000	0
2.43153333333333	0
2.43236666666667	0
2.43321666666667	0
2.43405000000000	0
2.43488333333333	0
2.43571666666667	0
2.43655000000000	0
2.43738333333333	0
2.43821666666667	0
2.43905000000000	0
2.43988333333333	0
2.44071666666667	0
2.44155000000000	0
2.44238333333333	0
2.44321666666667	0
2.44405000000000	0
2.44488333333333	0
2.44571666666667	0
2.44655000000000	0
2.44738333333333	0
2.44821666666667	0
2.44905000000000	0
2.44990000000000	0
2.45073333333333	0
2.45156666666667	0
2.45240000000000	0
2.45323333333333	0
2.45406666666667	0
2.45490000000000	0
2.45573333333333	0
2.45656666666667	0
2.45740000000000	0
2.45823333333333	0
2.45906666666667	0
2.45990000000000	0
2.46073333333333	504
2.46156666666667	252
2.46240000000000	0
2.46323333333333	0
2.46406666666667	0
2.46490000000000	0
2.46573333333333	0
2.46656666666667	0
2.46741666666667	0
2.46825000000000	0
2.46908333333333	0
2.46991666666667	0
2.47075000000000	0
2.47158333333333	0
2.47241666666667	0
2.47325000000000	0
2.47408333333333	0
2.47491666666667	0
2.47575000000000	0
2.47658333333333	0
2.47741666666667	0
2.47825000000000	0
2.47908333333333	0
2.47991666666667	0
2.48075000000000	0
2.48158333333333	0
2.48241666666667	0
2.48325000000000	0
2.48410000000000	0
2.48493333333333	0
2.48576666666667	0
2.48660000000000	0
2.48743333333333	0
2.48826666666667	0
2.48910000000000	0
2.48993333333333	0
2.49076666666667	0
2.49160000000000	0
2.49243333333333	0
2.49326666666667	0
2.49410000000000	0
2.49493333333333	0
2.49576666666667	0
2.49660000000000	0
2.49743333333333	0
2.49826666666667	0
2.49910000000000	0
2.49991666666667	0
2.50075000000000	0
2.50160000000000	0
2.50243333333333	0
2.50326666666667	0
2.50410000000000	0
2.50493333333333	0
2.50576666666667	0
2.50660000000000	0
2.50743333333333	0
2.50826666666667	0
2.50910000000000	0
2.50993333333333	0
2.51076666666667	0
2.51160000000000	0
2.51243333333333	0
2.51326666666667	0
2.51410000000000	0
2.51493333333333	0
2.51576666666667	0
2.51660000000000	0
2.51743333333333	0
2.51828333333333	0
2.51911666666667	0
2.51995000000000	0
2.52078333333333	0
2.52161666666667	0
2.52245000000000	0
2.52328333333333	0
2.52411666666667	0
2.52495000000000	337
2.52578333333333	370
2.52661666666667	0
2.52745000000000	0
2.52828333333333	0
2.52911666666667	0
2.52995000000000	0
2.53078333333333	0
2.53161666666667	0
2.53245000000000	0
2.53328333333333	0
2.53411666666667	0
2.53495000000000	0
2.53580000000000	0
2.53663333333333	0
2.53746666666667	0
2.53830000000000	0
2.53913333333333	0
2.53996666666667	0
2.54080000000000	0
2.54163333333333	0
2.54246666666667	0
2.54330000000000	0
2.54413333333333	0
2.54496666666667	0
2.54580000000000	0
2.54663333333333	0
2.54746666666667	0
2.54830000000000	0
2.54913333333333	83
2.54996666666667	41
2.55080000000000	0
2.55163333333333	0
2.55248333333333	0
2.55331666666667	0
2.55415000000000	0
2.55498333333333	0
2.55581666666667	0
2.55665000000000	0
2.55748333333333	0
2.55831666666667	0
2.55915000000000	0
2.55998333333333	0
2.56081666666667	0
2.56165000000000	0
2.56248333333333	0
2.56331666666667	0
2.56415000000000	0
2.56498333333333	0
2.56581666666667	0
2.56665000000000	0
2.56748333333333	0
2.56831666666667	0
2.56915000000000	0
2.57000000000000	0
2.57083333333333	0
2.57166666666667	0
2.57250000000000	0
2.57333333333333	0
2.57416666666667	0
2.57500000000000	0
2.57583333333333	0
2.57666666666667	0
2.57750000000000	0
2.57833333333333	0
2.57916666666667	0
2.58000000000000	0
2.58083333333333	0
2.58165000000000	0
2.58248333333333	0
2.58331666666667	0
2.58415000000000	0
2.58498333333333	0
2.58581666666667	0
2.58666666666667	0
2.58750000000000	0
2.58833333333333	0
2.58916666666667	0
2.59000000000000	0
2.59083333333333	0
2.59166666666667	0
2.59250000000000	0
2.59333333333333	0
2.59416666666667	0
2.59500000000000	0
2.59583333333333	0
2.59666666666667	0
2.59750000000000	0
2.59833333333333	0
2.59916666666667	0
2.60000000000000	0
2.60083333333333	0
2.60166666666667	0
2.60250000000000	0
2.60333333333333	0
2.60418333333333	0
2.60501666666667	0
2.60585000000000	0
2.60668333333333	0
2.60751666666667	0
2.60835000000000	0
2.60918333333333	0
2.61001666666667	0
2.61085000000000	0
2.61168333333333	0
2.61251666666667	0
2.61335000000000	0
2.61418333333333	0
2.61501666666667	0
2.61585000000000	0
2.61668333333333	0
2.61751666666667	0
2.61835000000000	0
2.61918333333333	0
2.62001666666667	0
2.62086666666667	0
2.62170000000000	0
2.62253333333333	0
2.62336666666667	0
2.62420000000000	0
2.62503333333333	0
2.62586666666667	0
2.62670000000000	0
2.62753333333333	0
2.62836666666667	0
2.62920000000000	0
2.63003333333333	0
2.63086666666667	0
2.63170000000000	0
2.63253333333333	0
2.63336666666667	0
2.63420000000000	0
2.63503333333333	0
2.63586666666667	0
2.63670000000000	173
2.63753333333333	87
2.63838333333333	0
2.63921666666667	0
2.64005000000000	0
2.64088333333333	0
2.64171666666667	0
2.64255000000000	0
2.64338333333333	0
2.64421666666667	0
2.64505000000000	0
2.64588333333333	0
2.64671666666667	0
2.64755000000000	0
2.64838333333333	0
2.64921666666667	0
2.65003333333333	0
2.65086666666667	0
2.65170000000000	0
2.65253333333333	0
2.65336666666667	0
2.65420000000000	0
2.65505000000000	0
2.65588333333333	0
2.65671666666667	0
2.65755000000000	0
2.65838333333333	0
2.65921666666667	0
2.66005000000000	0
2.66088333333333	0
2.66171666666667	0
2.66255000000000	0
2.66338333333333	0
2.66421666666667	0
2.66505000000000	0
2.66588333333333	0
2.66671666666667	0
2.66755000000000	0
2.66838333333333	0
2.66921666666667	0
2.67005000000000	0
2.67088333333333	0
2.67171666666667	0
2.67256666666667	0
2.67340000000000	0
2.67423333333333	0
2.67506666666667	0
2.67590000000000	0
2.67673333333333	0
2.67756666666667	0
2.67840000000000	0
2.67923333333333	0
2.68006666666667	0
2.68090000000000	0
2.68173333333333	0
2.68256666666667	0
2.68340000000000	0
2.68423333333333	0
2.68506666666667	0
2.68590000000000	0
2.68673333333333	0
2.68756666666667	0
2.68840000000000	0
2.68925000000000	0
2.69008333333333	0
2.69091666666667	0
2.69175000000000	0
2.69258333333333	0
2.69341666666667	0
2.69425000000000	0
2.69508333333333	0
2.69591666666667	0
2.69675000000000	0
2.69758333333333	0
2.69841666666667	0
2.69925000000000	0
2.70008333333333	0
2.70091666666667	0
2.70175000000000	0
2.70258333333333	0
2.70341666666667	0
2.70425000000000	0
2.70508333333333	0
2.70591666666667	0
2.70676666666667	0
2.70760000000000	0
2.70843333333333	0
2.70926666666667	0
2.71010000000000	0
2.71093333333333	0
2.71176666666667	0
2.71260000000000	0
2.71343333333333	0
2.71426666666667	0
2.71510000000000	0
2.71593333333333	0
2.71676666666667	0
2.71760000000000	0
2.71843333333333	0
2.71926666666667	0
2.72010000000000	0
2.72093333333333	0
2.72176666666667	0
2.72260000000000	0
2.72345000000000	0
2.72428333333333	0
2.72511666666667	0
2.72595000000000	0
2.72678333333333	0
2.72761666666667	0
2.72845000000000	7
2.72928333333333	4
2.73011666666667	0
2.73095000000000	0
2.73178333333333	0
2.73261666666667	0
2.73345000000000	0
2.73428333333333	0
2.73511666666667	0
2.73595000000000	0
2.73678333333333	0
2.73761666666667	0
2.73845000000000	0
2.73928333333333	0
2.74011666666667	0
2.74096666666667	0
2.74180000000000	0
2.74263333333333	0
2.74346666666667	0
2.74430000000000	0
2.74513333333333	0
2.74596666666667	0
2.74680000000000	0
2.74763333333333	0
2.74846666666667	0
2.74930000000000	0
2.75013333333333	0
2.75096666666667	0
2.75180000000000	0
2.75263333333333	0
2.75346666666667	0
2.75430000000000	0
2.75513333333333	0
2.75596666666667	0
2.75680000000000	0
2.75765000000000	0
2.75848333333333	0
2.75931666666667	0
2.76015000000000	305
2.76098333333333	152
2.76181666666667	0
2.76265000000000	0
2.76348333333333	0
2.76431666666667	0
2.76515000000000	0
2.76598333333333	0
2.76681666666667	0
2.76765000000000	0
2.76848333333333	0
2.76931666666667	0
2.77015000000000	0
2.77098333333333	0
2.77181666666667	0
2.77265000000000	0
2.77348333333333	0
2.77431666666667	0
2.77516666666667	0
2.77600000000000	0
2.77683333333333	0
2.77766666666667	0
2.77850000000000	0
2.77933333333333	0
2.78016666666667	0
2.78100000000000	0
2.78183333333333	0
2.78266666666667	0
2.78350000000000	0
2.78433333333333	0
2.78516666666667	0
2.78600000000000	0
2.78683333333333	0
2.78766666666667	0
2.78850000000000	0
2.78933333333333	0
2.79016666666667	0
2.79100000000000	0
2.79185000000000	0
2.79268333333333	16
2.79351666666667	8
2.79435000000000	0
2.79518333333333	0
2.79601666666667	0
2.79685000000000	0
2.79768333333333	0
2.79851666666667	0
2.79935000000000	0
2.80018333333333	0
2.80101666666667	0
2.80185000000000	0
2.80268333333333	0
2.80351666666667	0
2.80433333333333	7
2.80516666666667	3
2.80600000000000	0
2.80683333333333	0
2.80766666666667	0
2.80850000000000	0
2.80935000000000	0
2.81018333333333	0
2.81101666666667	0
2.81185000000000	0
2.81268333333333	0
2.81351666666667	0
2.81435000000000	0
2.81518333333333	0
2.81601666666667	0
2.81685000000000	0
2.81768333333333	0
2.81851666666667	0
2.81935000000000	0
2.82018333333333	0
2.82101666666667	0
2.82185000000000	0
2.82268333333333	0
2.82351666666667	0
2.82435000000000	0
2.82518333333333	0
2.82603333333333	0
2.82686666666667	0
2.82770000000000	0
2.82853333333333	0
2.82936666666667	0
2.83020000000000	0
2.83103333333333	0
2.83186666666667	0
2.83270000000000	0
2.83353333333333	0
2.83436666666667	0
2.83520000000000	0
2.83603333333333	0
2.83686666666667	0
2.83770000000000	0
2.83853333333333	0
2.83936666666667	0
2.84020000000000	0
2.84103333333333	0
2.84186666666667	0
2.84270000000000	0
2.84355000000000	73
2.84438333333333	37
2.84521666666667	0
2.84605000000000	0
2.84688333333333	0
2.84771666666667	0
2.84855000000000	0
2.84938333333333	0
2.85021666666667	0
2.85105000000000	0
2.85188333333333	0
2.85271666666667	0
2.85355000000000	0
2.85438333333333	0
2.85521666666667	0
2.85605000000000	0
2.85688333333333	0
2.85771666666667	0
2.85855000000000	0
2.85938333333333	0
2.86023333333333	0
2.86106666666667	0
2.86190000000000	0
2.86273333333333	0
2.86356666666667	0
2.86440000000000	0
2.86523333333333	0
2.86606666666667	0
2.86690000000000	0
2.86773333333333	0
2.86856666666667	0
2.86940000000000	0
2.87023333333333	0
2.87106666666667	0
2.87190000000000	0
2.87273333333333	0
2.87356666666667	196
2.87440000000000	98
2.87523333333333	0
2.87606666666667	0
2.87690000000000	0
2.87775000000000	0
2.87858333333333	0
2.87941666666667	0
2.88025000000000	0
2.88108333333333	0
2.88191666666667	0
2.88275000000000	0
2.88358333333333	0
2.88441666666667	0
2.88525000000000	0
2.88608333333333	0
2.88691666666667	0
2.88775000000000	0
2.88858333333333	0
2.88941666666667	0
2.89025000000000	0
2.89108333333333	0
2.89191666666667	0
2.89275000000000	0
2.89356666666667	0
2.89441666666667	0
2.89525000000000	0
2.89608333333333	0
2.89691666666667	0
2.89775000000000	0
2.89858333333333	0
2.89941666666667	0
2.90025000000000	0
2.90108333333333	0
2.90191666666667	0
2.90275000000000	0
2.90358333333333	0
2.90441666666667	0
2.90525000000000	0
2.90608333333333	0
2.90691666666667	0
2.90775000000000	0
2.90858333333333	0
2.90941666666667	0
2.91025000000000	0
2.91108333333333	0
2.91193333333333	0
2.91276666666667	0
2.91360000000000	0
2.91443333333333	0
2.91526666666667	0
2.91610000000000	0
2.91693333333333	0
2.91776666666667	0
2.91860000000000	0
2.91943333333333	0
2.92026666666667	0
2.92110000000000	0
2.92193333333333	0
2.92276666666667	0
2.92360000000000	0
2.92443333333333	0
2.92526666666667	0
2.92610000000000	0
2.92693333333333	0
2.92776666666667	0
2.92861666666667	0
2.92945000000000	0
2.93028333333333	0
2.93111666666667	0
2.93195000000000	0
2.93278333333333	0
2.93361666666667	0
2.93445000000000	0
2.93528333333333	0
2.93611666666667	0
2.93695000000000	0
2.93778333333333	0
2.93861666666667	0
2.93945000000000	0
2.94028333333333	0
2.94111666666667	0
2.94195000000000	0
2.94278333333333	0
2.94361666666667	0
2.94445000000000	0
2.94528333333333	0
2.94613333333333	0
2.94696666666667	0
2.94780000000000	0
2.94863333333333	0
2.94946666666667	0
2.95030000000000	0
2.95113333333333	0
2.95196666666667	0
2.95280000000000	0
2.95363333333333	0
2.95446666666667	0
2.95530000000000	0
2.95613333333333	0
2.95696666666667	0
2.95780000000000	0
2.95863333333333	0
2.95946666666667	12
2.96030000000000	24
2.96111666666667	93
2.96195000000000	46
2.96280000000000	0
2.96363333333333	0
2.96446666666667	0
2.96530000000000	0
2.96613333333333	0
2.96696666666667	0
2.96780000000000	130
2.96863333333333	65
2.96946666666667	0
2.97030000000000	0
2.97113333333333	0
2.97196666666667	0
2.97280000000000	0
2.97363333333333	0
2.97446666666667	0
2.97530000000000	0
2.97613333333333	0
2.97696666666667	0
2.97780000000000	0
2.97863333333333	0
2.97946666666667	0
2.98031666666667	0
2.98115000000000	0
2.98198333333333	0
2.98281666666667	0
2.98365000000000	0
2.98448333333333	0
2.98531666666667	0
2.98615000000000	0
2.98698333333333	0
2.98781666666667	0
2.98865000000000	0
2.98948333333333	0
2.99031666666667	0
2.99115000000000	0
2.99198333333333	0
2.99281666666667	0
2.99365000000000	0
2.99448333333333	0
2.99531666666667	0
2.99615000000000	0
2.99700000000000	0
2.99783333333333	0
2.99866666666667	0
2.99950000000000	0
