0.50328333333333	0
0.50661666666667	0
0.50995000000000	0
0.51328333333333	3
0.51661666666667	2
0.51995000000000	0
0.52328333333333	4
0.52661666666667	2
0.52995000000000	0
0.53328333333333	0
0.53661666666667	0
0.53995000000000	0
0.54328333333333	0
0.54661666666667	0
0.54995000000000	0
0.55328333333333	0
0.55661666666667	0
0.55995000000000	0
0.56328333333333	0
0.56661666666667	0
0.56995000000000	0
0.57328333333333	0
0.57661666666667	0
0.57995000000000	0
0.58328333333333	46
0.58661666666667	23
0.58995000000000	0
0.59328333333333	0
0.59661666666667	0
0.59995000000000	0
0.60328333333333	0
0.60661666666667	0
0.60995000000000	0
0.61328333333333	0
0.61661666666667	0
0.61995000000000	0
0.62328333333333	0
0.62661666666667	0
0.62995000000000	0
0.63328333333333	0
0.63661666666667	0
0.63995000000000	0
0.64328333333333	0
0.64661666666667	0
0.64995000000000	0
0.65328333333333	0
0.65661666666667	0
0.65995000000000	0
0.66328333333333	0
0.66661666666667	21
0.66995000000000	10
0.67328333333333	0
0.67661666666667	26
0.67995000000000	0
0.68328333333333	0
0.68661666666667	0
0.68995000000000	0
0.69328333333333	0
0.69661666666667	0
0.69995000000000	0
0.70328333333333	0
0.70661666666667	0
0.70995000000000	0
0.71328333333333	0
0.71661666666667	0
0.71995000000000	0
0.72328333333333	0
0.72661666666667	0
0.72995000000000	0
0.73328333333333	0
0.73661666666667	0
0.73995000000000	0
0.74328333333333	0
0.74661666666667	0
0.74995000000000	0
0.75328333333333	0
0.75661666666667	0
0.75995000000000	0
0.76328333333333	0
0.76661666666667	0
0.76995000000000	0
0.77328333333333	0
0.77661666666667	0
0.77995000000000	0
0.78328333333333	0
0.78661666666667	3
0.78995000000000	2
0.79328333333333	0
0.79661666666667	0
0.79995000000000	0
0.80328333333333	0
0.80661666666667	0
0.80995000000000	0
0.81328333333333	0
0.81661666666667	0
0.81995000000000	0
0.82328333333333	0
0.82661666666667	0
0.82995000000000	0
0.83328333333333	0
0.83661666666667	0
0.83995000000000	0
0.84328333333333	0
0.84660000000000	0
0.84995000000000	0
0.85328333333333	0
0.85661666666667	0
0.85995000000000	0
0.86328333333333	0
0.86661666666667	0
0.86995000000000	0
0.87328333333333	0
0.87661666666667	0
0.87995000000000	0
0.88328333333333	0
0.88660000000000	3
0.88995000000000	2
0.89328333333333	0
0.89661666666667	0
0.89995000000000	0
0.90328333333333	0
0.90661666666667	0
0.90995000000000	0
0.91328333333333	0
0.91661666666667	0
0.91995000000000	0
0.92328333333333	0
0.92661666666667	62
0.92995000000000	31
0.93328333333333	0
0.93661666666667	0
0.93995000000000	0
0.94328333333333	0
0.94661666666667	0
0.94995000000000	0
0.95328333333333	3
0.95661666666667	2
0.95995000000000	0
0.96328333333333	0
0.96661666666667	0
0.96995000000000	0
0.97328333333333	76
0.97660000000000	101
0.97995000000000	62
0.98328333333333	172
0.98661666666667	208
0.98995000000000	0
0.99328333333333	134
0.99661666666667	67
0.99995000000000	0
1.00328333333333	183
1.00661666666667	144
1.00995000000000	90
1.01328333333333	124
1.01661666666667	354
1.01995000000000	420
1.02328333333333	486
1.02661666666667	643
1.02995000000000	600
1.03328333333333	532
1.03661666666667	400
1.03995000000000	787
1.04328333333333	820
1.04660000000000	812
1.04995000000000	1099
1.05328333333333	1244
1.05661666666667	1389
1.05995000000000	942
1.06328333333333	1248
1.06661666666667	1446
1.06995000000000	1609
1.07328333333333	1658
1.07661666666667	2036
1.07995000000000	2401
1.08328333333333	2765
1.08661666666667	4169
1.08995000000000	4926
1.09328333333333	4382
1.09661666666667	5628
1.09995000000000	10728
1.10328333333333	14740
1.10661666666667	29268
1.10995000000000	34576
1.11328333333333	53744
1.11661666666667	57408
1.11995000000000	59792
1.12328333333333	53600
1.12661666666667	56224
1.12995000000000	51376
1.13328333333333	38704
1.13661666666667	40528
1.13995000000000	36368
1.14328333333333	39216
1.14661666666667	39248
1.14995000000000	28524
1.15328333333333	28248
1.15661666666667	28768
1.15995000000000	18684
1.16328333333333	18944
1.16661666666667	15600
1.16995000000000	14220
1.17328333333333	12904
1.17661666666667	14508
1.17995000000000	13524
1.18328333333333	11620
1.18661666666667	8436
1.18995000000000	7638
1.19328333333333	7384
1.19661666666667	7582
1.19995000000000	6498
1.20328333333333	6311
1.20661666666667	4268
1.20995000000000	4243
1.21328333333333	5098
1.21661666666667	3280
1.21995000000000	3077
1.22328333333333	3406
1.22661666666667	3092
1.22995000000000	1655
1.23326666666667	1910
1.23661666666667	2287
1.23995000000000	2201
1.24328333333333	1929
1.24661666666667	1591
1.24993333333333	1865
1.25326666666667	953
1.25661666666667	1374
1.25995000000000	649
1.26328333333333	690
1.26661666666667	805
1.26995000000000	612
1.27328333333333	606
1.27661666666667	586
1.27995000000000	579
1.28328333333333	625
1.28661666666667	334
1.28995000000000	479
1.29328333333333	293
1.29661666666667	295
1.29995000000000	248
1.30328333333333	226
1.30661666666667	204
1.30995000000000	191
1.31328333333333	178
1.31661666666667	253
1.31995000000000	266
1.32328333333333	238
1.32661666666667	255
1.32995000000000	272
1.33328333333333	290
1.33661666666667	308
1.33995000000000	234
1.34328333333333	104
1.34661666666667	345
1.34995000000000	230
1.35328333333333	407
1.35661666666667	338
1.35995000000000	260
1.36328333333333	230
1.36661666666667	139
1.36995000000000	154
1.37328333333333	169
1.37661666666667	127
1.37993333333333	86
1.38328333333333	203
1.38661666666667	88
1.38995000000000	470
1.39328333333333	403
1.39661666666667	256
1.39995000000000	119
1.40328333333333	0
1.40661666666667	67
1.40995000000000	147
1.41328333333333	0
1.41660000000000	120
1.41995000000000	125
1.42328333333333	130
1.42661666666667	226
1.42995000000000	247
1.43328333333333	153
1.43661666666667	34
1.43995000000000	116
1.44328333333333	109
1.44661666666667	91
1.44995000000000	81
1.45328333333333	71
1.45661666666667	0
1.45995000000000	137
1.46328333333333	117
1.46661666666667	59
1.46995000000000	194
1.47328333333333	18
1.47661666666667	206
1.47995000000000	234
1.48328333333333	78
1.48661666666667	94
1.48993333333333	60
1.49328333333333	92
1.49661666666667	124
1.49995000000000	137
1.50328333333333	150
1.50661666666667	25
1.50995000000000	31
1.51328333333333	41
1.51661666666667	0
1.51995000000000	0
1.52328333333333	0
1.52661666666667	0
1.52995000000000	105
1.53328333333333	88
1.53661666666667	152
1.53995000000000	128
1.54328333333333	103
1.54661666666667	30
1.54995000000000	0
1.55328333333333	8
1.55661666666667	161
1.55995000000000	138
1.56328333333333	0
1.56661666666667	0
1.56995000000000	5
1.57328333333333	2
1.57661666666667	0
1.57995000000000	62
1.58328333333333	72
1.58661666666667	4
1.58995000000000	5
1.59328333333333	6
1.59661666666667	0
1.59995000000000	8
1.60328333333333	76
1.60661666666667	84
1.60995000000000	92
1.61328333333333	0
1.61661666666667	155
1.61995000000000	0
1.62328333333333	89
1.62661666666667	0
1.62995000000000	0
1.63328333333333	56
1.63660000000000	175
1.63995000000000	159
1.64328333333333	143
1.64661666666667	199
1.64995000000000	81
1.65328333333333	76
1.65661666666667	60
1.65995000000000	0
1.66328333333333	46
1.66661666666667	126
1.66995000000000	94
1.67328333333333	63
1.67661666666667	44
1.67995000000000	0
1.68328333333333	0
1.68661666666667	0
1.68995000000000	0
1.69328333333333	0
1.69661666666667	0
1.69995000000000	0
1.70328333333333	0
1.70661666666667	53
1.70993333333333	26
1.71328333333333	0
1.71661666666667	0
1.71995000000000	17
1.72328333333333	35
1.72661666666667	17
1.72995000000000	0
1.73328333333333	26
1.73661666666667	52
1.73995000000000	26
1.74328333333333	0
1.74661666666667	70
1.74995000000000	35
1.75328333333333	0
1.75661666666667	0
1.75995000000000	0
1.76328333333333	0
1.76661666666667	18
1.76995000000000	37
1.77328333333333	94
1.77661666666667	111
1.77995000000000	0
1.78328333333333	6
1.78661666666667	3
1.78995000000000	13
1.79326666666667	6
1.79661666666667	0
1.79995000000000	0
1.80328333333333	0
1.80661666666667	0
1.80995000000000	0
1.81328333333333	0
1.81661666666667	0
1.81995000000000	0
1.82328333333333	4
1.82661666666667	7
1.82995000000000	3
1.83328333333333	0
1.83661666666667	0
1.83993333333333	0
1.84328333333333	0
1.84661666666667	0
1.84995000000000	0
1.85328333333333	0
1.85661666666667	0
1.85995000000000	0
1.86328333333333	0
1.86661666666667	0
1.86993333333333	0
1.87328333333333	0
1.87660000000000	0
1.87995000000000	0
1.88328333333333	0
1.88660000000000	0
1.88993333333333	0
1.89328333333333	130
1.89661666666667	131
1.89995000000000	0
1.90328333333333	91
1.90661666666667	0
1.90995000000000	0
1.91328333333333	0
1.91661666666667	0
1.91995000000000	0
1.92328333333333	0
1.92661666666667	4
1.92995000000000	2
1.93328333333333	0
1.93661666666667	0
1.93995000000000	0
1.94328333333333	0
1.94661666666667	0
1.94995000000000	0
1.95328333333333	0
1.95661666666667	0
1.95995000000000	0
1.96328333333333	0
1.96661666666667	21
1.96995000000000	41
1.97328333333333	21
1.97661666666667	0
1.97995000000000	0
1.98328333333333	0
1.98661666666667	0
1.98995000000000	0
1.99328333333333	0
1.99661666666667	0
1.99995000000000	0
2.00328333333333	29
2.00661666666667	14
2.00995000000000	0
2.01328333333333	13
2.01661666666667	85
2.01995000000000	88
2.02328333333333	0
2.02661666666667	3
2.02995000000000	2
2.03328333333333	0
2.03661666666667	0
2.03995000000000	0
2.04328333333333	0
2.04661666666667	0
2.04995000000000	0
2.05328333333333	0
2.05661666666667	0
2.05995000000000	150
2.06328333333333	119
2.06661666666667	0
2.06995000000000	100
2.07328333333333	50
2.07661666666667	82
2.07995000000000	115
2.08328333333333	125
2.08661666666667	0
2.08993333333333	0
2.09326666666667	0
2.09661666666667	0
2.09995000000000	4
2.10328333333333	25
2.10661666666667	46
2.10995000000000	62
2.11328333333333	0
2.11661666666667	0
2.11995000000000	3
2.12328333333333	0
2.12660000000000	0
2.12993333333333	0
2.13328333333333	0
2.13661666666667	0
2.13995000000000	0
2.14328333333333	0
2.14661666666667	0
2.14995000000000	0
2.15328333333333	0
2.15661666666667	0
2.15995000000000	0
2.16328333333333	0
2.16661666666667	0
2.16995000000000	78
2.17328333333333	39
2.17661666666667	0
2.17995000000000	0
2.18328333333333	0
2.18661666666667	0
2.18995000000000	104
2.19328333333333	52
2.19660000000000	0
2.19995000000000	0
2.20328333333333	68
2.20661666666667	67
2.20995000000000	49
2.21328333333333	0
2.21661666666667	0
2.21995000000000	0
2.22326666666667	0
2.22661666666667	0
2.22995000000000	0
2.23328333333333	0
2.23661666666667	0
2.23995000000000	0
2.24328333333333	0
2.24661666666667	0
2.24995000000000	0
2.25328333333333	0
2.25661666666667	0
2.25995000000000	0
2.26328333333333	0
2.26661666666667	0
2.26995000000000	0
2.27328333333333	0
2.27661666666667	0
2.27995000000000	0
2.28328333333333	0
2.28661666666667	0
2.28995000000000	0
2.29328333333333	0
2.29661666666667	0
2.29995000000000	0
2.30328333333333	0
2.30661666666667	3
2.30995000000000	2
2.31328333333333	0
2.31661666666667	0
2.31995000000000	0
2.32328333333333	0
2.32661666666667	0
2.32995000000000	0
2.33328333333333	0
2.33661666666667	0
2.33995000000000	0
2.34328333333333	0
2.34661666666667	0
2.34995000000000	0
2.35328333333333	0
2.35661666666667	0
2.35995000000000	0
2.36328333333333	0
2.36661666666667	0
2.36995000000000	0
2.37328333333333	0
2.37661666666667	0
2.37995000000000	0
2.38328333333333	0
2.38660000000000	0
2.38995000000000	0
2.39328333333333	10
2.39661666666667	55
2.39995000000000	81
2.40326666666667	83
2.40661666666667	0
2.40995000000000	0
2.41328333333333	57
2.41661666666667	29
2.41995000000000	0
2.42328333333333	55
2.42661666666667	27
2.42995000000000	0
2.43328333333333	15
2.43661666666667	214
2.43995000000000	273
2.44326666666667	0
2.44661666666667	14
2.44995000000000	138
2.45328333333333	43
2.45661666666667	58
2.45995000000000	4
2.46328333333333	0
2.46661666666667	72
2.46995000000000	87
2.47328333333333	101
2.47661666666667	0
2.47995000000000	4
2.48328333333333	71
2.48661666666667	0
2.48995000000000	0
2.49328333333333	0
2.49661666666667	0
2.49995000000000	0
2.50328333333333	0
2.50661666666667	0
2.50995000000000	0
2.51328333333333	0
2.51661666666667	0
2.51995000000000	0
2.52328333333333	0
2.52661666666667	8
2.52995000000000	4
2.53328333333333	0
2.53660000000000	0
2.53995000000000	0
2.54328333333333	0
2.54661666666667	0
2.54993333333333	42
2.55326666666667	21
2.55661666666667	0
2.55995000000000	0
2.56328333333333	0
2.56661666666667	0
2.56995000000000	6
2.57328333333333	12
2.57661666666667	6
2.57995000000000	0
2.58328333333333	0
2.58661666666667	0
2.58995000000000	0
2.59328333333333	0
2.59661666666667	0
2.59995000000000	2
2.60328333333333	3
2.60661666666667	7
2.60995000000000	3
2.61328333333333	0
2.61661666666667	187
2.61995000000000	207
2.62328333333333	34
2.62661666666667	0
2.62995000000000	124
2.63328333333333	104
2.63661666666667	0
2.63995000000000	0
2.64328333333333	0
2.64660000000000	0
2.64995000000000	0
2.65328333333333	0
2.65661666666667	0
2.65995000000000	0
2.66326666666667	0
2.66661666666667	0
2.66995000000000	0
2.67328333333333	0
2.67661666666667	0
2.67995000000000	0
2.68328333333333	0
2.68661666666667	0
2.68995000000000	0
2.69328333333333	0
2.69661666666667	72
2.69995000000000	95
2.70328333333333	0
2.70661666666667	0
2.70995000000000	48
2.71328333333333	0
2.71661666666667	7
2.71995000000000	15
2.72328333333333	0
2.72661666666667	0
2.72995000000000	0
2.73328333333333	0
2.73661666666667	0
2.73995000000000	0
2.74328333333333	0
2.74661666666667	0
2.74995000000000	0
2.75328333333333	0
2.75661666666667	0
2.75995000000000	0
2.76328333333333	0
2.76661666666667	0
2.76995000000000	0
2.77326666666667	102
2.77661666666667	51
2.77995000000000	0
2.78328333333333	57
2.78661666666667	0
2.78995000000000	0
2.79328333333333	3
2.79661666666667	5
2.79995000000000	3
2.80328333333333	0
2.80661666666667	9
2.80995000000000	18
2.81328333333333	9
2.81661666666667	0
2.81995000000000	9
2.82328333333333	4
2.82661666666667	0
2.82995000000000	0
2.83328333333333	0
2.83661666666667	0
2.83995000000000	0
2.84328333333333	0
2.84661666666667	0
2.84995000000000	47
2.85328333333333	23
2.85661666666667	0
2.85995000000000	0
2.86328333333333	0
2.86661666666667	0
2.86995000000000	36
2.87328333333333	18
2.87661666666667	0
2.87995000000000	31
2.88328333333333	0
2.88661666666667	0
2.88995000000000	0
2.89328333333333	0
2.89661666666667	0
2.89995000000000	0
2.90328333333333	0
2.90661666666667	0
2.90995000000000	0
2.91328333333333	91
2.91661666666667	83
2.91995000000000	0
2.92328333333333	0
2.92661666666667	9
2.92995000000000	52
2.93328333333333	26
2.93661666666667	0
2.93995000000000	55
2.94328333333333	0
2.94661666666667	0
2.94995000000000	0
2.95328333333333	0
2.95661666666667	0
2.95995000000000	119
2.96328333333333	97
2.96661666666667	0
2.96995000000000	3
2.97326666666667	0
2.97660000000000	0
2.97995000000000	0
2.98328333333333	0
2.98661666666667	0
2.98995000000000	0
2.99326666666667	0
2.99661666666667	3
