0.50328333333333	0
0.50661666666667	0
0.50995000000000	0
0.51328333333333	0
0.51661666666667	0
0.51995000000000	0
0.52328333333333	0
0.52661666666667	0
0.52996666666667	0
0.53330000000000	0
0.53661666666667	0
0.53996666666667	0
0.54330000000000	0
0.54663333333333	0
0.54996666666667	0
0.55328333333333	0
0.55663333333333	0
0.55996666666667	0
0.56330000000000	0
0.56663333333333	0
0.56995000000000	0
0.57328333333333	0
0.57663333333333	0
0.57996666666667	0
0.58330000000000	0
0.58661666666667	0
0.58996666666667	0
0.59330000000000	0
0.59663333333333	0
0.59996666666667	0
0.60330000000000	0
0.60663333333333	0
0.60996666666667	0
0.61330000000000	0
0.61663333333333	0
0.61996666666667	0
0.62330000000000	0
0.62661666666667	0
0.62995000000000	0
0.63330000000000	0
0.63663333333333	0
0.63996666666667	0
0.64328333333333	0
0.64663333333333	0
0.64996666666667	0
0.65330000000000	0
0.65663333333333	0
0.65996666666667	0
0.66330000000000	0
0.66663333333333	0
0.66996666666667	0
0.67330000000000	0
0.67663333333333	0
0.67996666666667	0
0.68330000000000	0
0.68663333333333	0
0.68996666666667	0
0.69330000000000	0
0.69663333333333	0
0.69996666666667	0
0.70330000000000	0
0.70663333333333	0
0.70996666666667	0
0.71330000000000	0
0.71663333333333	0
0.71996666666667	0
0.72330000000000	0
0.72663333333333	0
0.72996666666667	0
0.73330000000000	0
0.73663333333333	0
0.73995000000000	0
0.74330000000000	0
0.74663333333333	0
0.74996666666667	0
0.75330000000000	0
0.75661666666667	0
0.75996666666667	0
0.76330000000000	0
0.76663333333333	0
0.76996666666667	0
0.77328333333333	0
0.77661666666667	0
0.77996666666667	0
0.78330000000000	0
0.78663333333333	0
0.78995000000000	26
0.79328333333333	15
0.79663333333333	4
0.79996666666667	0
0.80330000000000	7
0.80661666666667	0
0.80995000000000	0
0.81328333333333	0
0.81663333333333	0
0.81996666666667	0
0.82330000000000	0
0.82661666666667	0
0.82995000000000	0
0.83330000000000	0
0.83663333333333	0
0.83996666666667	0
0.84328333333333	0
0.84663333333333	0
0.84995000000000	0
0.85330000000000	0
0.85663333333333	127
0.85995000000000	106
0.86328333333333	56
0.86661666666667	0
0.86996666666667	8
0.87330000000000	0
0.87663333333333	5
0.87996666666667	0
0.88328333333333	0
0.88661666666667	3
0.88996666666667	0
0.89330000000000	0
0.89661666666667	0
0.89995000000000	0
0.90330000000000	0
0.90663333333333	0
0.90996666666667	0
0.91330000000000	0
0.91663333333333	0
0.91996666666667	0
0.92330000000000	0
0.92663333333333	0
0.92996666666667	0
0.93330000000000	0
0.93663333333333	0
0.93996666666667	0
0.94330000000000	0
0.94663333333333	0
0.94996666666667	0
0.95330000000000	0
0.95663333333333	0
0.95996666666667	4
0.96330000000000	4
0.96663333333333	2
0.96996666666667	0
0.97330000000000	0
0.97663333333333	0
0.97996666666667	0
0.98330000000000	0
0.98663333333333	0
0.98996666666667	0
0.99330000000000	0
0.99661666666667	0
0.99996666666667	0
1.00330000000000	0
1.00663333333333	0
1.00996666666667	0
1.01328333333333	0
1.01663333333333	0
1.01996666666667	12
1.02330000000000	6
1.02663333333333	0
1.02996666666667	0
1.03330000000000	0
1.03663333333333	0
1.03996666666667	0
1.04330000000000	0
1.04663333333333	0
1.04996666666667	0
1.05330000000000	0
1.05663333333333	0
1.05996666666667	0
1.06330000000000	0
1.06661666666667	0
1.06995000000000	0
1.07330000000000	2
1.07663333333333	3
1.07996666666667	3
1.08330000000000	0
1.08661666666667	70
1.08996666666667	66
1.09330000000000	33
1.09663333333333	0
1.09996666666667	317
1.10330000000000	219
1.10663333333333	121
1.10996666666667	304
1.11330000000000	509
1.11663333333333	714
1.11996666666667	671
1.12330000000000	1284
1.12663333333333	1220
1.12996666666667	731
1.13330000000000	791
1.13663333333333	1068
1.13996666666667	467
1.14330000000000	1031
1.14663333333333	462
1.14996666666667	556
1.15330000000000	645
1.15663333333333	629
1.15996666666667	613
1.16330000000000	121
1.16663333333333	79
1.16996666666667	512
1.17330000000000	173
1.17663333333333	537
1.17996666666667	277
1.18330000000000	13
1.18663333333333	464
1.18996666666667	186
1.19330000000000	500
1.19663333333333	78
1.19996666666667	0
1.20330000000000	3
1.20663333333333	88
1.20996666666667	0
1.21330000000000	161
1.21663333333333	114
1.21996666666667	0
1.22330000000000	25
1.22663333333333	45
1.22996666666667	0
1.23328333333333	59
1.23663333333333	30
1.23996666666667	0
1.24330000000000	32
1.24663333333333	0
1.24995000000000	3
1.25328333333333	0
1.25663333333333	0
1.25996666666667	0
1.26330000000000	5
1.26661666666667	118
1.26996666666667	122
1.27330000000000	0
1.27663333333333	83
1.27996666666667	0
1.28330000000000	0
1.28661666666667	0
1.28996666666667	2
1.29330000000000	1
1.29663333333333	0
1.29996666666667	0
1.30330000000000	0
1.30663333333333	0
1.30996666666667	0
1.31330000000000	0
1.31663333333333	0
1.31996666666667	0
1.32330000000000	0
1.32663333333333	0
1.32996666666667	0
1.33330000000000	0
1.33663333333333	0
1.33996666666667	75
1.34330000000000	112
1.34663333333333	142
1.34996666666667	70
1.35330000000000	0
1.35663333333333	3
1.35996666666667	0
1.36330000000000	0
1.36663333333333	0
1.36996666666667	29
1.37330000000000	25
1.37663333333333	3
1.37996666666667	0
1.38330000000000	0
1.38663333333333	0
1.38996666666667	0
1.39330000000000	0
1.39663333333333	0
1.39996666666667	0
1.40330000000000	0
1.40663333333333	0
1.40996666666667	0
1.41330000000000	0
1.41663333333333	0
1.41996666666667	15
1.42330000000000	30
1.42663333333333	15
1.42996666666667	0
1.43330000000000	0
1.43663333333333	0
1.43996666666667	0
1.44330000000000	0
1.44663333333333	0
1.44996666666667	0
1.45330000000000	0
1.45663333333333	0
1.45996666666667	0
1.46330000000000	0
1.46663333333333	0
1.46996666666667	0
1.47330000000000	0
1.47663333333333	0
1.47996666666667	0
1.48330000000000	0
1.48663333333333	0
1.48996666666667	0
1.49330000000000	0
1.49663333333333	0
1.49996666666667	0
1.50330000000000	0
1.50663333333333	0
1.50996666666667	0
1.51330000000000	0
1.51663333333333	0
1.51996666666667	0
1.52330000000000	0
1.52663333333333	0
1.52998333333333	0
1.53331666666667	0
1.53665000000000	0
1.53996666666667	0
1.54330000000000	0
1.54663333333333	0
1.54998333333333	26
1.55331666666667	13
1.55663333333333	0
1.55998333333333	0
1.56331666666667	0
1.56665000000000	0
1.56998333333333	0
1.57331666666667	0
1.57665000000000	0
1.57998333333333	0
1.58330000000000	0
1.58665000000000	0
1.58998333333333	0
1.59331666666667	0
1.59665000000000	0
1.59998333333333	0
1.60331666666667	0
1.60665000000000	0
1.60998333333333	0
1.61331666666667	0
1.61665000000000	0
1.61996666666667	0
1.62331666666667	39
1.62665000000000	48
1.62998333333333	0
1.63331666666667	0
1.63665000000000	0
1.63998333333333	0
1.64331666666667	62
1.64665000000000	49
1.64996666666667	0
1.65331666666667	0
1.65663333333333	0
1.65998333333333	0
1.66331666666667	0
1.66665000000000	0
1.66998333333333	0
1.67331666666667	0
1.67665000000000	0
1.67998333333333	0
1.68331666666667	0
1.68665000000000	0
1.68998333333333	0
1.69330000000000	0
1.69665000000000	0
1.69998333333333	0
1.70331666666667	0
1.70665000000000	3
1.70998333333333	2
1.71331666666667	0
1.71665000000000	0
1.71998333333333	0
1.72331666666667	0
1.72665000000000	0
1.72998333333333	0
1.73331666666667	0
1.73665000000000	0
1.73998333333333	0
1.74331666666667	0
1.74665000000000	0
1.74998333333333	0
1.75331666666667	0
1.75665000000000	0
1.75998333333333	0
1.76331666666667	0
1.76665000000000	0
1.76998333333333	0
1.77331666666667	0
1.77665000000000	0
1.77998333333333	0
1.78331666666667	0
1.78665000000000	0
1.78998333333333	0
1.79331666666667	0
1.79665000000000	0
1.79998333333333	0
1.80331666666667	0
1.80665000000000	0
1.80998333333333	0
1.81331666666667	0
1.81665000000000	0
1.81998333333333	0
1.82331666666667	0
1.82665000000000	0
1.82998333333333	0
1.83331666666667	0
1.83663333333333	0
1.83998333333333	0
1.84331666666667	0
1.84665000000000	2
1.84998333333333	4
1.85331666666667	5
1.85665000000000	0
1.85998333333333	34
1.86331666666667	40
1.86665000000000	0
1.86998333333333	0
1.87331666666667	0
1.87665000000000	22
1.87998333333333	11
1.88331666666667	0
1.88665000000000	4
1.88998333333333	8
1.89331666666667	4
1.89665000000000	0
1.89998333333333	0
1.90331666666667	0
1.90665000000000	113
1.90998333333333	110
1.91331666666667	0
1.91665000000000	164
1.91998333333333	0
1.92331666666667	28
1.92665000000000	0
1.92998333333333	0
1.93331666666667	0
1.93665000000000	0
1.93998333333333	0
1.94331666666667	0
1.94663333333333	0
1.94998333333333	0
1.95331666666667	0
1.95665000000000	0
1.95998333333333	0
1.96331666666667	0
1.96665000000000	0
1.96998333333333	0
1.97331666666667	24
1.97665000000000	35
1.97998333333333	47
1.98331666666667	0
1.98665000000000	0
1.98998333333333	0
1.99331666666667	12
1.99665000000000	6
1.99998333333333	0
2.00331666666667	0
2.00665000000000	37
2.00998333333333	18
2.01331666666667	0
2.01665000000000	0
2.01998333333333	20
2.02331666666667	10
2.02665000000000	0
2.02998333333333	0
2.03331666666667	4
2.03665000000000	3
2.03998333333333	2
2.04331666666667	0
2.04665000000000	0
2.04998333333333	106
2.05331666666667	117
2.05665000000000	3
2.05998333333333	0
2.06331666666667	3
2.06665000000000	0
2.06998333333333	48
2.07331666666667	39
2.07665000000000	20
2.08000000000000	0
2.08333333333333	0
2.08666666666667	50
2.08998333333333	77
2.09333333333333	55
2.09665000000000	35
2.10000000000000	0
2.10333333333333	0
2.10666666666667	0
2.11000000000000	0
2.11333333333333	0
2.11666666666667	0
2.12000000000000	0
2.12333333333333	0
2.12666666666667	0
2.13000000000000	0
2.13333333333333	0
2.13666666666667	0
2.14000000000000	0
2.14333333333333	0
2.14665000000000	0
2.14998333333333	0
2.15333333333333	0
2.15666666666667	0
2.16000000000000	0
2.16331666666667	0
2.16665000000000	0
2.17000000000000	0
2.17333333333333	0
2.17666666666667	0
2.18000000000000	0
2.18331666666667	0
2.18666666666667	0
2.19000000000000	0
2.19333333333333	0
2.19666666666667	0
2.20000000000000	0
2.20333333333333	0
2.20666666666667	0
2.21000000000000	0
2.21333333333333	0
2.21666666666667	0
2.22000000000000	0
2.22333333333333	0
2.22666666666667	0
2.23000000000000	0
2.23333333333333	0
2.23666666666667	0
2.24000000000000	0
2.24333333333333	0
2.24666666666667	4
2.25000000000000	2
2.25333333333333	0
2.25666666666667	0
2.26000000000000	0
2.26333333333333	0
2.26666666666667	110
2.27000000000000	95
2.27333333333333	0
2.27666666666667	62
2.28000000000000	0
2.28333333333333	0
2.28666666666667	0
2.29000000000000	0
2.29333333333333	0
2.29666666666667	0
2.30000000000000	0
2.30333333333333	0
2.30666666666667	0
2.31000000000000	0
2.31331666666667	0
2.31665000000000	0
2.32000000000000	0
2.32333333333333	0
2.32666666666667	0
2.33000000000000	0
2.33331666666667	0
2.33666666666667	0
2.34000000000000	0
2.34333333333333	0
2.34666666666667	0
2.35000000000000	0
2.35331666666667	0
2.35666666666667	0
2.36000000000000	0
2.36333333333333	0
2.36666666666667	0
2.36998333333333	3
2.37333333333333	3
2.37666666666667	0
2.38000000000000	0
2.38333333333333	0
2.38665000000000	0
2.39000000000000	0
2.39333333333333	0
2.39666666666667	0
2.40000000000000	0
2.40333333333333	0
2.40666666666667	63
2.41000000000000	31
2.41333333333333	0
2.41666666666667	3
2.42000000000000	25
2.42333333333333	12
2.42666666666667	0
2.43000000000000	65
2.43333333333333	66
2.43666666666667	0
2.44000000000000	89
2.44333333333333	31
2.44666666666667	0
2.45000000000000	84
2.45333333333333	0
2.45666666666667	0
2.46000000000000	0
2.46333333333333	4
2.46666666666667	77
2.47000000000000	75
2.47333333333333	72
2.47666666666667	36
2.48000000000000	0
2.48333333333333	53
2.48666666666667	26
2.49000000000000	0
2.49333333333333	0
2.49666666666667	0
2.50000000000000	0
2.50333333333333	0
2.50666666666667	0
2.51000000000000	0
2.51333333333333	0
2.51666666666667	0
2.52000000000000	0
2.52333333333333	0
2.52666666666667	0
2.53000000000000	0
2.53333333333333	0
2.53666666666667	0
2.54000000000000	0
2.54333333333333	30
2.54666666666667	17
2.55000000000000	4
2.55333333333333	0
2.55666666666667	0
2.56000000000000	0
2.56333333333333	0
2.56666666666667	0
2.57000000000000	0
2.57333333333333	0
2.57666666666667	2
2.58000000000000	1
2.58333333333333	0
2.58666666666667	0
2.59000000000000	0
2.59333333333333	0
2.59666666666667	21
2.60000000000000	11
2.60333333333333	0
2.60666666666667	0
2.61000000000000	0
2.61333333333333	3
2.61666666666667	2
2.62000000000000	0
2.62333333333333	0
2.62666666666667	0
2.63000000000000	0
2.63333333333333	0
2.63666666666667	0
2.64000000000000	0
2.64333333333333	0
2.64666666666667	66
2.65000000000000	33
2.65333333333333	0
2.65666666666667	50
2.66000000000000	0
2.66333333333333	0
2.66666666666667	0
2.67000000000000	0
2.67333333333333	0
2.67666666666667	0
2.68000000000000	0
2.68333333333333	0
2.68666666666667	0
2.69000000000000	0
2.69333333333333	0
2.69666666666667	0
2.70000000000000	0
2.70333333333333	0
2.70666666666667	0
2.71000000000000	0
2.71333333333333	0
2.71665000000000	0
2.71998333333333	0
2.72333333333333	0
2.72666666666667	0
2.73000000000000	0
2.73331666666667	0
2.73665000000000	0
2.74000000000000	0
2.74333333333333	0
2.74666666666667	0
2.74998333333333	0
2.75331666666667	0
2.75666666666667	0
2.76000000000000	0
2.76333333333333	0
2.76666666666667	0
2.77000000000000	0
2.77331666666667	0
2.77666666666667	59
2.78000000000000	29
2.78333333333333	0
2.78666666666667	0
2.78998333333333	0
2.79331666666667	0
2.79666666666667	0
2.80000000000000	82
2.80331666666667	122
2.80666666666667	61
2.80998333333333	0
2.81333333333333	0
2.81666666666667	36
2.82000000000000	192
2.82333333333333	157
2.82665000000000	0
2.82998333333333	70
2.83333333333333	0
2.83665000000000	81
2.84000000000000	93
2.84333333333333	104
2.84665000000000	0
2.85000000000000	0
2.85333333333333	0
2.85666666666667	0
2.86000000000000	0
2.86331666666667	0
2.86666666666667	0
2.87000000000000	108
2.87333333333333	94
2.87666666666667	87
2.88000000000000	0
2.88333333333333	0
2.88666666666667	0
2.89000000000000	0
2.89333333333333	0
2.89666666666667	0
2.90000000000000	3
2.90333333333333	2
2.90666666666667	0
2.91000000000000	0
2.91333333333333	0
2.91666666666667	0
2.92000000000000	0
2.92333333333333	0
2.92666666666667	0
2.93000000000000	0
2.93333333333333	0
2.93665000000000	0
2.94000000000000	0
2.94333333333333	0
2.94666666666667	0
2.95000000000000	0
2.95333333333333	0
2.95666666666667	0
2.96000000000000	0
2.96333333333333	10
2.96666666666667	6
2.97000000000000	3
2.97333333333333	0
2.97665000000000	0
2.98000000000000	0
2.98333333333333	23
2.98666666666667	12
2.99000000000000	0
2.99331666666667	0
2.99666666666667	3
