0.50080000000000	0
0.50163333333333	0
0.50246666666667	0
0.50330000000000	0
0.50413333333333	0
0.50496666666667	0
0.50580000000000	0
0.50663333333333	0
0.50746666666667	0
0.50830000000000	0
0.50913333333333	0
0.50996666666667	0
0.51080000000000	0
0.51163333333333	0
0.51246666666667	0
0.51330000000000	0
0.51413333333333	0
0.51496666666667	0
0.51580000000000	0
0.51663333333333	0
0.51746666666667	0
0.51831666666667	0
0.51915000000000	0
0.51998333333333	0
0.52081666666667	0
0.52165000000000	0
0.52248333333333	0
0.52331666666667	0
0.52415000000000	0
0.52498333333333	0
0.52581666666667	0
0.52665000000000	0
0.52748333333333	0
0.52831666666667	0
0.52915000000000	0
0.52998333333333	0
0.53081666666667	0
0.53165000000000	0
0.53248333333333	0
0.53331666666667	0
0.53415000000000	0
0.53500000000000	0
0.53583333333333	0
0.53666666666667	0
0.53750000000000	0
0.53833333333333	0
0.53916666666667	0
0.54000000000000	0
0.54083333333333	0
0.54166666666667	0
0.54250000000000	0
0.54333333333333	0
0.54416666666667	0
0.54500000000000	0
0.54583333333333	0
0.54666666666667	0
0.54750000000000	0
0.54833333333333	0
0.54916666666667	0
0.55000000000000	0
0.55083333333333	0
0.55166666666667	0
0.55251666666667	0
0.55335000000000	0
0.55418333333333	0
0.55501666666667	0
0.55585000000000	0
0.55668333333333	0
0.55751666666667	0
0.55835000000000	0
0.55918333333333	0
0.56001666666667	0
0.56085000000000	0
0.56168333333333	0
0.56251666666667	0
0.56335000000000	0
0.56418333333333	0
0.56501666666667	0
0.56585000000000	0
0.56668333333333	0
0.56751666666667	0
0.56835000000000	0
0.56920000000000	0
0.57003333333333	0
0.57086666666667	0
0.57170000000000	0
0.57253333333333	0
0.57336666666667	0
0.57420000000000	0
0.57503333333333	0
0.57586666666667	0
0.57670000000000	0
0.57753333333333	0
0.57836666666667	0
0.57920000000000	0
0.58003333333333	0
0.58086666666667	0
0.58170000000000	0
0.58253333333333	0
0.58336666666667	0
0.58420000000000	0
0.58503333333333	0
0.58585000000000	0
0.58670000000000	0
0.58753333333333	0
0.58836666666667	0
0.58920000000000	0
0.59003333333333	0
0.59086666666667	0
0.59170000000000	0
0.59253333333333	0
0.59336666666667	0
0.59420000000000	0
0.59503333333333	0
0.59586666666667	0
0.59670000000000	0
0.59753333333333	0
0.59836666666667	0
0.59920000000000	0
0.60003333333333	0
0.60086666666667	0
0.60170000000000	0
0.60253333333333	0
0.60338333333333	0
0.60421666666667	0
0.60505000000000	0
0.60588333333333	0
0.60671666666667	0
0.60755000000000	0
0.60838333333333	0
0.60921666666667	0
0.61005000000000	0
0.61088333333333	0
0.61171666666667	0
0.61255000000000	0
0.61338333333333	0
0.61421666666667	0
0.61505000000000	0
0.61588333333333	0
0.61671666666667	0
0.61755000000000	0
0.61838333333333	0
0.61921666666667	0
0.62005000000000	0
0.62090000000000	0
0.62173333333333	0
0.62256666666667	0
0.62340000000000	0
0.62423333333333	0
0.62506666666667	0
0.62590000000000	0
0.62673333333333	0
0.62756666666667	0
0.62840000000000	0
0.62923333333333	0
0.63006666666667	0
0.63090000000000	0
0.63173333333333	0
0.63256666666667	0
0.63340000000000	0
0.63423333333333	0
0.63506666666667	0
0.63590000000000	0
0.63673333333333	0
0.63758333333333	0
0.63841666666667	0
0.63925000000000	0
0.64008333333333	0
0.64091666666667	0
0.64175000000000	0
0.64258333333333	0
0.64341666666667	0
0.64425000000000	0
0.64508333333333	0
0.64591666666667	0
0.64675000000000	0
0.64758333333333	0
0.64841666666667	0
0.64925000000000	0
0.65008333333333	0
0.65091666666667	0
0.65175000000000	0
0.65258333333333	0
0.65341666666667	0
0.65425000000000	0
0.65510000000000	0
0.65593333333333	0
0.65676666666667	0
0.65760000000000	0
0.65843333333333	0
0.65926666666667	0
0.66010000000000	0
0.66093333333333	0
0.66176666666667	0
0.66260000000000	0
0.66343333333333	0
0.66426666666667	0
0.66510000000000	0
0.66593333333333	0
0.66676666666667	0
0.66760000000000	0
0.66843333333333	0
0.66926666666667	0
0.67010000000000	0
0.67093333333333	0
0.67178333333333	0
0.67261666666667	0
0.67345000000000	0
0.67428333333333	0
0.67511666666667	0
0.67595000000000	0
0.67678333333333	0
0.67761666666667	0
0.67845000000000	0
0.67928333333333	0
0.68011666666667	0
0.68095000000000	0
0.68178333333333	0
0.68261666666667	0
0.68345000000000	0
0.68428333333333	0
0.68511666666667	0
0.68595000000000	0
0.68678333333333	0
0.68761666666667	0
0.68845000000000	0
0.68930000000000	0
0.69013333333333	0
0.69096666666667	0
0.69180000000000	0
0.69263333333333	0
0.69346666666667	0
0.69430000000000	0
0.69513333333333	0
0.69596666666667	0
0.69680000000000	0
0.69763333333333	0
0.69846666666667	0
0.69930000000000	0
0.70013333333333	0
0.70096666666667	0
0.70180000000000	0
0.70263333333333	0
0.70346666666667	0
0.70430000000000	0
0.70513333333333	0
0.70598333333333	0
0.70681666666667	0
0.70765000000000	0
0.70848333333333	0
0.70931666666667	0
0.71015000000000	0
0.71098333333333	0
0.71181666666667	0
0.71265000000000	0
0.71348333333333	0
0.71431666666667	0
0.71515000000000	0
0.71598333333333	0
0.71681666666667	0
0.71765000000000	0
0.71848333333333	0
0.71931666666667	0
0.72015000000000	0
0.72098333333333	0
0.72181666666667	0
0.72265000000000	0
0.72350000000000	0
0.72433333333333	0
0.72516666666667	0
0.72600000000000	0
0.72683333333333	0
0.72766666666667	0
0.72850000000000	0
0.72933333333333	0
0.73016666666667	0
0.73100000000000	0
0.73183333333333	0
0.73266666666667	0
0.73350000000000	0
0.73433333333333	0
0.73516666666667	0
0.73600000000000	0
0.73683333333333	0
0.73766666666667	0
0.73850000000000	0
0.73931666666667	0
0.74016666666667	0
0.74100000000000	0
0.74183333333333	0
0.74266666666667	0
0.74350000000000	0
0.74433333333333	0
0.74516666666667	0
0.74600000000000	0
0.74683333333333	0
0.74766666666667	0
0.74850000000000	0
0.74933333333333	0
0.75016666666667	0
0.75100000000000	0
0.75183333333333	0
0.75266666666667	0
0.75350000000000	0
0.75433333333333	0
0.75516666666667	0
0.75600000000000	0
0.75683333333333	0
0.75768333333333	0
0.75851666666667	0
0.75935000000000	0
0.76018333333333	0
0.76101666666667	0
0.76185000000000	0
0.76268333333333	0
0.76351666666667	0
0.76435000000000	0
0.76518333333333	0
0.76601666666667	0
0.76685000000000	0
0.76768333333333	0
0.76851666666667	0
0.76935000000000	0
0.77018333333333	0
0.77101666666667	0
0.77185000000000	0
0.77268333333333	0
0.77351666666667	0
0.77436666666667	0
0.77520000000000	0
0.77603333333333	0
0.77686666666667	0
0.77770000000000	0
0.77853333333333	0
0.77936666666667	0
0.78020000000000	0
0.78103333333333	0
0.78186666666667	0
0.78270000000000	0
0.78353333333333	0
0.78436666666667	0
0.78520000000000	0
0.78603333333333	12
0.78686666666667	6
0.78770000000000	0
0.78853333333333	0
0.78936666666667	0
0.79020000000000	0
0.79103333333333	0
0.79188333333333	0
0.79271666666667	0
0.79355000000000	0
0.79438333333333	0
0.79521666666667	0
0.79605000000000	0
0.79688333333333	0
0.79771666666667	0
0.79855000000000	0
0.79938333333333	0
0.80021666666667	0
0.80105000000000	0
0.80188333333333	0
0.80271666666667	0
0.80355000000000	0
0.80438333333333	0
0.80521666666667	0
0.80605000000000	0
0.80688333333333	0
0.80770000000000	0
0.80855000000000	0
0.80938333333333	0
0.81021666666667	0
0.81105000000000	0
0.81188333333333	0
0.81271666666667	0
0.81355000000000	0
0.81438333333333	0
0.81521666666667	0
0.81605000000000	0
0.81688333333333	0
0.81771666666667	0
0.81855000000000	0
0.81938333333333	0
0.82021666666667	0
0.82105000000000	0
0.82188333333333	0
0.82271666666667	0
0.82355000000000	0
0.82438333333333	0
0.82521666666667	0
0.82606666666667	0
0.82690000000000	0
0.82773333333333	0
0.82856666666667	0
0.82940000000000	0
0.83023333333333	0
0.83106666666667	0
0.83190000000000	0
0.83273333333333	0
0.83356666666667	0
0.83440000000000	0
0.83523333333333	0
0.83606666666667	0
0.83690000000000	0
0.83773333333333	0
0.83856666666667	0
0.83940000000000	0
0.84023333333333	0
0.84106666666667	0
0.84190000000000	0
0.84275000000000	0
0.84358333333333	0
0.84441666666667	0
0.84525000000000	0
0.84608333333333	0
0.84691666666667	0
0.84775000000000	0
0.84858333333333	0
0.84941666666667	0
0.85025000000000	0
0.85108333333333	0
0.85191666666667	0
0.85275000000000	0
0.85358333333333	0
0.85441666666667	0
0.85525000000000	0
0.85608333333333	0
0.85691666666667	0
0.85775000000000	0
0.85858333333333	0
0.85941666666667	0
0.86026666666667	0
0.86110000000000	0
0.86193333333333	0
0.86276666666667	0
0.86360000000000	0
0.86443333333333	0
0.86526666666667	0
0.86610000000000	0
0.86693333333333	0
0.86776666666667	0
0.86860000000000	0
0.86943333333333	0
0.87026666666667	0
0.87110000000000	0
0.87193333333333	0
0.87276666666667	0
0.87360000000000	0
0.87443333333333	0
0.87526666666667	0
0.87610000000000	0
0.87695000000000	0
0.87778333333333	0
0.87861666666667	0
0.87945000000000	0
0.88028333333333	0
0.88111666666667	0
0.88195000000000	0
0.88278333333333	0
0.88361666666667	0
0.88445000000000	0
0.88528333333333	0
0.88611666666667	0
0.88695000000000	0
0.88778333333333	0
0.88861666666667	0
0.88945000000000	0
0.89028333333333	0
0.89111666666667	0
0.89195000000000	0
0.89276666666667	0
0.89360000000000	0
0.89445000000000	0
0.89528333333333	0
0.89611666666667	0
0.89695000000000	0
0.89778333333333	0
0.89861666666667	0
0.89945000000000	0
0.90028333333333	0
0.90111666666667	0
0.90195000000000	0
0.90278333333333	0
0.90361666666667	0
0.90445000000000	0
0.90528333333333	0
0.90611666666667	0
0.90695000000000	0
0.90778333333333	0
0.90861666666667	0
0.90945000000000	0
0.91028333333333	0
0.91113333333333	0
0.91196666666667	0
0.91280000000000	0
0.91363333333333	0
0.91446666666667	0
0.91530000000000	0
0.91613333333333	0
0.91696666666667	0
0.91780000000000	0
0.91863333333333	0
0.91946666666667	0
0.92030000000000	0
0.92113333333333	0
0.92196666666667	0
0.92280000000000	0
0.92363333333333	0
0.92446666666667	0
0.92530000000000	0
0.92613333333333	0
0.92696666666667	0
0.92780000000000	0
0.92865000000000	0
0.92948333333333	0
0.93031666666667	0
0.93115000000000	0
0.93198333333333	0
0.93281666666667	0
0.93365000000000	0
0.93448333333333	0
0.93531666666667	0
0.93615000000000	0
0.93698333333333	0
0.93781666666667	0
0.93865000000000	0
0.93948333333333	0
0.94031666666667	0
0.94115000000000	0
0.94198333333333	0
0.94281666666667	0
0.94365000000000	0
0.94448333333333	0
0.94533333333333	0
0.94616666666667	0
0.94700000000000	0
0.94783333333333	0
0.94866666666667	0
0.94950000000000	0
0.95033333333333	0
0.95116666666667	0
0.95200000000000	0
0.95283333333333	0
0.95366666666667	0
0.95450000000000	0
0.95533333333333	0
0.95616666666667	0
0.95700000000000	0
0.95783333333333	0
0.95866666666667	0
0.95950000000000	0
0.96033333333333	0
0.96116666666667	0
0.96200000000000	0
0.96285000000000	0
0.96368333333333	0
0.96451666666667	0
0.96535000000000	0
0.96618333333333	0
0.96701666666667	0
0.96785000000000	0
0.96868333333333	0
0.96951666666667	0
0.97035000000000	0
0.97118333333333	0
0.97201666666667	0
0.97285000000000	0
0.97368333333333	0
0.97451666666667	0
0.97535000000000	0
0.97618333333333	0
0.97701666666667	0
0.97785000000000	0
0.97868333333333	0
0.97953333333333	0
0.98036666666667	0
0.98120000000000	0
0.98203333333333	0
0.98286666666667	0
0.98370000000000	0
0.98453333333333	0
0.98536666666667	0
0.98620000000000	0
0.98703333333333	0
0.98786666666667	0
0.98870000000000	0
0.98953333333333	0
0.99036666666667	23
0.99120000000000	11
0.99203333333333	0
0.99286666666667	0
0.99370000000000	0
0.99453333333333	0
0.99536666666667	0
0.99620000000000	0
0.99705000000000	0
0.99788333333333	0
0.99871666666667	0
0.99955000000000	0
1.00038333333333	0
1.00121666666667	0
1.00205000000000	0
1.00288333333333	0
1.00371666666667	0
1.00455000000000	0
1.00538333333333	0
1.00621666666667	0
1.00705000000000	0
1.00788333333333	0
1.00871666666667	0
1.00955000000000	0
1.01038333333333	0
1.01121666666667	0
1.01203333333333	0
1.01286666666667	0
1.01371666666667	0
1.01455000000000	0
1.01538333333333	0
1.01621666666667	0
1.01705000000000	0
1.01788333333333	0
1.01871666666667	0
1.01955000000000	0
1.02038333333333	0
1.02121666666667	0
1.02205000000000	0
1.02288333333333	0
1.02371666666667	0
1.02455000000000	0
1.02538333333333	0
1.02621666666667	0
1.02705000000000	0
1.02788333333333	0
1.02871666666667	0
1.02955000000000	0
1.03038333333333	0
1.03123333333333	0
1.03206666666667	0
1.03290000000000	0
1.03373333333333	0
1.03456666666667	0
1.03540000000000	0
1.03623333333333	0
1.03706666666667	0
1.03790000000000	0
1.03873333333333	0
1.03956666666667	0
1.04040000000000	0
1.04123333333333	0
1.04206666666667	0
1.04290000000000	0
1.04373333333333	0
1.04456666666667	0
1.04540000000000	0
1.04623333333333	0
1.04706666666667	0
1.04791666666667	0
1.04875000000000	0
1.04958333333333	0
1.05041666666667	0
1.05125000000000	0
1.05208333333333	0
1.05291666666667	0
1.05375000000000	0
1.05458333333333	0
1.05541666666667	0
1.05625000000000	0
1.05708333333333	0
1.05791666666667	0
1.05875000000000	0
1.05958333333333	0
1.06041666666667	0
1.06125000000000	0
1.06208333333333	0
1.06291666666667	157
1.06375000000000	79
1.06458333333333	0
1.06543333333333	0
1.06626666666667	0
1.06710000000000	0
1.06793333333333	0
1.06876666666667	0
1.06960000000000	0
1.07043333333333	0
1.07126666666667	0
1.07210000000000	0
1.07293333333333	0
1.07376666666667	0
1.07460000000000	0
1.07543333333333	15
1.07626666666667	200
1.07710000000000	198
1.07793333333333	0
1.07875000000000	0
1.07958333333333	0
1.08041666666667	0
1.08125000000000	0
1.08210000000000	0
1.08293333333333	0
1.08376666666667	0
1.08460000000000	0
1.08543333333333	0
1.08626666666667	0
1.08710000000000	0
1.08793333333333	0
1.08876666666667	0
1.08960000000000	0
1.09043333333333	0
1.09126666666667	0
1.09210000000000	0
1.09293333333333	0
1.09376666666667	0
1.09460000000000	0
1.09543333333333	0
1.09626666666667	0
1.09710000000000	0
1.09793333333333	0
1.09876666666667	0
1.09961666666667	0
1.10045000000000	0
1.10128333333333	0
1.10211666666667	0
1.10295000000000	0
1.10378333333333	0
1.10461666666667	0
1.10545000000000	159
1.10628333333333	80
1.10711666666667	0
1.10795000000000	0
1.10878333333333	0
1.10961666666667	0
1.11045000000000	0
1.11128333333333	817
1.11211666666667	886
1.11295000000000	394
1.11378333333333	0
1.11461666666667	298
1.11545000000000	149
1.11630000000000	0
1.11713333333333	1506
1.11796666666667	1167
1.11880000000000	0
1.11963333333333	0
1.12046666666667	1021
1.12130000000000	0
1.12213333333333	633
1.12296666666667	421
1.12380000000000	321
1.12463333333333	306
1.12546666666667	291
1.12630000000000	1040
1.12713333333333	541
1.12796666666667	42
1.12880000000000	1000
1.12963333333333	636
1.13046666666667	424
1.13130000000000	668
1.13213333333333	0
1.13296666666667	0
1.13381666666667	920
1.13465000000000	387
1.13548333333333	546
1.13631666666667	523
1.13715000000000	0
1.13798333333333	0
1.13881666666667	1109
1.13965000000000	973
1.14048333333333	501
1.14131666666667	602
1.14215000000000	312
1.14298333333333	371
1.14381666666667	703
1.14465000000000	0
1.14548333333333	0
1.14631666666667	233
1.14715000000000	194
1.14798333333333	154
1.14881666666667	0
1.14965000000000	149
1.15050000000000	0
1.15133333333333	0
1.15216666666667	0
1.15300000000000	0
1.15383333333333	0
1.15466666666667	0
1.15550000000000	0
1.15633333333333	0
1.15716666666667	0
1.15800000000000	0
1.15883333333333	0
1.15966666666667	0
1.16050000000000	0
1.16133333333333	0
1.16216666666667	100
1.16300000000000	50
1.16383333333333	0
1.16466666666667	0
1.16548333333333	421
1.16631666666667	482
1.16715000000000	0
1.16800000000000	25
1.16883333333333	267
1.16966666666667	0
1.17050000000000	0
1.17133333333333	0
1.17216666666667	0
1.17300000000000	0
1.17383333333333	0
1.17466666666667	711
1.17550000000000	567
1.17633333333333	0
1.17716666666667	0
1.17800000000000	0
1.17883333333333	0
1.17966666666667	0
1.18050000000000	0
1.18133333333333	0
1.18216666666667	0
1.18300000000000	0
1.18383333333333	0
1.18468333333333	0
1.18551666666667	0
1.18635000000000	0
1.18718333333333	0
1.18801666666667	0
1.18885000000000	0
1.18968333333333	0
1.19051666666667	0
1.19135000000000	0
1.19218333333333	0
1.19301666666667	0
1.19385000000000	0
1.19468333333333	0
1.19551666666667	0
1.19635000000000	0
1.19718333333333	0
1.19801666666667	0
1.19885000000000	0
1.19968333333333	0
1.20051666666667	0
1.20135000000000	0
1.20220000000000	0
1.20303333333333	0
1.20386666666667	0
1.20470000000000	0
1.20553333333333	0
1.20636666666667	0
1.20720000000000	0
1.20803333333333	0
1.20886666666667	0
1.20970000000000	0
1.21053333333333	0
1.21136666666667	0
1.21220000000000	0
1.21303333333333	0
1.21386666666667	0
1.21470000000000	0
1.21553333333333	0
1.21636666666667	0
1.21720000000000	0
1.21803333333333	0
1.21888333333333	0
1.21971666666667	0
1.22055000000000	0
1.22138333333333	0
1.22221666666667	0
1.22305000000000	0
1.22388333333333	0
1.22471666666667	0
1.22555000000000	0
1.22638333333333	0
1.22721666666667	0
1.22805000000000	0
1.22888333333333	0
1.22971666666667	0
1.23055000000000	0
1.23138333333333	0
1.23221666666667	0
1.23305000000000	0
1.23388333333333	0
1.23471666666667	0
1.23555000000000	0
1.23640000000000	0
1.23723333333333	0
1.23806666666667	0
1.23890000000000	0
1.23973333333333	0
1.24056666666667	0
1.24140000000000	0
1.24223333333333	0
1.24306666666667	0
1.24390000000000	0
1.24473333333333	96
1.24556666666667	48
1.24640000000000	0
1.24723333333333	0
1.24806666666667	0
1.24890000000000	0
1.24971666666667	0
1.25055000000000	0
1.25138333333333	0
1.25221666666667	0
1.25306666666667	0
1.25390000000000	0
1.25473333333333	0
1.25556666666667	0
1.25640000000000	0
1.25723333333333	0
1.25806666666667	0
1.25890000000000	0
1.25973333333333	0
1.26056666666667	0
1.26140000000000	0
1.26223333333333	0
1.26306666666667	0
1.26390000000000	0
1.26473333333333	0
1.26556666666667	0
1.26640000000000	0
1.26723333333333	0
1.26806666666667	0
1.26890000000000	0
1.26973333333333	0
1.27058333333333	0
1.27141666666667	0
1.27225000000000	0
1.27308333333333	0
1.27391666666667	0
1.27475000000000	0
1.27558333333333	0
1.27641666666667	0
1.27725000000000	0
1.27808333333333	0
1.27891666666667	0
1.27975000000000	0
1.28058333333333	0
1.28141666666667	0
1.28225000000000	0
1.28308333333333	0
1.28391666666667	0
1.28475000000000	0
1.28558333333333	0
1.28641666666667	0
1.28726666666667	0
1.28810000000000	0
1.28893333333333	0
1.28976666666667	0
1.29060000000000	0
1.29143333333333	0
1.29226666666667	0
1.29310000000000	0
1.29393333333333	0
1.29476666666667	0
1.29560000000000	0
1.29643333333333	0
1.29726666666667	0
1.29810000000000	0
1.29893333333333	0
1.29976666666667	0
1.30060000000000	0
1.30143333333333	0
1.30226666666667	0
1.30310000000000	0
1.30393333333333	0
1.30478333333333	0
1.30561666666667	0
1.30645000000000	0
1.30728333333333	0
1.30811666666667	0
1.30895000000000	0
1.30978333333333	0
1.31061666666667	0
1.31145000000000	0
1.31228333333333	0
1.31311666666667	0
1.31395000000000	0
1.31478333333333	0
1.31561666666667	0
1.31645000000000	0
1.31728333333333	0
1.31811666666667	0
1.31895000000000	0
1.31976666666667	0
1.32060000000000	0
1.32145000000000	0
1.32228333333333	0
1.32311666666667	0
1.32395000000000	0
1.32478333333333	0
1.32561666666667	0
1.32645000000000	0
1.32728333333333	0
1.32811666666667	0
1.32895000000000	0
1.32978333333333	0
1.33061666666667	0
1.33145000000000	0
1.33228333333333	0
1.33311666666667	241
1.33395000000000	312
1.33478333333333	0
1.33561666666667	0
1.33645000000000	0
1.33728333333333	0
1.33811666666667	0
1.33896666666667	0
1.33980000000000	0
1.34063333333333	0
1.34146666666667	0
1.34230000000000	0
1.34313333333333	0
1.34396666666667	0
1.34480000000000	0
1.34563333333333	0
1.34646666666667	0
1.34730000000000	0
1.34813333333333	0
1.34896666666667	0
1.34980000000000	0
1.35063333333333	0
1.35146666666667	0
1.35230000000000	0
1.35313333333333	0
1.35396666666667	0
1.35480000000000	0
1.35565000000000	0
1.35648333333333	0
1.35731666666667	0
1.35815000000000	0
1.35898333333333	0
1.35981666666667	0
1.36065000000000	0
1.36148333333333	0
1.36231666666667	0
1.36315000000000	0
1.36398333333333	0
1.36481666666667	0
1.36565000000000	0
1.36648333333333	0
1.36731666666667	0
1.36815000000000	0
1.36898333333333	0
1.36981666666667	0
1.37065000000000	0
1.37148333333333	0
1.37231666666667	0
1.37316666666667	0
1.37400000000000	0
1.37483333333333	0
1.37566666666667	0
1.37650000000000	0
1.37733333333333	0
1.37816666666667	0
1.37900000000000	0
1.37983333333333	0
1.38066666666667	0
1.38150000000000	0
1.38233333333333	0
1.38316666666667	0
1.38400000000000	0
1.38483333333333	0
1.38566666666667	0
1.38650000000000	0
1.38733333333333	0
1.38816666666667	0
1.38900000000000	0
1.38985000000000	0
1.39068333333333	0
1.39151666666667	0
1.39235000000000	0
1.39318333333333	0
1.39401666666667	0
1.39485000000000	0
1.39568333333333	0
1.39651666666667	0
1.39735000000000	0
1.39818333333333	0
1.39901666666667	0
1.39985000000000	0
1.40068333333333	0
1.40151666666667	0
1.40235000000000	0
1.40318333333333	0
1.40401666666667	0
1.40485000000000	0
1.40568333333333	0
1.40651666666667	0
1.40736666666667	0
1.40820000000000	0
1.40903333333333	0
1.40986666666667	0
1.41070000000000	0
1.41153333333333	0
1.41236666666667	0
1.41320000000000	0
1.41403333333333	0
1.41486666666667	0
1.41570000000000	0
1.41653333333333	0
1.41736666666667	0
1.41820000000000	0
1.41903333333333	0
1.41986666666667	0
1.42070000000000	0
1.42153333333333	0
1.42235000000000	0
1.42318333333333	0
1.42403333333333	0
1.42486666666667	0
1.42570000000000	0
1.42653333333333	0
1.42736666666667	0
1.42820000000000	0
1.42903333333333	0
1.42986666666667	0
1.43070000000000	0
1.43153333333333	0
1.43236666666667	0
1.43320000000000	0
1.43403333333333	0
1.43486666666667	0
1.43570000000000	0
1.43653333333333	0
1.43736666666667	0
1.43820000000000	0
1.43903333333333	0
1.43986666666667	0
1.44070000000000	0
1.44155000000000	0
1.44238333333333	0
1.44321666666667	0
1.44405000000000	0
1.44488333333333	0
1.44571666666667	0
1.44655000000000	0
1.44738333333333	0
1.44821666666667	0
1.44905000000000	0
1.44988333333333	0
1.45071666666667	0
1.45155000000000	0
1.45238333333333	0
1.45321666666667	0
1.45405000000000	0
1.45488333333333	0
1.45571666666667	0
1.45655000000000	0
1.45738333333333	0
1.45823333333333	0
1.45906666666667	0
1.45990000000000	0
1.46073333333333	0
1.46156666666667	0
1.46240000000000	0
1.46323333333333	0
1.46406666666667	0
1.46490000000000	0
1.46573333333333	0
1.46656666666667	0
1.46740000000000	0
1.46823333333333	0
1.46906666666667	0
1.46990000000000	0
1.47073333333333	0
1.47156666666667	0
1.47240000000000	0
1.47323333333333	0
1.47406666666667	0
1.47490000000000	0
1.47575000000000	0
1.47658333333333	0
1.47741666666667	0
1.47825000000000	0
1.47908333333333	0
1.47991666666667	0
1.48075000000000	0
1.48158333333333	0
1.48241666666667	0
1.48325000000000	0
1.48408333333333	0
1.48491666666667	0
1.48575000000000	0
1.48658333333333	0
1.48741666666667	0
1.48825000000000	0
1.48908333333333	0
1.48991666666667	0
1.49075000000000	0
1.49158333333333	0
1.49243333333333	0
1.49326666666667	0
1.49410000000000	0
1.49493333333333	0
1.49576666666667	0
1.49660000000000	0
1.49743333333333	0
1.49826666666667	0
1.49910000000000	0
1.49993333333333	0
1.50076666666667	0
1.50160000000000	0
1.50243333333333	0
1.50326666666667	0
1.50410000000000	0
1.50493333333333	0
1.50576666666667	0
1.50660000000000	0
1.50743333333333	0
1.50825000000000	0
1.50908333333333	0
1.50993333333333	0
1.51076666666667	0
1.51160000000000	0
1.51243333333333	0
1.51326666666667	0
1.51410000000000	0
1.51493333333333	0
1.51576666666667	0
1.51660000000000	0
1.51743333333333	0
1.51826666666667	0
1.51910000000000	0
1.51993333333333	0
1.52076666666667	0
1.52160000000000	0
1.52243333333333	0
1.52326666666667	0
1.52410000000000	0
1.52493333333333	0
1.52576666666667	0
1.52661666666667	0
1.52745000000000	0
1.52828333333333	0
1.52911666666667	0
1.52995000000000	0
1.53078333333333	0
1.53161666666667	0
1.53245000000000	0
1.53328333333333	0
1.53411666666667	0
1.53495000000000	0
1.53578333333333	0
1.53661666666667	0
1.53745000000000	0
1.53828333333333	0
1.53911666666667	0
1.53995000000000	0
1.54078333333333	0
1.54161666666667	0
1.54245000000000	0
1.54328333333333	0
1.54413333333333	0
1.54496666666667	0
1.54580000000000	0
1.54663333333333	0
1.54746666666667	0
1.54830000000000	0
1.54913333333333	0
1.54996666666667	0
1.55080000000000	0
1.55163333333333	0
1.55246666666667	0
1.55330000000000	0
1.55413333333333	0
1.55496666666667	0
1.55580000000000	0
1.55663333333333	0
1.55746666666667	0
1.55830000000000	0
1.55913333333333	0
1.55996666666667	0
1.56081666666667	0
1.56165000000000	0
1.56248333333333	0
1.56331666666667	0
1.56415000000000	0
1.56498333333333	0
1.56581666666667	0
1.56665000000000	0
1.56748333333333	0
1.56831666666667	0
1.56915000000000	0
1.56998333333333	0
1.57081666666667	0
1.57165000000000	0
1.57248333333333	0
1.57331666666667	0
1.57415000000000	0
1.57498333333333	0
1.57581666666667	0
1.57665000000000	0
1.57748333333333	0
1.57833333333333	0
1.57916666666667	0
1.58000000000000	0
1.58083333333333	0
1.58166666666667	0
1.58250000000000	0
1.58333333333333	0
1.58416666666667	0
1.58500000000000	0
1.58583333333333	0
1.58666666666667	0
1.58750000000000	0
1.58833333333333	0
1.58915000000000	0
1.58998333333333	0
1.59081666666667	0
1.59165000000000	0
1.59248333333333	0
1.59331666666667	0
1.59415000000000	0
1.59500000000000	0
1.59583333333333	0
1.59666666666667	0
1.59750000000000	0
1.59833333333333	0
1.59916666666667	0
1.60000000000000	0
1.60083333333333	0
1.60166666666667	0
1.60250000000000	0
1.60333333333333	0
1.60416666666667	0
1.60500000000000	0
1.60583333333333	0
1.60666666666667	0
1.60750000000000	0
1.60833333333333	0
1.60916666666667	0
1.61000000000000	0
1.61083333333333	0
1.61166666666667	0
1.61251666666667	0
1.61335000000000	0
1.61418333333333	0
1.61501666666667	0
1.61585000000000	0
1.61668333333333	0
1.61751666666667	0
1.61835000000000	0
1.61918333333333	0
1.62001666666667	0
1.62085000000000	0
1.62168333333333	0
1.62251666666667	0
1.62335000000000	0
1.62418333333333	0
1.62501666666667	0
1.62585000000000	0
1.62668333333333	0
1.62751666666667	0
1.62835000000000	0
1.62920000000000	0
1.63003333333333	0
1.63086666666667	0
1.63170000000000	0
1.63253333333333	0
1.63336666666667	0
1.63420000000000	0
1.63503333333333	0
1.63586666666667	0
1.63670000000000	0
1.63753333333333	0
1.63836666666667	0
1.63920000000000	0
1.64003333333333	0
1.64086666666667	0
1.64170000000000	0
1.64253333333333	0
1.64336666666667	0
1.64420000000000	0
1.64503333333333	0
1.64586666666667	0
1.64671666666667	0
1.64755000000000	0
1.64838333333333	0
1.64921666666667	0
1.65005000000000	0
1.65088333333333	0
1.65171666666667	0
1.65255000000000	0
1.65338333333333	0
1.65421666666667	0
1.65505000000000	0
1.65588333333333	0
1.65671666666667	0
1.65755000000000	0
1.65838333333333	0
1.65921666666667	0
1.66005000000000	0
1.66088333333333	0
1.66171666666667	0
1.66255000000000	0
1.66340000000000	0
1.66423333333333	0
1.66506666666667	0
1.66590000000000	0
1.66673333333333	0
1.66756666666667	0
1.66840000000000	0
1.66923333333333	0
1.67006666666667	0
1.67090000000000	0
1.67173333333333	0
1.67256666666667	0
1.67338333333333	17
1.67421666666667	8
1.67505000000000	0
1.67588333333333	0
1.67671666666667	0
1.67755000000000	0
1.67838333333333	0
1.67921666666667	0
1.68005000000000	0
1.68090000000000	0
1.68173333333333	0
1.68256666666667	0
1.68340000000000	0
1.68423333333333	0
1.68506666666667	0
1.68590000000000	0
1.68673333333333	0
1.68756666666667	0
1.68840000000000	0
1.68923333333333	0
1.69006666666667	0
1.69090000000000	0
1.69173333333333	0
1.69256666666667	0
1.69340000000000	0
1.69423333333333	0
1.69506666666667	0
1.69590000000000	0
1.69673333333333	0
1.69758333333333	0
1.69841666666667	0
1.69925000000000	0
1.70008333333333	0
1.70091666666667	0
1.70175000000000	0
1.70258333333333	0
1.70341666666667	0
1.70425000000000	0
1.70508333333333	0
1.70591666666667	0
1.70675000000000	0
1.70758333333333	0
1.70841666666667	0
1.70925000000000	0
1.71008333333333	0
1.71091666666667	0
1.71175000000000	0
1.71258333333333	0
1.71341666666667	0
1.71425000000000	0
1.71510000000000	0
1.71593333333333	0
1.71676666666667	0
1.71760000000000	11
1.71843333333333	5
1.71926666666667	0
1.72010000000000	0
1.72093333333333	0
1.72176666666667	0
1.72260000000000	0
1.72343333333333	0
1.72426666666667	0
1.72510000000000	0
1.72593333333333	0
1.72676666666667	0
1.72760000000000	0
1.72843333333333	0
1.72926666666667	9
1.73010000000000	5
1.73093333333333	0
1.73178333333333	0
1.73261666666667	0
1.73345000000000	0
1.73428333333333	0
1.73511666666667	0
1.73595000000000	0
1.73678333333333	0
1.73761666666667	0
1.73845000000000	0
1.73928333333333	0
1.74011666666667	0
1.74095000000000	7
1.74178333333333	14
1.74261666666667	7
1.74345000000000	0
1.74428333333333	0
1.74511666666667	0
1.74595000000000	0
1.74678333333333	0
1.74761666666667	0
1.74845000000000	0
1.74930000000000	0
1.75013333333333	0
1.75096666666667	0
1.75180000000000	0
1.75263333333333	0
1.75346666666667	0
1.75430000000000	0
1.75513333333333	0
1.75596666666667	0
1.75680000000000	0
1.75763333333333	0
1.75846666666667	0
1.75930000000000	0
1.76013333333333	0
1.76096666666667	0
1.76180000000000	0
1.76263333333333	0
1.76346666666667	0
1.76430000000000	0
1.76513333333333	0
1.76598333333333	0
1.76681666666667	0
1.76765000000000	0
1.76848333333333	0
1.76931666666667	0
1.77015000000000	0
1.77098333333333	0
1.77181666666667	0
1.77265000000000	0
1.77348333333333	0
1.77431666666667	0
1.77515000000000	0
1.77598333333333	0
1.77681666666667	0
1.77765000000000	0
1.77848333333333	0
1.77931666666667	0
1.78015000000000	0
1.78098333333333	0
1.78181666666667	0
1.78265000000000	0
1.78350000000000	0
1.78433333333333	0
1.78516666666667	0
1.78600000000000	0
1.78683333333333	0
1.78766666666667	0
1.78850000000000	0
1.78933333333333	0
1.79016666666667	0
1.79100000000000	0
1.79183333333333	0
1.79266666666667	0
1.79350000000000	0
1.79433333333333	0
1.79516666666667	0
1.79600000000000	0
1.79683333333333	0
1.79766666666667	0
1.79850000000000	0
1.79933333333333	0
1.80018333333333	0
1.80101666666667	0
1.80185000000000	0
1.80268333333333	0
1.80351666666667	0
1.80435000000000	0
1.80518333333333	0
1.80601666666667	0
1.80685000000000	0
1.80768333333333	0
1.80851666666667	0
1.80935000000000	0
1.81018333333333	0
1.81101666666667	0
1.81185000000000	0
1.81268333333333	0
1.81350000000000	0
1.81433333333333	0
1.81516666666667	0
1.81600000000000	0
1.81683333333333	0
1.81768333333333	0
1.81851666666667	0
1.81935000000000	0
1.82018333333333	0
1.82101666666667	0
1.82185000000000	0
1.82268333333333	0
1.82351666666667	0
1.82435000000000	0
1.82518333333333	0
1.82601666666667	0
1.82685000000000	0
1.82768333333333	0
1.82851666666667	0
1.82935000000000	0
1.83018333333333	0
1.83101666666667	0
1.83185000000000	0
1.83268333333333	0
1.83351666666667	0
1.83436666666667	0
1.83520000000000	0
1.83603333333333	0
1.83686666666667	0
1.83770000000000	0
1.83853333333333	0
1.83936666666667	0
1.84020000000000	0
1.84103333333333	0
1.84186666666667	0
1.84270000000000	0
1.84353333333333	0
1.84436666666667	0
1.84520000000000	0
1.84603333333333	0
1.84686666666667	0
1.84770000000000	0
1.84853333333333	0
1.84936666666667	0
1.85020000000000	0
1.85103333333333	0
1.85188333333333	0
1.85271666666667	0
1.85355000000000	0
1.85438333333333	0
1.85521666666667	0
1.85605000000000	0
1.85688333333333	0
1.85771666666667	0
1.85855000000000	0
1.85938333333333	0
1.86021666666667	0
1.86105000000000	0
1.86188333333333	0
1.86271666666667	0
1.86355000000000	0
1.86438333333333	0
1.86521666666667	0
1.86605000000000	0
1.86688333333333	0
1.86771666666667	0
1.86856666666667	0
1.86940000000000	0
1.87023333333333	0
1.87106666666667	0
1.87190000000000	0
1.87273333333333	0
1.87356666666667	0
1.87440000000000	0
1.87523333333333	0
1.87606666666667	0
1.87690000000000	0
1.87773333333333	0
1.87856666666667	0
1.87940000000000	0
1.88023333333333	0
1.88106666666667	0
1.88190000000000	0
1.88273333333333	0
1.88356666666667	0
1.88440000000000	0
1.88523333333333	0
1.88608333333333	0
1.88691666666667	0
1.88775000000000	0
1.88858333333333	0
1.88941666666667	0
1.89025000000000	0
1.89108333333333	0
1.89191666666667	0
1.89275000000000	0
1.89358333333333	0
1.89441666666667	0
1.89525000000000	0
1.89608333333333	0
1.89691666666667	0
1.89775000000000	0
1.89858333333333	0
1.89941666666667	0
1.90025000000000	0
1.90108333333333	0
1.90190000000000	0
1.90275000000000	0
1.90358333333333	0
1.90441666666667	0
1.90525000000000	0
1.90608333333333	0
1.90691666666667	0
1.90775000000000	0
1.90858333333333	0
1.90941666666667	0
1.91025000000000	0
1.91108333333333	0
1.91191666666667	0
1.91275000000000	0
1.91358333333333	0
1.91441666666667	0
1.91525000000000	0
1.91608333333333	0
1.91691666666667	0
1.91775000000000	0
1.91858333333333	0
1.91941666666667	0
1.92026666666667	0
1.92110000000000	0
1.92193333333333	0
1.92276666666667	0
1.92360000000000	0
1.92443333333333	0
1.92526666666667	0
1.92610000000000	0
1.92693333333333	0
1.92776666666667	0
1.92860000000000	0
1.92943333333333	0
1.93026666666667	0
1.93110000000000	0
1.93193333333333	0
1.93276666666667	0
1.93360000000000	0
1.93443333333333	0
1.93526666666667	0
1.93610000000000	0
1.93695000000000	0
1.93778333333333	0
1.93861666666667	0
1.93945000000000	0
1.94028333333333	0
1.94111666666667	0
1.94195000000000	0
1.94278333333333	0
1.94361666666667	0
1.94445000000000	0
1.94528333333333	0
1.94611666666667	0
1.94695000000000	0
1.94778333333333	0
1.94861666666667	0
1.94945000000000	0
1.95028333333333	0
1.95111666666667	0
1.95195000000000	0
1.95278333333333	0
1.95361666666667	0
1.95446666666667	0
1.95530000000000	0
1.95613333333333	0
1.95696666666667	0
1.95780000000000	0
1.95863333333333	0
1.95946666666667	0
1.96030000000000	0
1.96113333333333	0
1.96196666666667	0
1.96280000000000	0
1.96363333333333	0
1.96446666666667	0
1.96530000000000	0
1.96613333333333	0
1.96696666666667	0
1.96780000000000	0
1.96863333333333	0
1.96946666666667	0
1.97030000000000	0
1.97115000000000	0
1.97198333333333	0
1.97281666666667	0
1.97365000000000	0
1.97448333333333	0
1.97531666666667	0
1.97615000000000	0
1.97698333333333	0
1.97781666666667	0
1.97865000000000	0
1.97948333333333	0
1.98031666666667	0
1.98115000000000	0
1.98198333333333	0
1.98281666666667	0
1.98365000000000	0
1.98448333333333	0
1.98531666666667	0
1.98615000000000	0
1.98698333333333	0
1.98781666666667	0
1.98866666666667	0
1.98950000000000	0
1.99033333333333	0
1.99116666666667	0
1.99200000000000	0
1.99283333333333	0
1.99366666666667	0
1.99450000000000	0
1.99533333333333	0
1.99616666666667	0
1.99700000000000	0
1.99783333333333	0
1.99866666666667	0
1.99950000000000	0
2.00033333333333	0
2.00116666666667	0
2.00200000000000	0
2.00283333333333	0
2.00366666666667	0
2.00450000000000	0
2.00535000000000	0
2.00618333333333	0
2.00701666666667	0
2.00785000000000	0
2.00868333333333	0
2.00951666666667	0
2.01035000000000	0
2.01118333333333	0
2.01201666666667	0
2.01285000000000	0
2.01368333333333	0
2.01451666666667	0
2.01535000000000	0
2.01618333333333	0
2.01701666666667	0
2.01785000000000	0
2.01868333333333	0
2.01951666666667	0
2.02035000000000	0
2.02118333333333	0
2.02201666666667	0
2.02286666666667	0
2.02370000000000	0
2.02453333333333	0
2.02536666666667	0
2.02620000000000	0
2.02703333333333	0
2.02786666666667	0
2.02870000000000	0
2.02953333333333	0
2.03036666666667	0
2.03120000000000	19
2.03203333333333	10
2.03286666666667	0
2.03370000000000	0
2.03453333333333	0
2.03536666666667	0
2.03620000000000	0
2.03703333333333	0
2.03785000000000	0
2.03868333333333	0
2.03953333333333	0
2.04036666666667	0
2.04120000000000	0
2.04203333333333	0
2.04286666666667	0
2.04370000000000	0
2.04453333333333	0
2.04536666666667	0
2.04620000000000	0
2.04703333333333	0
2.04786666666667	0
2.04870000000000	0
2.04953333333333	0
2.05036666666667	0
2.05120000000000	0
2.05203333333333	0
2.05286666666667	0
2.05370000000000	0
2.05453333333333	0
2.05536666666667	0
2.05620000000000	0
2.05705000000000	0
2.05788333333333	0
2.05871666666667	0
2.05955000000000	0
2.06038333333333	0
2.06121666666667	0
2.06205000000000	0
2.06288333333333	0
2.06371666666667	0
2.06455000000000	0
2.06538333333333	0
2.06621666666667	0
2.06705000000000	0
2.06788333333333	0
2.06871666666667	0
2.06955000000000	0
2.07038333333333	0
2.07121666666667	0
2.07205000000000	0
2.07288333333333	0
2.07373333333333	0
2.07456666666667	123
2.07540000000000	223
2.07623333333333	137
2.07706666666667	0
2.07790000000000	0
2.07873333333333	0
2.07956666666667	0
2.08040000000000	0
2.08123333333333	0
2.08206666666667	0
2.08290000000000	0
2.08373333333333	0
2.08456666666667	0
2.08540000000000	0
2.08623333333333	0
2.08706666666667	0
2.08790000000000	0
2.08873333333333	0
2.08956666666667	0
2.09040000000000	0
2.09125000000000	0
2.09208333333333	0
2.09291666666667	0
2.09375000000000	0
2.09458333333333	0
2.09541666666667	0
2.09625000000000	0
2.09708333333333	0
2.09791666666667	0
2.09875000000000	0
2.09958333333333	0
2.10041666666667	0
2.10125000000000	0
2.10208333333333	0
2.10291666666667	0
2.10375000000000	0
2.10458333333333	0
2.10540000000000	0
2.10623333333333	0
2.10706666666667	0
2.10791666666667	0
2.10875000000000	0
2.10958333333333	0
2.11041666666667	0
2.11125000000000	0
2.11208333333333	0
2.11291666666667	0
2.11375000000000	0
2.11458333333333	0
2.11541666666667	0
2.11625000000000	0
2.11708333333333	0
2.11791666666667	0
2.11875000000000	0
2.11958333333333	0
2.12041666666667	0
2.12125000000000	0
2.12208333333333	0
2.12291666666667	0
2.12375000000000	0
2.12458333333333	0
2.12543333333333	0
2.12626666666667	0
2.12710000000000	0
2.12793333333333	0
2.12876666666667	0
2.12960000000000	0
2.13043333333333	0
2.13126666666667	0
2.13210000000000	0
2.13293333333333	0
2.13376666666667	0
2.13460000000000	0
2.13543333333333	0
2.13626666666667	0
2.13710000000000	0
2.13793333333333	0
2.13876666666667	0
2.13960000000000	0
2.14043333333333	0
2.14126666666667	0
2.14211666666667	0
2.14295000000000	0
2.14378333333333	0
2.14461666666667	0
2.14545000000000	0
2.14628333333333	0
2.14711666666667	0
2.14795000000000	0
2.14878333333333	0
2.14961666666667	0
2.15045000000000	0
2.15128333333333	0
2.15211666666667	0
2.15295000000000	0
2.15378333333333	0
2.15461666666667	0
2.15545000000000	0
2.15628333333333	0
2.15711666666667	0
2.15795000000000	0
2.15878333333333	0
2.15963333333333	0
2.16046666666667	0
2.16130000000000	0
2.16213333333333	0
2.16296666666667	0
2.16380000000000	0
2.16463333333333	0
2.16546666666667	0
2.16630000000000	0
2.16713333333333	0
2.16796666666667	0
2.16880000000000	0
2.16963333333333	0
2.17046666666667	0
2.17130000000000	0
2.17213333333333	0
2.17296666666667	0
2.17380000000000	0
2.17463333333333	0
2.17546666666667	0
2.17631666666667	0
2.17715000000000	0
2.17798333333333	0
2.17881666666667	0
2.17965000000000	0
2.18048333333333	0
2.18131666666667	0
2.18215000000000	0
2.18298333333333	0
2.18381666666667	0
2.18465000000000	0
2.18548333333333	0
2.18631666666667	0
2.18715000000000	0
2.18798333333333	0
2.18881666666667	0
2.18965000000000	0
2.19048333333333	0
2.19131666666667	0
2.19215000000000	0
2.19298333333333	0
2.19383333333333	0
2.19466666666667	0
2.19550000000000	0
2.19633333333333	0
2.19716666666667	0
2.19800000000000	0
2.19883333333333	0
2.19966666666667	0
2.20050000000000	0
2.20133333333333	0
2.20216666666667	0
2.20300000000000	0
2.20383333333333	0
2.20466666666667	0
2.20550000000000	0
2.20633333333333	0
2.20716666666667	0
2.20800000000000	0
2.20883333333333	0
2.20966666666667	0
2.21051666666667	0
2.21135000000000	0
2.21218333333333	0
2.21301666666667	0
2.21385000000000	0
2.21468333333333	0
2.21551666666667	0
2.21635000000000	0
2.21718333333333	0
2.21801666666667	0
2.21885000000000	0
2.21968333333333	0
2.22051666666667	0
2.22135000000000	0
2.22218333333333	0
2.22301666666667	0
2.22385000000000	0
2.22468333333333	0
2.22551666666667	0
2.22635000000000	0
2.22718333333333	0
2.22803333333333	0
2.22886666666667	0
2.22970000000000	0
2.23053333333333	0
2.23136666666667	0
2.23220000000000	0
2.23303333333333	0
2.23386666666667	0
2.23470000000000	0
2.23553333333333	0
2.23636666666667	0
2.23720000000000	0
2.23803333333333	0
2.23886666666667	0
2.23970000000000	0
2.24053333333333	0
2.24136666666667	0
2.24220000000000	0
2.24303333333333	0
2.24386666666667	0
2.24471666666667	0
2.24555000000000	0
2.24638333333333	0
2.24721666666667	0
2.24805000000000	0
2.24888333333333	0
2.24971666666667	0
2.25055000000000	0
2.25138333333333	0
2.25221666666667	0
2.25305000000000	0
2.25388333333333	0
2.25471666666667	0
2.25555000000000	0
2.25638333333333	0
2.25721666666667	0
2.25805000000000	0
2.25888333333333	0
2.25971666666667	315
2.26055000000000	157
2.26136666666667	0
2.26221666666667	0
2.26305000000000	0
2.26388333333333	0
2.26471666666667	0
2.26555000000000	0
2.26638333333333	0
2.26721666666667	0
2.26805000000000	0
2.26888333333333	0
2.26971666666667	0
2.27055000000000	0
2.27138333333333	0
2.27221666666667	0
2.27305000000000	0
2.27388333333333	0
2.27471666666667	0
2.27555000000000	0
2.27638333333333	0
2.27721666666667	0
2.27805000000000	0
2.27890000000000	0
2.27973333333333	0
2.28056666666667	0
2.28140000000000	0
2.28223333333333	0
2.28306666666667	0
2.28390000000000	0
2.28473333333333	0
2.28556666666667	0
2.28640000000000	0
2.28723333333333	0
2.28806666666667	0
2.28890000000000	0
2.28973333333333	0
2.29056666666667	0
2.29140000000000	0
2.29223333333333	0
2.29306666666667	0
2.29390000000000	0
2.29473333333333	0
2.29556666666667	0
2.29641666666667	0
2.29725000000000	0
2.29808333333333	0
2.29891666666667	0
2.29975000000000	0
2.30058333333333	0
2.30141666666667	0
2.30225000000000	0
2.30308333333333	0
2.30391666666667	0
2.30475000000000	0
2.30558333333333	0
2.30641666666667	0
2.30725000000000	0
2.30808333333333	0
2.30891666666667	0
2.30975000000000	0
2.31058333333333	0
2.31141666666667	0
2.31225000000000	0
2.31310000000000	0
2.31393333333333	0
2.31476666666667	0
2.31560000000000	0
2.31643333333333	0
2.31726666666667	0
2.31810000000000	0
2.31893333333333	0
2.31976666666667	0
2.32060000000000	0
2.32143333333333	0
2.32226666666667	0
2.32310000000000	0
2.32393333333333	0
2.32476666666667	0
2.32560000000000	0
2.32643333333333	0
2.32726666666667	0
2.32808333333333	0
2.32891666666667	0
2.32975000000000	0
2.33060000000000	0
2.33143333333333	0
2.33226666666667	0
2.33310000000000	0
2.33393333333333	0
2.33476666666667	0
2.33560000000000	0
2.33643333333333	0
2.33726666666667	0
2.33810000000000	0
2.33893333333333	0
2.33976666666667	0
2.34060000000000	0
2.34143333333333	0
2.34226666666667	0
2.34310000000000	0
2.34393333333333	0
2.34476666666667	0
2.34560000000000	0
2.34643333333333	0
2.34728333333333	0
2.34811666666667	0
2.34895000000000	0
2.34978333333333	0
2.35061666666667	0
2.35145000000000	0
2.35228333333333	0
2.35311666666667	0
2.35395000000000	0
2.35478333333333	0
2.35561666666667	0
2.35645000000000	0
2.35728333333333	0
2.35811666666667	0
2.35895000000000	0
2.35978333333333	0
2.36061666666667	0
2.36145000000000	0
2.36228333333333	0
2.36311666666667	0
2.36395000000000	0
2.36480000000000	0
2.36563333333333	0
2.36646666666667	0
2.36730000000000	0
2.36813333333333	0
2.36896666666667	0
2.36980000000000	0
2.37063333333333	0
2.37146666666667	0
2.37230000000000	0
2.37313333333333	0
2.37396666666667	0
2.37480000000000	0
2.37563333333333	0
2.37646666666667	0
2.37730000000000	0
2.37813333333333	0
2.37896666666667	0
2.37980000000000	0
2.38063333333333	0
2.38148333333333	0
2.38231666666667	0
2.38315000000000	0
2.38398333333333	0
2.38481666666667	0
2.38565000000000	0
2.38648333333333	0
2.38731666666667	0
2.38815000000000	0
2.38898333333333	0
2.38981666666667	0
2.39065000000000	0
2.39148333333333	0
2.39231666666667	0
2.39315000000000	0
2.39398333333333	0
2.39481666666667	0
2.39565000000000	0
2.39648333333333	0
2.39731666666667	0
2.39815000000000	0
2.39900000000000	0
2.39983333333333	0
2.40066666666667	0
2.40150000000000	0
2.40233333333333	0
2.40316666666667	0
2.40400000000000	0
2.40483333333333	0
2.40566666666667	0
2.40650000000000	0
2.40733333333333	0
2.40816666666667	0
2.40900000000000	0
2.40983333333333	0
2.41066666666667	0
2.41150000000000	0
2.41233333333333	0
2.41316666666667	0
2.41400000000000	0
2.41483333333333	0
2.41568333333333	0
2.41651666666667	0
2.41735000000000	0
2.41818333333333	0
2.41901666666667	0
2.41985000000000	0
2.42068333333333	0
2.42151666666667	0
2.42235000000000	0
2.42318333333333	0
2.42401666666667	0
2.42485000000000	186
2.42568333333333	185
2.42651666666667	0
2.42735000000000	0
2.42818333333333	0
2.42901666666667	0
2.42985000000000	0
2.43066666666667	0
2.43150000000000	0
2.43233333333333	0
2.43318333333333	0
2.43401666666667	0
2.43485000000000	0
2.43568333333333	0
2.43651666666667	697
2.43735000000000	706
2.43818333333333	17
2.43901666666667	0
2.43985000000000	0
2.44068333333333	0
2.44151666666667	0
2.44235000000000	0
2.44318333333333	0
2.44401666666667	0
2.44485000000000	0
2.44568333333333	0
2.44651666666667	0
2.44735000000000	0
2.44818333333333	0
2.44901666666667	0
2.44986666666667	0
2.45070000000000	0
2.45153333333333	0
2.45236666666667	0
2.45320000000000	0
2.45403333333333	0
2.45486666666667	0
2.45570000000000	0
2.45653333333333	0
2.45736666666667	0
2.45820000000000	0
2.45903333333333	0
2.45986666666667	0
2.46070000000000	0
2.46153333333333	0
2.46236666666667	0
2.46320000000000	0
2.46403333333333	0
2.46486666666667	0
2.46570000000000	0
2.46653333333333	0
2.46738333333333	0
2.46821666666667	0
2.46905000000000	0
2.46988333333333	0
2.47071666666667	0
2.47155000000000	0
2.47238333333333	0
2.47321666666667	0
2.47405000000000	0
2.47488333333333	0
2.47571666666667	0
2.47655000000000	0
2.47738333333333	0
2.47821666666667	0
2.47905000000000	0
2.47988333333333	0
2.48071666666667	0
2.48155000000000	0
2.48238333333333	0
2.48321666666667	0
2.48406666666667	0
2.48490000000000	0
2.48573333333333	0
2.48656666666667	0
2.48740000000000	0
2.48823333333333	97
2.48906666666667	48
2.48990000000000	0
2.49073333333333	0
2.49156666666667	0
2.49240000000000	0
2.49323333333333	0
2.49406666666667	0
2.49490000000000	0
2.49573333333333	0
2.49656666666667	0
2.49740000000000	0
2.49823333333333	0
2.49906666666667	0
2.49990000000000	0
2.50073333333333	0
2.50158333333333	0
2.50241666666667	0
2.50325000000000	0
2.50408333333333	9
2.50491666666667	5
2.50575000000000	0
2.50658333333333	0
2.50741666666667	0
2.50825000000000	0
2.50908333333333	0
2.50991666666667	0
2.51075000000000	0
2.51158333333333	0
2.51241666666667	0
2.51325000000000	0
2.51408333333333	0
2.51491666666667	0
2.51575000000000	0
2.51658333333333	0
2.51741666666667	0
2.51826666666667	0
2.51910000000000	0
2.51993333333333	0
2.52076666666667	0
2.52160000000000	0
2.52243333333333	0
2.52326666666667	0
2.52410000000000	0
2.52493333333333	0
2.52576666666667	0
2.52660000000000	0
2.52743333333333	0
2.52826666666667	0
2.52910000000000	0
2.52993333333333	0
2.53076666666667	0
2.53160000000000	0
2.53243333333333	0
2.53326666666667	0
2.53410000000000	0
2.53493333333333	0
2.53578333333333	0
2.53661666666667	0
2.53745000000000	0
2.53828333333333	0
2.53911666666667	0
2.53995000000000	0
2.54078333333333	0
2.54161666666667	0
2.54245000000000	0
2.54328333333333	0
2.54411666666667	0
2.54495000000000	0
2.54578333333333	0
2.54661666666667	0
2.54745000000000	0
2.54828333333333	0
2.54911666666667	0
2.54995000000000	0
2.55078333333333	0
2.55161666666667	0
2.55246666666667	0
2.55330000000000	0
2.55413333333333	0
2.55496666666667	0
2.55580000000000	0
2.55663333333333	0
2.55746666666667	0
2.55830000000000	0
2.55913333333333	0
2.55996666666667	0
2.56080000000000	0
2.56163333333333	0
2.56246666666667	0
2.56328333333333	0
2.56411666666667	0
2.56495000000000	0
2.56578333333333	0
2.56661666666667	0
2.56745000000000	0
2.56828333333333	0
2.56911666666667	0
2.56996666666667	0
2.57080000000000	0
2.57163333333333	0
2.57246666666667	0
2.57330000000000	0
2.57413333333333	0
2.57496666666667	0
2.57580000000000	0
2.57663333333333	0
2.57746666666667	0
2.57830000000000	0
2.57913333333333	0
2.57996666666667	0
2.58080000000000	0
2.58163333333333	0
2.58246666666667	0
2.58330000000000	0
2.58413333333333	0
2.58496666666667	0
2.58580000000000	0
2.58665000000000	0
2.58748333333333	0
2.58831666666667	0
2.58915000000000	0
2.58998333333333	0
2.59081666666667	0
2.59165000000000	0
2.59248333333333	0
2.59331666666667	0
2.59415000000000	0
2.59498333333333	0
2.59581666666667	0
2.59665000000000	0
2.59748333333333	0
2.59831666666667	0
2.59915000000000	0
2.59998333333333	0
2.60081666666667	0
2.60165000000000	0
2.60248333333333	0
2.60331666666667	0
2.60416666666667	0
2.60500000000000	0
2.60583333333333	0
2.60666666666667	0
2.60750000000000	0
2.60833333333333	0
2.60916666666667	0
2.61000000000000	0
2.61083333333333	0
2.61166666666667	0
2.61250000000000	0
2.61333333333333	0
2.61416666666667	0
2.61500000000000	0
2.61583333333333	0
2.61666666666667	0
2.61750000000000	0
2.61833333333333	0
2.61916666666667	0
2.62000000000000	0
2.62085000000000	0
2.62168333333333	0
2.62251666666667	0
2.62335000000000	0
2.62418333333333	0
2.62501666666667	0
2.62585000000000	0
2.62668333333333	0
2.62751666666667	0
2.62835000000000	0
2.62918333333333	0
2.63001666666667	0
2.63085000000000	0
2.63168333333333	0
2.63251666666667	0
2.63335000000000	0
2.63418333333333	0
2.63501666666667	0
2.63585000000000	0
2.63668333333333	0
2.63751666666667	0
2.63836666666667	0
2.63920000000000	0
2.64003333333333	0
2.64086666666667	0
2.64170000000000	0
2.64253333333333	0
2.64336666666667	0
2.64420000000000	0
2.64503333333333	0
2.64586666666667	0
2.64670000000000	0
2.64753333333333	0
2.64836666666667	0
2.64920000000000	0
2.65003333333333	0
2.65086666666667	0
2.65168333333333	0
2.65251666666667	0
2.65335000000000	0
2.65418333333333	0
2.65503333333333	0
2.65586666666667	0
2.65670000000000	0
2.65753333333333	0
2.65836666666667	0
2.65920000000000	0
2.66003333333333	0
2.66086666666667	0
2.66170000000000	0
2.66253333333333	0
2.66336666666667	0
2.66420000000000	0
2.66503333333333	0
2.66586666666667	0
2.66670000000000	0
2.66753333333333	0
2.66836666666667	0
2.66920000000000	0
2.67003333333333	0
2.67086666666667	0
2.67170000000000	0
2.67255000000000	0
2.67338333333333	0
2.67421666666667	0
2.67505000000000	0
2.67588333333333	0
2.67671666666667	0
2.67755000000000	0
2.67838333333333	0
2.67921666666667	0
2.68005000000000	0
2.68088333333333	0
2.68171666666667	0
2.68255000000000	0
2.68338333333333	0
2.68421666666667	0
2.68505000000000	0
2.68588333333333	0
2.68671666666667	0
2.68755000000000	0
2.68838333333333	0
2.68923333333333	0
2.69006666666667	0
2.69090000000000	0
2.69173333333333	0
2.69256666666667	0
2.69340000000000	0
2.69423333333333	0
2.69506666666667	0
2.69590000000000	0
2.69673333333333	0
2.69756666666667	0
2.69840000000000	0
2.69923333333333	0
2.70006666666667	0
2.70090000000000	0
2.70173333333333	0
2.70256666666667	0
2.70340000000000	380
2.70423333333333	323
2.70506666666667	0
2.70590000000000	0
2.70675000000000	0
2.70758333333333	0
2.70841666666667	0
2.70925000000000	0
2.71008333333333	0
2.71091666666667	0
2.71175000000000	0
2.71258333333333	0
2.71341666666667	0
2.71425000000000	0
2.71508333333333	0
2.71591666666667	0
2.71675000000000	0
2.71758333333333	0
2.71841666666667	0
2.71925000000000	0
2.72008333333333	0
2.72091666666667	0
2.72175000000000	0
2.72258333333333	0
2.72343333333333	0
2.72426666666667	0
2.72510000000000	0
2.72593333333333	0
2.72676666666667	0
2.72760000000000	0
2.72843333333333	0
2.72926666666667	0
2.73010000000000	0
2.73093333333333	0
2.73176666666667	0
2.73260000000000	0
2.73341666666667	0
2.73425000000000	0
2.73508333333333	0
2.73591666666667	0
2.73675000000000	0
2.73758333333333	0
2.73841666666667	0
2.73925000000000	0
2.74008333333333	0
2.74093333333333	0
2.74176666666667	0
2.74260000000000	0
2.74343333333333	0
2.74426666666667	0
2.74510000000000	21
2.74593333333333	11
2.74676666666667	0
2.74760000000000	0
2.74843333333333	0
2.74926666666667	0
2.75010000000000	0
2.75093333333333	0
2.75176666666667	0
2.75260000000000	0
2.75343333333333	0
2.75426666666667	0
2.75510000000000	0
2.75593333333333	0
2.75676666666667	0
2.75761666666667	0
2.75845000000000	0
2.75928333333333	0
2.76011666666667	0
2.76095000000000	0
2.76178333333333	0
2.76261666666667	0
2.76345000000000	0
2.76428333333333	0
2.76511666666667	0
2.76595000000000	0
2.76678333333333	0
2.76761666666667	0
2.76845000000000	0
2.76928333333333	0
2.77011666666667	0
2.77095000000000	0
2.77178333333333	0
2.77261666666667	0
2.77345000000000	0
2.77428333333333	0
2.77513333333333	0
2.77596666666667	0
2.77680000000000	0
2.77763333333333	0
2.77846666666667	0
2.77930000000000	0
2.78013333333333	0
2.78096666666667	0
2.78180000000000	0
2.78263333333333	0
2.78346666666667	0
2.78430000000000	0
2.78513333333333	0
2.78596666666667	0
2.78680000000000	0
2.78763333333333	0
2.78846666666667	0
2.78930000000000	0
2.79013333333333	0
2.79096666666667	0
2.79181666666667	0
2.79265000000000	0
2.79348333333333	0
2.79431666666667	0
2.79515000000000	0
2.79598333333333	0
2.79681666666667	0
2.79765000000000	0
2.79848333333333	0
2.79931666666667	0
2.80015000000000	0
2.80098333333333	0
2.80181666666667	0
2.80265000000000	0
2.80348333333333	0
2.80431666666667	0
2.80515000000000	0
2.80598333333333	0
2.80681666666667	0
2.80765000000000	0
2.80848333333333	0
2.80933333333333	0
2.81016666666667	0
2.81100000000000	0
2.81183333333333	0
2.81266666666667	0
2.81350000000000	0
2.81433333333333	0
2.81516666666667	0
2.81600000000000	0
2.81683333333333	0
2.81766666666667	0
2.81850000000000	0
2.81933333333333	0
2.82016666666667	0
2.82100000000000	0
2.82183333333333	0
2.82265000000000	0
2.82348333333333	0
2.82431666666667	0
2.82515000000000	0
2.82600000000000	0
2.82683333333333	0
2.82766666666667	0
2.82850000000000	0
2.82933333333333	248
2.83016666666667	124
2.83100000000000	0
2.83183333333333	0
2.83266666666667	0
2.83350000000000	0
2.83433333333333	0
2.83516666666667	0
2.83600000000000	0
2.83683333333333	0
2.83766666666667	0
2.83850000000000	0
2.83933333333333	0
2.84016666666667	0
2.84100000000000	0
2.84183333333333	0
2.84266666666667	0
2.84351666666667	0
2.84435000000000	0
2.84518333333333	0
2.84601666666667	0
2.84685000000000	0
2.84768333333333	0
2.84851666666667	0
2.84935000000000	0
2.85018333333333	0
2.85101666666667	0
2.85185000000000	0
2.85268333333333	0
2.85351666666667	0
2.85435000000000	0
2.85518333333333	0
2.85601666666667	0
2.85685000000000	0
2.85768333333333	0
2.85851666666667	0
2.85935000000000	0
2.86020000000000	0
2.86103333333333	0
2.86186666666667	0
2.86270000000000	0
2.86353333333333	0
2.86436666666667	14
2.86520000000000	7
2.86603333333333	0
2.86686666666667	0
2.86770000000000	0
2.86853333333333	0
2.86936666666667	0
2.87020000000000	0
2.87103333333333	0
2.87186666666667	0
2.87270000000000	0
2.87353333333333	0
2.87436666666667	93
2.87520000000000	46
2.87603333333333	0
2.87686666666667	0
2.87771666666667	0
2.87855000000000	0
2.87938333333333	0
2.88021666666667	0
2.88105000000000	0
2.88188333333333	0
2.88271666666667	0
2.88355000000000	14
2.88438333333333	15
2.88521666666667	0
2.88605000000000	0
2.88688333333333	0
2.88771666666667	0
2.88855000000000	0
2.88938333333333	0
2.89021666666667	0
2.89105000000000	0
2.89188333333333	0
2.89271666666667	0
2.89355000000000	0
2.89440000000000	0
2.89523333333333	0
2.89606666666667	0
2.89690000000000	0
2.89773333333333	0
2.89856666666667	0
2.89940000000000	0
2.90023333333333	0
2.90106666666667	0
2.90190000000000	0
2.90273333333333	0
2.90356666666667	0
2.90440000000000	0
2.90523333333333	0
2.90606666666667	0
2.90690000000000	0
2.90773333333333	0
2.90856666666667	0
2.90940000000000	0
2.91023333333333	0
2.91106666666667	0
2.91191666666667	0
2.91275000000000	0
2.91358333333333	0
2.91441666666667	0
2.91525000000000	0
2.91608333333333	0
2.91691666666667	0
2.91775000000000	0
2.91858333333333	0
2.91941666666667	0
2.92025000000000	0
2.92108333333333	0
2.92191666666667	0
2.92275000000000	0
2.92358333333333	0
2.92441666666667	0
2.92525000000000	0
2.92608333333333	0
2.92691666666667	0
2.92775000000000	0
2.92860000000000	0
2.92943333333333	0
2.93026666666667	0
2.93110000000000	0
2.93193333333333	0
2.93276666666667	0
2.93360000000000	0
2.93443333333333	0
2.93526666666667	0
2.93610000000000	0
2.93693333333333	0
2.93776666666667	0
2.93860000000000	0
2.93943333333333	0
2.94026666666667	0
2.94110000000000	0
2.94193333333333	0
2.94276666666667	0
2.94360000000000	18
2.94443333333333	9
2.94526666666667	0
2.94611666666667	0
2.94695000000000	0
2.94778333333333	0
2.94861666666667	0
2.94945000000000	0
2.95028333333333	0
2.95111666666667	0
2.95195000000000	0
2.95278333333333	0
2.95361666666667	0
2.95445000000000	0
2.95528333333333	0
2.95611666666667	0
2.95695000000000	0
2.95778333333333	0
2.95861666666667	0
2.95945000000000	0
2.96028333333333	0
2.96111666666667	0
2.96195000000000	0
2.96280000000000	0
2.96363333333333	0
2.96446666666667	0
2.96530000000000	0
2.96613333333333	0
2.96696666666667	0
2.96780000000000	0
2.96863333333333	0
2.96946666666667	0
2.97030000000000	0
2.97113333333333	0
2.97196666666667	0
2.97280000000000	0
2.97363333333333	0
2.97446666666667	0
2.97530000000000	0
2.97611666666667	0
2.97695000000000	0
2.97778333333333	0
2.97861666666667	0
2.97945000000000	0
2.98030000000000	0
2.98113333333333	0
2.98196666666667	0
2.98280000000000	0
2.98363333333333	0
2.98446666666667	0
2.98530000000000	0
2.98613333333333	0
2.98696666666667	0
2.98780000000000	0
2.98863333333333	0
2.98946666666667	0
2.99030000000000	0
2.99113333333333	0
2.99196666666667	0
2.99280000000000	0
2.99363333333333	0
2.99446666666667	0
2.99530000000000	0
2.99613333333333	0
2.99698333333333	0
2.99781666666667	0
2.99865000000000	0
2.99948333333333	0
