0.50330000000000	0
0.50663333333333	0
0.50996666666667	0
0.51330000000000	0
0.51663333333333	0
0.51998333333333	0
0.52331666666667	0
0.52665000000000	0
0.52998333333333	0
0.53331666666667	0
0.53666666666667	0
0.54000000000000	0
0.54333333333333	0
0.54666666666667	0
0.55000000000000	0
0.55335000000000	0
0.55668333333333	0
0.56001666666667	0
0.56335000000000	0
0.56668333333333	0
0.57003333333333	0
0.57336666666667	0
0.57670000000000	0
0.58003333333333	0
0.58336666666667	0
0.58671666666667	0
0.59005000000000	0
0.59338333333333	0
0.59671666666667	0
0.60005000000000	0
0.60340000000000	0
0.60673333333333	0
0.61006666666667	0
0.61340000000000	0
0.61673333333333	0
0.62008333333333	0
0.62341666666667	0
0.62675000000000	0
0.63008333333333	0
0.63341666666667	0
0.63676666666667	0
0.64010000000000	0
0.64343333333333	0
0.64676666666667	0
0.65010000000000	0
0.65345000000000	0
0.65678333333333	0
0.66011666666667	0
0.66345000000000	0
0.66678333333333	0
0.67011666666667	0
0.67345000000000	0
0.67678333333333	0
0.68011666666667	0
0.68345000000000	0
0.68680000000000	0
0.69013333333333	0
0.69346666666667	0
0.69680000000000	0
0.70013333333333	0
0.70348333333333	0
0.70681666666667	0
0.71015000000000	0
0.71348333333333	0
0.71681666666667	0
0.72016666666667	0
0.72350000000000	0
0.72683333333333	0
0.73016666666667	0
0.73350000000000	0
0.73685000000000	0
0.74018333333333	0
0.74351666666667	0
0.74685000000000	0
0.75018333333333	0
0.75353333333333	0
0.75686666666667	0
0.76020000000000	0
0.76353333333333	0
0.76686666666667	0
0.77021666666667	0
0.77355000000000	0
0.77688333333333	0
0.78021666666667	0
0.78355000000000	0
0.78690000000000	0
0.79023333333333	0
0.79356666666667	0
0.79690000000000	0
0.80023333333333	0
0.80358333333333	0
0.80691666666667	0
0.81025000000000	0
0.81358333333333	0
0.81691666666667	0
0.82025000000000	0
0.82360000000000	0
0.82693333333333	0
0.83026666666667	0
0.83360000000000	0
0.83693333333333	0
0.84028333333333	0
0.84361666666667	0
0.84695000000000	0
0.85028333333333	0
0.85361666666667	0
0.85696666666667	0
0.86030000000000	0
0.86363333333333	0
0.86696666666667	0
0.87030000000000	0
0.87365000000000	0
0.87698333333333	0
0.88031666666667	0
0.88365000000000	0
0.88698333333333	0
0.89033333333333	0
0.89366666666667	0
0.89700000000000	0
0.90033333333333	0
0.90366666666667	0
0.90701666666667	0
0.91035000000000	0
0.91368333333333	0
0.91701666666667	0
0.92035000000000	0
0.92370000000000	0
0.92703333333333	0
0.93036666666667	0
0.93370000000000	0
0.93703333333333	0
0.94038333333333	0
0.94371666666667	0
0.94705000000000	0
0.95038333333333	0
0.95371666666667	0
0.95706666666667	0
0.96040000000000	0
0.96373333333333	0
0.96706666666667	0
0.97040000000000	0
0.97375000000000	0
0.97708333333333	0
0.98041666666667	0
0.98375000000000	0
0.98708333333333	0
0.99041666666667	0
0.99375000000000	0
0.99708333333333	0
1.00041666666667	0
1.00375000000000	0
1.00710000000000	0
1.01043333333333	0
1.01376666666667	0
1.01710000000000	0
1.02043333333333	1837
1.02378333333333	2225
1.02711666666667	0
1.03045000000000	0
1.03378333333333	0
1.03711666666667	0
1.04046666666667	0
1.04380000000000	356
1.04713333333333	178
1.05046666666667	0
1.05380000000000	0
1.05715000000000	0
1.06048333333333	0
1.06381666666667	0
1.06715000000000	0
1.07048333333333	0
1.07383333333333	0
1.07716666666667	0
1.08050000000000	1061
1.08383333333333	1422
1.08716666666667	0
1.09051666666667	1085
1.09385000000000	1205
1.09718333333333	1677
1.10051666666667	9204
1.10385000000000	7439
1.10720000000000	7219
1.11053333333333	18392
1.11386666666667	31696
1.11720000000000	32708
1.12053333333333	29432
1.12386666666667	23164
1.12720000000000	20144
1.13053333333333	18464
1.13386666666667	22644
1.13720000000000	16772
1.14055000000000	10896
1.14388333333333	7239
1.14721666666667	8932
1.15055000000000	12876
1.15388333333333	1410
1.15721666666667	10668
1.16056666666667	4012
1.16390000000000	5896
1.16723333333333	1874
1.17056666666667	1859
1.17390000000000	5321
1.17725000000000	5671
1.18058333333333	1768
1.18391666666667	2977
1.18725000000000	0
1.19058333333333	2976
1.19393333333333	696
1.19726666666667	3353
1.20060000000000	2660
1.20393333333333	1027
1.20726666666667	2051
1.21061666666667	0
1.21395000000000	1114
1.21728333333333	674
1.22061666666667	337
1.22395000000000	0
1.22730000000000	54
1.23063333333333	27
1.23396666666667	0
1.23730000000000	0
1.24063333333333	0
1.24398333333333	0
1.24731666666667	0
1.25065000000000	0
1.25398333333333	0
1.25731666666667	0
1.26066666666667	0
1.26400000000000	0
1.26733333333333	0
1.27066666666667	0
1.27400000000000	0
1.27735000000000	580
1.28068333333333	290
1.28401666666667	0
1.28735000000000	277
1.29068333333333	0
1.29403333333333	0
1.29736666666667	0
1.30070000000000	0
1.30403333333333	0
1.30736666666667	0
1.31071666666667	0
1.31405000000000	0
1.31738333333333	0
1.32071666666667	0
1.32405000000000	0
1.32740000000000	0
1.33073333333333	0
1.33406666666667	0
1.33740000000000	0
1.34073333333333	0
1.34408333333333	0
1.34741666666667	0
1.35075000000000	0
1.35408333333333	0
1.35741666666667	0
1.36075000000000	0
1.36408333333333	0
1.36741666666667	0
1.37075000000000	0
1.37408333333333	0
1.37743333333333	0
1.38076666666667	0
1.38410000000000	0
1.38743333333333	0
1.39076666666667	0
1.39411666666667	0
1.39745000000000	0
1.40078333333333	0
1.40411666666667	0
1.40745000000000	0
1.41080000000000	0
1.41413333333333	0
1.41746666666667	0
1.42080000000000	0
1.42413333333333	0
1.42748333333333	0
1.43081666666667	0
1.43415000000000	0
1.43748333333333	0
1.44081666666667	0
1.44416666666667	0
1.44750000000000	0
1.45083333333333	0
1.45416666666667	0
1.45750000000000	0
1.46085000000000	0
1.46418333333333	0
1.46751666666667	0
1.47085000000000	0
1.47418333333333	0
1.47753333333333	0
1.48086666666667	0
1.48420000000000	0
1.48753333333333	0
1.49086666666667	0
1.49420000000000	0
1.49755000000000	0
1.50088333333333	0
1.50421666666667	0
1.50755000000000	0
1.51088333333333	0
1.51423333333333	0
1.51756666666667	0
1.52090000000000	0
1.52423333333333	0
1.52756666666667	0
1.53091666666667	0
1.53425000000000	0
1.53758333333333	0
1.54091666666667	0
1.54425000000000	0
1.54760000000000	0
1.55093333333333	0
1.55426666666667	0
1.55760000000000	0
1.56093333333333	0
1.56428333333333	0
1.56761666666667	0
1.57095000000000	0
1.57428333333333	0
1.57760000000000	0
1.58095000000000	0
1.58428333333333	0
1.58761666666667	0
1.59095000000000	0
1.59428333333333	0
1.59763333333333	0
1.60096666666667	0
1.60430000000000	0
1.60763333333333	0
1.61096666666667	0
1.61431666666667	0
1.61765000000000	0
1.62098333333333	0
1.62431666666667	0
1.62765000000000	0
1.63100000000000	0
1.63433333333333	0
1.63766666666667	0
1.64100000000000	0
1.64433333333333	0
1.64768333333333	0
1.65101666666667	0
1.65435000000000	0
1.65768333333333	0
1.66101666666667	0
1.66436666666667	0
1.66770000000000	0
1.67103333333333	0
1.67436666666667	0
1.67770000000000	0
1.68105000000000	0
1.68438333333333	0
1.68771666666667	0
1.69105000000000	0
1.69438333333333	0
1.69773333333333	0
1.70106666666667	0
1.70440000000000	0
1.70773333333333	0
1.71106666666667	0
1.71441666666667	0
1.71775000000000	0
1.72108333333333	0
1.72441666666667	0
1.72775000000000	0
1.73110000000000	0
1.73443333333333	0
1.73776666666667	0
1.74110000000000	0
1.74443333333333	0
1.74778333333333	0
1.75111666666667	0
1.75445000000000	0
1.75778333333333	0
1.76111666666667	0
1.76446666666667	0
1.76780000000000	0
1.77113333333333	0
1.77446666666667	0
1.77780000000000	0
1.78115000000000	0
1.78448333333333	0
1.78781666666667	0
1.79115000000000	0
1.79448333333333	0
1.79783333333333	0
1.80116666666667	0
1.80450000000000	0
1.80783333333333	0
1.81116666666667	0
1.81451666666667	0
1.81785000000000	0
1.82118333333333	0
1.82451666666667	0
1.82785000000000	0
1.83118333333333	0
1.83453333333333	0
1.83786666666667	0
1.84120000000000	0
1.84453333333333	0
1.84786666666667	0
1.85121666666667	0
1.85455000000000	0
1.85788333333333	0
1.86121666666667	0
1.86455000000000	0
1.86790000000000	0
1.87123333333333	0
1.87456666666667	0
1.87790000000000	0
1.88123333333333	0
1.88458333333333	0
1.88791666666667	0
1.89125000000000	0
1.89458333333333	0
1.89791666666667	0
1.90126666666667	0
1.90460000000000	0
1.90793333333333	0
1.91126666666667	0
1.91460000000000	0
1.91795000000000	0
1.92128333333333	0
1.92461666666667	0
1.92795000000000	0
1.93128333333333	0
1.93463333333333	0
1.93796666666667	0
1.94130000000000	0
1.94463333333333	0
1.94796666666667	0
1.95131666666667	0
1.95465000000000	0
1.95798333333333	0
1.96131666666667	0
1.96465000000000	0
1.96800000000000	0
1.97133333333333	0
1.97466666666667	0
1.97800000000000	0
1.98133333333333	0
1.98468333333333	0
1.98801666666667	0
1.99135000000000	0
1.99468333333333	0
1.99801666666667	0
2.00136666666667	0
2.00470000000000	0
2.00803333333333	0
2.01136666666667	0
2.01470000000000	0
2.01805000000000	0
2.02138333333333	0
2.02471666666667	0
2.02805000000000	0
2.03138333333333	0
2.03473333333333	0
2.03806666666667	0
2.04140000000000	0
2.04473333333333	0
2.04806666666667	0
2.05141666666667	0
2.05475000000000	0
2.05808333333333	0
2.06141666666667	0
2.06475000000000	0
2.06810000000000	0
2.07143333333333	0
2.07476666666667	0
2.07810000000000	0
2.08143333333333	0
2.08478333333333	0
2.08811666666667	0
2.09145000000000	0
2.09478333333333	0
2.09811666666667	0
2.10146666666667	0
2.10480000000000	0
2.10813333333333	0
2.11146666666667	0
2.11480000000000	0
2.11815000000000	0
2.12148333333333	0
2.12481666666667	0
2.12815000000000	0
2.13148333333333	0
2.13483333333333	0
2.13816666666667	0
2.14150000000000	0
2.14483333333333	0
2.14816666666667	0
2.15151666666667	0
2.15485000000000	0
2.15818333333333	0
2.16151666666667	0
2.16485000000000	0
2.16818333333333	0
2.17153333333333	0
2.17486666666667	0
2.17820000000000	0
2.18153333333333	0
2.18486666666667	0
2.18821666666667	0
2.19155000000000	0
2.19488333333333	0
2.19821666666667	0
2.20155000000000	0
2.20490000000000	0
2.20823333333333	0
2.21156666666667	0
2.21490000000000	0
2.21823333333333	0
2.22158333333333	0
2.22491666666667	0
2.22825000000000	0
2.23158333333333	0
2.23491666666667	0
2.23826666666667	0
2.24160000000000	0
2.24493333333333	0
2.24826666666667	0
2.25160000000000	0
2.25495000000000	0
2.25828333333333	0
2.26161666666667	0
2.26495000000000	0
2.26828333333333	0
2.27163333333333	0
2.27496666666667	0
2.27830000000000	0
2.28163333333333	0
2.28496666666667	0
2.28831666666667	0
2.29165000000000	0
2.29498333333333	0
2.29831666666667	0
2.30165000000000	0
2.30500000000000	0
2.30833333333333	0
2.31166666666667	0
2.31500000000000	0
2.31833333333333	0
2.32168333333333	0
2.32501666666667	0
2.32835000000000	0
2.33168333333333	0
2.33501666666667	0
2.33836666666667	0
2.34170000000000	0
2.34503333333333	0
2.34836666666667	0
2.35170000000000	0
2.35505000000000	0
2.35838333333333	0
2.36171666666667	0
2.36505000000000	0
2.36838333333333	0
2.37173333333333	0
2.37506666666667	0
2.37840000000000	0
2.38173333333333	0
2.38506666666667	0
2.38841666666667	0
2.39175000000000	0
2.39508333333333	0
2.39841666666667	0
2.40175000000000	0
2.40510000000000	0
2.40843333333333	0
2.41176666666667	0
2.41510000000000	0
2.41843333333333	0
2.42178333333333	0
2.42511666666667	0
2.42845000000000	0
2.43178333333333	0
2.43511666666667	0
2.43846666666667	0
2.44180000000000	0
2.44513333333333	0
2.44846666666667	0
2.45180000000000	0
2.45515000000000	0
2.45848333333333	0
2.46181666666667	0
2.46515000000000	0
2.46848333333333	0
2.47183333333333	0
2.47516666666667	0
2.47850000000000	0
2.48183333333333	0
2.48516666666667	0
2.48851666666667	0
2.49185000000000	0
2.49518333333333	0
2.49851666666667	0
2.50185000000000	0
2.50518333333333	0
2.50853333333333	0
2.51186666666667	0
2.51520000000000	0
2.51853333333333	0
2.52186666666667	0
2.52521666666667	0
2.52855000000000	0
2.53188333333333	0
2.53521666666667	0
2.53855000000000	0
2.54190000000000	0
2.54523333333333	0
2.54856666666667	0
2.55190000000000	0
2.55523333333333	0
2.55858333333333	0
2.56191666666667	0
2.56525000000000	0
2.56858333333333	0
2.57191666666667	0
2.57526666666667	0
2.57860000000000	0
2.58193333333333	0
2.58526666666667	0
2.58860000000000	0
2.59195000000000	0
2.59528333333333	0
2.59861666666667	0
2.60195000000000	0
2.60528333333333	0
2.60863333333333	0
2.61196666666667	0
2.61530000000000	0
2.61863333333333	0
2.62196666666667	0
2.62531666666667	0
2.62865000000000	0
2.63198333333333	0
2.63531666666667	0
2.63865000000000	0
2.64200000000000	0
2.64533333333333	0
2.64866666666667	0
2.65200000000000	0
2.65533333333333	0
2.65868333333333	0
2.66201666666667	0
2.66535000000000	0
2.66868333333333	0
2.67201666666667	0
2.67536666666667	0
2.67870000000000	0
2.68203333333333	0
2.68536666666667	0
2.68870000000000	0
2.69205000000000	0
2.69538333333333	0
2.69871666666667	0
2.70205000000000	0
2.70538333333333	0
2.70873333333333	0
2.71206666666667	0
2.71540000000000	0
2.71873333333333	0
2.72206666666667	0
2.72541666666667	0
2.72875000000000	0
2.73208333333333	0
2.73541666666667	0
2.73875000000000	0
2.74210000000000	0
2.74543333333333	0
2.74876666666667	0
2.75210000000000	0
2.75543333333333	0
2.75878333333333	0
2.76211666666667	0
2.76545000000000	0
2.76878333333333	0
2.77211666666667	0
2.77546666666667	0
2.77880000000000	0
2.78213333333333	0
2.78546666666667	0
2.78880000000000	0
2.79215000000000	0
2.79548333333333	0
2.79881666666667	0
2.80215000000000	0
2.80548333333333	0
2.80883333333333	0
2.81216666666667	0
2.81550000000000	0
2.81883333333333	0
2.82216666666667	0
2.82551666666667	0
2.82885000000000	0
2.83218333333333	0
2.83551666666667	0
2.83885000000000	0
2.84218333333333	0
2.84553333333333	0
2.84886666666667	0
2.85220000000000	0
2.85553333333333	0
2.85886666666667	0
2.86221666666667	0
2.86555000000000	0
2.86888333333333	0
2.87221666666667	0
2.87555000000000	0
2.87890000000000	0
2.88223333333333	0
2.88556666666667	0
2.88890000000000	0
2.89223333333333	0
2.89558333333333	0
2.89891666666667	0
2.90225000000000	0
2.90558333333333	0
2.90891666666667	0
2.91226666666667	0
2.91560000000000	0
2.91893333333333	0
2.92226666666667	0
2.92560000000000	0
2.92895000000000	0
2.93228333333333	0
2.93561666666667	0
2.93895000000000	0
2.94228333333333	0
2.94563333333333	0
2.94896666666667	0
2.95230000000000	0
2.95563333333333	0
2.95896666666667	0
2.96231666666667	0
2.96565000000000	0
2.96898333333333	0
2.97231666666667	0
2.97565000000000	0
2.97900000000000	0
2.98233333333333	0
2.98566666666667	0
2.98900000000000	0
2.99233333333333	0
2.99568333333333	0
