0.50328333333333	43
0.50661666666667	0
0.50995000000000	0
0.51328333333333	0
0.51661666666667	123
0.51995000000000	119
0.52330000000000	0
0.52663333333333	0
0.52996666666667	0
0.53330000000000	0
0.53661666666667	0
0.53996666666667	0
0.54330000000000	0
0.54663333333333	0
0.54996666666667	0
0.55330000000000	0
0.55661666666667	0
0.55996666666667	0
0.56330000000000	0
0.56663333333333	0
0.56995000000000	0
0.57330000000000	0
0.57663333333333	0
0.57996666666667	0
0.58330000000000	0
0.58663333333333	0
0.58996666666667	0
0.59330000000000	0
0.59663333333333	28
0.59996666666667	14
0.60330000000000	0
0.60663333333333	0
0.60996666666667	0
0.61330000000000	0
0.61663333333333	0
0.61996666666667	0
0.62330000000000	0
0.62663333333333	0
0.62996666666667	0
0.63330000000000	0
0.63663333333333	0
0.63996666666667	0
0.64330000000000	0
0.64663333333333	0
0.64996666666667	0
0.65330000000000	0
0.65663333333333	0
0.65996666666667	0
0.66330000000000	0
0.66663333333333	0
0.66996666666667	0
0.67330000000000	0
0.67663333333333	0
0.67996666666667	96
0.68330000000000	115
0.68663333333333	0
0.68996666666667	0
0.69330000000000	0
0.69663333333333	0
0.69996666666667	0
0.70330000000000	0
0.70663333333333	0
0.70996666666667	0
0.71330000000000	0
0.71663333333333	0
0.71996666666667	0
0.72330000000000	0
0.72663333333333	0
0.72996666666667	0
0.73330000000000	0
0.73663333333333	0
0.73996666666667	0
0.74330000000000	0
0.74663333333333	0
0.74996666666667	0
0.75330000000000	0
0.75663333333333	0
0.75996666666667	0
0.76330000000000	0
0.76663333333333	0
0.76996666666667	0
0.77330000000000	0
0.77663333333333	0
0.77996666666667	0
0.78330000000000	0
0.78663333333333	0
0.78996666666667	27
0.79328333333333	13
0.79663333333333	0
0.79996666666667	0
0.80330000000000	0
0.80663333333333	0
0.80995000000000	0
0.81330000000000	0
0.81663333333333	0
0.81996666666667	0
0.82330000000000	0
0.82663333333333	0
0.82996666666667	0
0.83330000000000	0
0.83663333333333	0
0.83996666666667	0
0.84330000000000	0
0.84663333333333	0
0.84996666666667	0
0.85330000000000	0
0.85663333333333	0
0.85996666666667	0
0.86330000000000	0
0.86661666666667	0
0.86996666666667	0
0.87330000000000	0
0.87663333333333	0
0.87996666666667	0
0.88330000000000	0
0.88663333333333	0
0.88996666666667	0
0.89330000000000	0
0.89663333333333	0
0.89996666666667	0
0.90330000000000	0
0.90663333333333	0
0.90996666666667	0
0.91330000000000	0
0.91663333333333	0
0.91996666666667	0
0.92330000000000	0
0.92663333333333	0
0.92996666666667	0
0.93330000000000	0
0.93661666666667	0
0.93996666666667	4
0.94330000000000	2
0.94663333333333	0
0.94996666666667	0
0.95330000000000	8
0.95661666666667	15
0.95995000000000	11
0.96330000000000	6
0.96663333333333	0
0.96996666666667	0
0.97328333333333	0
0.97663333333333	4
0.97996666666667	2
0.98330000000000	0
0.98663333333333	29
0.98995000000000	58
0.99328333333333	67
0.99661666666667	0
0.99996666666667	0
1.00330000000000	0
1.00663333333333	0
1.00995000000000	0
1.01328333333333	110
1.01663333333333	67
1.01996666666667	23
1.02330000000000	70
1.02663333333333	119
1.02996666666667	169
1.03330000000000	129
1.03663333333333	133
1.03996666666667	259
1.04330000000000	0
1.04663333333333	44
1.04996666666667	0
1.05330000000000	96
1.05663333333333	399
1.05996666666667	248
1.06330000000000	97
1.06663333333333	181
1.06996666666667	215
1.07330000000000	249
1.07663333333333	645
1.07996666666667	493
1.08330000000000	341
1.08663333333333	413
1.08996666666667	474
1.09330000000000	998
1.09663333333333	1523
1.09996666666667	1417
1.10330000000000	2947
1.10663333333333	4477
1.10996666666667	8316
1.11330000000000	8260
1.11663333333333	11268
1.11996666666667	11780
1.12330000000000	10832
1.12663333333333	10520
1.12996666666667	10208
1.13330000000000	10916
1.13663333333333	10208
1.13996666666667	9500
1.14330000000000	7918
1.14663333333333	6553
1.14996666666667	5929
1.15330000000000	6070
1.15663333333333	5739
1.15996666666667	4359
1.16330000000000	3699
1.16663333333333	3201
1.16996666666667	3167
1.17330000000000	2714
1.17663333333333	1657
1.17995000000000	2089
1.18330000000000	3186
1.18663333333333	2797
1.18995000000000	2036
1.19328333333333	1613
1.19661666666667	1679
1.19996666666667	1886
1.20330000000000	1214
1.20663333333333	1581
1.20995000000000	534
1.21328333333333	1115
1.21661666666667	952
1.21996666666667	931
1.22330000000000	678
1.22663333333333	447
1.22996666666667	353
1.23330000000000	644
1.23663333333333	400
1.23996666666667	587
1.24330000000000	293
1.24663333333333	506
1.24996666666667	604
1.25330000000000	503
1.25663333333333	689
1.25996666666667	99
1.26330000000000	195
1.26663333333333	186
1.26996666666667	113
1.27330000000000	236
1.27663333333333	271
1.27996666666667	0
1.28330000000000	58
1.28663333333333	54
1.28996666666667	94
1.29330000000000	17
1.29663333333333	37
1.29996666666667	58
1.30330000000000	55
1.30663333333333	51
1.30996666666667	55
1.31330000000000	59
1.31663333333333	47
1.31996666666667	36
1.32330000000000	0
1.32663333333333	67
1.32996666666667	107
1.33330000000000	87
1.33663333333333	67
1.33996666666667	54
1.34330000000000	31
1.34663333333333	8
1.34996666666667	0
1.35330000000000	0
1.35663333333333	0
1.35996666666667	0
1.36328333333333	0
1.36663333333333	0
1.36996666666667	81
1.37328333333333	51
1.37663333333333	22
1.37995000000000	75
1.38330000000000	0
1.38663333333333	0
1.38996666666667	0
1.39328333333333	0
1.39663333333333	0
1.39995000000000	0
1.40330000000000	0
1.40663333333333	0
1.40996666666667	0
1.41328333333333	0
1.41661666666667	0
1.41996666666667	0
1.42330000000000	0
1.42663333333333	116
1.42996666666667	188
1.43330000000000	115
1.43661666666667	42
1.43996666666667	100
1.44330000000000	0
1.44663333333333	0
1.44996666666667	0
1.45330000000000	3
1.45663333333333	6
1.45996666666667	3
1.46330000000000	0
1.46663333333333	21
1.46996666666667	10
1.47330000000000	0
1.47663333333333	0
1.47996666666667	0
1.48330000000000	0
1.48663333333333	0
1.48996666666667	0
1.49330000000000	0
1.49663333333333	0
1.49996666666667	0
1.50330000000000	0
1.50663333333333	0
1.50996666666667	36
1.51330000000000	51
1.51663333333333	66
1.51996666666667	0
1.52330000000000	0
1.52663333333333	0
1.52998333333333	9
1.53331666666667	5
1.53663333333333	0
1.53998333333333	0
1.54330000000000	0
1.54663333333333	0
1.54998333333333	81
1.55330000000000	78
1.55665000000000	0
1.55996666666667	29
1.56331666666667	0
1.56665000000000	0
1.56998333333333	0
1.57331666666667	0
1.57665000000000	0
1.57998333333333	70
1.58330000000000	35
1.58665000000000	0
1.58998333333333	54
1.59331666666667	46
1.59665000000000	23
1.59996666666667	0
1.60331666666667	0
1.60665000000000	0
1.60998333333333	0
1.61331666666667	0
1.61665000000000	0
1.61996666666667	0
1.62331666666667	0
1.62665000000000	0
1.62998333333333	0
1.63331666666667	0
1.63665000000000	0
1.63998333333333	0
1.64331666666667	0
1.64665000000000	5
1.64998333333333	3
1.65331666666667	0
1.65665000000000	0
1.65998333333333	0
1.66331666666667	0
1.66665000000000	0
1.66998333333333	0
1.67331666666667	0
1.67665000000000	0
1.67998333333333	0
1.68331666666667	0
1.68665000000000	145
1.68996666666667	74
1.69331666666667	3
1.69665000000000	0
1.69998333333333	0
1.70331666666667	0
1.70665000000000	0
1.70998333333333	0
1.71331666666667	0
1.71665000000000	0
1.71998333333333	0
1.72331666666667	0
1.72665000000000	0
1.72998333333333	0
1.73331666666667	0
1.73665000000000	0
1.73998333333333	155
1.74331666666667	118
1.74665000000000	0
1.74998333333333	0
1.75331666666667	70
1.75665000000000	0
1.75998333333333	0
1.76331666666667	0
1.76665000000000	0
1.76998333333333	0
1.77331666666667	0
1.77665000000000	0
1.77998333333333	0
1.78331666666667	0
1.78665000000000	0
1.78998333333333	0
1.79331666666667	0
1.79665000000000	5
1.79998333333333	3
1.80331666666667	0
1.80665000000000	0
1.80998333333333	0
1.81331666666667	3
1.81665000000000	2
1.81998333333333	0
1.82331666666667	0
1.82665000000000	0
1.82998333333333	0
1.83331666666667	0
1.83663333333333	0
1.83996666666667	42
1.84331666666667	21
1.84665000000000	0
1.84998333333333	0
1.85330000000000	3
1.85665000000000	0
1.85998333333333	0
1.86331666666667	0
1.86665000000000	126
1.86998333333333	100
1.87331666666667	0
1.87665000000000	0
1.87998333333333	0
1.88331666666667	0
1.88665000000000	0
1.88998333333333	0
1.89331666666667	0
1.89665000000000	42
1.89998333333333	21
1.90330000000000	0
1.90663333333333	0
1.90998333333333	0
1.91331666666667	23
1.91665000000000	47
1.91998333333333	23
1.92331666666667	0
1.92665000000000	7
1.92998333333333	0
1.93331666666667	0
1.93665000000000	0
1.93998333333333	0
1.94330000000000	0
1.94665000000000	0
1.94996666666667	0
1.95331666666667	0
1.95665000000000	0
1.95998333333333	0
1.96331666666667	0
1.96665000000000	7
1.96998333333333	4
1.97331666666667	0
1.97665000000000	0
1.97998333333333	0
1.98331666666667	0
1.98665000000000	0
1.98998333333333	8
1.99331666666667	4
1.99665000000000	0
1.99998333333333	0
2.00331666666667	0
2.00665000000000	0
2.00998333333333	0
2.01331666666667	0
2.01665000000000	0
2.01998333333333	0
2.02331666666667	8
2.02665000000000	4
2.02998333333333	0
2.03331666666667	0
2.03665000000000	0
2.03998333333333	0
2.04331666666667	0
2.04665000000000	0
2.04998333333333	0
2.05331666666667	0
2.05665000000000	0
2.05998333333333	0
2.06331666666667	3
2.06665000000000	2
2.06998333333333	0
2.07331666666667	0
2.07665000000000	0
2.07998333333333	0
2.08331666666667	0
2.08665000000000	55
2.08998333333333	27
2.09331666666667	0
2.09665000000000	0
2.09998333333333	0
2.10331666666667	0
2.10665000000000	0
2.10998333333333	0
2.11331666666667	0
2.11665000000000	0
2.11998333333333	2
2.12331666666667	1
2.12663333333333	0
2.12998333333333	0
2.13331666666667	19
2.13665000000000	9
2.13998333333333	0
2.14331666666667	0
2.14665000000000	0
2.14998333333333	9
2.15331666666667	4
2.15665000000000	0
2.15998333333333	0
2.16331666666667	0
2.16665000000000	0
2.16998333333333	27
2.17331666666667	13
2.17665000000000	0
2.17998333333333	0
2.18331666666667	0
2.18665000000000	0
2.18998333333333	0
2.19331666666667	0
2.19665000000000	0
2.19998333333333	0
2.20331666666667	0
2.20665000000000	0
2.20998333333333	0
2.21331666666667	0
2.21665000000000	0
2.21998333333333	0
2.22331666666667	0
2.22665000000000	0
2.22998333333333	0
2.23331666666667	0
2.23665000000000	0
2.23998333333333	6
2.24331666666667	11
2.24665000000000	6
2.24998333333333	0
2.25331666666667	0
2.25665000000000	0
2.25998333333333	0
2.26331666666667	0
2.26665000000000	0
2.26998333333333	0
2.27331666666667	4
2.27663333333333	2
2.27996666666667	0
2.28331666666667	0
2.28665000000000	0
2.28998333333333	0
2.29330000000000	0
2.29663333333333	0
2.29998333333333	0
2.30331666666667	0
2.30665000000000	0
2.30998333333333	0
2.31331666666667	2
2.31665000000000	1
2.31998333333333	0
2.32331666666667	0
2.32665000000000	0
2.32998333333333	0
2.33331666666667	0
2.33665000000000	0
2.33998333333333	0
2.34331666666667	0
2.34665000000000	0
2.34998333333333	0
2.35331666666667	0
2.35665000000000	0
2.35998333333333	0
2.36331666666667	0
2.36665000000000	0
2.36998333333333	0
2.37331666666667	0
2.37665000000000	0
2.37998333333333	0
2.38331666666667	0
2.38665000000000	0
2.38996666666667	0
2.39331666666667	0
2.39665000000000	0
2.39996666666667	0
2.40331666666667	0
2.40663333333333	48
2.40998333333333	50
2.41331666666667	0
2.41665000000000	38
2.41998333333333	19
2.42331666666667	0
2.42665000000000	0
2.42998333333333	0
2.43331666666667	0
2.43665000000000	0
2.43996666666667	0
2.44330000000000	0
2.44665000000000	0
2.44998333333333	0
2.45331666666667	0
2.45663333333333	72
2.45998333333333	36
2.46330000000000	0
2.46665000000000	0
2.46998333333333	0
2.47331666666667	0
2.47665000000000	149
2.47998333333333	150
2.48331666666667	32
2.48665000000000	208
2.48998333333333	0
2.49331666666667	74
2.49663333333333	128
2.49996666666667	0
2.50331666666667	3
2.50665000000000	0
2.50998333333333	0
2.51330000000000	0
2.51665000000000	0
2.51998333333333	0
2.52331666666667	0
2.52665000000000	0
2.52998333333333	0
2.53331666666667	0
2.53665000000000	0
2.53998333333333	0
2.54331666666667	0
2.54665000000000	0
2.54998333333333	0
2.55331666666667	0
2.55665000000000	0
2.55998333333333	0
2.56331666666667	0
2.56665000000000	0
2.56998333333333	0
2.57331666666667	0
2.57665000000000	0
2.57998333333333	0
2.58331666666667	0
2.58665000000000	0
2.58998333333333	0
2.59331666666667	0
2.59665000000000	0
2.59998333333333	0
2.60331666666667	0
2.60665000000000	0
2.60996666666667	0
2.61331666666667	0
2.61665000000000	0
2.61998333333333	0
2.62331666666667	49
2.62665000000000	53
2.62998333333333	0
2.63331666666667	0
2.63665000000000	0
2.63998333333333	0
2.64331666666667	167
2.64665000000000	177
2.64998333333333	4
2.65331666666667	0
2.65665000000000	0
2.65996666666667	46
2.66330000000000	63
2.66665000000000	117
2.66998333333333	136
2.67331666666667	0
2.67665000000000	166
2.67998333333333	0
2.68331666666667	130
2.68665000000000	0
2.68998333333333	80
2.69331666666667	0
2.69665000000000	0
2.69998333333333	112
2.70331666666667	52
2.70665000000000	81
2.70998333333333	0
2.71331666666667	0
2.71665000000000	0
2.71998333333333	0
2.72331666666667	0
2.72665000000000	0
2.72998333333333	46
2.73330000000000	26
2.73663333333333	6
2.73998333333333	0
2.74331666666667	0
2.74665000000000	0
2.74998333333333	0
2.75331666666667	0
2.75665000000000	0
2.75998333333333	0
2.76331666666667	0
2.76663333333333	0
2.76996666666667	0
2.77331666666667	16
2.77665000000000	10
2.77998333333333	4
2.78331666666667	0
2.78665000000000	0
2.78998333333333	2
2.79331666666667	3
2.79665000000000	86
2.79998333333333	43
2.80331666666667	0
2.80665000000000	0
2.80998333333333	0
2.81331666666667	0
2.81665000000000	0
2.81998333333333	0
2.82331666666667	0
2.82665000000000	128
2.82998333333333	131
2.83331666666667	53
2.83665000000000	38
2.83998333333333	0
2.84331666666667	0
2.84665000000000	0
2.84998333333333	0
2.85331666666667	0
2.85665000000000	59
2.85998333333333	30
2.86331666666667	0
2.86665000000000	3
2.86998333333333	0
2.87331666666667	0
2.87665000000000	0
2.87998333333333	0
2.88331666666667	0
2.88665000000000	0
2.88998333333333	0
2.89331666666667	0
2.89665000000000	0
2.89998333333333	0
2.90330000000000	0
2.90665000000000	0
2.90998333333333	0
2.91331666666667	11
2.91665000000000	5
2.91996666666667	0
2.92331666666667	0
2.92665000000000	0
2.92998333333333	0
2.93331666666667	0
2.93663333333333	0
2.93996666666667	0
2.94331666666667	0
2.94663333333333	53
2.94998333333333	76
2.95330000000000	80
2.95663333333333	76
2.95998333333333	83
2.96331666666667	57
2.96665000000000	0
2.96998333333333	15
2.97331666666667	0
2.97663333333333	0
2.97998333333333	0
2.98331666666667	0
2.98665000000000	0
2.98998333333333	0
2.99330000000000	0
2.99665000000000	0
