0.50080000000000	0
0.50163333333333	0
0.50246666666667	0
0.50330000000000	0
0.50413333333333	0
0.50496666666667	0
0.50580000000000	0
0.50663333333333	0
0.50746666666667	0
0.50830000000000	0
0.50913333333333	0
0.50996666666667	0
0.51080000000000	0
0.51163333333333	0
0.51246666666667	0
0.51330000000000	0
0.51413333333333	0
0.51496666666667	0
0.51580000000000	0
0.51663333333333	0
0.51746666666667	0
0.51831666666667	0
0.51915000000000	0
0.51998333333333	0
0.52081666666667	0
0.52165000000000	0
0.52248333333333	0
0.52331666666667	0
0.52415000000000	0
0.52498333333333	0
0.52581666666667	0
0.52665000000000	0
0.52748333333333	0
0.52831666666667	0
0.52915000000000	0
0.52998333333333	0
0.53081666666667	0
0.53165000000000	0
0.53248333333333	0
0.53331666666667	0
0.53415000000000	0
0.53500000000000	0
0.53583333333333	0
0.53666666666667	0
0.53750000000000	0
0.53833333333333	0
0.53916666666667	0
0.54000000000000	0
0.54083333333333	0
0.54166666666667	0
0.54250000000000	0
0.54333333333333	0
0.54416666666667	0
0.54500000000000	0
0.54583333333333	0
0.54666666666667	0
0.54750000000000	0
0.54833333333333	0
0.54916666666667	0
0.55000000000000	0
0.55083333333333	0
0.55166666666667	0
0.55251666666667	0
0.55335000000000	0
0.55418333333333	0
0.55501666666667	0
0.55585000000000	0
0.55668333333333	0
0.55751666666667	0
0.55835000000000	0
0.55918333333333	0
0.56001666666667	0
0.56085000000000	0
0.56168333333333	0
0.56251666666667	0
0.56335000000000	0
0.56418333333333	0
0.56501666666667	0
0.56585000000000	0
0.56668333333333	0
0.56750000000000	0
0.56833333333333	0
0.56918333333333	0
0.57001666666667	0
0.57085000000000	0
0.57168333333333	0
0.57251666666667	0
0.57335000000000	0
0.57418333333333	0
0.57501666666667	0
0.57585000000000	0
0.57668333333333	0
0.57751666666667	0
0.57835000000000	0
0.57918333333333	0
0.58001666666667	0
0.58085000000000	0
0.58168333333333	0
0.58251666666667	0
0.58335000000000	0
0.58418333333333	0
0.58501666666667	0
0.58585000000000	0
0.58670000000000	0
0.58753333333333	0
0.58836666666667	0
0.58920000000000	0
0.59003333333333	0
0.59086666666667	0
0.59170000000000	0
0.59253333333333	0
0.59336666666667	0
0.59420000000000	0
0.59503333333333	0
0.59586666666667	0
0.59670000000000	0
0.59753333333333	0
0.59836666666667	0
0.59920000000000	0
0.60003333333333	0
0.60086666666667	0
0.60170000000000	0
0.60253333333333	0
0.60338333333333	0
0.60421666666667	0
0.60505000000000	0
0.60588333333333	0
0.60671666666667	0
0.60755000000000	0
0.60838333333333	0
0.60921666666667	0
0.61005000000000	0
0.61088333333333	0
0.61171666666667	0
0.61255000000000	0
0.61338333333333	0
0.61421666666667	0
0.61505000000000	0
0.61588333333333	0
0.61671666666667	0
0.61755000000000	0
0.61838333333333	0
0.61921666666667	0
0.62005000000000	0
0.62090000000000	0
0.62173333333333	0
0.62256666666667	0
0.62340000000000	0
0.62423333333333	0
0.62506666666667	0
0.62590000000000	0
0.62673333333333	0
0.62756666666667	0
0.62840000000000	0
0.62923333333333	0
0.63006666666667	0
0.63090000000000	0
0.63173333333333	0
0.63256666666667	0
0.63340000000000	0
0.63423333333333	0
0.63506666666667	0
0.63590000000000	0
0.63673333333333	0
0.63758333333333	0
0.63841666666667	0
0.63925000000000	0
0.64008333333333	0
0.64091666666667	0
0.64175000000000	0
0.64258333333333	0
0.64341666666667	0
0.64425000000000	0
0.64508333333333	0
0.64591666666667	0
0.64675000000000	0
0.64758333333333	0
0.64841666666667	0
0.64925000000000	0
0.65008333333333	0
0.65091666666667	0
0.65175000000000	0
0.65258333333333	0
0.65340000000000	0
0.65423333333333	0
0.65508333333333	0
0.65591666666667	0
0.65675000000000	0
0.65758333333333	0
0.65841666666667	0
0.65925000000000	0
0.66008333333333	0
0.66091666666667	0
0.66175000000000	0
0.66258333333333	0
0.66341666666667	0
0.66425000000000	0
0.66508333333333	0
0.66591666666667	0
0.66675000000000	0
0.66758333333333	0
0.66841666666667	0
0.66925000000000	0
0.67008333333333	0
0.67091666666667	0
0.67176666666667	0
0.67260000000000	0
0.67343333333333	0
0.67426666666667	0
0.67510000000000	0
0.67593333333333	0
0.67676666666667	0
0.67760000000000	0
0.67843333333333	0
0.67926666666667	0
0.68010000000000	0
0.68093333333333	0
0.68176666666667	0
0.68260000000000	0
0.68343333333333	0
0.68426666666667	0
0.68510000000000	0
0.68593333333333	0
0.68676666666667	0
0.68760000000000	0
0.68843333333333	0
0.68928333333333	0
0.69011666666667	0
0.69095000000000	0
0.69178333333333	0
0.69261666666667	0
0.69345000000000	0
0.69428333333333	0
0.69511666666667	0
0.69595000000000	0
0.69678333333333	0
0.69761666666667	0
0.69845000000000	0
0.69928333333333	0
0.70011666666667	0
0.70095000000000	0
0.70178333333333	0
0.70261666666667	0
0.70345000000000	0
0.70428333333333	0
0.70511666666667	0
0.70596666666667	0
0.70680000000000	0
0.70763333333333	0
0.70846666666667	0
0.70930000000000	0
0.71013333333333	0
0.71096666666667	0
0.71180000000000	0
0.71263333333333	0
0.71346666666667	0
0.71430000000000	0
0.71513333333333	0
0.71596666666667	0
0.71680000000000	0
0.71763333333333	0
0.71846666666667	0
0.71930000000000	0
0.72013333333333	0
0.72096666666667	0
0.72180000000000	0
0.72263333333333	0
0.72348333333333	0
0.72431666666667	0
0.72515000000000	0
0.72598333333333	0
0.72681666666667	0
0.72765000000000	0
0.72848333333333	0
0.72931666666667	0
0.73015000000000	0
0.73098333333333	0
0.73181666666667	0
0.73265000000000	0
0.73348333333333	0
0.73431666666667	0
0.73515000000000	0
0.73598333333333	0
0.73681666666667	0
0.73765000000000	0
0.73848333333333	0
0.73931666666667	0
0.74016666666667	0
0.74100000000000	0
0.74183333333333	0
0.74266666666667	0
0.74350000000000	0
0.74433333333333	0
0.74516666666667	0
0.74600000000000	0
0.74683333333333	0
0.74766666666667	0
0.74850000000000	0
0.74933333333333	0
0.75016666666667	0
0.75100000000000	0
0.75183333333333	0
0.75266666666667	0
0.75350000000000	0
0.75433333333333	7
0.75516666666667	4
0.75600000000000	0
0.75683333333333	0
0.75768333333333	0
0.75851666666667	0
0.75935000000000	0
0.76018333333333	0
0.76101666666667	0
0.76185000000000	0
0.76268333333333	0
0.76351666666667	0
0.76435000000000	0
0.76518333333333	0
0.76601666666667	0
0.76685000000000	0
0.76768333333333	0
0.76851666666667	0
0.76935000000000	0
0.77016666666667	0
0.77100000000000	0
0.77183333333333	0
0.77266666666667	0
0.77350000000000	0
0.77435000000000	0
0.77518333333333	0
0.77601666666667	0
0.77685000000000	0
0.77768333333333	0
0.77851666666667	0
0.77935000000000	0
0.78018333333333	0
0.78101666666667	0
0.78185000000000	0
0.78268333333333	0
0.78351666666667	0
0.78435000000000	0
0.78518333333333	0
0.78601666666667	0
0.78685000000000	0
0.78768333333333	0
0.78851666666667	351
0.78935000000000	176
0.79018333333333	0
0.79101666666667	0
0.79186666666667	30
0.79270000000000	0
0.79353333333333	0
0.79436666666667	0
0.79520000000000	0
0.79603333333333	0
0.79686666666667	0
0.79770000000000	0
0.79853333333333	0
0.79936666666667	0
0.80020000000000	0
0.80103333333333	0
0.80186666666667	0
0.80270000000000	0
0.80353333333333	0
0.80436666666667	0
0.80520000000000	0
0.80603333333333	0
0.80686666666667	0
0.80770000000000	0
0.80855000000000	0
0.80938333333333	0
0.81021666666667	0
0.81105000000000	0
0.81188333333333	0
0.81271666666667	0
0.81355000000000	0
0.81438333333333	0
0.81521666666667	0
0.81605000000000	0
0.81688333333333	0
0.81771666666667	0
0.81855000000000	0
0.81938333333333	0
0.82021666666667	0
0.82105000000000	0
0.82188333333333	0
0.82271666666667	0
0.82355000000000	0
0.82438333333333	0
0.82521666666667	0
0.82606666666667	0
0.82690000000000	0
0.82773333333333	0
0.82856666666667	0
0.82940000000000	0
0.83023333333333	0
0.83106666666667	0
0.83190000000000	0
0.83273333333333	0
0.83356666666667	0
0.83440000000000	0
0.83523333333333	0
0.83606666666667	0
0.83690000000000	0
0.83773333333333	0
0.83856666666667	0
0.83940000000000	0
0.84023333333333	0
0.84106666666667	0
0.84190000000000	0
0.84275000000000	0
0.84358333333333	0
0.84441666666667	0
0.84525000000000	0
0.84608333333333	0
0.84691666666667	0
0.84775000000000	0
0.84858333333333	0
0.84941666666667	0
0.85025000000000	0
0.85108333333333	0
0.85191666666667	0
0.85275000000000	0
0.85358333333333	0
0.85441666666667	0
0.85525000000000	0
0.85608333333333	0
0.85691666666667	0
0.85775000000000	0
0.85858333333333	0
0.85941666666667	0
0.86026666666667	0
0.86110000000000	0
0.86193333333333	0
0.86276666666667	0
0.86360000000000	0
0.86443333333333	0
0.86526666666667	0
0.86610000000000	0
0.86693333333333	0
0.86776666666667	0
0.86860000000000	0
0.86943333333333	0
0.87026666666667	0
0.87110000000000	0
0.87193333333333	0
0.87276666666667	0
0.87360000000000	0
0.87443333333333	0
0.87526666666667	0
0.87610000000000	0
0.87695000000000	0
0.87778333333333	0
0.87861666666667	0
0.87945000000000	0
0.88028333333333	0
0.88111666666667	0
0.88195000000000	0
0.88278333333333	0
0.88361666666667	0
0.88445000000000	0
0.88528333333333	0
0.88611666666667	0
0.88695000000000	0
0.88778333333333	0
0.88861666666667	0
0.88945000000000	0
0.89028333333333	0
0.89111666666667	0
0.89195000000000	0
0.89278333333333	0
0.89361666666667	0
0.89446666666667	0
0.89530000000000	0
0.89613333333333	0
0.89696666666667	0
0.89780000000000	0
0.89863333333333	0
0.89946666666667	0
0.90030000000000	0
0.90113333333333	0
0.90196666666667	0
0.90280000000000	0
0.90363333333333	0
0.90446666666667	0
0.90530000000000	0
0.90613333333333	0
0.90696666666667	0
0.90780000000000	0
0.90863333333333	0
0.90946666666667	0
0.91030000000000	0
0.91115000000000	0
0.91198333333333	0
0.91281666666667	0
0.91365000000000	0
0.91448333333333	0
0.91531666666667	0
0.91615000000000	0
0.91698333333333	0
0.91781666666667	0
0.91865000000000	0
0.91948333333333	0
0.92031666666667	0
0.92115000000000	0
0.92198333333333	0
0.92281666666667	0
0.92363333333333	0
0.92446666666667	0
0.92530000000000	0
0.92613333333333	0
0.92696666666667	0
0.92780000000000	0
0.92865000000000	0
0.92948333333333	0
0.93031666666667	0
0.93115000000000	0
0.93198333333333	0
0.93281666666667	0
0.93365000000000	0
0.93448333333333	0
0.93531666666667	0
0.93615000000000	0
0.93698333333333	0
0.93781666666667	0
0.93865000000000	0
0.93948333333333	0
0.94031666666667	0
0.94115000000000	0
0.94198333333333	0
0.94281666666667	0
0.94365000000000	0
0.94448333333333	0
0.94533333333333	0
0.94616666666667	0
0.94700000000000	0
0.94783333333333	0
0.94866666666667	0
0.94950000000000	0
0.95033333333333	0
0.95116666666667	0
0.95200000000000	0
0.95283333333333	0
0.95366666666667	0
0.95450000000000	0
0.95533333333333	0
0.95616666666667	0
0.95700000000000	0
0.95783333333333	0
0.95866666666667	0
0.95950000000000	0
0.96033333333333	0
0.96116666666667	0
0.96200000000000	0
0.96285000000000	0
0.96368333333333	0
0.96451666666667	0
0.96535000000000	0
0.96618333333333	0
0.96701666666667	0
0.96785000000000	0
0.96868333333333	0
0.96951666666667	0
0.97035000000000	0
0.97118333333333	0
0.97201666666667	0
0.97285000000000	0
0.97368333333333	0
0.97451666666667	0
0.97535000000000	0
0.97618333333333	0
0.97701666666667	0
0.97785000000000	0
0.97868333333333	0
0.97953333333333	0
0.98036666666667	0
0.98120000000000	0
0.98203333333333	0
0.98286666666667	0
0.98370000000000	0
0.98453333333333	0
0.98536666666667	0
0.98620000000000	0
0.98703333333333	0
0.98786666666667	0
0.98870000000000	0
0.98953333333333	0
0.99036666666667	0
0.99120000000000	0
0.99203333333333	0
0.99286666666667	730
0.99368333333333	688
0.99451666666667	0
0.99535000000000	512
0.99618333333333	0
0.99703333333333	0
0.99786666666667	454
0.99870000000000	0
0.99953333333333	0
1.00036666666667	0
1.00120000000000	0
1.00203333333333	0
1.00286666666667	0
1.00370000000000	124
1.00453333333333	249
1.00536666666667	249
1.00620000000000	250
1.00703333333333	256
1.00786666666667	0
1.00870000000000	0
1.00953333333333	0
1.01036666666667	109
1.01120000000000	54
1.01203333333333	0
1.01286666666667	0
1.01371666666667	0
1.01455000000000	0
1.01538333333333	105
1.01621666666667	52
1.01705000000000	0
1.01788333333333	474
1.01871666666667	553
1.01955000000000	0
1.02038333333333	0
1.02121666666667	421
1.02205000000000	0
1.02288333333333	405
1.02371666666667	0
1.02455000000000	0
1.02538333333333	0
1.02621666666667	109
1.02705000000000	88
1.02788333333333	67
1.02871666666667	33
1.02955000000000	0
1.03038333333333	0
1.03123333333333	0
1.03206666666667	0
1.03290000000000	290
1.03373333333333	185
1.03456666666667	80
1.03540000000000	40
1.03623333333333	0
1.03706666666667	0
1.03790000000000	0
1.03873333333333	0
1.03956666666667	0
1.04040000000000	0
1.04123333333333	46
1.04206666666667	481
1.04290000000000	436
1.04373333333333	390
1.04456666666667	523
1.04540000000000	0
1.04623333333333	129
1.04706666666667	258
1.04791666666667	315
1.04875000000000	157
1.04958333333333	0
1.05041666666667	562
1.05125000000000	540
1.05208333333333	1288
1.05291666666667	987
1.05375000000000	617
1.05458333333333	571
1.05541666666667	0
1.05625000000000	967
1.05708333333333	107
1.05791666666667	383
1.05875000000000	425
1.05958333333333	1184
1.06040000000000	1125
1.06123333333333	1235
1.06206666666667	1534
1.06290000000000	1494
1.06373333333333	1620
1.06456666666667	866
1.06541666666667	1299
1.06625000000000	1397
1.06708333333333	1060
1.06791666666667	1117
1.06875000000000	1174
1.06958333333333	1179
1.07041666666667	694
1.07125000000000	208
1.07208333333333	2550
1.07291666666667	2622
1.07375000000000	1921
1.07458333333333	1630
1.07541666666667	1433
1.07625000000000	1772
1.07708333333333	1315
1.07791666666667	598
1.07875000000000	1606
1.07958333333333	874
1.08041666666667	618
1.08125000000000	3383
1.08210000000000	3086
1.08293333333333	1782
1.08376666666667	2872
1.08460000000000	3994
1.08543333333333	159
1.08626666666667	1567
1.08710000000000	3430
1.08793333333333	4645
1.08876666666667	2587
1.08960000000000	3356
1.09043333333333	4398
1.09126666666667	3607
1.09210000000000	4886
1.09293333333333	5370
1.09376666666667	9724
1.09460000000000	10812
1.09543333333333	8664
1.09626666666667	11160
1.09710000000000	9472
1.09793333333333	13736
1.09876666666667	17460
1.09961666666667	18860
1.10045000000000	22392
1.10128333333333	28380
1.10211666666667	27116
1.10295000000000	23372
1.10378333333333	19056
1.10461666666667	16504
1.10545000000000	22324
1.10628333333333	21236
1.10711666666667	20152
1.10795000000000	25612
1.10878333333333	30592
1.10961666666667	31364
1.11045000000000	27028
1.11128333333333	30480
1.11211666666667	21920
1.11295000000000	26180
1.11378333333333	40816
1.11461666666667	36352
1.11545000000000	35744
1.11630000000000	26084
1.11713333333333	39696
1.11796666666667	32244
1.11880000000000	15000
1.11963333333333	22620
1.12046666666667	29668
1.12130000000000	24144
1.12213333333333	21632
1.12296666666667	22852
1.12380000000000	17948
1.12463333333333	20664
1.12546666666667	23992
1.12630000000000	26092
1.12713333333333	17904
1.12796666666667	24816
1.12880000000000	18428
1.12963333333333	20300
1.13046666666667	25336
1.13130000000000	17284
1.13213333333333	16456
1.13296666666667	14720
1.13381666666667	10720
1.13465000000000	18660
1.13548333333333	13748
1.13631666666667	10700
1.13715000000000	19624
1.13798333333333	14528
1.13881666666667	9004
1.13965000000000	11220
1.14048333333333	9648
1.14131666666667	8076
1.14215000000000	17024
1.14298333333333	15680
1.14381666666667	11616
1.14465000000000	9584
1.14548333333333	11840
1.14631666666667	7630
1.14715000000000	9580
1.14798333333333	10696
1.14881666666667	11116
1.14965000000000	8732
1.15050000000000	9532
1.15133333333333	8163
1.15216666666667	5919
1.15300000000000	6610
1.15383333333333	8528
1.15466666666667	7474
1.15550000000000	7939
1.15633333333333	6339
1.15716666666667	5461
1.15800000000000	8452
1.15883333333333	8760
1.15966666666667	5654
1.16048333333333	5500
1.16131666666667	7249
1.16215000000000	6172
1.16298333333333	6823
1.16381666666667	7473
1.16465000000000	8380
1.16548333333333	3220
1.16631666666667	3978
1.16715000000000	6545
1.16800000000000	4244
1.16883333333333	3583
1.16966666666667	4129
1.17050000000000	5345
1.17133333333333	4188
1.17216666666667	3031
1.17300000000000	3713
1.17383333333333	6730
1.17466666666667	6512
1.17550000000000	3392
1.17633333333333	1589
1.17716666666667	7186
1.17800000000000	5410
1.17883333333333	3756
1.17966666666667	4974
1.18050000000000	4804
1.18133333333333	4635
1.18216666666667	4855
1.18300000000000	4792
1.18383333333333	4293
1.18468333333333	3202
1.18551666666667	2782
1.18635000000000	3889
1.18718333333333	1669
1.18801666666667	1125
1.18885000000000	2737
1.18968333333333	1251
1.19051666666667	1635
1.19135000000000	2466
1.19218333333333	2736
1.19301666666667	2793
1.19385000000000	799
1.19468333333333	2593
1.19551666666667	2284
1.19635000000000	1975
1.19718333333333	2327
1.19801666666667	2679
1.19885000000000	2584
1.19968333333333	1786
1.20051666666667	2502
1.20135000000000	2906
1.20220000000000	1877
1.20303333333333	1627
1.20386666666667	1684
1.20470000000000	1814
1.20553333333333	2075
1.20636666666667	2336
1.20720000000000	0
1.20803333333333	1762
1.20886666666667	951
1.20970000000000	598
1.21053333333333	1915
1.21136666666667	2365
1.21220000000000	1932
1.21303333333333	1432
1.21386666666667	1123
1.21470000000000	1802
1.21553333333333	702
1.21636666666667	892
1.21720000000000	1082
1.21803333333333	1516
1.21888333333333	1951
1.21971666666667	299
1.22055000000000	389
1.22138333333333	706
1.22221666666667	690
1.22305000000000	673
1.22388333333333	888
1.22471666666667	1103
1.22555000000000	899
1.22638333333333	695
1.22721666666667	1175
1.22805000000000	698
1.22888333333333	221
1.22971666666667	1019
1.23055000000000	868
1.23138333333333	716
1.23221666666667	485
1.23305000000000	254
1.23388333333333	378
1.23471666666667	191
1.23555000000000	0
1.23640000000000	1375
1.23723333333333	1039
1.23806666666667	1725
1.23890000000000	354
1.23973333333333	780
1.24056666666667	0
1.24140000000000	1309
1.24223333333333	1236
1.24306666666667	587
1.24390000000000	168
1.24473333333333	62
1.24556666666667	153
1.24640000000000	214
1.24723333333333	107
1.24806666666667	0
1.24890000000000	0
1.24973333333333	1185
1.25056666666667	1221
1.25140000000000	242
1.25223333333333	1146
1.25308333333333	291
1.25391666666667	0
1.25475000000000	509
1.25558333333333	751
1.25641666666667	367
1.25725000000000	441
1.25808333333333	0
1.25891666666667	336
1.25975000000000	0
1.26058333333333	0
1.26141666666667	0
1.26225000000000	0
1.26308333333333	0
1.26391666666667	241
1.26475000000000	481
1.26558333333333	572
1.26640000000000	0
1.26723333333333	251
1.26806666666667	0
1.26890000000000	0
1.26973333333333	278
1.27058333333333	440
1.27141666666667	476
1.27225000000000	238
1.27308333333333	0
1.27391666666667	0
1.27475000000000	0
1.27558333333333	0
1.27641666666667	0
1.27725000000000	0
1.27808333333333	0
1.27891666666667	368
1.27975000000000	184
1.28058333333333	0
1.28141666666667	0
1.28225000000000	0
1.28308333333333	0
1.28391666666667	0
1.28475000000000	0
1.28558333333333	0
1.28641666666667	0
1.28726666666667	0
1.28810000000000	0
1.28893333333333	0
1.28976666666667	0
1.29060000000000	0
1.29143333333333	0
1.29226666666667	0
1.29310000000000	0
1.29393333333333	0
1.29476666666667	0
1.29560000000000	0
1.29643333333333	0
1.29726666666667	0
1.29810000000000	0
1.29893333333333	0
1.29976666666667	0
1.30060000000000	0
1.30143333333333	0
1.30226666666667	0
1.30310000000000	0
1.30393333333333	0
1.30478333333333	0
1.30561666666667	0
1.30645000000000	0
1.30728333333333	0
1.30811666666667	54
1.30895000000000	108
1.30978333333333	61
1.31061666666667	14
1.31145000000000	7
1.31228333333333	0
1.31311666666667	0
1.31395000000000	0
1.31478333333333	83
1.31561666666667	42
1.31645000000000	0
1.31728333333333	68
1.31811666666667	34
1.31895000000000	0
1.31978333333333	0
1.32061666666667	0
1.32146666666667	317
1.32230000000000	159
1.32313333333333	0
1.32396666666667	0
1.32480000000000	0
1.32563333333333	0
1.32646666666667	0
1.32730000000000	0
1.32813333333333	0
1.32896666666667	0
1.32980000000000	0
1.33063333333333	0
1.33146666666667	0
1.33230000000000	0
1.33313333333333	0
1.33396666666667	0
1.33480000000000	0
1.33563333333333	0
1.33645000000000	190
1.33728333333333	109
1.33811666666667	29
1.33896666666667	0
1.33980000000000	33
1.34063333333333	66
1.34146666666667	366
1.34230000000000	310
1.34313333333333	474
1.34396666666667	306
1.34480000000000	0
1.34563333333333	0
1.34646666666667	0
1.34730000000000	0
1.34813333333333	136
1.34896666666667	68
1.34980000000000	0
1.35063333333333	226
1.35146666666667	193
1.35230000000000	0
1.35313333333333	334
1.35396666666667	0
1.35480000000000	0
1.35565000000000	0
1.35648333333333	0
1.35731666666667	0
1.35815000000000	0
1.35898333333333	0
1.35981666666667	0
1.36065000000000	0
1.36148333333333	0
1.36231666666667	0
1.36315000000000	428
1.36398333333333	214
1.36481666666667	0
1.36565000000000	0
1.36648333333333	0
1.36731666666667	0
1.36815000000000	0
1.36898333333333	0
1.36981666666667	0
1.37065000000000	0
1.37148333333333	0
1.37231666666667	0
1.37316666666667	0
1.37400000000000	0
1.37483333333333	0
1.37566666666667	0
1.37650000000000	0
1.37733333333333	0
1.37816666666667	0
1.37900000000000	0
1.37983333333333	0
1.38066666666667	0
1.38150000000000	0
1.38233333333333	0
1.38316666666667	0
1.38400000000000	0
1.38483333333333	0
1.38566666666667	0
1.38650000000000	0
1.38733333333333	0
1.38816666666667	0
1.38900000000000	0
1.38985000000000	0
1.39068333333333	0
1.39151666666667	0
1.39235000000000	0
1.39318333333333	0
1.39401666666667	0
1.39485000000000	0
1.39568333333333	0
1.39651666666667	0
1.39735000000000	0
1.39818333333333	0
1.39901666666667	0
1.39985000000000	0
1.40068333333333	0
1.40151666666667	0
1.40235000000000	0
1.40318333333333	0
1.40401666666667	0
1.40485000000000	0
1.40568333333333	0
1.40651666666667	0
1.40736666666667	0
1.40820000000000	0
1.40903333333333	0
1.40986666666667	0
1.41070000000000	0
1.41153333333333	0
1.41236666666667	0
1.41320000000000	0
1.41403333333333	0
1.41486666666667	0
1.41570000000000	0
1.41653333333333	0
1.41736666666667	0
1.41820000000000	0
1.41903333333333	0
1.41986666666667	0
1.42070000000000	0
1.42153333333333	0
1.42236666666667	0
1.42320000000000	0
1.42405000000000	0
1.42488333333333	0
1.42571666666667	26
1.42655000000000	52
1.42738333333333	26
1.42821666666667	0
1.42905000000000	0
1.42988333333333	0
1.43071666666667	0
1.43155000000000	0
1.43238333333333	0
1.43321666666667	0
1.43405000000000	0
1.43488333333333	0
1.43570000000000	0
1.43653333333333	0
1.43736666666667	0
1.43820000000000	0
1.43903333333333	0
1.43986666666667	0
1.44070000000000	0
1.44155000000000	0
1.44238333333333	0
1.44321666666667	0
1.44405000000000	0
1.44488333333333	0
1.44571666666667	0
1.44655000000000	0
1.44738333333333	0
1.44821666666667	0
1.44905000000000	334
1.44988333333333	406
1.45071666666667	598
1.45155000000000	0
1.45238333333333	0
1.45321666666667	16
1.45405000000000	0
1.45488333333333	0
1.45571666666667	17
1.45655000000000	0
1.45738333333333	0
1.45823333333333	0
1.45906666666667	288
1.45990000000000	235
1.46073333333333	0
1.46156666666667	0
1.46240000000000	0
1.46323333333333	0
1.46406666666667	0
1.46490000000000	0
1.46573333333333	0
1.46656666666667	0
1.46740000000000	0
1.46823333333333	0
1.46906666666667	0
1.46990000000000	0
1.47073333333333	0
1.47156666666667	0
1.47240000000000	0
1.47323333333333	0
1.47406666666667	0
1.47490000000000	0
1.47575000000000	0
1.47658333333333	0
1.47741666666667	0
1.47825000000000	0
1.47908333333333	0
1.47991666666667	0
1.48075000000000	0
1.48158333333333	0
1.48241666666667	0
1.48325000000000	0
1.48408333333333	0
1.48491666666667	0
1.48575000000000	0
1.48658333333333	0
1.48741666666667	0
1.48825000000000	0
1.48908333333333	0
1.48991666666667	0
1.49075000000000	0
1.49158333333333	0
1.49243333333333	0
1.49326666666667	0
1.49410000000000	0
1.49493333333333	0
1.49576666666667	0
1.49660000000000	0
1.49743333333333	0
1.49826666666667	0
1.49910000000000	0
1.49993333333333	0
1.50076666666667	0
1.50160000000000	0
1.50243333333333	0
1.50326666666667	0
1.50410000000000	0
1.50493333333333	0
1.50576666666667	0
1.50660000000000	0
1.50743333333333	0
1.50826666666667	0
1.50910000000000	0
1.50995000000000	0
1.51078333333333	0
1.51161666666667	0
1.51245000000000	0
1.51328333333333	0
1.51411666666667	0
1.51495000000000	0
1.51578333333333	0
1.51661666666667	0
1.51745000000000	0
1.51828333333333	0
1.51911666666667	0
1.51995000000000	0
1.52078333333333	0
1.52161666666667	0
1.52245000000000	0
1.52328333333333	0
1.52411666666667	0
1.52495000000000	0
1.52578333333333	0
1.52663333333333	0
1.52746666666667	0
1.52830000000000	0
1.52913333333333	0
1.52996666666667	0
1.53080000000000	0
1.53163333333333	0
1.53246666666667	0
1.53330000000000	0
1.53413333333333	0
1.53496666666667	0
1.53580000000000	0
1.53663333333333	0
1.53746666666667	0
1.53830000000000	0
1.53913333333333	0
1.53996666666667	0
1.54080000000000	0
1.54163333333333	0
1.54246666666667	0
1.54330000000000	0
1.54415000000000	0
1.54498333333333	0
1.54581666666667	0
1.54665000000000	0
1.54748333333333	0
1.54831666666667	0
1.54915000000000	0
1.54998333333333	0
1.55081666666667	0
1.55165000000000	0
1.55248333333333	0
1.55331666666667	0
1.55415000000000	0
1.55498333333333	0
1.55581666666667	0
1.55665000000000	0
1.55748333333333	0
1.55831666666667	0
1.55915000000000	0
1.55998333333333	0
1.56083333333333	0
1.56166666666667	0
1.56250000000000	0
1.56333333333333	0
1.56416666666667	0
1.56500000000000	443
1.56583333333333	335
1.56666666666667	0
1.56750000000000	0
1.56833333333333	0
1.56916666666667	0
1.57000000000000	0
1.57083333333333	0
1.57166666666667	0
1.57250000000000	0
1.57333333333333	0
1.57416666666667	0
1.57500000000000	0
1.57583333333333	0
1.57666666666667	0
1.57748333333333	0
1.57833333333333	0
1.57916666666667	0
1.58000000000000	0
1.58083333333333	0
1.58166666666667	0
1.58250000000000	0
1.58333333333333	0
1.58416666666667	0
1.58500000000000	0
1.58583333333333	0
1.58666666666667	0
1.58750000000000	0
1.58833333333333	0
1.58916666666667	0
1.59000000000000	0
1.59083333333333	0
1.59166666666667	0
1.59250000000000	0
1.59333333333333	0
1.59416666666667	0
1.59501666666667	0
1.59585000000000	0
1.59668333333333	0
1.59751666666667	0
1.59835000000000	0
1.59918333333333	0
1.60001666666667	0
1.60085000000000	0
1.60168333333333	0
1.60251666666667	0
1.60335000000000	0
1.60418333333333	0
1.60501666666667	0
1.60585000000000	0
1.60668333333333	0
1.60751666666667	0
1.60835000000000	0
1.60918333333333	0
1.61001666666667	0
1.61085000000000	0
1.61168333333333	0
1.61253333333333	0
1.61336666666667	0
1.61420000000000	0
1.61503333333333	0
1.61586666666667	0
1.61670000000000	0
1.61753333333333	0
1.61836666666667	0
1.61920000000000	0
1.62003333333333	0
1.62086666666667	0
1.62170000000000	0
1.62253333333333	0
1.62336666666667	0
1.62420000000000	36
1.62503333333333	30
1.62586666666667	0
1.62670000000000	0
1.62753333333333	0
1.62836666666667	0
1.62921666666667	0
1.63005000000000	0
1.63088333333333	0
1.63171666666667	0
1.63255000000000	0
1.63338333333333	0
1.63421666666667	0
1.63505000000000	0
1.63588333333333	0
1.63671666666667	0
1.63755000000000	0
1.63838333333333	0
1.63921666666667	0
1.64005000000000	0
1.64088333333333	0
1.64171666666667	0
1.64255000000000	0
1.64338333333333	0
1.64421666666667	0
1.64505000000000	0
1.64588333333333	0
1.64673333333333	0
1.64756666666667	0
1.64840000000000	0
1.64923333333333	0
1.65006666666667	0
1.65090000000000	0
1.65173333333333	0
1.65256666666667	0
1.65340000000000	0
1.65423333333333	0
1.65506666666667	0
1.65590000000000	0
1.65673333333333	0
1.65756666666667	0
1.65840000000000	0
1.65923333333333	0
1.66006666666667	0
1.66090000000000	0
1.66173333333333	0
1.66256666666667	0
1.66341666666667	0
1.66425000000000	0
1.66508333333333	0
1.66591666666667	0
1.66675000000000	0
1.66758333333333	0
1.66841666666667	0
1.66925000000000	0
1.67008333333333	0
1.67091666666667	0
1.67175000000000	0
1.67258333333333	0
1.67341666666667	0
1.67425000000000	0
1.67508333333333	0
1.67591666666667	0
1.67675000000000	0
1.67758333333333	0
1.67841666666667	0
1.67925000000000	0
1.68008333333333	0
1.68093333333333	0
1.68176666666667	0
1.68260000000000	0
1.68343333333333	0
1.68426666666667	0
1.68510000000000	0
1.68593333333333	0
1.68676666666667	0
1.68760000000000	0
1.68843333333333	0
1.68926666666667	0
1.69010000000000	0
1.69093333333333	0
1.69175000000000	0
1.69258333333333	0
1.69341666666667	0
1.69425000000000	0
1.69508333333333	0
1.69591666666667	0
1.69675000000000	0
1.69760000000000	0
1.69843333333333	0
1.69926666666667	0
1.70010000000000	0
1.70093333333333	0
1.70176666666667	0
1.70260000000000	0
1.70343333333333	0
1.70426666666667	0
1.70510000000000	0
1.70593333333333	0
1.70676666666667	0
1.70760000000000	0
1.70843333333333	0
1.70926666666667	0
1.71010000000000	0
1.71093333333333	21
1.71176666666667	10
1.71260000000000	0
1.71343333333333	0
1.71426666666667	0
1.71511666666667	0
1.71595000000000	0
1.71678333333333	0
1.71761666666667	0
1.71845000000000	0
1.71928333333333	0
1.72011666666667	0
1.72095000000000	0
1.72178333333333	0
1.72261666666667	0
1.72345000000000	0
1.72428333333333	0
1.72511666666667	0
1.72595000000000	0
1.72678333333333	0
1.72761666666667	0
1.72845000000000	0
1.72928333333333	0
1.73011666666667	0
1.73095000000000	0
1.73180000000000	0
1.73263333333333	0
1.73346666666667	0
1.73430000000000	0
1.73513333333333	0
1.73596666666667	0
1.73680000000000	0
1.73763333333333	0
1.73846666666667	0
1.73930000000000	0
1.74013333333333	0
1.74096666666667	0
1.74180000000000	0
1.74263333333333	0
1.74346666666667	0
1.74430000000000	0
1.74513333333333	0
1.74596666666667	0
1.74680000000000	0
1.74763333333333	0
1.74846666666667	0
1.74931666666667	0
1.75015000000000	0
1.75098333333333	0
1.75181666666667	0
1.75265000000000	0
1.75348333333333	0
1.75431666666667	0
1.75515000000000	0
1.75598333333333	0
1.75681666666667	0
1.75765000000000	0
1.75848333333333	0
1.75931666666667	0
1.76015000000000	0
1.76098333333333	0
1.76181666666667	0
1.76265000000000	0
1.76348333333333	0
1.76430000000000	0
1.76513333333333	0
1.76598333333333	0
1.76681666666667	0
1.76765000000000	0
1.76848333333333	0
1.76931666666667	0
1.77015000000000	0
1.77098333333333	0
1.77181666666667	0
1.77265000000000	0
1.77348333333333	0
1.77431666666667	0
1.77515000000000	0
1.77598333333333	0
1.77681666666667	0
1.77765000000000	0
1.77848333333333	0
1.77931666666667	0
1.78015000000000	0
1.78098333333333	0
1.78181666666667	0
1.78265000000000	0
1.78350000000000	0
1.78433333333333	0
1.78516666666667	0
1.78600000000000	0
1.78683333333333	0
1.78766666666667	0
1.78850000000000	0
1.78933333333333	0
1.79016666666667	0
1.79100000000000	0
1.79183333333333	0
1.79266666666667	0
1.79350000000000	0
1.79433333333333	0
1.79516666666667	0
1.79600000000000	0
1.79683333333333	0
1.79766666666667	0
1.79850000000000	0
1.79933333333333	0
1.80018333333333	0
1.80101666666667	0
1.80185000000000	0
1.80268333333333	0
1.80351666666667	0
1.80435000000000	0
1.80518333333333	0
1.80601666666667	0
1.80685000000000	0
1.80768333333333	0
1.80851666666667	0
1.80935000000000	0
1.81018333333333	0
1.81101666666667	0
1.81185000000000	0
1.81268333333333	0
1.81351666666667	0
1.81435000000000	0
1.81518333333333	0
1.81601666666667	0
1.81685000000000	0
1.81770000000000	0
1.81853333333333	0
1.81936666666667	0
1.82020000000000	0
1.82103333333333	0
1.82186666666667	0
1.82270000000000	0
1.82353333333333	0
1.82436666666667	0
1.82520000000000	0
1.82603333333333	0
1.82686666666667	0
1.82770000000000	0
1.82853333333333	0
1.82936666666667	0
1.83020000000000	0
1.83103333333333	0
1.83186666666667	0
1.83270000000000	0
1.83353333333333	0
1.83436666666667	0
1.83520000000000	0
1.83603333333333	0
1.83686666666667	0
1.83770000000000	0
1.83853333333333	0
1.83936666666667	0
1.84020000000000	0
1.84103333333333	0
1.84186666666667	0
1.84270000000000	0
1.84353333333333	0
1.84436666666667	0
1.84520000000000	0
1.84603333333333	0
1.84686666666667	0
1.84770000000000	0
1.84853333333333	0
1.84936666666667	0
1.85020000000000	0
1.85103333333333	0
1.85188333333333	0
1.85271666666667	0
1.85355000000000	0
1.85438333333333	0
1.85521666666667	0
1.85605000000000	0
1.85688333333333	0
1.85771666666667	0
1.85855000000000	0
1.85938333333333	0
1.86021666666667	0
1.86105000000000	0
1.86188333333333	0
1.86271666666667	0
1.86355000000000	0
1.86438333333333	0
1.86521666666667	0
1.86605000000000	0
1.86688333333333	0
1.86771666666667	0
1.86856666666667	0
1.86940000000000	0
1.87023333333333	0
1.87106666666667	0
1.87190000000000	0
1.87273333333333	0
1.87356666666667	0
1.87440000000000	0
1.87523333333333	0
1.87606666666667	0
1.87690000000000	0
1.87773333333333	0
1.87856666666667	0
1.87940000000000	0
1.88023333333333	0
1.88106666666667	0
1.88190000000000	0
1.88273333333333	0
1.88356666666667	0
1.88440000000000	0
1.88523333333333	0
1.88608333333333	0
1.88691666666667	0
1.88775000000000	0
1.88858333333333	0
1.88941666666667	0
1.89025000000000	0
1.89108333333333	0
1.89191666666667	0
1.89275000000000	0
1.89358333333333	0
1.89441666666667	0
1.89525000000000	0
1.89608333333333	0
1.89691666666667	0
1.89775000000000	0
1.89858333333333	0
1.89941666666667	0
1.90025000000000	0
1.90108333333333	0
1.90191666666667	0
1.90276666666667	0
1.90360000000000	0
1.90443333333333	0
1.90526666666667	0
1.90610000000000	0
1.90693333333333	0
1.90776666666667	0
1.90860000000000	0
1.90943333333333	0
1.91026666666667	0
1.91110000000000	0
1.91193333333333	0
1.91276666666667	0
1.91360000000000	0
1.91443333333333	0
1.91526666666667	0
1.91610000000000	0
1.91693333333333	0
1.91775000000000	0
1.91858333333333	0
1.91941666666667	0
1.92026666666667	0
1.92110000000000	0
1.92193333333333	0
1.92276666666667	0
1.92360000000000	0
1.92443333333333	0
1.92526666666667	0
1.92610000000000	0
1.92693333333333	0
1.92776666666667	0
1.92860000000000	0
1.92943333333333	0
1.93026666666667	0
1.93110000000000	0
1.93193333333333	0
1.93276666666667	0
1.93360000000000	0
1.93443333333333	0
1.93526666666667	0
1.93610000000000	0
1.93695000000000	0
1.93778333333333	0
1.93861666666667	0
1.93945000000000	0
1.94028333333333	0
1.94111666666667	0
1.94195000000000	0
1.94278333333333	0
1.94361666666667	0
1.94445000000000	0
1.94528333333333	0
1.94611666666667	0
1.94695000000000	0
1.94778333333333	0
1.94861666666667	0
1.94945000000000	0
1.95028333333333	0
1.95111666666667	0
1.95195000000000	0
1.95278333333333	0
1.95361666666667	0
1.95446666666667	0
1.95530000000000	0
1.95613333333333	0
1.95696666666667	0
1.95780000000000	0
1.95863333333333	0
1.95946666666667	0
1.96030000000000	0
1.96113333333333	0
1.96196666666667	0
1.96280000000000	0
1.96363333333333	0
1.96446666666667	0
1.96530000000000	0
1.96613333333333	0
1.96696666666667	0
1.96780000000000	0
1.96863333333333	0
1.96946666666667	0
1.97030000000000	0
1.97115000000000	0
1.97198333333333	0
1.97281666666667	0
1.97365000000000	0
1.97448333333333	0
1.97531666666667	0
1.97615000000000	0
1.97698333333333	0
1.97781666666667	0
1.97865000000000	0
1.97948333333333	0
1.98031666666667	0
1.98115000000000	0
1.98198333333333	0
1.98281666666667	0
1.98365000000000	0
1.98448333333333	0
1.98531666666667	0
1.98615000000000	0
1.98698333333333	0
1.98781666666667	15
1.98866666666667	7
1.98950000000000	0
1.99033333333333	0
1.99116666666667	0
1.99200000000000	0
1.99283333333333	0
1.99366666666667	0
1.99450000000000	0
1.99533333333333	0
1.99616666666667	0
1.99700000000000	0
1.99783333333333	0
1.99866666666667	0
1.99950000000000	0
2.00033333333333	0
2.00116666666667	0
2.00200000000000	0
2.00283333333333	0
2.00365000000000	0
2.00448333333333	0
2.00533333333333	0
2.00616666666667	0
2.00700000000000	0
2.00783333333333	0
2.00866666666667	0
2.00950000000000	0
2.01033333333333	0
2.01116666666667	0
2.01200000000000	0
2.01283333333333	0
2.01366666666667	0
2.01450000000000	0
2.01533333333333	0
2.01616666666667	0
2.01700000000000	0
2.01783333333333	0
2.01866666666667	0
2.01950000000000	0
2.02033333333333	0
2.02116666666667	0
2.02200000000000	0
2.02285000000000	0
2.02368333333333	0
2.02451666666667	0
2.02535000000000	0
2.02618333333333	0
2.02701666666667	0
2.02785000000000	0
2.02868333333333	0
2.02951666666667	0
2.03035000000000	0
2.03118333333333	0
2.03201666666667	0
2.03285000000000	0
2.03368333333333	0
2.03451666666667	0
2.03535000000000	0
2.03618333333333	0
2.03701666666667	0
2.03785000000000	0
2.03868333333333	0
2.03953333333333	0
2.04036666666667	0
2.04120000000000	0
2.04203333333333	0
2.04286666666667	0
2.04370000000000	0
2.04453333333333	0
2.04536666666667	0
2.04620000000000	0
2.04703333333333	0
2.04786666666667	0
2.04870000000000	0
2.04953333333333	0
2.05036666666667	0
2.05120000000000	0
2.05203333333333	0
2.05286666666667	0
2.05370000000000	0
2.05453333333333	0
2.05536666666667	0
2.05620000000000	0
2.05705000000000	0
2.05788333333333	0
2.05871666666667	0
2.05955000000000	0
2.06038333333333	0
2.06121666666667	0
2.06205000000000	0
2.06288333333333	0
2.06371666666667	0
2.06455000000000	0
2.06538333333333	0
2.06621666666667	0
2.06705000000000	0
2.06788333333333	0
2.06871666666667	0
2.06955000000000	0
2.07038333333333	0
2.07121666666667	0
2.07205000000000	0
2.07288333333333	0
2.07373333333333	0
2.07456666666667	0
2.07540000000000	0
2.07623333333333	0
2.07706666666667	0
2.07790000000000	0
2.07873333333333	0
2.07956666666667	0
2.08040000000000	0
2.08123333333333	0
2.08206666666667	0
2.08290000000000	0
2.08373333333333	0
2.08456666666667	0
2.08540000000000	0
2.08623333333333	0
2.08706666666667	0
2.08790000000000	0
2.08873333333333	0
2.08956666666667	0
2.09040000000000	0
2.09125000000000	0
2.09208333333333	0
2.09291666666667	0
2.09375000000000	0
2.09458333333333	0
2.09541666666667	0
2.09625000000000	0
2.09708333333333	0
2.09791666666667	0
2.09875000000000	0
2.09958333333333	0
2.10041666666667	0
2.10125000000000	0
2.10206666666667	0
2.10290000000000	0
2.10373333333333	0
2.10456666666667	0
2.10540000000000	0
2.10623333333333	0
2.10706666666667	0
2.10791666666667	0
2.10875000000000	0
2.10958333333333	0
2.11041666666667	0
2.11125000000000	0
2.11208333333333	0
2.11291666666667	0
2.11375000000000	0
2.11458333333333	0
2.11541666666667	0
2.11625000000000	0
2.11708333333333	0
2.11791666666667	0
2.11875000000000	0
2.11958333333333	0
2.12041666666667	0
2.12125000000000	0
2.12208333333333	0
2.12291666666667	0
2.12375000000000	0
2.12458333333333	0
2.12543333333333	0
2.12626666666667	40
2.12710000000000	20
2.12793333333333	0
2.12876666666667	0
2.12960000000000	0
2.13043333333333	0
2.13126666666667	0
2.13210000000000	0
2.13293333333333	0
2.13376666666667	0
2.13460000000000	0
2.13543333333333	0
2.13626666666667	0
2.13710000000000	0
2.13793333333333	0
2.13876666666667	0
2.13960000000000	0
2.14043333333333	0
2.14126666666667	0
2.14211666666667	0
2.14295000000000	0
2.14378333333333	0
2.14461666666667	0
2.14545000000000	0
2.14628333333333	0
2.14711666666667	0
2.14795000000000	0
2.14878333333333	0
2.14961666666667	44
2.15045000000000	43
2.15128333333333	0
2.15211666666667	0
2.15295000000000	0
2.15378333333333	0
2.15461666666667	0
2.15545000000000	0
2.15628333333333	0
2.15711666666667	0
2.15795000000000	0
2.15878333333333	0
2.15963333333333	0
2.16046666666667	0
2.16130000000000	0
2.16213333333333	0
2.16296666666667	0
2.16380000000000	0
2.16463333333333	0
2.16546666666667	0
2.16630000000000	0
2.16713333333333	0
2.16796666666667	0
2.16880000000000	0
2.16963333333333	0
2.17046666666667	0
2.17130000000000	0
2.17213333333333	0
2.17296666666667	0
2.17380000000000	0
2.17463333333333	0
2.17546666666667	0
2.17631666666667	0
2.17715000000000	0
2.17798333333333	0
2.17881666666667	0
2.17965000000000	0
2.18048333333333	0
2.18131666666667	0
2.18215000000000	0
2.18298333333333	0
2.18381666666667	0
2.18465000000000	0
2.18548333333333	0
2.18631666666667	0
2.18715000000000	0
2.18798333333333	0
2.18881666666667	0
2.18965000000000	0
2.19048333333333	0
2.19131666666667	0
2.19215000000000	0
2.19298333333333	0
2.19383333333333	0
2.19466666666667	0
2.19550000000000	0
2.19633333333333	0
2.19716666666667	0
2.19800000000000	0
2.19883333333333	0
2.19966666666667	0
2.20050000000000	0
2.20133333333333	0
2.20216666666667	0
2.20300000000000	0
2.20383333333333	0
2.20466666666667	0
2.20550000000000	0
2.20633333333333	0
2.20716666666667	0
2.20800000000000	0
2.20883333333333	0
2.20966666666667	0
2.21051666666667	0
2.21135000000000	0
2.21218333333333	0
2.21301666666667	0
2.21385000000000	0
2.21468333333333	0
2.21551666666667	0
2.21635000000000	0
2.21718333333333	0
2.21801666666667	0
2.21885000000000	0
2.21968333333333	0
2.22051666666667	0
2.22135000000000	0
2.22218333333333	0
2.22301666666667	0
2.22385000000000	0
2.22468333333333	0
2.22551666666667	0
2.22635000000000	0
2.22718333333333	0
2.22803333333333	0
2.22886666666667	0
2.22970000000000	0
2.23053333333333	0
2.23136666666667	0
2.23220000000000	0
2.23303333333333	0
2.23386666666667	0
2.23470000000000	0
2.23553333333333	0
2.23636666666667	0
2.23720000000000	0
2.23801666666667	0
2.23885000000000	0
2.23968333333333	0
2.24051666666667	0
2.24135000000000	0
2.24218333333333	0
2.24301666666667	0
2.24385000000000	0
2.24470000000000	0
2.24553333333333	0
2.24636666666667	0
2.24720000000000	0
2.24803333333333	0
2.24886666666667	0
2.24970000000000	0
2.25053333333333	0
2.25136666666667	0
2.25220000000000	0
2.25303333333333	0
2.25386666666667	0
2.25470000000000	0
2.25553333333333	0
2.25636666666667	0
2.25720000000000	0
2.25803333333333	0
2.25886666666667	0
2.25970000000000	0
2.26053333333333	0
2.26136666666667	0
2.26221666666667	0
2.26305000000000	0
2.26388333333333	0
2.26471666666667	0
2.26555000000000	0
2.26638333333333	0
2.26721666666667	0
2.26805000000000	0
2.26888333333333	0
2.26971666666667	0
2.27055000000000	0
2.27138333333333	0
2.27221666666667	0
2.27305000000000	0
2.27388333333333	0
2.27471666666667	0
2.27555000000000	0
2.27638333333333	0
2.27721666666667	0
2.27805000000000	0
2.27890000000000	0
2.27973333333333	0
2.28056666666667	0
2.28140000000000	0
2.28223333333333	0
2.28306666666667	0
2.28390000000000	0
2.28473333333333	0
2.28556666666667	0
2.28640000000000	0
2.28723333333333	0
2.28806666666667	0
2.28890000000000	0
2.28973333333333	0
2.29056666666667	0
2.29140000000000	0
2.29223333333333	0
2.29306666666667	0
2.29390000000000	0
2.29473333333333	0
2.29556666666667	0
2.29641666666667	0
2.29725000000000	0
2.29808333333333	0
2.29891666666667	0
2.29975000000000	0
2.30058333333333	0
2.30141666666667	0
2.30225000000000	0
2.30308333333333	0
2.30391666666667	0
2.30475000000000	0
2.30558333333333	0
2.30641666666667	0
2.30725000000000	0
2.30808333333333	0
2.30891666666667	0
2.30975000000000	0
2.31058333333333	0
2.31141666666667	0
2.31225000000000	0
2.31310000000000	0
2.31393333333333	0
2.31476666666667	0
2.31560000000000	0
2.31643333333333	0
2.31726666666667	0
2.31810000000000	0
2.31893333333333	0
2.31976666666667	0
2.32060000000000	0
2.32143333333333	0
2.32226666666667	0
2.32310000000000	0
2.32393333333333	0
2.32475000000000	0
2.32558333333333	0
2.32641666666667	0
2.32725000000000	0
2.32808333333333	0
2.32891666666667	0
2.32975000000000	0
2.33060000000000	0
2.33143333333333	0
2.33226666666667	0
2.33310000000000	0
2.33393333333333	0
2.33476666666667	0
2.33560000000000	0
2.33643333333333	0
2.33726666666667	0
2.33810000000000	0
2.33893333333333	0
2.33976666666667	0
2.34060000000000	0
2.34143333333333	0
2.34226666666667	0
2.34310000000000	0
2.34393333333333	0
2.34476666666667	0
2.34560000000000	0
2.34643333333333	0
2.34728333333333	0
2.34811666666667	0
2.34895000000000	0
2.34978333333333	0
2.35061666666667	0
2.35145000000000	0
2.35228333333333	0
2.35311666666667	0
2.35395000000000	0
2.35478333333333	0
2.35561666666667	0
2.35645000000000	0
2.35728333333333	0
2.35811666666667	0
2.35895000000000	0
2.35978333333333	0
2.36061666666667	0
2.36145000000000	0
2.36228333333333	0
2.36311666666667	0
2.36395000000000	0
2.36480000000000	0
2.36563333333333	0
2.36646666666667	0
2.36730000000000	0
2.36813333333333	0
2.36896666666667	0
2.36980000000000	0
2.37063333333333	0
2.37146666666667	0
2.37230000000000	0
2.37313333333333	0
2.37396666666667	0
2.37480000000000	283
2.37563333333333	159
2.37646666666667	36
2.37730000000000	0
2.37813333333333	0
2.37896666666667	0
2.37980000000000	0
2.38063333333333	0
2.38148333333333	0
2.38231666666667	0
2.38315000000000	0
2.38398333333333	0
2.38481666666667	0
2.38565000000000	0
2.38648333333333	0
2.38731666666667	0
2.38815000000000	0
2.38898333333333	0
2.38981666666667	0
2.39065000000000	0
2.39148333333333	0
2.39231666666667	0
2.39315000000000	0
2.39398333333333	0
2.39481666666667	0
2.39565000000000	0
2.39648333333333	0
2.39731666666667	0
2.39815000000000	0
2.39900000000000	0
2.39983333333333	0
2.40066666666667	0
2.40150000000000	0
2.40233333333333	0
2.40316666666667	0
2.40400000000000	0
2.40483333333333	0
2.40566666666667	0
2.40650000000000	0
2.40733333333333	0
2.40816666666667	0
2.40900000000000	0
2.40983333333333	0
2.41066666666667	0
2.41150000000000	0
2.41233333333333	0
2.41316666666667	0
2.41398333333333	0
2.41481666666667	0
2.41566666666667	0
2.41650000000000	0
2.41733333333333	0
2.41816666666667	0
2.41900000000000	0
2.41983333333333	0
2.42066666666667	0
2.42150000000000	0
2.42233333333333	0
2.42316666666667	0
2.42400000000000	0
2.42483333333333	0
2.42566666666667	0
2.42650000000000	0
2.42733333333333	0
2.42816666666667	0
2.42900000000000	0
2.42983333333333	0
2.43066666666667	0
2.43150000000000	0
2.43233333333333	0
2.43318333333333	0
2.43401666666667	0
2.43485000000000	0
2.43568333333333	0
2.43651666666667	0
2.43735000000000	0
2.43818333333333	0
2.43901666666667	0
2.43985000000000	0
2.44068333333333	0
2.44151666666667	0
2.44235000000000	0
2.44318333333333	0
2.44401666666667	0
2.44485000000000	0
2.44568333333333	0
2.44651666666667	0
2.44735000000000	0
2.44818333333333	0
2.44901666666667	0
2.44986666666667	0
2.45070000000000	0
2.45153333333333	0
2.45236666666667	0
2.45320000000000	0
2.45403333333333	0
2.45486666666667	0
2.45570000000000	0
2.45653333333333	0
2.45736666666667	0
2.45820000000000	0
2.45903333333333	0
2.45986666666667	0
2.46070000000000	0
2.46153333333333	0
2.46236666666667	0
2.46320000000000	0
2.46403333333333	0
2.46486666666667	0
2.46570000000000	0
2.46653333333333	0
2.46738333333333	0
2.46821666666667	0
2.46905000000000	0
2.46988333333333	0
2.47071666666667	0
2.47155000000000	0
2.47238333333333	0
2.47321666666667	0
2.47405000000000	0
2.47488333333333	0
2.47571666666667	0
2.47655000000000	0
2.47738333333333	0
2.47821666666667	0
2.47905000000000	0
2.47988333333333	0
2.48071666666667	0
2.48155000000000	0
2.48238333333333	0
2.48321666666667	0
2.48406666666667	0
2.48490000000000	0
2.48573333333333	0
2.48656666666667	0
2.48740000000000	0
2.48823333333333	0
2.48906666666667	0
2.48990000000000	0
2.49073333333333	0
2.49156666666667	0
2.49240000000000	0
2.49323333333333	0
2.49406666666667	0
2.49490000000000	0
2.49573333333333	0
2.49656666666667	0
2.49740000000000	0
2.49823333333333	0
2.49906666666667	0
2.49990000000000	0
2.50073333333333	0
2.50158333333333	0
2.50241666666667	0
2.50325000000000	0
2.50408333333333	0
2.50491666666667	0
2.50575000000000	0
2.50658333333333	0
2.50741666666667	0
2.50825000000000	0
2.50908333333333	0
2.50991666666667	0
2.51075000000000	0
2.51158333333333	0
2.51241666666667	0
2.51325000000000	0
2.51408333333333	0
2.51491666666667	0
2.51573333333333	0
2.51656666666667	0
2.51740000000000	0
2.51825000000000	0
2.51908333333333	0
2.51991666666667	0
2.52075000000000	0
2.52158333333333	0
2.52241666666667	0
2.52325000000000	0
2.52408333333333	0
2.52491666666667	0
2.52575000000000	0
2.52658333333333	0
2.52741666666667	0
2.52825000000000	0
2.52908333333333	0
2.52991666666667	0
2.53075000000000	0
2.53158333333333	0
2.53241666666667	0
2.53325000000000	0
2.53408333333333	0
2.53491666666667	0
2.53576666666667	0
2.53660000000000	0
2.53743333333333	0
2.53826666666667	0
2.53910000000000	0
2.53993333333333	0
2.54076666666667	0
2.54160000000000	0
2.54243333333333	0
2.54326666666667	0
2.54410000000000	0
2.54493333333333	0
2.54576666666667	0
2.54660000000000	0
2.54743333333333	0
2.54826666666667	0
2.54910000000000	15
2.54993333333333	14
2.55076666666667	0
2.55160000000000	0
2.55245000000000	0
2.55328333333333	0
2.55411666666667	0
2.55495000000000	0
2.55578333333333	0
2.55661666666667	0
2.55745000000000	0
2.55828333333333	0
2.55911666666667	0
2.55995000000000	0
2.56078333333333	0
2.56161666666667	0
2.56245000000000	0
2.56328333333333	0
2.56411666666667	0
2.56495000000000	0
2.56578333333333	0
2.56661666666667	0
2.56745000000000	0
2.56828333333333	0
2.56911666666667	0
2.56996666666667	0
2.57080000000000	0
2.57163333333333	0
2.57246666666667	0
2.57330000000000	0
2.57413333333333	0
2.57496666666667	0
2.57580000000000	0
2.57663333333333	0
2.57746666666667	0
2.57830000000000	0
2.57913333333333	0
2.57996666666667	0
2.58080000000000	0
2.58163333333333	0
2.58246666666667	0
2.58330000000000	0
2.58413333333333	0
2.58496666666667	0
2.58580000000000	0
2.58665000000000	0
2.58748333333333	68
2.58831666666667	34
2.58915000000000	0
2.58998333333333	74
2.59081666666667	0
2.59165000000000	0
2.59248333333333	0
2.59331666666667	0
2.59415000000000	0
2.59498333333333	0
2.59581666666667	0
2.59665000000000	0
2.59748333333333	0
2.59831666666667	0
2.59915000000000	0
2.59998333333333	0
2.60081666666667	0
2.60165000000000	0
2.60248333333333	0
2.60331666666667	0
2.60416666666667	0
2.60500000000000	0
2.60583333333333	0
2.60666666666667	0
2.60750000000000	0
2.60833333333333	0
2.60916666666667	0
2.61000000000000	0
2.61083333333333	0
2.61166666666667	0
2.61250000000000	0
2.61333333333333	0
2.61416666666667	0
2.61500000000000	0
2.61583333333333	0
2.61666666666667	0
2.61750000000000	0
2.61833333333333	0
2.61915000000000	0
2.61998333333333	0
2.62083333333333	0
2.62166666666667	0
2.62250000000000	0
2.62333333333333	0
2.62416666666667	0
2.62500000000000	0
2.62583333333333	0
2.62666666666667	0
2.62750000000000	0
2.62833333333333	0
2.62916666666667	0
2.63000000000000	0
2.63083333333333	0
2.63166666666667	0
2.63250000000000	0
2.63333333333333	0
2.63416666666667	0
2.63500000000000	0
2.63583333333333	0
2.63666666666667	0
2.63750000000000	0
2.63835000000000	0
2.63918333333333	0
2.64001666666667	0
2.64085000000000	0
2.64168333333333	0
2.64251666666667	0
2.64335000000000	0
2.64418333333333	0
2.64501666666667	0
2.64585000000000	0
2.64668333333333	0
2.64751666666667	0
2.64835000000000	0
2.64918333333333	0
2.65001666666667	0
2.65085000000000	0
2.65168333333333	0
2.65251666666667	0
2.65335000000000	0
2.65418333333333	0
2.65503333333333	0
2.65586666666667	0
2.65670000000000	0
2.65753333333333	0
2.65836666666667	0
2.65920000000000	0
2.66003333333333	0
2.66086666666667	0
2.66170000000000	0
2.66253333333333	0
2.66336666666667	0
2.66420000000000	0
2.66503333333333	0
2.66586666666667	0
2.66670000000000	0
2.66753333333333	0
2.66836666666667	0
2.66920000000000	0
2.67003333333333	0
2.67086666666667	0
2.67170000000000	0
2.67255000000000	0
2.67338333333333	0
2.67421666666667	0
2.67505000000000	0
2.67588333333333	0
2.67671666666667	0
2.67755000000000	0
2.67838333333333	0
2.67921666666667	0
2.68005000000000	0
2.68088333333333	0
2.68171666666667	0
2.68255000000000	0
2.68338333333333	0
2.68421666666667	0
2.68505000000000	0
2.68588333333333	0
2.68671666666667	0
2.68755000000000	0
2.68838333333333	0
2.68921666666667	0
2.69005000000000	0
2.69088333333333	0
2.69171666666667	0
2.69255000000000	0
2.69338333333333	0
2.69421666666667	0
2.69505000000000	0
2.69588333333333	159
2.69671666666667	318
2.69755000000000	385
2.69838333333333	0
2.69921666666667	0
2.70005000000000	0
2.70088333333333	0
2.70171666666667	0
2.70255000000000	0
2.70338333333333	0
2.70421666666667	0
2.70505000000000	0
2.70588333333333	0
2.70673333333333	0
2.70756666666667	0
2.70840000000000	0
2.70923333333333	0
2.71006666666667	0
2.71090000000000	0
2.71173333333333	0
2.71256666666667	0
2.71340000000000	0
2.71423333333333	0
2.71506666666667	143
2.71590000000000	239
2.71673333333333	120
2.71756666666667	0
2.71840000000000	0
2.71923333333333	0
2.72006666666667	0
2.72090000000000	0
2.72173333333333	0
2.72256666666667	0
2.72341666666667	0
2.72425000000000	0
2.72508333333333	0
2.72591666666667	0
2.72675000000000	0
2.72758333333333	0
2.72841666666667	0
2.72925000000000	0
2.73008333333333	0
2.73091666666667	0
2.73175000000000	0
2.73258333333333	0
2.73341666666667	0
2.73425000000000	0
2.73508333333333	0
2.73591666666667	0
2.73675000000000	0
2.73758333333333	0
2.73841666666667	0
2.73925000000000	396
2.74008333333333	436
2.74093333333333	0
2.74176666666667	0
2.74260000000000	0
2.74343333333333	0
2.74426666666667	0
2.74510000000000	0
2.74593333333333	0
2.74676666666667	0
2.74760000000000	0
2.74843333333333	0
2.74926666666667	0
2.75010000000000	0
2.75093333333333	0
2.75176666666667	0
2.75260000000000	0
2.75343333333333	0
2.75426666666667	0
2.75510000000000	0
2.75593333333333	0
2.75676666666667	0
2.75761666666667	0
2.75845000000000	0
2.75928333333333	0
2.76011666666667	0
2.76095000000000	0
2.76178333333333	0
2.76261666666667	0
2.76345000000000	0
2.76428333333333	0
2.76511666666667	0
2.76595000000000	0
2.76678333333333	0
2.76761666666667	0
2.76845000000000	0
2.76928333333333	0
2.77011666666667	0
2.77095000000000	0
2.77178333333333	0
2.77261666666667	0
2.77345000000000	0
2.77426666666667	0
2.77511666666667	0
2.77595000000000	0
2.77678333333333	0
2.77761666666667	0
2.77845000000000	0
2.77928333333333	0
2.78011666666667	0
2.78095000000000	0
2.78178333333333	0
2.78261666666667	0
2.78345000000000	0
2.78428333333333	0
2.78511666666667	0
2.78595000000000	0
2.78678333333333	0
2.78761666666667	0
2.78845000000000	0
2.78928333333333	0
2.79011666666667	0
2.79095000000000	0
2.79180000000000	0
2.79263333333333	0
2.79346666666667	0
2.79430000000000	0
2.79513333333333	0
2.79596666666667	0
2.79680000000000	0
2.79763333333333	0
2.79846666666667	0
2.79930000000000	0
2.80013333333333	0
2.80096666666667	0
2.80180000000000	0
2.80263333333333	0
2.80346666666667	0
2.80430000000000	0
2.80513333333333	0
2.80596666666667	0
2.80680000000000	0
2.80763333333333	0
2.80846666666667	0
2.80931666666667	0
2.81015000000000	0
2.81098333333333	0
2.81181666666667	0
2.81265000000000	0
2.81348333333333	0
2.81431666666667	0
2.81515000000000	0
2.81598333333333	0
2.81681666666667	48
2.81765000000000	97
2.81848333333333	191
2.81931666666667	96
2.82015000000000	0
2.82098333333333	0
2.82181666666667	44
2.82265000000000	0
2.82348333333333	0
2.82431666666667	0
2.82515000000000	0
2.82600000000000	0
2.82683333333333	0
2.82766666666667	0
2.82850000000000	0
2.82933333333333	0
2.83016666666667	0
2.83100000000000	0
2.83183333333333	0
2.83266666666667	0
2.83350000000000	431
2.83433333333333	497
2.83516666666667	0
2.83600000000000	0
2.83683333333333	0
2.83766666666667	0
2.83850000000000	0
2.83933333333333	0
2.84016666666667	0
2.84098333333333	0
2.84181666666667	0
2.84265000000000	0
2.84350000000000	0
2.84433333333333	0
2.84516666666667	0
2.84600000000000	195
2.84683333333333	97
2.84766666666667	0
2.84850000000000	0
2.84933333333333	0
2.85016666666667	0
2.85100000000000	0
2.85183333333333	0
2.85266666666667	0
2.85350000000000	0
2.85433333333333	0
2.85516666666667	0
2.85600000000000	41
2.85683333333333	21
2.85766666666667	0
2.85850000000000	371
2.85933333333333	381
2.86018333333333	0
2.86101666666667	0
2.86185000000000	0
2.86268333333333	398
2.86351666666667	476
2.86435000000000	0
2.86518333333333	0
2.86601666666667	0
2.86685000000000	0
2.86768333333333	0
2.86851666666667	0
2.86935000000000	0
2.87018333333333	0
2.87101666666667	110
2.87185000000000	55
2.87268333333333	0
2.87351666666667	0
2.87435000000000	0
2.87518333333333	0
2.87601666666667	0
2.87685000000000	0
2.87770000000000	0
2.87853333333333	0
2.87936666666667	0
2.88020000000000	0
2.88103333333333	0
2.88186666666667	0
2.88270000000000	0
2.88353333333333	0
2.88436666666667	0
2.88520000000000	0
2.88603333333333	0
2.88686666666667	0
2.88770000000000	0
2.88853333333333	0
2.88936666666667	0
2.89020000000000	0
2.89103333333333	0
2.89186666666667	0
2.89270000000000	0
2.89353333333333	0
2.89438333333333	0
2.89521666666667	0
2.89605000000000	0
2.89688333333333	0
2.89771666666667	0
2.89855000000000	0
2.89938333333333	0
2.90021666666667	0
2.90105000000000	0
2.90188333333333	0
2.90271666666667	0
2.90355000000000	0
2.90438333333333	0
2.90521666666667	0
2.90605000000000	0
2.90688333333333	0
2.90771666666667	310
2.90855000000000	155
2.90938333333333	0
2.91021666666667	14
2.91105000000000	36
2.91190000000000	18
2.91273333333333	0
2.91356666666667	0
2.91440000000000	0
2.91523333333333	0
2.91606666666667	0
2.91690000000000	0
2.91773333333333	0
2.91856666666667	0
2.91940000000000	0
2.92023333333333	0
2.92106666666667	0
2.92190000000000	0
2.92273333333333	0
2.92356666666667	0
2.92440000000000	0
2.92523333333333	0
2.92606666666667	0
2.92690000000000	0
2.92773333333333	0
2.92858333333333	0
2.92941666666667	0
2.93025000000000	0
2.93108333333333	0
2.93191666666667	0
2.93275000000000	0
2.93358333333333	0
2.93441666666667	0
2.93525000000000	0
2.93608333333333	0
2.93691666666667	0
2.93775000000000	0
2.93858333333333	0
2.93941666666667	0
2.94025000000000	0
2.94108333333333	0
2.94191666666667	0
2.94275000000000	0
2.94358333333333	0
2.94441666666667	0
2.94525000000000	0
2.94610000000000	0
2.94693333333333	0
2.94776666666667	0
2.94860000000000	0
2.94943333333333	0
2.95026666666667	0
2.95110000000000	0
2.95193333333333	0
2.95276666666667	0
2.95360000000000	0
2.95443333333333	0
2.95526666666667	0
2.95610000000000	0
2.95693333333333	0
2.95776666666667	0
2.95860000000000	0
2.95943333333333	0
2.96026666666667	0
2.96110000000000	194
2.96193333333333	97
2.96278333333333	0
2.96361666666667	0
2.96445000000000	0
2.96528333333333	0
2.96611666666667	0
2.96695000000000	0
2.96778333333333	0
2.96861666666667	0
2.96945000000000	0
2.97028333333333	0
2.97111666666667	0
2.97195000000000	0
2.97278333333333	0
2.97361666666667	0
2.97443333333333	0
2.97526666666667	0
2.97610000000000	0
2.97693333333333	0
2.97776666666667	0
2.97860000000000	0
2.97943333333333	0
2.98028333333333	0
2.98111666666667	0
2.98195000000000	0
2.98278333333333	0
2.98361666666667	0
2.98445000000000	0
2.98528333333333	0
2.98611666666667	0
2.98695000000000	0
2.98778333333333	0
2.98861666666667	0
2.98945000000000	0
2.99028333333333	8
2.99111666666667	4
2.99195000000000	0
2.99278333333333	0
2.99361666666667	0
2.99445000000000	0
2.99528333333333	0
2.99611666666667	0
2.99696666666667	0
2.99780000000000	0
2.99863333333333	0
2.99946666666667	0
