0.50330000000000	608
0.50663333333333	0
0.50996666666667	0
0.51330000000000	0
0.51663333333333	0
0.51998333333333	0
0.52331666666667	0
0.52665000000000	0
0.52998333333333	0
0.53331666666667	0
0.53666666666667	0
0.54000000000000	0
0.54333333333333	0
0.54666666666667	0
0.55000000000000	0
0.55335000000000	0
0.55668333333333	0
0.56001666666667	0
0.56333333333333	0
0.56666666666667	0
0.57001666666667	0
0.57335000000000	0
0.57668333333333	0
0.58001666666667	0
0.58335000000000	0
0.58670000000000	0
0.59003333333333	0
0.59336666666667	0
0.59670000000000	0
0.60003333333333	0
0.60338333333333	0
0.60671666666667	0
0.61005000000000	0
0.61338333333333	0
0.61671666666667	0
0.62005000000000	0
0.62340000000000	0
0.62673333333333	0
0.63006666666667	0
0.63340000000000	0
0.63671666666667	0
0.64006666666667	0
0.64340000000000	0
0.64673333333333	0
0.65006666666667	0
0.65340000000000	0
0.65675000000000	0
0.66008333333333	0
0.66341666666667	0
0.66675000000000	0
0.67008333333333	0
0.67343333333333	0
0.67676666666667	0
0.68010000000000	0
0.68343333333333	0
0.68676666666667	0
0.69011666666667	0
0.69345000000000	0
0.69678333333333	0
0.70010000000000	0
0.70343333333333	0
0.70678333333333	0
0.71011666666667	0
0.71345000000000	0
0.71678333333333	0
0.72011666666667	0
0.72346666666667	0
0.72680000000000	0
0.73013333333333	0
0.73346666666667	0
0.73680000000000	0
0.74015000000000	0
0.74348333333333	0
0.74681666666667	0
0.75015000000000	0
0.75348333333333	0
0.75681666666667	0
0.76016666666667	0
0.76350000000000	0
0.76683333333333	0
0.77016666666667	0
0.77348333333333	0
0.77683333333333	0
0.78016666666667	0
0.78350000000000	0
0.78683333333333	0
0.79016666666667	0
0.79351666666667	0
0.79685000000000	0
0.80018333333333	0
0.80351666666667	0
0.80685000000000	0
0.81020000000000	0
0.81353333333333	0
0.81686666666667	0
0.82020000000000	0
0.82353333333333	0
0.82688333333333	0
0.83021666666667	0
0.83355000000000	0
0.83688333333333	0
0.84021666666667	0
0.84356666666667	0
0.84690000000000	0
0.85023333333333	0
0.85356666666667	0
0.85690000000000	0
0.86025000000000	0
0.86358333333333	0
0.86691666666667	0
0.87025000000000	0
0.87358333333333	0
0.87693333333333	0
0.88026666666667	0
0.88360000000000	0
0.88693333333333	0
0.89026666666667	0
0.89360000000000	0
0.89695000000000	0
0.90028333333333	0
0.90361666666667	0
0.90693333333333	0
0.91026666666667	0
0.91361666666667	0
0.91695000000000	0
0.92028333333333	0
0.92361666666667	0
0.92695000000000	0
0.93030000000000	0
0.93363333333333	0
0.93696666666667	0
0.94030000000000	0
0.94363333333333	0
0.94698333333333	0
0.95031666666667	0
0.95365000000000	0
0.95698333333333	0
0.96031666666667	0
0.96366666666667	0
0.96700000000000	0
0.97033333333333	0
0.97366666666667	0
0.97700000000000	0
0.98035000000000	0
0.98368333333333	0
0.98701666666667	0
0.99033333333333	0
0.99366666666667	0
0.99701666666667	369
1.00035000000000	381
1.00368333333333	0
1.00701666666667	611
1.01035000000000	0
1.01370000000000	594
1.01703333333333	0
1.02036666666667	279
1.02370000000000	559
1.02703333333333	0
1.03036666666667	445
1.03371666666667	713
1.03705000000000	808
1.04038333333333	917
1.04371666666667	981
1.04705000000000	42
1.05040000000000	967
1.05373333333333	484
1.05706666666667	870
1.06040000000000	855
1.06373333333333	840
1.06708333333333	808
1.07041666666667	775
1.07375000000000	2329
1.07708333333333	2523
1.08041666666667	2717
1.08375000000000	3609
1.08708333333333	3808
1.09041666666667	4007
1.09375000000000	4943
1.09708333333333	5879
1.10043333333333	11760
1.10376666666667	18432
1.10710000000000	31640
1.11043333333333	53120
1.11376666666667	61888
1.11711666666667	71424
1.12045000000000	65024
1.12378333333333	48032
1.12711666666667	44720
1.13045000000000	43392
1.13380000000000	45360
1.13713333333333	43200
1.14046666666667	43760
1.14380000000000	31548
1.14713333333333	31996
1.15048333333333	33104
1.15381666666667	22648
1.15715000000000	17196
1.16048333333333	17364
1.16380000000000	18992
1.16713333333333	15128
1.17048333333333	12880
1.17381666666667	13416
1.17715000000000	9752
1.18048333333333	10048
1.18381666666667	5399
1.18716666666667	8372
1.19050000000000	8031
1.19383333333333	5179
1.19716666666667	6774
1.20050000000000	6437
1.20385000000000	7436
1.20718333333333	5088
1.21051666666667	1363
1.21385000000000	2095
1.21718333333333	2168
1.22053333333333	2666
1.22386666666667	1025
1.22720000000000	2376
1.23053333333333	1794
1.23385000000000	1706
1.23720000000000	1781
1.24053333333333	1400
1.24386666666667	1925
1.24720000000000	2345
1.25053333333333	2015
1.25388333333333	458
1.25721666666667	562
1.26055000000000	1937
1.26388333333333	2145
1.26721666666667	380
1.27056666666667	0
1.27390000000000	1539
1.27723333333333	495
1.28056666666667	248
1.28390000000000	318
1.28725000000000	179
1.29058333333333	0
1.29391666666667	0
1.29725000000000	0
1.30058333333333	95
1.30391666666667	190
1.30726666666667	166
1.31060000000000	0
1.31391666666667	577
1.31725000000000	670
1.32058333333333	0
1.32393333333333	780
1.32726666666667	0
1.33060000000000	0
1.33393333333333	0
1.33726666666667	0
1.34061666666667	0
1.34395000000000	0
1.34728333333333	0
1.35061666666667	0
1.35395000000000	0
1.35730000000000	0
1.36063333333333	0
1.36396666666667	266
1.36730000000000	1146
1.37063333333333	937
1.37398333333333	17
1.37731666666667	382
1.38065000000000	0
1.38398333333333	0
1.38731666666667	282
1.39066666666667	0
1.39400000000000	0
1.39733333333333	0
1.40066666666667	0
1.40400000000000	0
1.40735000000000	195
1.41068333333333	97
1.41401666666667	0
1.41735000000000	0
1.42066666666667	233
1.42401666666667	420
1.42735000000000	607
1.43068333333333	0
1.43401666666667	0
1.43735000000000	0
1.44068333333333	0
1.44403333333333	0
1.44736666666667	0
1.45070000000000	0
1.45403333333333	0
1.45736666666667	0
1.46071666666667	0
1.46405000000000	153
1.46738333333333	326
1.47071666666667	163
1.47405000000000	0
1.47740000000000	0
1.48073333333333	0
1.48406666666667	0
1.48740000000000	0
1.49073333333333	0
1.49408333333333	0
1.49741666666667	0
1.50075000000000	0
1.50408333333333	0
1.50740000000000	0
1.51075000000000	0
1.51408333333333	0
1.51741666666667	0
1.52075000000000	0
1.52408333333333	0
1.52743333333333	0
1.53076666666667	0
1.53410000000000	0
1.53743333333333	0
1.54076666666667	0
1.54411666666667	0
1.54745000000000	0
1.55078333333333	0
1.55411666666667	0
1.55745000000000	0
1.56080000000000	0
1.56413333333333	0
1.56746666666667	0
1.57080000000000	0
1.57413333333333	0
1.57746666666667	0
1.58081666666667	0
1.58415000000000	125
1.58748333333333	63
1.59081666666667	0
1.59413333333333	0
1.59748333333333	0
1.60081666666667	0
1.60415000000000	0
1.60748333333333	0
1.61081666666667	0
1.61416666666667	0
1.61750000000000	0
1.62083333333333	0
1.62416666666667	0
1.62750000000000	0
1.63085000000000	0
1.63418333333333	0
1.63751666666667	0
1.64085000000000	0
1.64418333333333	0
1.64753333333333	0
1.65086666666667	0
1.65420000000000	0
1.65753333333333	0
1.66085000000000	0
1.66420000000000	0
1.66753333333333	0
1.67086666666667	0
1.67420000000000	0
1.67753333333333	0
1.68088333333333	0
1.68421666666667	0
1.68755000000000	0
1.69088333333333	0
1.69421666666667	0
1.69756666666667	0
1.70090000000000	0
1.70423333333333	0
1.70756666666667	0
1.71090000000000	0
1.71423333333333	0
1.71758333333333	0
1.72091666666667	0
1.72425000000000	0
1.72758333333333	0
1.73091666666667	0
1.73426666666667	0
1.73760000000000	0
1.74093333333333	0
1.74426666666667	0
1.74760000000000	0
1.75095000000000	0
1.75428333333333	0
1.75761666666667	0
1.76095000000000	0
1.76428333333333	0
1.76763333333333	0
1.77096666666667	0
1.77430000000000	0
1.77763333333333	0
1.78096666666667	0
1.78431666666667	0
1.78765000000000	0
1.79098333333333	0
1.79431666666667	496
1.79765000000000	379
1.80098333333333	0
1.80431666666667	66
1.80765000000000	0
1.81098333333333	0
1.81431666666667	0
1.81766666666667	0
1.82100000000000	0
1.82433333333333	0
1.82766666666667	0
1.83100000000000	0
1.83435000000000	0
1.83768333333333	0
1.84101666666667	0
1.84435000000000	0
1.84768333333333	0
1.85101666666667	0
1.85436666666667	0
1.85770000000000	0
1.86103333333333	0
1.86436666666667	0
1.86770000000000	0
1.87105000000000	0
1.87438333333333	0
1.87771666666667	0
1.88105000000000	0
1.88436666666667	0
1.88771666666667	0
1.89105000000000	0
1.89438333333333	0
1.89771666666667	0
1.90105000000000	0
1.90440000000000	0
1.90773333333333	0
1.91106666666667	0
1.91440000000000	0
1.91773333333333	0
1.92108333333333	0
1.92441666666667	0
1.92775000000000	0
1.93108333333333	0
1.93441666666667	0
1.93776666666667	0
1.94110000000000	0
1.94443333333333	0
1.94776666666667	0
1.95110000000000	0
1.95445000000000	0
1.95778333333333	0
1.96111666666667	0
1.96445000000000	0
1.96778333333333	0
1.97113333333333	0
1.97446666666667	0
1.97780000000000	0
1.98113333333333	0
1.98446666666667	0
1.98778333333333	0
1.99113333333333	0
1.99446666666667	0
1.99780000000000	0
2.00113333333333	0
2.00446666666667	0
2.00781666666667	0
2.01115000000000	0
2.01448333333333	0
2.01781666666667	0
2.02115000000000	0
2.02450000000000	0
2.02783333333333	0
2.03116666666667	0
2.03450000000000	0
2.03783333333333	0
2.04118333333333	0
2.04451666666667	0
2.04785000000000	0
2.05118333333333	0
2.05451666666667	0
2.05786666666667	0
2.06120000000000	0
2.06453333333333	0
2.06786666666667	0
2.07120000000000	0
2.07455000000000	0
2.07788333333333	0
2.08121666666667	0
2.08455000000000	0
2.08788333333333	0
2.09123333333333	0
2.09456666666667	0
2.09790000000000	0
2.10123333333333	0
2.10456666666667	0
2.10790000000000	0
2.11123333333333	0
2.11456666666667	0
2.11790000000000	0
2.12123333333333	0
2.12456666666667	0
2.12791666666667	0
2.13125000000000	0
2.13458333333333	0
2.13791666666667	0
2.14125000000000	0
2.14460000000000	0
2.14793333333333	0
2.15126666666667	0
2.15460000000000	0
2.15793333333333	0
2.16128333333333	0
2.16461666666667	0
2.16795000000000	0
2.17128333333333	0
2.17460000000000	0
2.17795000000000	0
2.18128333333333	0
2.18461666666667	24
2.18795000000000	48
2.19128333333333	24
2.19463333333333	0
2.19796666666667	0
2.20130000000000	0
2.20463333333333	0
2.20796666666667	0
2.21131666666667	0
2.21465000000000	0
2.21798333333333	0
2.22131666666667	0
2.22465000000000	0
2.22800000000000	0
2.23133333333333	0
2.23466666666667	0
2.23798333333333	0
2.24131666666667	0
2.24466666666667	0
2.24800000000000	0
2.25133333333333	0
2.25466666666667	362
2.25800000000000	181
2.26133333333333	0
2.26468333333333	0
2.26801666666667	0
2.27135000000000	0
2.27468333333333	0
2.27801666666667	0
2.28136666666667	0
2.28470000000000	0
2.28803333333333	0
2.29136666666667	0
2.29470000000000	0
2.29805000000000	0
2.30138333333333	0
2.30471666666667	0
2.30803333333333	0
2.31136666666667	0
2.31471666666667	0
2.31805000000000	0
2.32138333333333	0
2.32471666666667	0
2.32805000000000	0
2.33140000000000	0
2.33473333333333	0
2.33806666666667	0
2.34140000000000	0
2.34473333333333	0
2.34808333333333	0
2.35141666666667	0
2.35475000000000	0
2.35808333333333	0
2.36141666666667	0
2.36476666666667	0
2.36810000000000	0
2.37143333333333	0
2.37476666666667	0
2.37810000000000	0
2.38143333333333	0
2.38476666666667	0
2.38810000000000	0
2.39143333333333	0
2.39476666666667	0
2.39810000000000	0
2.40145000000000	0
2.40478333333333	0
2.40811666666667	0
2.41145000000000	0
2.41478333333333	0
2.41813333333333	367
2.42146666666667	733
2.42480000000000	718
2.42813333333333	0
2.43146666666667	307
2.43481666666667	0
2.43815000000000	0
2.44148333333333	0
2.44481666666667	0
2.44813333333333	0
2.45148333333333	0
2.45481666666667	0
2.45815000000000	0
2.46148333333333	0
2.46481666666667	0
2.46816666666667	0
2.47150000000000	0
2.47483333333333	0
2.47816666666667	0
2.48150000000000	0
2.48485000000000	0
2.48818333333333	0
2.49151666666667	0
2.49485000000000	0
2.49818333333333	0
2.50153333333333	0
2.50486666666667	0
2.50820000000000	0
2.51153333333333	0
2.51486666666667	0
2.51821666666667	0
2.52155000000000	0
2.52488333333333	0
2.52821666666667	0
2.53155000000000	0
2.53488333333333	0
2.53823333333333	0
2.54156666666667	0
2.54490000000000	0
2.54823333333333	0
2.55156666666667	0
2.55491666666667	0
2.55825000000000	0
2.56158333333333	0
2.56491666666667	0
2.56825000000000	0
2.57160000000000	0
2.57493333333333	0
2.57826666666667	0
2.58160000000000	0
2.58493333333333	0
2.58828333333333	0
2.59161666666667	0
2.59495000000000	0
2.59828333333333	0
2.60161666666667	0
2.60496666666667	0
2.60830000000000	0
2.61163333333333	0
2.61496666666667	0
2.61828333333333	0
2.62163333333333	0
2.62496666666667	0
2.62830000000000	0
2.63163333333333	0
2.63496666666667	0
2.63831666666667	0
2.64165000000000	0
2.64498333333333	0
2.64831666666667	0
2.65165000000000	0
2.65500000000000	0
2.65833333333333	0
2.66166666666667	0
2.66500000000000	0
2.66833333333333	0
2.67166666666667	0
2.67501666666667	0
2.67835000000000	0
2.68168333333333	0
2.68500000000000	0
2.68833333333333	0
2.69168333333333	0
2.69501666666667	0
2.69835000000000	0
2.70168333333333	0
2.70501666666667	0
2.70836666666667	0
2.71170000000000	0
2.71503333333333	0
2.71836666666667	0
2.72170000000000	0
2.72505000000000	0
2.72838333333333	0
2.73171666666667	0
2.73505000000000	0
2.73838333333333	0
2.74173333333333	0
2.74506666666667	0
2.74840000000000	0
2.75173333333333	0
2.75506666666667	0
2.75841666666667	0
2.76175000000000	0
2.76508333333333	0
2.76841666666667	0
2.77175000000000	0
2.77508333333333	0
2.77841666666667	0
2.78175000000000	0
2.78508333333333	0
2.78841666666667	0
2.79176666666667	0
2.79510000000000	0
2.79843333333333	0
2.80176666666667	0
2.80510000000000	0
2.80843333333333	0
2.81178333333333	0
2.81511666666667	0
2.81845000000000	0
2.82178333333333	0
2.82511666666667	0
2.82846666666667	0
2.83180000000000	0
2.83513333333333	0
2.83846666666667	0
2.84180000000000	0
2.84515000000000	0
2.84848333333333	0
2.85181666666667	0
2.85513333333333	0
2.85846666666667	0
2.86181666666667	0
2.86515000000000	0
2.86848333333333	0
2.87181666666667	0
2.87515000000000	0
2.87850000000000	0
2.88183333333333	0
2.88516666666667	0
2.88850000000000	0
2.89183333333333	0
2.89518333333333	0
2.89851666666667	0
2.90185000000000	0
2.90518333333333	0
2.90851666666667	0
2.91186666666667	0
2.91520000000000	0
2.91853333333333	0
2.92186666666667	0
2.92520000000000	0
2.92855000000000	0
2.93188333333333	0
2.93521666666667	0
2.93855000000000	0
2.94186666666667	0
2.94520000000000	0
2.94855000000000	0
2.95188333333333	0
2.95521666666667	0
2.95855000000000	0
2.96188333333333	0
2.96523333333333	0
2.96856666666667	0
2.97190000000000	0
2.97523333333333	0
2.97856666666667	0
2.98191666666667	0
2.98525000000000	0
2.98858333333333	0
2.99191666666667	0
2.99525000000000	0
