0.50328333333333	0
0.50661666666667	0
0.50995000000000	0
0.51328333333333	0
0.51661666666667	0
0.51995000000000	0
0.52330000000000	0
0.52661666666667	0
0.52996666666667	0
0.53328333333333	0
0.53661666666667	0
0.53996666666667	0
0.54330000000000	0
0.54663333333333	0
0.54995000000000	0
0.55328333333333	0
0.55663333333333	0
0.55996666666667	52
0.56330000000000	26
0.56663333333333	0
0.56996666666667	0
0.57330000000000	0
0.57663333333333	0
0.57996666666667	0
0.58330000000000	0
0.58663333333333	59
0.58996666666667	65
0.59330000000000	0
0.59663333333333	0
0.59996666666667	0
0.60330000000000	0
0.60663333333333	0
0.60996666666667	3
0.61330000000000	1
0.61663333333333	0
0.61996666666667	4
0.62330000000000	0
0.62663333333333	8
0.62996666666667	4
0.63330000000000	0
0.63663333333333	0
0.63996666666667	0
0.64330000000000	0
0.64663333333333	0
0.64996666666667	0
0.65330000000000	0
0.65663333333333	0
0.65996666666667	0
0.66330000000000	4
0.66663333333333	2
0.66996666666667	0
0.67330000000000	0
0.67663333333333	0
0.67996666666667	0
0.68330000000000	0
0.68663333333333	0
0.68996666666667	0
0.69330000000000	0
0.69661666666667	0
0.69996666666667	0
0.70330000000000	0
0.70663333333333	0
0.70996666666667	0
0.71330000000000	0
0.71661666666667	0
0.71995000000000	0
0.72330000000000	0
0.72663333333333	0
0.72996666666667	0
0.73330000000000	0
0.73661666666667	0
0.73995000000000	0
0.74330000000000	0
0.74663333333333	0
0.74995000000000	0
0.75330000000000	0
0.75663333333333	0
0.75996666666667	0
0.76330000000000	0
0.76663333333333	0
0.76996666666667	3
0.77328333333333	3
0.77663333333333	3
0.77996666666667	0
0.78330000000000	0
0.78663333333333	0
0.78996666666667	0
0.79330000000000	0
0.79663333333333	0
0.79996666666667	0
0.80330000000000	0
0.80663333333333	18
0.80996666666667	17
0.81330000000000	17
0.81663333333333	0
0.81996666666667	0
0.82330000000000	0
0.82663333333333	0
0.82996666666667	0
0.83330000000000	19
0.83663333333333	46
0.83996666666667	23
0.84330000000000	0
0.84663333333333	0
0.84996666666667	0
0.85330000000000	0
0.85663333333333	80
0.85996666666667	40
0.86330000000000	0
0.86663333333333	0
0.86996666666667	0
0.87330000000000	0
0.87663333333333	26
0.87996666666667	13
0.88330000000000	0
0.88663333333333	0
0.88996666666667	0
0.89330000000000	0
0.89663333333333	0
0.89996666666667	0
0.90330000000000	0
0.90663333333333	2
0.90996666666667	3
0.91330000000000	2
0.91663333333333	0
0.91996666666667	0
0.92330000000000	0
0.92663333333333	0
0.92996666666667	0
0.93330000000000	0
0.93663333333333	0
0.93995000000000	0
0.94330000000000	0
0.94663333333333	0
0.94996666666667	0
0.95330000000000	0
0.95661666666667	0
0.95995000000000	0
0.96330000000000	0
0.96663333333333	0
0.96996666666667	0
0.97328333333333	0
0.97663333333333	0
0.97996666666667	0
0.98330000000000	0
0.98663333333333	0
0.98996666666667	0
0.99330000000000	0
0.99663333333333	0
0.99996666666667	2
1.00330000000000	1
1.00663333333333	0
1.00996666666667	0
1.01330000000000	0
1.01663333333333	0
1.01996666666667	0
1.02330000000000	0
1.02663333333333	0
1.02996666666667	0
1.03330000000000	0
1.03663333333333	0
1.03996666666667	0
1.04330000000000	0
1.04663333333333	0
1.04996666666667	0
1.05330000000000	0
1.05663333333333	0
1.05996666666667	0
1.06330000000000	3
1.06663333333333	2
1.06996666666667	0
1.07330000000000	37
1.07663333333333	22
1.07996666666667	6
1.08330000000000	0
1.08663333333333	0
1.08996666666667	0
1.09330000000000	0
1.09663333333333	13
1.09996666666667	7
1.10330000000000	0
1.10663333333333	38
1.10996666666667	76
1.11330000000000	298
1.11663333333333	322
1.11996666666667	346
1.12330000000000	304
1.12663333333333	569
1.12996666666667	14
1.13330000000000	366
1.13663333333333	236
1.13996666666667	285
1.14330000000000	404
1.14663333333333	189
1.14996666666667	297
1.15330000000000	95
1.15663333333333	8
1.15996666666667	0
1.16330000000000	110
1.16663333333333	55
1.16996666666667	0
1.17330000000000	63
1.17663333333333	72
1.17995000000000	81
1.18330000000000	88
1.18663333333333	96
1.18996666666667	104
1.19328333333333	52
1.19661666666667	0
1.19996666666667	129
1.20330000000000	65
1.20663333333333	0
1.20996666666667	114
1.21330000000000	70
1.21663333333333	160
1.21996666666667	0
1.22330000000000	0
1.22661666666667	0
1.22995000000000	0
1.23330000000000	3
1.23663333333333	3
1.23996666666667	3
1.24330000000000	4
1.24663333333333	6
1.24996666666667	8
1.25330000000000	11
1.25663333333333	0
1.25996666666667	3
1.26330000000000	0
1.26663333333333	15
1.26995000000000	8
1.27330000000000	0
1.27663333333333	0
1.27996666666667	1
1.28330000000000	1
1.28663333333333	0
1.28995000000000	0
1.29330000000000	0
1.29663333333333	0
1.29996666666667	0
1.30328333333333	0
1.30661666666667	0
1.30996666666667	0
1.31330000000000	0
1.31663333333333	0
1.31996666666667	0
1.32330000000000	0
1.32661666666667	0
1.32996666666667	0
1.33330000000000	0
1.33663333333333	0
1.33996666666667	0
1.34328333333333	0
1.34663333333333	0
1.34996666666667	0
1.35330000000000	0
1.35663333333333	0
1.35995000000000	0
1.36328333333333	0
1.36663333333333	0
1.36996666666667	0
1.37330000000000	0
1.37663333333333	0
1.37995000000000	77
1.38330000000000	39
1.38663333333333	0
1.38996666666667	0
1.39330000000000	0
1.39663333333333	0
1.39995000000000	0
1.40330000000000	0
1.40663333333333	3
1.40996666666667	1
1.41328333333333	0
1.41661666666667	0
1.41996666666667	0
1.42330000000000	0
1.42663333333333	3
1.42996666666667	2
1.43330000000000	0
1.43663333333333	0
1.43996666666667	0
1.44330000000000	0
1.44663333333333	0
1.44996666666667	3
1.45328333333333	2
1.45663333333333	0
1.45996666666667	0
1.46330000000000	0
1.46663333333333	0
1.46996666666667	0
1.47330000000000	0
1.47663333333333	0
1.47996666666667	0
1.48330000000000	8
1.48663333333333	4
1.48996666666667	0
1.49330000000000	0
1.49663333333333	0
1.49996666666667	0
1.50330000000000	0
1.50663333333333	0
1.50996666666667	0
1.51330000000000	34
1.51663333333333	43
1.51996666666667	3
1.52330000000000	0
1.52663333333333	0
1.52996666666667	0
1.53330000000000	0
1.53663333333333	0
1.53996666666667	0
1.54330000000000	0
1.54663333333333	0
1.54996666666667	0
1.55330000000000	0
1.55663333333333	0
1.55996666666667	0
1.56328333333333	0
1.56663333333333	0
1.56996666666667	0
1.57330000000000	0
1.57663333333333	0
1.57996666666667	0
1.58328333333333	0
1.58663333333333	0
1.58996666666667	0
1.59330000000000	0
1.59663333333333	0
1.59995000000000	0
1.60330000000000	0
1.60663333333333	0
1.60996666666667	0
1.61330000000000	0
1.61661666666667	0
1.61996666666667	0
1.62330000000000	0
1.62663333333333	3
1.62996666666667	3
1.63330000000000	0
1.63661666666667	44
1.63996666666667	56
1.64330000000000	0
1.64663333333333	53
1.64996666666667	0
1.65328333333333	46
1.65663333333333	23
1.65996666666667	0
1.66330000000000	60
1.66663333333333	0
1.66996666666667	0
1.67330000000000	5
1.67663333333333	2
1.67996666666667	0
1.68330000000000	0
1.68663333333333	80
1.68996666666667	100
1.69330000000000	0
1.69663333333333	0
1.69996666666667	79
1.70330000000000	0
1.70663333333333	0
1.70996666666667	0
1.71330000000000	1
1.71663333333333	1
1.71996666666667	0
1.72330000000000	0
1.72663333333333	0
1.72996666666667	0
1.73330000000000	0
1.73663333333333	3
1.73996666666667	3
1.74330000000000	0
1.74663333333333	0
1.74996666666667	0
1.75330000000000	9
1.75663333333333	4
1.75996666666667	0
1.76330000000000	0
1.76661666666667	0
1.76995000000000	2
1.77330000000000	4
1.77661666666667	3
1.77995000000000	0
1.78328333333333	0
1.78663333333333	0
1.78996666666667	0
1.79330000000000	0
1.79661666666667	0
1.79995000000000	60
1.80328333333333	31
1.80663333333333	3
1.80996666666667	2
1.81330000000000	0
1.81663333333333	0
1.81996666666667	0
1.82330000000000	0
1.82663333333333	0
1.82995000000000	0
1.83328333333333	16
1.83663333333333	15
1.83996666666667	13
1.84330000000000	0
1.84663333333333	0
1.84996666666667	28
1.85330000000000	14
1.85663333333333	0
1.85996666666667	6
1.86330000000000	0
1.86663333333333	0
1.86996666666667	0
1.87330000000000	0
1.87663333333333	0
1.87996666666667	0
1.88330000000000	0
1.88663333333333	0
1.88996666666667	0
1.89330000000000	0
1.89663333333333	0
1.89996666666667	0
1.90330000000000	0
1.90663333333333	0
1.90996666666667	3
1.91330000000000	2
1.91663333333333	0
1.91996666666667	0
1.92330000000000	0
1.92663333333333	0
1.92996666666667	0
1.93330000000000	0
1.93663333333333	0
1.93996666666667	0
1.94330000000000	0
1.94663333333333	0
1.94996666666667	0
1.95330000000000	0
1.95663333333333	0
1.95996666666667	0
1.96330000000000	0
1.96663333333333	16
1.96996666666667	8
1.97330000000000	0
1.97663333333333	0
1.97996666666667	0
1.98330000000000	0
1.98663333333333	0
1.98996666666667	0
1.99330000000000	0
1.99663333333333	0
1.99996666666667	0
2.00330000000000	0
2.00663333333333	0
2.00996666666667	0
2.01330000000000	0
2.01663333333333	0
2.01996666666667	0
2.02330000000000	0
2.02663333333333	66
2.02996666666667	33
2.03330000000000	0
2.03663333333333	0
2.03996666666667	0
2.04330000000000	0
2.04663333333333	0
2.04996666666667	0
2.05330000000000	0
2.05663333333333	0
2.05996666666667	0
2.06330000000000	0
2.06663333333333	0
2.06996666666667	0
2.07330000000000	35
2.07663333333333	18
2.07996666666667	0
2.08330000000000	0
2.08663333333333	32
2.08996666666667	64
2.09330000000000	67
2.09663333333333	0
2.09996666666667	0
2.10330000000000	3
2.10663333333333	0
2.10996666666667	0
2.11330000000000	0
2.11663333333333	0
2.11996666666667	0
2.12330000000000	0
2.12663333333333	69
2.12996666666667	35
2.13330000000000	0
2.13663333333333	0
2.13996666666667	0
2.14330000000000	0
2.14663333333333	0
2.14996666666667	3
2.15330000000000	2
2.15663333333333	0
2.15995000000000	0
2.16328333333333	0
2.16661666666667	0
2.16995000000000	0
2.17330000000000	0
2.17663333333333	0
2.17996666666667	0
2.18328333333333	0
2.18663333333333	0
2.18996666666667	0
2.19330000000000	0
2.19663333333333	0
2.19996666666667	0
2.20330000000000	0
2.20661666666667	0
2.20996666666667	0
2.21330000000000	2
2.21663333333333	1
2.21995000000000	0
2.22330000000000	0
2.22663333333333	0
2.22996666666667	0
2.23328333333333	0
2.23661666666667	0
2.23995000000000	0
2.24328333333333	0
2.24663333333333	118
2.24996666666667	59
2.25328333333333	0
2.25661666666667	0
2.25995000000000	0
2.26330000000000	10
2.26663333333333	5
2.26996666666667	0
2.27328333333333	0
2.27661666666667	0
2.27996666666667	0
2.28330000000000	0
2.28663333333333	0
2.28996666666667	0
2.29330000000000	0
2.29663333333333	0
2.29996666666667	0
2.30330000000000	0
2.30663333333333	0
2.30996666666667	0
2.31330000000000	0
2.31663333333333	0
2.31996666666667	0
2.32330000000000	0
2.32663333333333	0
2.32996666666667	0
2.33330000000000	0
2.33663333333333	0
2.33996666666667	3
2.34330000000000	3
2.34663333333333	64
2.34996666666667	32
2.35330000000000	0
2.35663333333333	3
2.35996666666667	0
2.36330000000000	0
2.36663333333333	0
2.36996666666667	0
2.37330000000000	0
2.37663333333333	0
2.37996666666667	0
2.38330000000000	0
2.38663333333333	107
2.38995000000000	53
2.39330000000000	0
2.39663333333333	21
2.39996666666667	10
2.40330000000000	0
2.40663333333333	0
2.40996666666667	0
2.41330000000000	0
2.41663333333333	0
2.41996666666667	0
2.42330000000000	0
2.42661666666667	11
2.42996666666667	5
2.43328333333333	0
2.43663333333333	0
2.43995000000000	0
2.44328333333333	30
2.44663333333333	16
2.44996666666667	3
2.45330000000000	2
2.45661666666667	0
2.45995000000000	95
2.46328333333333	107
2.46663333333333	125
2.46996666666667	148
2.47330000000000	0
2.47661666666667	65
2.47995000000000	0
2.48330000000000	36
2.48663333333333	18
2.48996666666667	0
2.49328333333333	36
2.49661666666667	18
2.49996666666667	0
2.50330000000000	0
2.50663333333333	27
2.50996666666667	54
2.51330000000000	48
2.51663333333333	0
2.51996666666667	0
2.52330000000000	11
2.52663333333333	0
2.52996666666667	96
2.53330000000000	109
2.53663333333333	0
2.53996666666667	0
2.54330000000000	132
2.54663333333333	51
2.54996666666667	0
2.55330000000000	0
2.55663333333333	0
2.55996666666667	0
2.56330000000000	0
2.56663333333333	0
2.56996666666667	0
2.57330000000000	0
2.57663333333333	0
2.57996666666667	0
2.58330000000000	0
2.58663333333333	0
2.58996666666667	0
2.59330000000000	0
2.59663333333333	0
2.59996666666667	0
2.60330000000000	0
2.60663333333333	0
2.60996666666667	0
2.61330000000000	0
2.61663333333333	0
2.61996666666667	0
2.62330000000000	55
2.62661666666667	27
2.62996666666667	0
2.63330000000000	0
2.63663333333333	70
2.63996666666667	68
2.64330000000000	0
2.64661666666667	0
2.64996666666667	0
2.65330000000000	38
2.65663333333333	19
2.65996666666667	0
2.66328333333333	0
2.66663333333333	2
2.66996666666667	1
2.67330000000000	0
2.67663333333333	2
2.67995000000000	1
2.68328333333333	0
2.68663333333333	0
2.68996666666667	0
2.69330000000000	0
2.69661666666667	3
2.69995000000000	171
2.70330000000000	158
2.70663333333333	3
2.70996666666667	0
2.71328333333333	0
2.71663333333333	0
2.71996666666667	0
2.72330000000000	3
2.72663333333333	83
2.72996666666667	42
2.73330000000000	0
2.73663333333333	0
2.73996666666667	0
2.74330000000000	0
2.74663333333333	0
2.74996666666667	0
2.75330000000000	0
2.75663333333333	0
2.75996666666667	0
2.76330000000000	15
2.76663333333333	14
2.76996666666667	13
2.77330000000000	3
2.77663333333333	2
2.77996666666667	0
2.78330000000000	0
2.78663333333333	26
2.78996666666667	13
2.79328333333333	0
2.79663333333333	3
2.79995000000000	2
2.80330000000000	0
2.80663333333333	0
2.80995000000000	0
2.81330000000000	0
2.81663333333333	0
2.81996666666667	0
2.82330000000000	0
2.82663333333333	0
2.82995000000000	0
2.83330000000000	33
2.83663333333333	17
2.83996666666667	0
2.84330000000000	0
2.84661666666667	0
2.84996666666667	0
2.85330000000000	0
2.85663333333333	0
2.85996666666667	0
2.86328333333333	0
2.86661666666667	0
2.86996666666667	0
2.87330000000000	0
2.87663333333333	0
2.87996666666667	0
2.88328333333333	0
2.88663333333333	0
2.88996666666667	116
2.89330000000000	117
2.89663333333333	0
2.89995000000000	0
2.90328333333333	0
2.90663333333333	0
2.90996666666667	0
2.91330000000000	0
2.91661666666667	0
2.91995000000000	0
2.92330000000000	0
2.92663333333333	0
2.92996666666667	3
2.93330000000000	3
2.93663333333333	3
2.93996666666667	0
2.94330000000000	0
2.94663333333333	10
2.94996666666667	11
2.95330000000000	11
2.95663333333333	0
2.95996666666667	0
2.96330000000000	0
2.96663333333333	0
2.96996666666667	2
2.97330000000000	1
2.97663333333333	0
2.97996666666667	0
2.98330000000000	0
2.98663333333333	0
2.98996666666667	0
2.99330000000000	0
2.99663333333333	0
