0.50081666666667	0
0.50165000000000	0
0.50248333333333	0
0.50331666666667	0
0.50415000000000	0
0.50498333333333	0
0.50581666666667	0
0.50665000000000	0
0.50748333333333	0
0.50831666666667	0
0.50915000000000	0
0.50998333333333	0
0.51081666666667	0
0.51165000000000	0
0.51248333333333	0
0.51331666666667	0
0.51415000000000	0
0.51498333333333	0
0.51581666666667	0
0.51665000000000	0
0.51748333333333	0
0.51833333333333	0
0.51916666666667	0
0.52000000000000	0
0.52083333333333	0
0.52166666666667	0
0.52250000000000	0
0.52333333333333	0
0.52416666666667	0
0.52500000000000	0
0.52583333333333	0
0.52666666666667	0
0.52750000000000	0
0.52833333333333	0
0.52916666666667	0
0.53000000000000	0
0.53083333333333	0
0.53166666666667	0
0.53250000000000	0
0.53333333333333	0
0.53416666666667	0
0.53501666666667	0
0.53585000000000	0
0.53668333333333	0
0.53751666666667	0
0.53835000000000	0
0.53918333333333	0
0.54001666666667	0
0.54085000000000	0
0.54168333333333	0
0.54251666666667	0
0.54335000000000	0
0.54418333333333	0
0.54501666666667	0
0.54585000000000	0
0.54668333333333	0
0.54751666666667	0
0.54835000000000	0
0.54918333333333	0
0.55001666666667	0
0.55085000000000	0
0.55168333333333	0
0.55253333333333	0
0.55336666666667	0
0.55420000000000	0
0.55503333333333	0
0.55586666666667	0
0.55670000000000	0
0.55753333333333	0
0.55836666666667	0
0.55920000000000	0
0.56003333333333	0
0.56086666666667	0
0.56170000000000	0
0.56253333333333	0
0.56336666666667	0
0.56420000000000	0
0.56503333333333	0
0.56586666666667	0
0.56670000000000	0
0.56753333333333	0
0.56836666666667	0
0.56921666666667	0
0.57005000000000	0
0.57088333333333	0
0.57171666666667	0
0.57255000000000	0
0.57338333333333	0
0.57421666666667	0
0.57505000000000	0
0.57588333333333	0
0.57671666666667	0
0.57755000000000	0
0.57838333333333	0
0.57921666666667	0
0.58005000000000	0
0.58088333333333	0
0.58171666666667	0
0.58255000000000	0
0.58338333333333	0
0.58421666666667	0
0.58505000000000	0
0.58588333333333	0
0.58673333333333	0
0.58756666666667	0
0.58840000000000	0
0.58923333333333	0
0.59006666666667	0
0.59090000000000	0
0.59173333333333	0
0.59256666666667	0
0.59340000000000	0
0.59423333333333	0
0.59506666666667	0
0.59588333333333	0
0.59671666666667	0
0.59755000000000	0
0.59838333333333	0
0.59921666666667	0
0.60005000000000	0
0.60088333333333	0
0.60171666666667	0
0.60255000000000	0
0.60340000000000	0
0.60423333333333	0
0.60506666666667	0
0.60590000000000	0
0.60673333333333	0
0.60756666666667	0
0.60840000000000	0
0.60923333333333	0
0.61006666666667	0
0.61090000000000	0
0.61173333333333	0
0.61256666666667	0
0.61340000000000	0
0.61423333333333	0
0.61506666666667	0
0.61590000000000	0
0.61673333333333	0
0.61756666666667	0
0.61840000000000	0
0.61923333333333	0
0.62006666666667	0
0.62091666666667	0
0.62175000000000	0
0.62258333333333	0
0.62341666666667	0
0.62425000000000	0
0.62508333333333	0
0.62591666666667	0
0.62675000000000	0
0.62758333333333	0
0.62841666666667	0
0.62925000000000	0
0.63008333333333	0
0.63091666666667	0
0.63175000000000	0
0.63258333333333	0
0.63341666666667	0
0.63425000000000	0
0.63508333333333	0
0.63591666666667	0
0.63675000000000	0
0.63760000000000	0
0.63843333333333	0
0.63926666666667	0
0.64010000000000	0
0.64093333333333	0
0.64176666666667	0
0.64260000000000	0
0.64343333333333	0
0.64426666666667	0
0.64510000000000	0
0.64593333333333	25
0.64676666666667	13
0.64760000000000	0
0.64843333333333	0
0.64926666666667	0
0.65010000000000	0
0.65093333333333	0
0.65176666666667	0
0.65260000000000	0
0.65343333333333	0
0.65426666666667	0
0.65511666666667	0
0.65595000000000	0
0.65678333333333	0
0.65761666666667	0
0.65845000000000	0
0.65928333333333	0
0.66011666666667	0
0.66095000000000	0
0.66178333333333	0
0.66261666666667	0
0.66345000000000	0
0.66428333333333	0
0.66511666666667	0
0.66595000000000	0
0.66678333333333	0
0.66761666666667	0
0.66845000000000	0
0.66928333333333	0
0.67011666666667	0
0.67095000000000	0
0.67180000000000	0
0.67263333333333	0
0.67346666666667	0
0.67430000000000	0
0.67513333333333	0
0.67596666666667	0
0.67680000000000	55
0.67763333333333	74
0.67846666666667	0
0.67930000000000	0
0.68013333333333	0
0.68096666666667	0
0.68180000000000	0
0.68263333333333	0
0.68346666666667	0
0.68430000000000	0
0.68513333333333	0
0.68596666666667	0
0.68680000000000	0
0.68761666666667	0
0.68845000000000	0
0.68930000000000	0
0.69013333333333	0
0.69096666666667	0
0.69180000000000	0
0.69263333333333	0
0.69346666666667	0
0.69430000000000	0
0.69513333333333	0
0.69596666666667	0
0.69680000000000	0
0.69763333333333	0
0.69846666666667	0
0.69930000000000	0
0.70013333333333	0
0.70096666666667	0
0.70180000000000	0
0.70263333333333	0
0.70346666666667	0
0.70430000000000	0
0.70513333333333	0
0.70598333333333	0
0.70681666666667	0
0.70765000000000	0
0.70848333333333	0
0.70931666666667	0
0.71015000000000	0
0.71098333333333	0
0.71181666666667	0
0.71265000000000	0
0.71348333333333	0
0.71431666666667	0
0.71515000000000	0
0.71598333333333	0
0.71681666666667	0
0.71765000000000	0
0.71848333333333	0
0.71931666666667	0
0.72015000000000	0
0.72098333333333	0
0.72181666666667	0
0.72265000000000	0
0.72350000000000	0
0.72433333333333	0
0.72516666666667	0
0.72600000000000	0
0.72683333333333	0
0.72766666666667	0
0.72850000000000	0
0.72933333333333	0
0.73016666666667	0
0.73100000000000	0
0.73183333333333	0
0.73266666666667	0
0.73350000000000	0
0.73433333333333	0
0.73516666666667	0
0.73600000000000	0
0.73683333333333	0
0.73766666666667	0
0.73850000000000	0
0.73933333333333	0
0.74018333333333	0
0.74101666666667	0
0.74185000000000	0
0.74268333333333	0
0.74351666666667	0
0.74435000000000	0
0.74518333333333	0
0.74601666666667	0
0.74685000000000	0
0.74768333333333	0
0.74851666666667	0
0.74935000000000	0
0.75018333333333	0
0.75101666666667	0
0.75185000000000	0
0.75268333333333	0
0.75351666666667	0
0.75435000000000	0
0.75518333333333	0
0.75601666666667	0
0.75685000000000	0
0.75770000000000	0
0.75853333333333	0
0.75936666666667	0
0.76020000000000	0
0.76103333333333	0
0.76186666666667	0
0.76270000000000	0
0.76353333333333	0
0.76436666666667	0
0.76520000000000	0
0.76603333333333	0
0.76686666666667	0
0.76768333333333	0
0.76851666666667	0
0.76935000000000	0
0.77018333333333	0
0.77101666666667	0
0.77185000000000	0
0.77268333333333	0
0.77351666666667	0
0.77436666666667	0
0.77520000000000	0
0.77603333333333	0
0.77686666666667	0
0.77770000000000	0
0.77853333333333	0
0.77936666666667	0
0.78020000000000	0
0.78103333333333	0
0.78186666666667	0
0.78270000000000	0
0.78353333333333	0
0.78436666666667	0
0.78520000000000	0
0.78603333333333	0
0.78686666666667	0
0.78770000000000	0
0.78853333333333	0
0.78936666666667	0
0.79020000000000	0
0.79103333333333	0
0.79188333333333	0
0.79271666666667	0
0.79355000000000	0
0.79438333333333	0
0.79521666666667	0
0.79605000000000	0
0.79688333333333	0
0.79771666666667	0
0.79855000000000	0
0.79938333333333	0
0.80021666666667	0
0.80105000000000	0
0.80188333333333	0
0.80271666666667	0
0.80355000000000	0
0.80438333333333	0
0.80521666666667	0
0.80605000000000	0
0.80688333333333	0
0.80771666666667	0
0.80856666666667	0
0.80940000000000	0
0.81023333333333	0
0.81106666666667	0
0.81190000000000	0
0.81273333333333	0
0.81356666666667	0
0.81440000000000	0
0.81523333333333	0
0.81606666666667	0
0.81690000000000	0
0.81773333333333	0
0.81856666666667	0
0.81940000000000	0
0.82023333333333	0
0.82106666666667	0
0.82190000000000	0
0.82273333333333	0
0.82356666666667	0
0.82440000000000	0
0.82523333333333	0
0.82608333333333	0
0.82691666666667	0
0.82775000000000	0
0.82858333333333	0
0.82941666666667	0
0.83025000000000	0
0.83108333333333	0
0.83191666666667	0
0.83275000000000	0
0.83358333333333	0
0.83441666666667	0
0.83525000000000	0
0.83608333333333	0
0.83691666666667	0
0.83775000000000	0
0.83858333333333	0
0.83941666666667	0
0.84023333333333	0
0.84106666666667	0
0.84190000000000	0
0.84275000000000	0
0.84358333333333	0
0.84441666666667	0
0.84525000000000	0
0.84608333333333	0
0.84691666666667	0
0.84775000000000	0
0.84858333333333	0
0.84941666666667	0
0.85025000000000	0
0.85108333333333	0
0.85191666666667	0
0.85275000000000	0
0.85358333333333	0
0.85441666666667	0
0.85525000000000	0
0.85608333333333	0
0.85691666666667	0
0.85775000000000	0
0.85858333333333	0
0.85941666666667	0
0.86026666666667	0
0.86110000000000	0
0.86193333333333	0
0.86276666666667	0
0.86360000000000	0
0.86443333333333	0
0.86526666666667	0
0.86610000000000	0
0.86693333333333	0
0.86776666666667	0
0.86860000000000	0
0.86943333333333	0
0.87026666666667	0
0.87110000000000	0
0.87193333333333	0
0.87276666666667	0
0.87360000000000	0
0.87443333333333	0
0.87526666666667	0
0.87610000000000	0
0.87695000000000	0
0.87778333333333	0
0.87861666666667	0
0.87945000000000	0
0.88028333333333	0
0.88111666666667	0
0.88195000000000	0
0.88278333333333	0
0.88361666666667	0
0.88445000000000	0
0.88528333333333	0
0.88611666666667	0
0.88695000000000	0
0.88778333333333	0
0.88861666666667	0
0.88945000000000	0
0.89028333333333	0
0.89111666666667	0
0.89195000000000	0
0.89278333333333	0
0.89361666666667	0
0.89446666666667	0
0.89530000000000	0
0.89613333333333	0
0.89696666666667	0
0.89780000000000	0
0.89863333333333	0
0.89946666666667	0
0.90030000000000	0
0.90113333333333	0
0.90196666666667	0
0.90280000000000	0
0.90363333333333	0
0.90446666666667	0
0.90530000000000	0
0.90613333333333	0
0.90696666666667	0
0.90780000000000	0
0.90863333333333	0
0.90946666666667	0
0.91030000000000	0
0.91115000000000	0
0.91198333333333	0
0.91281666666667	0
0.91365000000000	0
0.91448333333333	0
0.91531666666667	0
0.91615000000000	0
0.91698333333333	0
0.91781666666667	0
0.91865000000000	0
0.91948333333333	0
0.92031666666667	0
0.92115000000000	0
0.92198333333333	0
0.92281666666667	0
0.92365000000000	0
0.92448333333333	0
0.92531666666667	0
0.92615000000000	0
0.92698333333333	0
0.92781666666667	0
0.92866666666667	0
0.92950000000000	0
0.93033333333333	0
0.93116666666667	0
0.93200000000000	0
0.93283333333333	0
0.93366666666667	0
0.93450000000000	0
0.93533333333333	0
0.93616666666667	0
0.93700000000000	0
0.93783333333333	0
0.93866666666667	0
0.93950000000000	0
0.94033333333333	0
0.94116666666667	0
0.94200000000000	0
0.94283333333333	0
0.94366666666667	0
0.94450000000000	0
0.94535000000000	0
0.94618333333333	0
0.94701666666667	0
0.94785000000000	0
0.94868333333333	0
0.94951666666667	0
0.95035000000000	0
0.95118333333333	0
0.95201666666667	0
0.95285000000000	0
0.95368333333333	0
0.95451666666667	0
0.95535000000000	0
0.95618333333333	0
0.95701666666667	0
0.95785000000000	0
0.95868333333333	0
0.95951666666667	0
0.96035000000000	0
0.96118333333333	0
0.96201666666667	0
0.96286666666667	0
0.96370000000000	0
0.96453333333333	0
0.96536666666667	0
0.96620000000000	239
0.96703333333333	259
0.96786666666667	0
0.96870000000000	0
0.96953333333333	0
0.97036666666667	332
0.97120000000000	252
0.97203333333333	0
0.97286666666667	0
0.97370000000000	0
0.97453333333333	0
0.97536666666667	0
0.97620000000000	0
0.97703333333333	0
0.97786666666667	0
0.97868333333333	0
0.97953333333333	0
0.98036666666667	0
0.98120000000000	0
0.98203333333333	0
0.98286666666667	15
0.98370000000000	8
0.98453333333333	0
0.98536666666667	0
0.98620000000000	0
0.98703333333333	0
0.98786666666667	0
0.98870000000000	0
0.98953333333333	0
0.99036666666667	0
0.99120000000000	0
0.99203333333333	0
0.99286666666667	0
0.99370000000000	0
0.99453333333333	0
0.99536666666667	0
0.99620000000000	0
0.99705000000000	0
0.99788333333333	0
0.99871666666667	0
0.99955000000000	0
1.00038333333333	0
1.00121666666667	0
1.00205000000000	0
1.00288333333333	0
1.00371666666667	1249
1.00455000000000	1074
1.00538333333333	392
1.00621666666667	861
1.00705000000000	410
1.00788333333333	312
1.00871666666667	0
1.00955000000000	122
1.01038333333333	277
1.01121666666667	520
1.01205000000000	756
1.01288333333333	586
1.01373333333333	285
1.01456666666667	0
1.01540000000000	0
1.01623333333333	255
1.01706666666667	249
1.01790000000000	287
1.01873333333333	0
1.01956666666667	0
1.02040000000000	0
1.02123333333333	392
1.02206666666667	423
1.02290000000000	393
1.02373333333333	322
1.02456666666667	252
1.02540000000000	126
1.02623333333333	0
1.02706666666667	528
1.02790000000000	540
1.02873333333333	716
1.02956666666667	0
1.03040000000000	0
1.03125000000000	0
1.03208333333333	0
1.03291666666667	0
1.03375000000000	563
1.03458333333333	460
1.03541666666667	499
1.03625000000000	545
1.03708333333333	1110
1.03791666666667	928
1.03875000000000	745
1.03958333333333	0
1.04041666666667	718
1.04125000000000	714
1.04208333333333	754
1.04291666666667	279
1.04375000000000	559
1.04458333333333	436
1.04541666666667	549
1.04623333333333	508
1.04706666666667	468
1.04791666666667	2411
1.04875000000000	2076
1.04958333333333	235
1.05041666666667	690
1.05125000000000	1143
1.05208333333333	0
1.05291666666667	986
1.05375000000000	1065
1.05458333333333	388
1.05541666666667	462
1.05625000000000	437
1.05708333333333	408
1.05791666666667	829
1.05875000000000	1100
1.05958333333333	1370
1.06041666666667	492
1.06125000000000	839
1.06208333333333	1251
1.06291666666667	1664
1.06375000000000	0
1.06458333333333	216
1.06543333333333	827
1.06626666666667	1138
1.06710000000000	1177
1.06793333333333	1034
1.06876666666667	1231
1.06960000000000	731
1.07043333333333	1842
1.07126666666667	2180
1.07210000000000	1583
1.07293333333333	992
1.07376666666667	0
1.07460000000000	1653
1.07543333333333	1897
1.07626666666667	1465
1.07710000000000	1753
1.07793333333333	2041
1.07876666666667	1736
1.07960000000000	682
1.08043333333333	2810
1.08126666666667	1749
1.08211666666667	576
1.08295000000000	593
1.08378333333333	1820
1.08461666666667	2083
1.08545000000000	2346
1.08628333333333	2721
1.08711666666667	3095
1.08795000000000	5446
1.08878333333333	5716
1.08961666666667	4749
1.09045000000000	4367
1.09128333333333	4518
1.09211666666667	4609
1.09295000000000	4705
1.09378333333333	4802
1.09461666666667	6920
1.09545000000000	8264
1.09628333333333	10032
1.09711666666667	12696
1.09795000000000	12024
1.09878333333333	17460
1.09963333333333	18540
1.10046666666667	18772
1.10130000000000	16908
1.10213333333333	17748
1.10296666666667	16196
1.10380000000000	22564
1.10463333333333	22004
1.10546666666667	21444
1.10630000000000	21692
1.10713333333333	26832
1.10796666666667	31748
1.10880000000000	30848
1.10963333333333	37616
1.11046666666667	36560
1.11130000000000	38112
1.11213333333333	35664
1.11296666666667	27512
1.11380000000000	39552
1.11463333333333	24968
1.11546666666667	31816
1.11631666666667	29888
1.11715000000000	27960
1.11798333333333	30244
1.11881666666667	33920
1.11965000000000	32132
1.12048333333333	30352
1.12131666666667	30012
1.12215000000000	29668
1.12298333333333	26280
1.12381666666667	34928
1.12465000000000	37392
1.12548333333333	31684
1.12631666666667	20892
1.12715000000000	29484
1.12798333333333	23420
1.12881666666667	28328
1.12965000000000	20500
1.13048333333333	24920
1.13131666666667	27668
1.13215000000000	21260
1.13298333333333	21308
1.13383333333333	17360
1.13466666666667	20960
1.13550000000000	21280
1.13633333333333	19956
1.13716666666667	19548
1.13800000000000	19144
1.13883333333333	18564
1.13966666666667	23412
1.14050000000000	11352
1.14133333333333	10888
1.14216666666667	19040
1.14300000000000	12420
1.14383333333333	10820
1.14466666666667	15056
1.14550000000000	13520
1.14633333333333	11988
1.14716666666667	14248
1.14800000000000	7257
1.14883333333333	8504
1.14966666666667	7712
1.15050000000000	9472
1.15133333333333	9016
1.15216666666667	8560
1.15300000000000	10220
1.15383333333333	9112
1.15466666666667	8001
1.15550000000000	7159
1.15633333333333	7876
1.15716666666667	7701
1.15800000000000	7525
1.15883333333333	5627
1.15966666666667	8840
1.16050000000000	9000
1.16133333333333	7122
1.16216666666667	9736
1.16300000000000	5059
1.16383333333333	7798
1.16466666666667	8332
1.16550000000000	6196
1.16633333333333	3658
1.16716666666667	5638
1.16801666666667	7536
1.16885000000000	5948
1.16968333333333	6626
1.17051666666667	4866
1.17135000000000	6758
1.17218333333333	6257
1.17301666666667	6214
1.17385000000000	4251
1.17468333333333	3711
1.17551666666667	4052
1.17635000000000	4636
1.17718333333333	3070
1.17801666666667	5107
1.17885000000000	6116
1.17968333333333	7423
1.18051666666667	6091
1.18135000000000	2306
1.18218333333333	3366
1.18301666666667	3475
1.18385000000000	3395
1.18470000000000	3315
1.18553333333333	3315
1.18636666666667	1852
1.18720000000000	2014
1.18803333333333	4274
1.18886666666667	3974
1.18970000000000	2649
1.19053333333333	4012
1.19136666666667	2589
1.19220000000000	3107
1.19303333333333	3624
1.19386666666667	2879
1.19470000000000	1413
1.19553333333333	3853
1.19636666666667	1257
1.19720000000000	1223
1.19803333333333	1189
1.19886666666667	1446
1.19970000000000	1765
1.20053333333333	2083
1.20136666666667	755
1.20221666666667	1407
1.20305000000000	2579
1.20388333333333	2133
1.20471666666667	1560
1.20555000000000	988
1.20638333333333	483
1.20721666666667	2761
1.20805000000000	2348
1.20888333333333	1338
1.20971666666667	833
1.21055000000000	2684
1.21138333333333	953
1.21221666666667	2463
1.21305000000000	1937
1.21388333333333	876
1.21471666666667	1474
1.21555000000000	1939
1.21638333333333	1525
1.21721666666667	382
1.21805000000000	595
1.21890000000000	1453
1.21973333333333	620
1.22056666666667	857
1.22140000000000	81
1.22223333333333	1782
1.22306666666667	1258
1.22390000000000	1864
1.22473333333333	2275
1.22556666666667	2685
1.22640000000000	926
1.22723333333333	1273
1.22806666666667	2058
1.22890000000000	1051
1.22973333333333	1239
1.23056666666667	1573
1.23140000000000	1022
1.23223333333333	1366
1.23306666666667	662
1.23390000000000	741
1.23471666666667	1514
1.23555000000000	474
1.23640000000000	1579
1.23723333333333	1054
1.23806666666667	1203
1.23890000000000	197
1.23973333333333	588
1.24056666666667	784
1.24140000000000	857
1.24223333333333	695
1.24306666666667	817
1.24390000000000	939
1.24473333333333	1259
1.24556666666667	201
1.24640000000000	228
1.24723333333333	1011
1.24806666666667	0
1.24890000000000	0
1.24973333333333	0
1.25056666666667	784
1.25140000000000	1202
1.25223333333333	1065
1.25308333333333	211
1.25391666666667	551
1.25475000000000	0
1.25558333333333	449
1.25641666666667	537
1.25725000000000	693
1.25808333333333	0
1.25891666666667	413
1.25975000000000	0
1.26058333333333	0
1.26141666666667	0
1.26225000000000	24
1.26308333333333	48
1.26391666666667	24
1.26475000000000	0
1.26558333333333	264
1.26641666666667	203
1.26725000000000	129
1.26808333333333	56
1.26891666666667	226
1.26975000000000	113
1.27060000000000	0
1.27143333333333	0
1.27226666666667	0
1.27310000000000	0
1.27393333333333	0
1.27476666666667	0
1.27560000000000	0
1.27643333333333	472
1.27726666666667	1071
1.27810000000000	792
1.27893333333333	573
1.27976666666667	0
1.28060000000000	185
1.28143333333333	64
1.28226666666667	32
1.28310000000000	0
1.28393333333333	0
1.28476666666667	0
1.28560000000000	0
1.28643333333333	0
1.28728333333333	0
1.28811666666667	0
1.28895000000000	0
1.28978333333333	0
1.29061666666667	0
1.29145000000000	0
1.29228333333333	0
1.29311666666667	77
1.29395000000000	38
1.29478333333333	0
1.29561666666667	0
1.29645000000000	0
1.29728333333333	0
1.29811666666667	0
1.29895000000000	0
1.29978333333333	0
1.30061666666667	349
1.30145000000000	352
1.30228333333333	0
1.30311666666667	0
1.30395000000000	0
1.30480000000000	0
1.30563333333333	0
1.30646666666667	0
1.30730000000000	0
1.30813333333333	0
1.30896666666667	0
1.30980000000000	631
1.31063333333333	494
1.31146666666667	0
1.31230000000000	0
1.31313333333333	150
1.31396666666667	75
1.31480000000000	0
1.31563333333333	0
1.31646666666667	0
1.31730000000000	0
1.31813333333333	0
1.31896666666667	0
1.31980000000000	0
1.32063333333333	0
1.32148333333333	0
1.32231666666667	0
1.32315000000000	0
1.32398333333333	0
1.32481666666667	0
1.32565000000000	0
1.32648333333333	0
1.32731666666667	0
1.32815000000000	0
1.32898333333333	0
1.32981666666667	0
1.33065000000000	0
1.33148333333333	0
1.33231666666667	0
1.33315000000000	287
1.33398333333333	143
1.33481666666667	0
1.33565000000000	0
1.33648333333333	0
1.33731666666667	0
1.33815000000000	0
1.33900000000000	0
1.33983333333333	0
1.34066666666667	0
1.34150000000000	382
1.34233333333333	286
1.34316666666667	264
1.34400000000000	0
1.34483333333333	0
1.34566666666667	0
1.34650000000000	0
1.34733333333333	0
1.34816666666667	0
1.34900000000000	0
1.34983333333333	0
1.35066666666667	0
1.35148333333333	0
1.35231666666667	0
1.35315000000000	0
1.35398333333333	0
1.35481666666667	0
1.35566666666667	0
1.35650000000000	0
1.35733333333333	0
1.35816666666667	0
1.35900000000000	0
1.35983333333333	0
1.36066666666667	0
1.36150000000000	0
1.36233333333333	0
1.36316666666667	0
1.36400000000000	0
1.36483333333333	0
1.36566666666667	0
1.36650000000000	0
1.36733333333333	0
1.36816666666667	0
1.36900000000000	222
1.36983333333333	111
1.37066666666667	0
1.37150000000000	0
1.37233333333333	0
1.37318333333333	0
1.37401666666667	0
1.37485000000000	0
1.37568333333333	0
1.37651666666667	0
1.37735000000000	0
1.37818333333333	0
1.37901666666667	0
1.37985000000000	0
1.38068333333333	0
1.38151666666667	0
1.38235000000000	0
1.38318333333333	0
1.38401666666667	0
1.38485000000000	0
1.38568333333333	0
1.38651666666667	0
1.38735000000000	0
1.38818333333333	278
1.38901666666667	351
1.38986666666667	0
1.39070000000000	354
1.39153333333333	0
1.39236666666667	0
1.39320000000000	441
1.39403333333333	0
1.39486666666667	0
1.39570000000000	0
1.39653333333333	0
1.39736666666667	0
1.39820000000000	9
1.39903333333333	4
1.39986666666667	0
1.40070000000000	0
1.40153333333333	0
1.40236666666667	0
1.40320000000000	0
1.40403333333333	0
1.40486666666667	0
1.40570000000000	0
1.40653333333333	0
1.40738333333333	0
1.40821666666667	0
1.40905000000000	0
1.40988333333333	0
1.41071666666667	0
1.41155000000000	0
1.41238333333333	0
1.41321666666667	0
1.41405000000000	0
1.41488333333333	0
1.41571666666667	0
1.41655000000000	0
1.41738333333333	0
1.41821666666667	0
1.41905000000000	0
1.41988333333333	0
1.42071666666667	0
1.42155000000000	0
1.42238333333333	306
1.42321666666667	378
1.42406666666667	354
1.42490000000000	0
1.42573333333333	0
1.42656666666667	0
1.42740000000000	0
1.42823333333333	0
1.42906666666667	0
1.42990000000000	0
1.43073333333333	0
1.43156666666667	0
1.43240000000000	0
1.43323333333333	0
1.43406666666667	0
1.43490000000000	0
1.43573333333333	0
1.43656666666667	0
1.43740000000000	0
1.43823333333333	0
1.43906666666667	0
1.43990000000000	0
1.44073333333333	0
1.44158333333333	146
1.44241666666667	73
1.44325000000000	0
1.44408333333333	0
1.44491666666667	0
1.44575000000000	0
1.44658333333333	358
1.44741666666667	327
1.44825000000000	0
1.44908333333333	0
1.44991666666667	432
1.45075000000000	0
1.45158333333333	0
1.45241666666667	0
1.45325000000000	0
1.45408333333333	0
1.45491666666667	0
1.45575000000000	0
1.45658333333333	0
1.45741666666667	0
1.45826666666667	0
1.45910000000000	0
1.45993333333333	0
1.46076666666667	7
1.46160000000000	3
1.46243333333333	0
1.46326666666667	0
1.46410000000000	0
1.46493333333333	0
1.46576666666667	15
1.46660000000000	7
1.46743333333333	0
1.46826666666667	0
1.46910000000000	0
1.46993333333333	104
1.47076666666667	52
1.47160000000000	0
1.47243333333333	0
1.47326666666667	0
1.47410000000000	0
1.47493333333333	0
1.47578333333333	0
1.47661666666667	0
1.47745000000000	0
1.47828333333333	0
1.47911666666667	0
1.47995000000000	0
1.48078333333333	0
1.48161666666667	0
1.48245000000000	0
1.48328333333333	0
1.48411666666667	0
1.48495000000000	0
1.48578333333333	0
1.48661666666667	0
1.48745000000000	0
1.48828333333333	0
1.48911666666667	0
1.48995000000000	0
1.49078333333333	0
1.49161666666667	0
1.49246666666667	0
1.49330000000000	0
1.49413333333333	0
1.49496666666667	0
1.49580000000000	0
1.49663333333333	0
1.49746666666667	0
1.49830000000000	0
1.49913333333333	0
1.49996666666667	0
1.50080000000000	0
1.50163333333333	0
1.50246666666667	0
1.50330000000000	0
1.50411666666667	0
1.50495000000000	0
1.50578333333333	0
1.50661666666667	0
1.50745000000000	0
1.50828333333333	0
1.50911666666667	0
1.50996666666667	0
1.51080000000000	0
1.51163333333333	0
1.51246666666667	0
1.51330000000000	0
1.51413333333333	0
1.51496666666667	0
1.51580000000000	0
1.51663333333333	0
1.51746666666667	0
1.51830000000000	0
1.51913333333333	0
1.51996666666667	0
1.52080000000000	0
1.52163333333333	0
1.52246666666667	0
1.52330000000000	0
1.52413333333333	0
1.52496666666667	0
1.52580000000000	0
1.52665000000000	0
1.52748333333333	0
1.52831666666667	0
1.52915000000000	0
1.52998333333333	0
1.53081666666667	0
1.53165000000000	0
1.53248333333333	0
1.53331666666667	0
1.53415000000000	0
1.53498333333333	0
1.53581666666667	0
1.53665000000000	0
1.53748333333333	0
1.53831666666667	0
1.53915000000000	0
1.53998333333333	0
1.54081666666667	0
1.54165000000000	0
1.54248333333333	0
1.54331666666667	0
1.54416666666667	0
1.54500000000000	0
1.54583333333333	0
1.54666666666667	0
1.54750000000000	0
1.54833333333333	0
1.54916666666667	0
1.55000000000000	0
1.55083333333333	0
1.55166666666667	0
1.55250000000000	0
1.55333333333333	0
1.55416666666667	0
1.55500000000000	0
1.55583333333333	0
1.55666666666667	0
1.55750000000000	0
1.55833333333333	0
1.55916666666667	0
1.56000000000000	0
1.56085000000000	0
1.56168333333333	0
1.56251666666667	0
1.56335000000000	0
1.56418333333333	0
1.56501666666667	0
1.56585000000000	0
1.56668333333333	0
1.56751666666667	0
1.56835000000000	0
1.56918333333333	0
1.57001666666667	0
1.57085000000000	0
1.57168333333333	0
1.57251666666667	0
1.57335000000000	0
1.57418333333333	0
1.57501666666667	0
1.57585000000000	0
1.57668333333333	0
1.57751666666667	0
1.57836666666667	279
1.57920000000000	337
1.58003333333333	0
1.58086666666667	0
1.58170000000000	0
1.58253333333333	0
1.58336666666667	0
1.58420000000000	0
1.58503333333333	0
1.58586666666667	0
1.58670000000000	0
1.58753333333333	0
1.58836666666667	0
1.58920000000000	0
1.59003333333333	0
1.59086666666667	0
1.59170000000000	0
1.59253333333333	0
1.59335000000000	0
1.59418333333333	0
1.59503333333333	0
1.59586666666667	0
1.59670000000000	0
1.59753333333333	0
1.59836666666667	0
1.59920000000000	0
1.60003333333333	0
1.60086666666667	0
1.60170000000000	0
1.60253333333333	0
1.60336666666667	0
1.60420000000000	0
1.60503333333333	0
1.60586666666667	0
1.60670000000000	0
1.60753333333333	0
1.60836666666667	0
1.60920000000000	0
1.61003333333333	0
1.61086666666667	0
1.61170000000000	0
1.61255000000000	0
1.61338333333333	0
1.61421666666667	0
1.61505000000000	0
1.61588333333333	0
1.61671666666667	0
1.61755000000000	23
1.61838333333333	28
1.61921666666667	0
1.62005000000000	0
1.62088333333333	0
1.62171666666667	0
1.62255000000000	0
1.62338333333333	0
1.62421666666667	0
1.62505000000000	0
1.62588333333333	0
1.62671666666667	0
1.62755000000000	0
1.62838333333333	343
1.62923333333333	388
1.63006666666667	0
1.63090000000000	0
1.63173333333333	135
1.63256666666667	0
1.63340000000000	0
1.63423333333333	168
1.63506666666667	0
1.63590000000000	0
1.63673333333333	0
1.63756666666667	0
1.63840000000000	0
1.63923333333333	0
1.64006666666667	0
1.64090000000000	0
1.64173333333333	0
1.64256666666667	0
1.64340000000000	0
1.64423333333333	143
1.64506666666667	71
1.64590000000000	0
1.64675000000000	0
1.64758333333333	0
1.64841666666667	0
1.64925000000000	0
1.65008333333333	0
1.65091666666667	0
1.65175000000000	0
1.65258333333333	0
1.65341666666667	0
1.65425000000000	0
1.65508333333333	0
1.65591666666667	0
1.65675000000000	0
1.65758333333333	0
1.65841666666667	0
1.65925000000000	0
1.66008333333333	308
1.66091666666667	354
1.66175000000000	0
1.66258333333333	0
1.66343333333333	0
1.66426666666667	0
1.66510000000000	0
1.66593333333333	0
1.66676666666667	0
1.66760000000000	0
1.66843333333333	136
1.66926666666667	68
1.67010000000000	0
1.67093333333333	0
1.67176666666667	0
1.67260000000000	0
1.67343333333333	0
1.67426666666667	0
1.67510000000000	0
1.67593333333333	0
1.67676666666667	0
1.67758333333333	0
1.67841666666667	0
1.67925000000000	0
1.68008333333333	0
1.68093333333333	0
1.68176666666667	0
1.68260000000000	0
1.68343333333333	0
1.68426666666667	0
1.68510000000000	0
1.68593333333333	0
1.68676666666667	0
1.68760000000000	0
1.68843333333333	0
1.68926666666667	0
1.69010000000000	0
1.69093333333333	0
1.69176666666667	0
1.69260000000000	0
1.69343333333333	0
1.69426666666667	0
1.69510000000000	0
1.69593333333333	0
1.69676666666667	0
1.69761666666667	0
1.69845000000000	0
1.69928333333333	0
1.70011666666667	0
1.70095000000000	0
1.70178333333333	0
1.70261666666667	0
1.70345000000000	0
1.70428333333333	0
1.70511666666667	0
1.70595000000000	0
1.70678333333333	0
1.70761666666667	0
1.70845000000000	0
1.70928333333333	0
1.71011666666667	0
1.71095000000000	0
1.71178333333333	0
1.71261666666667	0
1.71345000000000	0
1.71428333333333	0
1.71513333333333	0
1.71596666666667	0
1.71680000000000	0
1.71763333333333	0
1.71846666666667	0
1.71930000000000	0
1.72013333333333	0
1.72096666666667	0
1.72180000000000	0
1.72263333333333	415
1.72346666666667	447
1.72430000000000	0
1.72513333333333	490
1.72596666666667	0
1.72680000000000	0
1.72763333333333	0
1.72846666666667	0
1.72930000000000	0
1.73013333333333	0
1.73096666666667	0
1.73181666666667	0
1.73265000000000	0
1.73348333333333	0
1.73431666666667	0
1.73515000000000	0
1.73598333333333	0
1.73681666666667	0
1.73765000000000	0
1.73848333333333	0
1.73931666666667	0
1.74015000000000	0
1.74098333333333	0
1.74181666666667	0
1.74265000000000	0
1.74348333333333	0
1.74431666666667	0
1.74515000000000	0
1.74598333333333	0
1.74681666666667	0
1.74765000000000	0
1.74848333333333	0
1.74933333333333	0
1.75016666666667	0
1.75100000000000	0
1.75183333333333	0
1.75266666666667	0
1.75350000000000	0
1.75433333333333	0
1.75516666666667	0
1.75600000000000	0
1.75683333333333	0
1.75766666666667	0
1.75850000000000	0
1.75933333333333	0
1.76016666666667	0
1.76100000000000	0
1.76183333333333	0
1.76266666666667	0
1.76350000000000	0
1.76433333333333	275
1.76516666666667	137
1.76601666666667	0
1.76685000000000	0
1.76768333333333	0
1.76851666666667	0
1.76935000000000	0
1.77018333333333	0
1.77101666666667	0
1.77185000000000	0
1.77268333333333	0
1.77351666666667	0
1.77435000000000	0
1.77518333333333	0
1.77601666666667	0
1.77685000000000	0
1.77768333333333	0
1.77851666666667	0
1.77935000000000	0
1.78018333333333	0
1.78101666666667	0
1.78185000000000	0
1.78268333333333	0
1.78353333333333	0
1.78436666666667	0
1.78520000000000	0
1.78603333333333	0
1.78686666666667	0
1.78770000000000	0
1.78853333333333	0
1.78936666666667	0
1.79020000000000	0
1.79103333333333	0
1.79186666666667	0
1.79270000000000	0
1.79353333333333	0
1.79436666666667	0
1.79520000000000	0
1.79603333333333	0
1.79686666666667	0
1.79770000000000	0
1.79853333333333	0
1.79936666666667	0
1.80021666666667	0
1.80105000000000	0
1.80188333333333	225
1.80271666666667	233
1.80355000000000	0
1.80438333333333	0
1.80521666666667	15
1.80605000000000	0
1.80688333333333	0
1.80771666666667	0
1.80855000000000	0
1.80938333333333	0
1.81021666666667	0
1.81105000000000	0
1.81188333333333	0
1.81271666666667	0
1.81355000000000	0
1.81436666666667	0
1.81520000000000	0
1.81603333333333	0
1.81686666666667	0
1.81771666666667	0
1.81855000000000	0
1.81938333333333	0
1.82021666666667	0
1.82105000000000	0
1.82188333333333	0
1.82271666666667	0
1.82355000000000	0
1.82438333333333	0
1.82521666666667	0
1.82605000000000	0
1.82688333333333	0
1.82771666666667	0
1.82855000000000	0
1.82938333333333	0
1.83021666666667	0
1.83105000000000	0
1.83188333333333	0
1.83271666666667	0
1.83355000000000	0
1.83440000000000	0
1.83523333333333	0
1.83606666666667	0
1.83690000000000	0
1.83773333333333	0
1.83856666666667	0
1.83940000000000	0
1.84023333333333	0
1.84106666666667	0
1.84190000000000	0
1.84273333333333	0
1.84356666666667	0
1.84440000000000	0
1.84523333333333	0
1.84606666666667	19
1.84690000000000	9
1.84773333333333	0
1.84856666666667	0
1.84940000000000	0
1.85023333333333	0
1.85106666666667	0
1.85191666666667	0
1.85275000000000	0
1.85358333333333	0
1.85441666666667	0
1.85525000000000	0
1.85608333333333	0
1.85691666666667	0
1.85775000000000	0
1.85858333333333	0
1.85941666666667	0
1.86025000000000	0
1.86108333333333	0
1.86191666666667	0
1.86275000000000	0
1.86358333333333	0
1.86441666666667	0
1.86525000000000	0
1.86608333333333	0
1.86691666666667	0
1.86775000000000	0
1.86860000000000	0
1.86943333333333	0
1.87026666666667	0
1.87110000000000	0
1.87193333333333	0
1.87276666666667	0
1.87360000000000	0
1.87443333333333	0
1.87526666666667	0
1.87610000000000	0
1.87693333333333	0
1.87776666666667	0
1.87860000000000	0
1.87943333333333	0
1.88026666666667	0
1.88110000000000	0
1.88193333333333	0
1.88276666666667	0
1.88360000000000	0
1.88443333333333	0
1.88526666666667	0
1.88611666666667	0
1.88695000000000	0
1.88778333333333	0
1.88861666666667	0
1.88945000000000	0
1.89028333333333	0
1.89111666666667	0
1.89195000000000	0
1.89278333333333	0
1.89361666666667	0
1.89445000000000	0
1.89528333333333	0
1.89611666666667	0
1.89695000000000	0
1.89778333333333	0
1.89861666666667	0
1.89943333333333	0
1.90026666666667	0
1.90110000000000	0
1.90193333333333	0
1.90278333333333	0
1.90361666666667	0
1.90445000000000	0
1.90528333333333	0
1.90611666666667	0
1.90695000000000	0
1.90778333333333	0
1.90861666666667	0
1.90945000000000	0
1.91028333333333	0
1.91111666666667	0
1.91195000000000	0
1.91278333333333	0
1.91361666666667	0
1.91445000000000	0
1.91528333333333	0
1.91611666666667	0
1.91695000000000	0
1.91778333333333	0
1.91861666666667	0
1.91945000000000	0
1.92030000000000	0
1.92113333333333	0
1.92196666666667	0
1.92280000000000	0
1.92363333333333	0
1.92446666666667	0
1.92530000000000	0
1.92613333333333	0
1.92696666666667	0
1.92780000000000	0
1.92863333333333	0
1.92946666666667	0
1.93030000000000	0
1.93113333333333	0
1.93196666666667	0
1.93280000000000	0
1.93363333333333	0
1.93446666666667	0
1.93530000000000	157
1.93613333333333	78
1.93698333333333	0
1.93781666666667	0
1.93865000000000	0
1.93948333333333	0
1.94031666666667	0
1.94115000000000	0
1.94198333333333	8
1.94281666666667	4
1.94365000000000	0
1.94448333333333	0
1.94531666666667	0
1.94615000000000	0
1.94698333333333	0
1.94781666666667	0
1.94865000000000	0
1.94948333333333	0
1.95031666666667	0
1.95115000000000	0
1.95198333333333	0
1.95281666666667	0
1.95365000000000	0
1.95450000000000	0
1.95533333333333	0
1.95616666666667	0
1.95700000000000	0
1.95783333333333	0
1.95866666666667	0
1.95950000000000	0
1.96033333333333	0
1.96116666666667	0
1.96200000000000	0
1.96283333333333	0
1.96366666666667	0
1.96450000000000	0
1.96533333333333	0
1.96616666666667	0
1.96700000000000	0
1.96783333333333	0
1.96866666666667	0
1.96950000000000	0
1.97033333333333	0
1.97118333333333	0
1.97201666666667	0
1.97285000000000	0
1.97368333333333	0
1.97451666666667	0
1.97535000000000	0
1.97618333333333	0
1.97701666666667	0
1.97785000000000	0
1.97868333333333	0
1.97951666666667	0
1.98035000000000	0
1.98118333333333	0
1.98201666666667	0
1.98285000000000	0
1.98368333333333	0
1.98451666666667	0
1.98535000000000	0
1.98618333333333	0
1.98701666666667	0
1.98783333333333	0
1.98868333333333	0
1.98951666666667	0
1.99035000000000	0
1.99118333333333	0
1.99201666666667	0
1.99285000000000	0
1.99368333333333	0
1.99451666666667	0
1.99535000000000	0
1.99618333333333	0
1.99701666666667	0
1.99785000000000	0
1.99868333333333	0
1.99951666666667	0
2.00035000000000	0
2.00118333333333	0
2.00201666666667	0
2.00285000000000	0
2.00368333333333	0
2.00451666666667	560
2.00536666666667	429
2.00620000000000	0
2.00703333333333	0
2.00786666666667	225
2.00870000000000	0
2.00953333333333	0
2.01036666666667	0
2.01120000000000	0
2.01203333333333	0
2.01286666666667	0
2.01370000000000	0
2.01453333333333	0
2.01536666666667	0
2.01620000000000	0
2.01703333333333	0
2.01786666666667	0
2.01870000000000	0
2.01953333333333	0
2.02036666666667	0
2.02120000000000	0
2.02203333333333	0
2.02288333333333	0
2.02371666666667	0
2.02455000000000	0
2.02538333333333	0
2.02621666666667	0
2.02705000000000	0
2.02788333333333	0
2.02871666666667	0
2.02955000000000	0
2.03038333333333	0
2.03121666666667	0
2.03205000000000	0
2.03288333333333	0
2.03371666666667	0
2.03455000000000	0
2.03538333333333	0
2.03621666666667	0
2.03705000000000	0
2.03788333333333	0
2.03871666666667	0
2.03956666666667	0
2.04040000000000	0
2.04123333333333	0
2.04206666666667	0
2.04290000000000	0
2.04373333333333	0
2.04456666666667	0
2.04540000000000	0
2.04623333333333	0
2.04706666666667	0
2.04790000000000	0
2.04873333333333	0
2.04956666666667	0
2.05040000000000	0
2.05123333333333	0
2.05206666666667	0
2.05290000000000	0
2.05373333333333	42
2.05456666666667	21
2.05540000000000	0
2.05623333333333	0
2.05708333333333	0
2.05791666666667	0
2.05875000000000	0
2.05958333333333	0
2.06041666666667	0
2.06125000000000	0
2.06208333333333	0
2.06291666666667	0
2.06375000000000	0
2.06458333333333	0
2.06541666666667	0
2.06625000000000	0
2.06708333333333	0
2.06791666666667	0
2.06875000000000	0
2.06958333333333	0
2.07041666666667	0
2.07123333333333	0
2.07206666666667	0
2.07290000000000	0
2.07375000000000	0
2.07458333333333	0
2.07541666666667	0
2.07625000000000	0
2.07708333333333	0
2.07791666666667	0
2.07875000000000	0
2.07958333333333	0
2.08041666666667	0
2.08125000000000	0
2.08208333333333	0
2.08291666666667	0
2.08375000000000	0
2.08458333333333	0
2.08541666666667	0
2.08625000000000	0
2.08708333333333	0
2.08791666666667	0
2.08875000000000	0
2.08958333333333	0
2.09041666666667	0
2.09126666666667	0
2.09210000000000	0
2.09293333333333	0
2.09376666666667	0
2.09460000000000	0
2.09543333333333	0
2.09626666666667	0
2.09710000000000	0
2.09793333333333	0
2.09876666666667	0
2.09960000000000	0
2.10043333333333	0
2.10126666666667	0
2.10210000000000	0
2.10293333333333	0
2.10376666666667	0
2.10460000000000	0
2.10543333333333	0
2.10626666666667	0
2.10710000000000	0
2.10795000000000	0
2.10878333333333	0
2.10961666666667	0
2.11045000000000	0
2.11128333333333	0
2.11211666666667	0
2.11295000000000	0
2.11378333333333	0
2.11461666666667	0
2.11545000000000	0
2.11628333333333	0
2.11711666666667	0
2.11795000000000	0
2.11878333333333	0
2.11961666666667	0
2.12045000000000	0
2.12128333333333	0
2.12211666666667	0
2.12295000000000	0
2.12378333333333	0
2.12461666666667	0
2.12546666666667	0
2.12630000000000	0
2.12713333333333	0
2.12796666666667	0
2.12880000000000	0
2.12963333333333	0
2.13046666666667	0
2.13130000000000	0
2.13213333333333	0
2.13296666666667	0
2.13380000000000	0
2.13463333333333	0
2.13546666666667	29
2.13630000000000	15
2.13713333333333	0
2.13796666666667	0
2.13880000000000	0
2.13963333333333	0
2.14046666666667	0
2.14130000000000	0
2.14215000000000	0
2.14298333333333	0
2.14381666666667	0
2.14465000000000	0
2.14548333333333	0
2.14631666666667	0
2.14715000000000	0
2.14798333333333	0
2.14881666666667	0
2.14965000000000	0
2.15048333333333	0
2.15131666666667	0
2.15215000000000	0
2.15298333333333	0
2.15381666666667	0
2.15465000000000	0
2.15548333333333	68
2.15631666666667	34
2.15715000000000	0
2.15798333333333	0
2.15881666666667	0
2.15966666666667	0
2.16050000000000	0
2.16133333333333	0
2.16216666666667	0
2.16300000000000	0
2.16383333333333	0
2.16466666666667	0
2.16550000000000	0
2.16633333333333	0
2.16716666666667	0
2.16800000000000	0
2.16883333333333	0
2.16966666666667	0
2.17050000000000	0
2.17133333333333	0
2.17216666666667	0
2.17300000000000	0
2.17383333333333	0
2.17466666666667	0
2.17550000000000	0
2.17635000000000	7
2.17718333333333	3
2.17801666666667	0
2.17885000000000	0
2.17968333333333	0
2.18051666666667	0
2.18135000000000	0
2.18218333333333	0
2.18301666666667	0
2.18385000000000	0
2.18468333333333	0
2.18550000000000	0
2.18633333333333	0
2.18716666666667	0
2.18800000000000	0
2.18883333333333	0
2.18966666666667	0
2.19050000000000	0
2.19133333333333	0
2.19216666666667	0
2.19300000000000	0
2.19385000000000	0
2.19468333333333	0
2.19551666666667	0
2.19635000000000	0
2.19718333333333	0
2.19801666666667	0
2.19885000000000	0
2.19968333333333	0
2.20051666666667	0
2.20135000000000	0
2.20218333333333	0
2.20301666666667	0
2.20385000000000	0
2.20468333333333	0
2.20551666666667	0
2.20635000000000	0
2.20718333333333	0
2.20801666666667	0
2.20885000000000	0
2.20968333333333	0
2.21053333333333	0
2.21136666666667	0
2.21220000000000	0
2.21303333333333	0
2.21386666666667	0
2.21470000000000	0
2.21553333333333	0
2.21636666666667	0
2.21720000000000	0
2.21803333333333	0
2.21886666666667	0
2.21970000000000	0
2.22053333333333	0
2.22136666666667	0
2.22220000000000	0
2.22303333333333	0
2.22386666666667	0
2.22470000000000	0
2.22553333333333	0
2.22636666666667	0
2.22720000000000	0
2.22805000000000	0
2.22888333333333	0
2.22971666666667	0
2.23055000000000	0
2.23138333333333	0
2.23221666666667	0
2.23305000000000	0
2.23388333333333	0
2.23471666666667	0
2.23555000000000	0
2.23638333333333	0
2.23721666666667	0
2.23805000000000	0
2.23888333333333	0
2.23971666666667	0
2.24055000000000	0
2.24138333333333	0
2.24221666666667	0
2.24305000000000	0
2.24388333333333	0
2.24473333333333	0
2.24556666666667	0
2.24640000000000	0
2.24723333333333	0
2.24806666666667	0
2.24890000000000	0
2.24973333333333	0
2.25056666666667	0
2.25140000000000	0
2.25223333333333	0
2.25306666666667	0
2.25390000000000	0
2.25473333333333	0
2.25556666666667	0
2.25640000000000	0
2.25723333333333	0
2.25806666666667	0
2.25890000000000	0
2.25973333333333	0
2.26056666666667	0
2.26140000000000	0
2.26225000000000	0
2.26308333333333	0
2.26391666666667	0
2.26475000000000	0
2.26558333333333	0
2.26641666666667	0
2.26725000000000	0
2.26808333333333	0
2.26891666666667	0
2.26975000000000	0
2.27058333333333	0
2.27141666666667	0
2.27225000000000	0
2.27308333333333	0
2.27391666666667	0
2.27475000000000	0
2.27558333333333	0
2.27641666666667	0
2.27725000000000	0
2.27808333333333	0
2.27893333333333	0
2.27976666666667	0
2.28060000000000	0
2.28143333333333	0
2.28226666666667	0
2.28310000000000	0
2.28393333333333	0
2.28476666666667	0
2.28560000000000	0
2.28643333333333	0
2.28726666666667	0
2.28810000000000	0
2.28893333333333	0
2.28976666666667	0
2.29060000000000	0
2.29143333333333	0
2.29226666666667	0
2.29310000000000	0
2.29393333333333	0
2.29476666666667	0
2.29560000000000	0
2.29645000000000	15
2.29728333333333	7
2.29811666666667	0
2.29895000000000	0
2.29978333333333	0
2.30061666666667	0
2.30145000000000	0
2.30228333333333	0
2.30311666666667	0
2.30395000000000	0
2.30478333333333	0
2.30561666666667	0
2.30645000000000	0
2.30728333333333	0
2.30811666666667	0
2.30895000000000	0
2.30978333333333	0
2.31061666666667	0
2.31145000000000	0
2.31228333333333	0
2.31313333333333	0
2.31396666666667	0
2.31480000000000	0
2.31563333333333	0
2.31646666666667	0
2.31730000000000	0
2.31813333333333	0
2.31896666666667	0
2.31980000000000	0
2.32063333333333	0
2.32146666666667	0
2.32230000000000	0
2.32313333333333	0
2.32396666666667	0
2.32480000000000	0
2.32563333333333	0
2.32645000000000	0
2.32728333333333	0
2.32811666666667	0
2.32895000000000	0
2.32978333333333	0
2.33063333333333	0
2.33146666666667	0
2.33230000000000	0
2.33313333333333	0
2.33396666666667	0
2.33480000000000	0
2.33563333333333	0
2.33646666666667	0
2.33730000000000	0
2.33813333333333	0
2.33896666666667	0
2.33980000000000	0
2.34063333333333	0
2.34146666666667	0
2.34230000000000	0
2.34313333333333	0
2.34396666666667	0
2.34480000000000	0
2.34563333333333	0
2.34646666666667	0
2.34731666666667	0
2.34815000000000	0
2.34898333333333	0
2.34981666666667	0
2.35065000000000	0
2.35148333333333	0
2.35231666666667	0
2.35315000000000	0
2.35398333333333	0
2.35481666666667	0
2.35565000000000	0
2.35648333333333	0
2.35731666666667	0
2.35815000000000	0
2.35898333333333	0
2.35981666666667	0
2.36065000000000	0
2.36148333333333	0
2.36231666666667	0
2.36315000000000	0
2.36398333333333	0
2.36483333333333	0
2.36566666666667	0
2.36650000000000	0
2.36733333333333	0
2.36816666666667	0
2.36900000000000	0
2.36983333333333	0
2.37066666666667	0
2.37150000000000	0
2.37233333333333	0
2.37316666666667	0
2.37400000000000	0
2.37483333333333	0
2.37566666666667	0
2.37650000000000	0
2.37733333333333	0
2.37816666666667	0
2.37900000000000	0
2.37983333333333	0
2.38066666666667	0
2.38151666666667	0
2.38235000000000	0
2.38318333333333	0
2.38401666666667	0
2.38485000000000	0
2.38568333333333	0
2.38651666666667	0
2.38735000000000	0
2.38818333333333	0
2.38901666666667	0
2.38985000000000	0
2.39068333333333	0
2.39151666666667	0
2.39235000000000	0
2.39318333333333	0
2.39401666666667	0
2.39485000000000	0
2.39568333333333	0
2.39651666666667	0
2.39735000000000	0
2.39818333333333	0
2.39903333333333	0
2.39986666666667	0
2.40070000000000	0
2.40153333333333	0
2.40236666666667	0
2.40320000000000	0
2.40403333333333	0
2.40486666666667	0
2.40570000000000	0
2.40653333333333	0
2.40736666666667	0
2.40820000000000	0
2.40903333333333	0
2.40986666666667	0
2.41070000000000	0
2.41153333333333	0
2.41235000000000	0
2.41318333333333	0
2.41401666666667	0
2.41485000000000	0
2.41570000000000	0
2.41653333333333	0
2.41736666666667	0
2.41820000000000	0
2.41903333333333	0
2.41986666666667	0
2.42070000000000	0
2.42153333333333	0
2.42236666666667	0
2.42320000000000	0
2.42403333333333	0
2.42486666666667	0
2.42570000000000	0
2.42653333333333	0
2.42736666666667	0
2.42820000000000	0
2.42903333333333	0
2.42986666666667	0
2.43070000000000	0
2.43153333333333	0
2.43236666666667	0
2.43321666666667	0
2.43405000000000	0
2.43488333333333	0
2.43571666666667	0
2.43655000000000	0
2.43738333333333	0
2.43821666666667	0
2.43905000000000	0
2.43988333333333	0
2.44071666666667	0
2.44155000000000	0
2.44238333333333	0
2.44321666666667	0
2.44405000000000	0
2.44488333333333	0
2.44571666666667	0
2.44655000000000	0
2.44738333333333	0
2.44821666666667	0
2.44905000000000	0
2.44990000000000	0
2.45073333333333	0
2.45156666666667	0
2.45240000000000	0
2.45323333333333	0
2.45406666666667	0
2.45490000000000	0
2.45573333333333	0
2.45656666666667	0
2.45740000000000	0
2.45823333333333	0
2.45906666666667	0
2.45990000000000	0
2.46073333333333	0
2.46156666666667	0
2.46240000000000	0
2.46323333333333	0
2.46406666666667	0
2.46490000000000	0
2.46573333333333	0
2.46656666666667	0
2.46741666666667	0
2.46825000000000	0
2.46908333333333	0
2.46991666666667	0
2.47075000000000	0
2.47158333333333	0
2.47241666666667	0
2.47325000000000	0
2.47408333333333	0
2.47491666666667	0
2.47575000000000	0
2.47658333333333	0
2.47741666666667	0
2.47825000000000	0
2.47908333333333	0
2.47991666666667	0
2.48075000000000	0
2.48156666666667	0
2.48240000000000	0
2.48323333333333	0
2.48408333333333	0
2.48491666666667	0
2.48575000000000	0
2.48658333333333	0
2.48741666666667	0
2.48825000000000	0
2.48908333333333	0
2.48991666666667	0
2.49075000000000	0
2.49158333333333	0
2.49241666666667	0
2.49325000000000	0
2.49408333333333	0
2.49491666666667	0
2.49575000000000	0
2.49658333333333	0
2.49741666666667	0
2.49825000000000	0
2.49908333333333	0
2.49991666666667	0
2.50075000000000	0
2.50160000000000	0
2.50243333333333	0
2.50326666666667	0
2.50410000000000	0
2.50493333333333	0
2.50576666666667	0
2.50660000000000	0
2.50743333333333	0
2.50826666666667	0
2.50910000000000	0
2.50993333333333	0
2.51076666666667	0
2.51160000000000	0
2.51243333333333	0
2.51326666666667	0
2.51410000000000	0
2.51493333333333	0
2.51576666666667	0
2.51660000000000	0
2.51743333333333	0
2.51828333333333	0
2.51911666666667	0
2.51995000000000	0
2.52078333333333	0
2.52161666666667	0
2.52245000000000	0
2.52328333333333	0
2.52411666666667	0
2.52495000000000	0
2.52578333333333	0
2.52661666666667	0
2.52745000000000	0
2.52828333333333	0
2.52911666666667	0
2.52995000000000	0
2.53078333333333	0
2.53161666666667	0
2.53245000000000	0
2.53328333333333	0
2.53411666666667	0
2.53495000000000	0
2.53580000000000	0
2.53663333333333	0
2.53746666666667	0
2.53830000000000	0
2.53913333333333	0
2.53996666666667	0
2.54080000000000	0
2.54163333333333	0
2.54246666666667	0
2.54330000000000	0
2.54413333333333	0
2.54496666666667	0
2.54580000000000	0
2.54663333333333	0
2.54746666666667	0
2.54830000000000	0
2.54913333333333	0
2.54996666666667	0
2.55080000000000	0
2.55163333333333	0
2.55248333333333	0
2.55331666666667	0
2.55415000000000	0
2.55498333333333	0
2.55581666666667	0
2.55665000000000	0
2.55748333333333	0
2.55831666666667	0
2.55915000000000	0
2.55998333333333	0
2.56081666666667	0
2.56165000000000	0
2.56248333333333	14
2.56331666666667	7
2.56415000000000	0
2.56498333333333	7
2.56581666666667	3
2.56665000000000	0
2.56748333333333	0
2.56831666666667	0
2.56915000000000	0
2.57000000000000	0
2.57083333333333	0
2.57166666666667	0
2.57250000000000	0
2.57333333333333	0
2.57416666666667	0
2.57500000000000	0
2.57583333333333	0
2.57666666666667	0
2.57750000000000	0
2.57833333333333	0
2.57916666666667	0
2.58000000000000	0
2.58083333333333	0
2.58166666666667	0
2.58250000000000	0
2.58333333333333	0
2.58416666666667	0
2.58500000000000	0
2.58583333333333	0
2.58668333333333	0
2.58751666666667	0
2.58835000000000	0
2.58918333333333	0
2.59001666666667	0
2.59085000000000	0
2.59168333333333	0
2.59251666666667	0
2.59335000000000	0
2.59418333333333	0
2.59501666666667	0
2.59585000000000	0
2.59668333333333	0
2.59751666666667	0
2.59835000000000	0
2.59918333333333	0
2.60001666666667	0
2.60085000000000	0
2.60168333333333	0
2.60250000000000	0
2.60333333333333	0
2.60418333333333	0
2.60501666666667	0
2.60585000000000	0
2.60668333333333	0
2.60751666666667	0
2.60835000000000	0
2.60918333333333	0
2.61001666666667	0
2.61085000000000	0
2.61168333333333	0
2.61251666666667	0
2.61335000000000	0
2.61418333333333	0
2.61501666666667	0
2.61585000000000	0
2.61668333333333	0
2.61751666666667	0
2.61835000000000	0
2.61918333333333	0
2.62001666666667	0
2.62086666666667	0
2.62170000000000	0
2.62253333333333	0
2.62336666666667	0
2.62420000000000	0
2.62503333333333	0
2.62586666666667	0
2.62670000000000	0
2.62753333333333	0
2.62836666666667	0
2.62920000000000	0
2.63003333333333	0
2.63086666666667	0
2.63170000000000	0
2.63253333333333	0
2.63336666666667	0
2.63420000000000	0
2.63503333333333	0
2.63586666666667	0
2.63670000000000	0
2.63753333333333	0
2.63838333333333	0
2.63921666666667	0
2.64005000000000	0
2.64088333333333	0
2.64171666666667	0
2.64255000000000	0
2.64338333333333	0
2.64421666666667	0
2.64505000000000	0
2.64588333333333	0
2.64671666666667	0
2.64755000000000	0
2.64838333333333	0
2.64921666666667	0
2.65005000000000	0
2.65088333333333	0
2.65171666666667	0
2.65255000000000	0
2.65338333333333	0
2.65421666666667	0
2.65506666666667	0
2.65590000000000	0
2.65673333333333	0
2.65756666666667	0
2.65840000000000	0
2.65923333333333	0
2.66006666666667	0
2.66090000000000	0
2.66173333333333	0
2.66256666666667	0
2.66340000000000	534
2.66423333333333	460
2.66506666666667	0
2.66590000000000	0
2.66673333333333	363
2.66756666666667	0
2.66840000000000	0
2.66923333333333	0
2.67006666666667	0
2.67090000000000	0
2.67173333333333	68
2.67258333333333	34
2.67341666666667	0
2.67425000000000	0
2.67508333333333	0
2.67591666666667	0
2.67675000000000	0
2.67758333333333	0
2.67841666666667	0
2.67925000000000	0
2.68008333333333	0
2.68091666666667	0
2.68175000000000	0
2.68258333333333	0
2.68341666666667	62
2.68425000000000	31
2.68508333333333	0
2.68591666666667	0
2.68675000000000	0
2.68758333333333	0
2.68841666666667	0
2.68926666666667	0
2.69010000000000	0
2.69093333333333	0
2.69176666666667	0
2.69260000000000	0
2.69343333333333	0
2.69426666666667	0
2.69510000000000	0
2.69593333333333	0
2.69676666666667	0
2.69760000000000	0
2.69843333333333	0
2.69926666666667	0
2.70010000000000	0
2.70093333333333	145
2.70176666666667	72
2.70260000000000	0
2.70343333333333	0
2.70426666666667	0
2.70510000000000	0
2.70593333333333	0
2.70678333333333	0
2.70761666666667	0
2.70845000000000	0
2.70928333333333	0
2.71011666666667	0
2.71095000000000	0
2.71178333333333	0
2.71261666666667	0
2.71345000000000	0
2.71428333333333	0
2.71511666666667	0
2.71595000000000	0
2.71678333333333	0
2.71761666666667	0
2.71845000000000	0
2.71928333333333	173
2.72011666666667	301
2.72095000000000	151
2.72178333333333	0
2.72261666666667	0
2.72346666666667	0
2.72430000000000	0
2.72513333333333	0
2.72596666666667	0
2.72680000000000	0
2.72763333333333	0
2.72846666666667	0
2.72930000000000	0
2.73013333333333	0
2.73096666666667	0
2.73180000000000	0
2.73263333333333	0
2.73346666666667	0
2.73430000000000	0
2.73513333333333	0
2.73596666666667	0
2.73680000000000	0
2.73763333333333	0
2.73846666666667	0
2.73930000000000	0
2.74013333333333	0
2.74098333333333	0
2.74181666666667	0
2.74265000000000	0
2.74348333333333	0
2.74431666666667	0
2.74515000000000	0
2.74598333333333	0
2.74681666666667	0
2.74765000000000	0
2.74848333333333	0
2.74931666666667	0
2.75015000000000	0
2.75098333333333	0
2.75181666666667	0
2.75265000000000	0
2.75348333333333	0
2.75431666666667	0
2.75515000000000	0
2.75598333333333	0
2.75681666666667	0
2.75766666666667	0
2.75850000000000	0
2.75933333333333	0
2.76016666666667	0
2.76100000000000	0
2.76183333333333	0
2.76266666666667	0
2.76350000000000	0
2.76433333333333	0
2.76516666666667	0
2.76600000000000	0
2.76683333333333	0
2.76766666666667	0
2.76850000000000	0
2.76933333333333	0
2.77016666666667	0
2.77100000000000	0
2.77183333333333	0
2.77266666666667	0
2.77350000000000	0
2.77433333333333	0
2.77518333333333	0
2.77601666666667	0
2.77685000000000	0
2.77768333333333	0
2.77851666666667	0
2.77935000000000	0
2.78018333333333	335
2.78101666666667	167
2.78185000000000	0
2.78268333333333	0
2.78351666666667	0
2.78435000000000	0
2.78518333333333	0
2.78601666666667	0
2.78685000000000	0
2.78768333333333	0
2.78851666666667	0
2.78933333333333	0
2.79016666666667	0
2.79100000000000	0
2.79185000000000	0
2.79268333333333	0
2.79351666666667	0
2.79435000000000	0
2.79518333333333	0
2.79601666666667	0
2.79685000000000	0
2.79768333333333	0
2.79851666666667	0
2.79935000000000	0
2.80018333333333	0
2.80101666666667	0
2.80185000000000	0
2.80268333333333	0
2.80351666666667	0
2.80435000000000	0
2.80518333333333	0
2.80601666666667	0
2.80685000000000	0
2.80768333333333	0
2.80851666666667	0
2.80936666666667	0
2.81020000000000	0
2.81103333333333	0
2.81186666666667	0
2.81270000000000	14
2.81353333333333	235
2.81436666666667	299
2.81520000000000	0
2.81603333333333	0
2.81686666666667	0
2.81770000000000	0
2.81853333333333	0
2.81936666666667	0
2.82020000000000	0
2.82103333333333	0
2.82186666666667	0
2.82270000000000	0
2.82353333333333	0
2.82436666666667	0
2.82520000000000	0
2.82605000000000	0
2.82688333333333	0
2.82771666666667	0
2.82855000000000	0
2.82938333333333	166
2.83021666666667	83
2.83105000000000	0
2.83188333333333	0
2.83271666666667	0
2.83355000000000	0
2.83438333333333	0
2.83521666666667	0
2.83605000000000	0
2.83688333333333	0
2.83771666666667	0
2.83855000000000	0
2.83938333333333	0
2.84021666666667	0
2.84105000000000	0
2.84188333333333	0
2.84271666666667	0
2.84356666666667	0
2.84440000000000	0
2.84523333333333	0
2.84606666666667	0
2.84690000000000	0
2.84773333333333	0
2.84856666666667	0
2.84940000000000	0
2.85023333333333	0
2.85106666666667	0
2.85190000000000	0
2.85273333333333	0
2.85356666666667	0
2.85440000000000	0
2.85523333333333	0
2.85606666666667	0
2.85690000000000	0
2.85773333333333	0
2.85856666666667	0
2.85940000000000	0
2.86025000000000	0
2.86108333333333	0
2.86191666666667	0
2.86275000000000	0
2.86358333333333	0
2.86441666666667	0
2.86525000000000	371
2.86608333333333	756
2.86691666666667	559
2.86775000000000	0
2.86858333333333	0
2.86941666666667	0
2.87025000000000	0
2.87108333333333	305
2.87191666666667	254
2.87275000000000	0
2.87358333333333	0
2.87441666666667	0
2.87525000000000	0
2.87608333333333	0
2.87691666666667	0
2.87776666666667	0
2.87860000000000	0
2.87943333333333	0
2.88026666666667	0
2.88110000000000	0
2.88193333333333	0
2.88276666666667	0
2.88360000000000	0
2.88443333333333	0
2.88526666666667	0
2.88610000000000	0
2.88693333333333	0
2.88776666666667	0
2.88860000000000	0
2.88943333333333	0
2.89026666666667	0
2.89110000000000	0
2.89193333333333	0
2.89276666666667	0
2.89360000000000	0
2.89445000000000	35
2.89528333333333	18
2.89611666666667	0
2.89695000000000	0
2.89778333333333	0
2.89861666666667	0
2.89945000000000	0
2.90028333333333	0
2.90111666666667	0
2.90195000000000	0
2.90278333333333	0
2.90361666666667	0
2.90445000000000	0
2.90528333333333	7
2.90611666666667	4
2.90695000000000	0
2.90776666666667	0
2.90860000000000	0
2.90943333333333	0
2.91026666666667	0
2.91110000000000	0
2.91195000000000	0
2.91278333333333	0
2.91361666666667	0
2.91445000000000	0
2.91528333333333	0
2.91611666666667	0
2.91695000000000	0
2.91778333333333	0
2.91861666666667	0
2.91945000000000	0
2.92028333333333	0
2.92111666666667	0
2.92195000000000	0
2.92278333333333	0
2.92361666666667	0
2.92445000000000	0
2.92528333333333	0
2.92611666666667	0
2.92695000000000	240
2.92778333333333	268
2.92863333333333	14
2.92946666666667	0
2.93030000000000	0
2.93113333333333	7
2.93196666666667	3
2.93280000000000	0
2.93363333333333	0
2.93446666666667	0
2.93530000000000	0
2.93613333333333	0
2.93696666666667	0
2.93780000000000	0
2.93863333333333	0
2.93946666666667	0
2.94030000000000	0
2.94113333333333	0
2.94196666666667	0
2.94280000000000	0
2.94363333333333	0
2.94446666666667	0
2.94530000000000	0
2.94615000000000	0
2.94698333333333	0
2.94781666666667	0
2.94865000000000	0
2.94948333333333	0
2.95031666666667	0
2.95115000000000	0
2.95198333333333	0
2.95281666666667	0
2.95365000000000	0
2.95448333333333	0
2.95531666666667	0
2.95615000000000	0
2.95698333333333	0
2.95781666666667	0
2.95865000000000	0
2.95948333333333	0
2.96031666666667	0
2.96115000000000	0
2.96198333333333	0
2.96283333333333	0
2.96366666666667	0
2.96450000000000	0
2.96533333333333	0
2.96616666666667	0
2.96700000000000	0
2.96783333333333	0
2.96866666666667	0
2.96950000000000	0
2.97033333333333	0
2.97116666666667	0
2.97200000000000	0
2.97283333333333	0
2.97366666666667	0
2.97450000000000	0
2.97533333333333	0
2.97616666666667	0
2.97700000000000	0
2.97783333333333	0
2.97866666666667	0
2.97948333333333	0
2.98033333333333	0
2.98116666666667	0
2.98200000000000	0
2.98283333333333	0
2.98366666666667	0
2.98450000000000	0
2.98533333333333	0
2.98616666666667	0
2.98700000000000	0
2.98783333333333	0
2.98866666666667	0
2.98950000000000	0
2.99033333333333	0
2.99116666666667	0
2.99200000000000	0
2.99283333333333	0
2.99366666666667	0
2.99450000000000	0
2.99533333333333	0
2.99616666666667	0
2.99701666666667	0
2.99785000000000	0
2.99868333333333	0
2.99951666666667	0
