0.50080000000000	0
0.50163333333333	0
0.50246666666667	0
0.50330000000000	0
0.50413333333333	0
0.50496666666667	0
0.50580000000000	0
0.50663333333333	0
0.50746666666667	0
0.50830000000000	0
0.50913333333333	0
0.50996666666667	0
0.51080000000000	0
0.51163333333333	0
0.51246666666667	0
0.51330000000000	0
0.51413333333333	0
0.51496666666667	0
0.51580000000000	0
0.51663333333333	0
0.51746666666667	0
0.51831666666667	0
0.51915000000000	0
0.51998333333333	0
0.52081666666667	0
0.52165000000000	0
0.52248333333333	0
0.52331666666667	0
0.52415000000000	0
0.52498333333333	0
0.52581666666667	0
0.52665000000000	0
0.52748333333333	0
0.52831666666667	0
0.52915000000000	0
0.52998333333333	0
0.53081666666667	0
0.53165000000000	0
0.53248333333333	0
0.53331666666667	0
0.53415000000000	0
0.53500000000000	0
0.53583333333333	0
0.53666666666667	0
0.53750000000000	0
0.53833333333333	0
0.53916666666667	0
0.54000000000000	0
0.54083333333333	0
0.54166666666667	0
0.54250000000000	0
0.54333333333333	0
0.54416666666667	0
0.54500000000000	0
0.54583333333333	0
0.54666666666667	0
0.54750000000000	0
0.54833333333333	0
0.54916666666667	0
0.55000000000000	0
0.55083333333333	0
0.55166666666667	0
0.55251666666667	0
0.55335000000000	0
0.55418333333333	0
0.55501666666667	0
0.55585000000000	0
0.55668333333333	0
0.55751666666667	0
0.55835000000000	0
0.55918333333333	0
0.56001666666667	0
0.56085000000000	0
0.56168333333333	0
0.56251666666667	0
0.56335000000000	0
0.56418333333333	0
0.56501666666667	0
0.56585000000000	0
0.56668333333333	0
0.56751666666667	0
0.56835000000000	0
0.56920000000000	0
0.57003333333333	0
0.57086666666667	0
0.57170000000000	0
0.57253333333333	0
0.57336666666667	0
0.57420000000000	0
0.57503333333333	0
0.57586666666667	0
0.57670000000000	0
0.57753333333333	0
0.57836666666667	0
0.57920000000000	0
0.58003333333333	0
0.58086666666667	0
0.58170000000000	0
0.58253333333333	0
0.58336666666667	0
0.58420000000000	0
0.58503333333333	0
0.58586666666667	0
0.58671666666667	0
0.58755000000000	0
0.58838333333333	0
0.58921666666667	0
0.59005000000000	0
0.59088333333333	0
0.59171666666667	0
0.59255000000000	0
0.59338333333333	0
0.59421666666667	0
0.59505000000000	0
0.59588333333333	0
0.59671666666667	0
0.59755000000000	0
0.59838333333333	0
0.59921666666667	0
0.60005000000000	0
0.60088333333333	0
0.60171666666667	0
0.60255000000000	0
0.60340000000000	0
0.60423333333333	0
0.60506666666667	0
0.60590000000000	0
0.60673333333333	0
0.60756666666667	0
0.60840000000000	0
0.60923333333333	0
0.61006666666667	0
0.61090000000000	0
0.61173333333333	0
0.61256666666667	0
0.61340000000000	0
0.61423333333333	0
0.61506666666667	0
0.61590000000000	0
0.61673333333333	0
0.61756666666667	0
0.61840000000000	0
0.61923333333333	0
0.62006666666667	0
0.62091666666667	0
0.62175000000000	0
0.62258333333333	0
0.62341666666667	0
0.62425000000000	0
0.62508333333333	0
0.62591666666667	0
0.62675000000000	0
0.62758333333333	0
0.62841666666667	0
0.62925000000000	0
0.63008333333333	0
0.63091666666667	0
0.63175000000000	0
0.63258333333333	0
0.63341666666667	0
0.63425000000000	0
0.63506666666667	0
0.63590000000000	0
0.63673333333333	0
0.63758333333333	0
0.63841666666667	0
0.63925000000000	0
0.64008333333333	0
0.64091666666667	0
0.64175000000000	0
0.64258333333333	0
0.64341666666667	0
0.64425000000000	0
0.64508333333333	0
0.64591666666667	0
0.64675000000000	0
0.64758333333333	0
0.64841666666667	0
0.64925000000000	0
0.65008333333333	0
0.65091666666667	0
0.65175000000000	0
0.65258333333333	0
0.65341666666667	0
0.65425000000000	0
0.65510000000000	0
0.65593333333333	0
0.65676666666667	0
0.65760000000000	0
0.65843333333333	0
0.65926666666667	0
0.66010000000000	0
0.66093333333333	0
0.66176666666667	0
0.66260000000000	0
0.66343333333333	0
0.66426666666667	0
0.66510000000000	0
0.66593333333333	0
0.66676666666667	0
0.66760000000000	0
0.66843333333333	0
0.66926666666667	0
0.67010000000000	0
0.67093333333333	0
0.67178333333333	0
0.67261666666667	0
0.67345000000000	0
0.67428333333333	0
0.67511666666667	0
0.67595000000000	0
0.67678333333333	0
0.67761666666667	0
0.67845000000000	0
0.67928333333333	0
0.68011666666667	0
0.68095000000000	0
0.68178333333333	0
0.68261666666667	0
0.68345000000000	0
0.68428333333333	0
0.68511666666667	0
0.68595000000000	0
0.68678333333333	0
0.68761666666667	0
0.68845000000000	0
0.68930000000000	0
0.69013333333333	0
0.69096666666667	0
0.69180000000000	0
0.69263333333333	0
0.69346666666667	0
0.69430000000000	0
0.69513333333333	0
0.69596666666667	0
0.69680000000000	0
0.69763333333333	0
0.69846666666667	0
0.69930000000000	0
0.70013333333333	0
0.70096666666667	0
0.70180000000000	0
0.70263333333333	0
0.70346666666667	0
0.70430000000000	0
0.70513333333333	0
0.70598333333333	0
0.70681666666667	0
0.70765000000000	0
0.70848333333333	0
0.70931666666667	10
0.71015000000000	5
0.71098333333333	0
0.71181666666667	0
0.71265000000000	0
0.71348333333333	0
0.71431666666667	0
0.71515000000000	0
0.71598333333333	0
0.71681666666667	21
0.71763333333333	11
0.71846666666667	0
0.71930000000000	0
0.72013333333333	0
0.72096666666667	0
0.72180000000000	0
0.72263333333333	0
0.72348333333333	0
0.72431666666667	0
0.72515000000000	0
0.72598333333333	0
0.72681666666667	0
0.72765000000000	0
0.72848333333333	0
0.72931666666667	0
0.73015000000000	0
0.73098333333333	0
0.73181666666667	13
0.73265000000000	7
0.73348333333333	0
0.73431666666667	193
0.73515000000000	183
0.73598333333333	285
0.73681666666667	70
0.73765000000000	0
0.73848333333333	0
0.73931666666667	0
0.74016666666667	0
0.74100000000000	0
0.74183333333333	0
0.74266666666667	109
0.74350000000000	55
0.74433333333333	0
0.74516666666667	0
0.74600000000000	0
0.74683333333333	0
0.74766666666667	0
0.74850000000000	0
0.74933333333333	0
0.75016666666667	0
0.75100000000000	0
0.75183333333333	0
0.75266666666667	0
0.75350000000000	0
0.75433333333333	0
0.75516666666667	0
0.75600000000000	0
0.75683333333333	0
0.75768333333333	0
0.75851666666667	0
0.75935000000000	0
0.76018333333333	0
0.76101666666667	0
0.76185000000000	0
0.76268333333333	0
0.76351666666667	0
0.76435000000000	0
0.76518333333333	0
0.76601666666667	0
0.76685000000000	0
0.76768333333333	0
0.76851666666667	0
0.76935000000000	0
0.77018333333333	0
0.77101666666667	0
0.77185000000000	0
0.77268333333333	0
0.77351666666667	0
0.77436666666667	0
0.77520000000000	0
0.77603333333333	0
0.77686666666667	0
0.77770000000000	0
0.77853333333333	0
0.77936666666667	0
0.78020000000000	0
0.78103333333333	0
0.78186666666667	0
0.78270000000000	0
0.78353333333333	0
0.78436666666667	0
0.78520000000000	0
0.78603333333333	0
0.78686666666667	0
0.78770000000000	0
0.78853333333333	0
0.78936666666667	0
0.79020000000000	0
0.79101666666667	0
0.79186666666667	0
0.79270000000000	0
0.79353333333333	0
0.79436666666667	0
0.79520000000000	0
0.79603333333333	0
0.79686666666667	0
0.79770000000000	0
0.79853333333333	0
0.79936666666667	0
0.80020000000000	0
0.80103333333333	0
0.80186666666667	0
0.80270000000000	0
0.80353333333333	0
0.80436666666667	0
0.80520000000000	0
0.80603333333333	0
0.80686666666667	0
0.80770000000000	0
0.80855000000000	0
0.80938333333333	0
0.81021666666667	0
0.81105000000000	0
0.81188333333333	0
0.81271666666667	0
0.81355000000000	0
0.81438333333333	0
0.81521666666667	0
0.81605000000000	0
0.81688333333333	0
0.81771666666667	0
0.81855000000000	0
0.81938333333333	0
0.82021666666667	0
0.82105000000000	0
0.82188333333333	0
0.82271666666667	0
0.82355000000000	0
0.82438333333333	0
0.82521666666667	0
0.82606666666667	0
0.82690000000000	0
0.82773333333333	0
0.82856666666667	0
0.82940000000000	0
0.83023333333333	0
0.83106666666667	0
0.83190000000000	0
0.83273333333333	0
0.83356666666667	0
0.83440000000000	0
0.83523333333333	0
0.83606666666667	0
0.83690000000000	0
0.83773333333333	0
0.83856666666667	0
0.83940000000000	0
0.84023333333333	0
0.84106666666667	0
0.84190000000000	0
0.84275000000000	0
0.84358333333333	0
0.84441666666667	0
0.84525000000000	0
0.84608333333333	0
0.84691666666667	0
0.84775000000000	0
0.84858333333333	0
0.84941666666667	0
0.85025000000000	0
0.85108333333333	0
0.85191666666667	0
0.85275000000000	0
0.85358333333333	0
0.85441666666667	0
0.85525000000000	0
0.85608333333333	0
0.85691666666667	0
0.85775000000000	0
0.85858333333333	0
0.85941666666667	0
0.86026666666667	0
0.86110000000000	0
0.86193333333333	0
0.86276666666667	0
0.86360000000000	0
0.86443333333333	0
0.86526666666667	0
0.86610000000000	0
0.86693333333333	0
0.86776666666667	0
0.86860000000000	0
0.86943333333333	0
0.87026666666667	0
0.87110000000000	0
0.87193333333333	0
0.87275000000000	0
0.87358333333333	0
0.87441666666667	0
0.87525000000000	0
0.87608333333333	0
0.87693333333333	0
0.87776666666667	0
0.87860000000000	0
0.87943333333333	0
0.88026666666667	0
0.88110000000000	0
0.88193333333333	0
0.88276666666667	0
0.88360000000000	0
0.88443333333333	0
0.88526666666667	0
0.88610000000000	0
0.88693333333333	0
0.88776666666667	0
0.88860000000000	0
0.88943333333333	0
0.89026666666667	0
0.89110000000000	0
0.89193333333333	0
0.89276666666667	0
0.89360000000000	0
0.89445000000000	0
0.89528333333333	0
0.89611666666667	0
0.89695000000000	0
0.89778333333333	0
0.89861666666667	0
0.89945000000000	0
0.90028333333333	0
0.90111666666667	0
0.90195000000000	0
0.90278333333333	0
0.90361666666667	0
0.90445000000000	0
0.90528333333333	0
0.90611666666667	0
0.90695000000000	0
0.90778333333333	0
0.90861666666667	0
0.90945000000000	0
0.91028333333333	0
0.91113333333333	0
0.91196666666667	0
0.91280000000000	0
0.91363333333333	0
0.91446666666667	0
0.91530000000000	0
0.91613333333333	0
0.91696666666667	0
0.91780000000000	77
0.91863333333333	38
0.91946666666667	0
0.92030000000000	0
0.92113333333333	0
0.92196666666667	0
0.92280000000000	0
0.92363333333333	0
0.92446666666667	0
0.92530000000000	0
0.92613333333333	0
0.92696666666667	0
0.92780000000000	0
0.92865000000000	0
0.92948333333333	0
0.93031666666667	0
0.93115000000000	0
0.93198333333333	0
0.93281666666667	0
0.93365000000000	0
0.93448333333333	0
0.93531666666667	0
0.93615000000000	0
0.93698333333333	0
0.93781666666667	0
0.93865000000000	0
0.93948333333333	0
0.94031666666667	0
0.94115000000000	0
0.94198333333333	0
0.94281666666667	0
0.94365000000000	0
0.94448333333333	0
0.94533333333333	0
0.94616666666667	0
0.94700000000000	0
0.94783333333333	0
0.94866666666667	0
0.94950000000000	0
0.95033333333333	0
0.95116666666667	0
0.95200000000000	0
0.95283333333333	0
0.95366666666667	0
0.95450000000000	0
0.95533333333333	0
0.95616666666667	0
0.95700000000000	0
0.95783333333333	0
0.95866666666667	0
0.95950000000000	0
0.96033333333333	0
0.96116666666667	0
0.96198333333333	0
0.96283333333333	0
0.96366666666667	0
0.96450000000000	0
0.96533333333333	0
0.96616666666667	0
0.96700000000000	0
0.96783333333333	0
0.96866666666667	0
0.96950000000000	0
0.97033333333333	0
0.97116666666667	0
0.97200000000000	0
0.97283333333333	0
0.97366666666667	0
0.97450000000000	0
0.97533333333333	0
0.97616666666667	0
0.97700000000000	0
0.97783333333333	0
0.97866666666667	0
0.97951666666667	0
0.98035000000000	0
0.98118333333333	0
0.98201666666667	0
0.98285000000000	0
0.98368333333333	0
0.98451666666667	0
0.98535000000000	0
0.98618333333333	0
0.98701666666667	0
0.98785000000000	0
0.98868333333333	0
0.98951666666667	0
0.99035000000000	0
0.99118333333333	0
0.99201666666667	0
0.99285000000000	85
0.99368333333333	43
0.99451666666667	0
0.99535000000000	0
0.99618333333333	0
0.99703333333333	0
0.99786666666667	0
0.99870000000000	0
0.99953333333333	0
1.00036666666667	0
1.00120000000000	0
1.00203333333333	0
1.00286666666667	13
1.00370000000000	652
1.00453333333333	849
1.00536666666667	735
1.00620000000000	0
1.00703333333333	0
1.00786666666667	0
1.00870000000000	0
1.00953333333333	424
1.01036666666667	570
1.01120000000000	0
1.01203333333333	13
1.01286666666667	0
1.01371666666667	0
1.01455000000000	39
1.01538333333333	77
1.01621666666667	46
1.01705000000000	14
1.01788333333333	294
1.01871666666667	574
1.01955000000000	559
1.02038333333333	0
1.02121666666667	0
1.02205000000000	498
1.02288333333333	0
1.02371666666667	328
1.02455000000000	735
1.02538333333333	15
1.02621666666667	0
1.02705000000000	0
1.02788333333333	0
1.02871666666667	0
1.02955000000000	0
1.03038333333333	677
1.03123333333333	877
1.03206666666667	0
1.03290000000000	420
1.03373333333333	840
1.03456666666667	616
1.03540000000000	393
1.03623333333333	594
1.03706666666667	0
1.03790000000000	455
1.03873333333333	477
1.03956666666667	277
1.04040000000000	266
1.04123333333333	0
1.04205000000000	168
1.04288333333333	337
1.04371666666667	420
1.04455000000000	1088
1.04538333333333	544
1.04621666666667	0
1.04705000000000	919
1.04790000000000	506
1.04873333333333	993
1.04956666666667	0
1.05040000000000	1143
1.05123333333333	227
1.05206666666667	1099
1.05290000000000	278
1.05373333333333	280
1.05456666666667	447
1.05540000000000	436
1.05623333333333	309
1.05706666666667	176
1.05790000000000	96
1.05873333333333	1077
1.05956666666667	1400
1.06040000000000	403
1.06123333333333	0
1.06206666666667	737
1.06290000000000	464
1.06373333333333	279
1.06456666666667	531
1.06541666666667	525
1.06625000000000	244
1.06708333333333	512
1.06791666666667	781
1.06875000000000	390
1.06958333333333	0
1.07041666666667	890
1.07125000000000	1473
1.07208333333333	2055
1.07291666666667	2145
1.07375000000000	1550
1.07458333333333	1733
1.07541666666667	690
1.07625000000000	2122
1.07708333333333	1167
1.07791666666667	1761
1.07875000000000	2246
1.07958333333333	469
1.08041666666667	806
1.08125000000000	447
1.08210000000000	1287
1.08293333333333	1229
1.08376666666667	169
1.08460000000000	767
1.08543333333333	1365
1.08626666666667	0
1.08710000000000	880
1.08793333333333	1385
1.08876666666667	1891
1.08960000000000	3350
1.09043333333333	3115
1.09126666666667	2871
1.09210000000000	4194
1.09293333333333	4790
1.09376666666667	5191
1.09460000000000	5078
1.09543333333333	5000
1.09626666666667	6952
1.09710000000000	6951
1.09793333333333	9560
1.09876666666667	8712
1.09961666666667	9812
1.10045000000000	9152
1.10128333333333	16932
1.10211666666667	15376
1.10295000000000	10428
1.10378333333333	18412
1.10461666666667	21012
1.10545000000000	19960
1.10628333333333	18196
1.10711666666667	24568
1.10795000000000	22704
1.10878333333333	25860
1.10961666666667	27080
1.11045000000000	18496
1.11128333333333	21928
1.11211666666667	23024
1.11295000000000	28776
1.11378333333333	27428
1.11461666666667	26080
1.11545000000000	28628
1.11630000000000	29124
1.11713333333333	29620
1.11796666666667	31596
1.11880000000000	24992
1.11963333333333	31772
1.12046666666667	29324
1.12130000000000	31804
1.12213333333333	26100
1.12296666666667	26200
1.12380000000000	26300
1.12463333333333	24712
1.12546666666667	23124
1.12630000000000	20980
1.12713333333333	20044
1.12796666666667	21464
1.12880000000000	22884
1.12963333333333	19540
1.13046666666667	16200
1.13130000000000	18548
1.13213333333333	18624
1.13296666666667	18704
1.13381666666667	21604
1.13465000000000	15084
1.13548333333333	16204
1.13631666666667	17320
1.13715000000000	21216
1.13798333333333	22892
1.13881666666667	13392
1.13965000000000	15328
1.14048333333333	14576
1.14131666666667	15960
1.14215000000000	12348
1.14298333333333	12924
1.14381666666667	10100
1.14465000000000	11260
1.14548333333333	9132
1.14631666666667	10220
1.14715000000000	11308
1.14798333333333	8388
1.14881666666667	6893
1.14965000000000	8332
1.15050000000000	9956
1.15133333333333	9844
1.15216666666667	9732
1.15300000000000	6734
1.15383333333333	6863
1.15466666666667	12612
1.15550000000000	10644
1.15633333333333	7337
1.15716666666667	7461
1.15800000000000	7321
1.15883333333333	8388
1.15966666666667	8264
1.16050000000000	7984
1.16133333333333	7703
1.16216666666667	4640
1.16300000000000	5255
1.16383333333333	7371
1.16466666666667	8204
1.16550000000000	9240
1.16633333333333	4749
1.16716666666667	11876
1.16801666666667	13100
1.16885000000000	7533
1.16968333333333	6153
1.17051666666667	2901
1.17135000000000	4405
1.17218333333333	5874
1.17301666666667	4497
1.17385000000000	3794
1.17468333333333	4540
1.17551666666667	4995
1.17635000000000	4248
1.17718333333333	3362
1.17800000000000	4599
1.17883333333333	6308
1.17966666666667	6003
1.18050000000000	5279
1.18133333333333	6213
1.18216666666667	4420
1.18300000000000	4333
1.18383333333333	5192
1.18468333333333	2518
1.18551666666667	4731
1.18635000000000	1717
1.18718333333333	2699
1.18801666666667	3041
1.18885000000000	906
1.18968333333333	1861
1.19051666666667	2455
1.19135000000000	2613
1.19218333333333	2771
1.19301666666667	2559
1.19385000000000	2346
1.19468333333333	1816
1.19551666666667	3912
1.19635000000000	4041
1.19718333333333	1338
1.19801666666667	3073
1.19885000000000	2902
1.19968333333333	2214
1.20051666666667	1256
1.20135000000000	1448
1.20220000000000	1640
1.20303333333333	2815
1.20386666666667	2763
1.20470000000000	1937
1.20553333333333	1166
1.20636666666667	2281
1.20720000000000	1611
1.20803333333333	2017
1.20886666666667	1556
1.20970000000000	1975
1.21053333333333	2394
1.21136666666667	2295
1.21220000000000	1117
1.21303333333333	1295
1.21386666666667	1508
1.21470000000000	2197
1.21553333333333	1730
1.21636666666667	1264
1.21720000000000	1696
1.21803333333333	1710
1.21888333333333	1724
1.21971666666667	1035
1.22055000000000	1211
1.22138333333333	743
1.22221666666667	865
1.22305000000000	987
1.22388333333333	735
1.22471666666667	720
1.22555000000000	705
1.22638333333333	577
1.22721666666667	818
1.22805000000000	27
1.22888333333333	302
1.22971666666667	578
1.23055000000000	1247
1.23138333333333	1173
1.23221666666667	1248
1.23305000000000	475
1.23388333333333	0
1.23471666666667	0
1.23555000000000	252
1.23640000000000	319
1.23723333333333	428
1.23806666666667	296
1.23890000000000	164
1.23973333333333	374
1.24056666666667	585
1.24140000000000	292
1.24223333333333	0
1.24306666666667	322
1.24390000000000	161
1.24473333333333	0
1.24556666666667	218
1.24640000000000	234
1.24723333333333	250
1.24806666666667	0
1.24890000000000	0
1.24973333333333	138
1.25056666666667	288
1.25140000000000	463
1.25223333333333	637
1.25308333333333	0
1.25391666666667	828
1.25475000000000	387
1.25558333333333	350
1.25641666666667	312
1.25725000000000	316
1.25808333333333	393
1.25891666666667	345
1.25975000000000	298
1.26058333333333	0
1.26141666666667	0
1.26225000000000	0
1.26306666666667	344
1.26390000000000	416
1.26473333333333	504
1.26556666666667	290
1.26640000000000	403
1.26723333333333	580
1.26806666666667	237
1.26890000000000	119
1.26973333333333	0
1.27058333333333	335
1.27141666666667	233
1.27225000000000	132
1.27308333333333	183
1.27391666666667	234
1.27475000000000	345
1.27558333333333	0
1.27641666666667	0
1.27725000000000	0
1.27808333333333	72
1.27891666666667	145
1.27975000000000	72
1.28058333333333	0
1.28141666666667	0
1.28225000000000	0
1.28308333333333	0
1.28391666666667	0
1.28475000000000	154
1.28558333333333	256
1.28641666666667	358
1.28726666666667	0
1.28810000000000	0
1.28893333333333	0
1.28976666666667	0
1.29060000000000	328
1.29143333333333	299
1.29226666666667	265
1.29310000000000	159
1.29393333333333	453
1.29476666666667	227
1.29560000000000	0
1.29643333333333	0
1.29726666666667	0
1.29810000000000	0
1.29893333333333	0
1.29976666666667	0
1.30060000000000	0
1.30143333333333	0
1.30226666666667	0
1.30310000000000	0
1.30393333333333	0
1.30478333333333	470
1.30561666666667	387
1.30645000000000	185
1.30728333333333	410
1.30811666666667	153
1.30895000000000	0
1.30978333333333	0
1.31061666666667	0
1.31145000000000	0
1.31228333333333	0
1.31311666666667	0
1.31395000000000	0
1.31478333333333	0
1.31561666666667	0
1.31645000000000	0
1.31728333333333	0
1.31811666666667	0
1.31895000000000	0
1.31978333333333	0
1.32061666666667	0
1.32146666666667	0
1.32230000000000	0
1.32313333333333	0
1.32396666666667	0
1.32480000000000	0
1.32563333333333	0
1.32646666666667	0
1.32730000000000	0
1.32813333333333	0
1.32896666666667	0
1.32980000000000	34
1.33063333333333	17
1.33146666666667	0
1.33230000000000	0
1.33313333333333	0
1.33396666666667	0
1.33480000000000	0
1.33563333333333	0
1.33646666666667	0
1.33730000000000	0
1.33811666666667	0
1.33896666666667	0
1.33980000000000	303
1.34063333333333	314
1.34146666666667	0
1.34230000000000	0
1.34313333333333	0
1.34396666666667	0
1.34480000000000	58
1.34563333333333	115
1.34646666666667	58
1.34730000000000	0
1.34813333333333	0
1.34896666666667	0
1.34980000000000	0
1.35063333333333	0
1.35146666666667	0
1.35230000000000	0
1.35313333333333	0
1.35396666666667	0
1.35480000000000	0
1.35565000000000	0
1.35648333333333	62
1.35731666666667	31
1.35815000000000	0
1.35898333333333	73
1.35981666666667	0
1.36065000000000	0
1.36148333333333	37
1.36231666666667	0
1.36315000000000	0
1.36398333333333	0
1.36481666666667	0
1.36565000000000	0
1.36648333333333	0
1.36731666666667	0
1.36815000000000	0
1.36898333333333	0
1.36981666666667	0
1.37065000000000	0
1.37148333333333	0
1.37231666666667	0
1.37316666666667	0
1.37400000000000	0
1.37483333333333	0
1.37566666666667	0
1.37650000000000	0
1.37733333333333	0
1.37816666666667	0
1.37900000000000	0
1.37983333333333	0
1.38066666666667	0
1.38150000000000	0
1.38233333333333	53
1.38316666666667	33
1.38400000000000	13
1.38483333333333	0
1.38566666666667	0
1.38650000000000	0
1.38733333333333	0
1.38816666666667	0
1.38900000000000	0
1.38985000000000	0
1.39068333333333	0
1.39151666666667	0
1.39235000000000	0
1.39318333333333	0
1.39401666666667	0
1.39485000000000	0
1.39568333333333	0
1.39651666666667	0
1.39735000000000	0
1.39818333333333	0
1.39901666666667	0
1.39985000000000	0
1.40068333333333	0
1.40151666666667	0
1.40235000000000	0
1.40318333333333	0
1.40401666666667	0
1.40485000000000	0
1.40568333333333	0
1.40651666666667	0
1.40736666666667	0
1.40820000000000	0
1.40903333333333	0
1.40986666666667	0
1.41070000000000	0
1.41153333333333	0
1.41236666666667	170
1.41320000000000	85
1.41403333333333	0
1.41486666666667	0
1.41570000000000	0
1.41653333333333	0
1.41736666666667	0
1.41820000000000	0
1.41903333333333	0
1.41986666666667	0
1.42070000000000	0
1.42153333333333	0
1.42236666666667	0
1.42320000000000	0
1.42405000000000	0
1.42488333333333	0
1.42571666666667	0
1.42655000000000	0
1.42738333333333	0
1.42821666666667	0
1.42905000000000	0
1.42988333333333	0
1.43071666666667	0
1.43155000000000	0
1.43238333333333	0
1.43321666666667	0
1.43405000000000	0
1.43488333333333	0
1.43571666666667	0
1.43655000000000	0
1.43738333333333	0
1.43821666666667	0
1.43905000000000	322
1.43988333333333	161
1.44071666666667	0
1.44156666666667	430
1.44240000000000	0
1.44323333333333	0
1.44406666666667	0
1.44490000000000	0
1.44573333333333	0
1.44656666666667	0
1.44740000000000	0
1.44823333333333	0
1.44906666666667	0
1.44990000000000	0
1.45073333333333	0
1.45156666666667	0
1.45240000000000	0
1.45323333333333	0
1.45406666666667	0
1.45490000000000	0
1.45573333333333	0
1.45656666666667	0
1.45740000000000	0
1.45825000000000	0
1.45908333333333	0
1.45991666666667	0
1.46075000000000	0
1.46158333333333	0
1.46241666666667	0
1.46325000000000	0
1.46408333333333	0
1.46491666666667	0
1.46575000000000	0
1.46658333333333	0
1.46741666666667	0
1.46825000000000	92
1.46908333333333	46
1.46991666666667	0
1.47075000000000	0
1.47158333333333	0
1.47241666666667	0
1.47325000000000	0
1.47408333333333	0
1.47490000000000	0
1.47575000000000	0
1.47658333333333	0
1.47741666666667	0
1.47825000000000	0
1.47908333333333	0
1.47991666666667	0
1.48075000000000	53
1.48158333333333	26
1.48241666666667	0
1.48325000000000	0
1.48408333333333	0
1.48491666666667	0
1.48575000000000	0
1.48658333333333	23
1.48741666666667	11
1.48825000000000	0
1.48908333333333	0
1.48991666666667	0
1.49075000000000	0
1.49158333333333	0
1.49243333333333	0
1.49326666666667	0
1.49410000000000	0
1.49493333333333	0
1.49576666666667	0
1.49660000000000	0
1.49743333333333	0
1.49826666666667	0
1.49910000000000	0
1.49993333333333	0
1.50076666666667	0
1.50160000000000	0
1.50243333333333	372
1.50326666666667	186
1.50410000000000	0
1.50493333333333	330
1.50576666666667	0
1.50660000000000	0
1.50743333333333	0
1.50826666666667	0
1.50910000000000	0
1.50995000000000	0
1.51078333333333	0
1.51161666666667	0
1.51245000000000	0
1.51328333333333	0
1.51411666666667	0
1.51495000000000	0
1.51578333333333	0
1.51661666666667	0
1.51745000000000	0
1.51828333333333	0
1.51911666666667	0
1.51995000000000	0
1.52078333333333	0
1.52161666666667	0
1.52245000000000	0
1.52328333333333	0
1.52411666666667	0
1.52495000000000	0
1.52578333333333	0
1.52663333333333	0
1.52746666666667	0
1.52830000000000	0
1.52913333333333	0
1.52996666666667	0
1.53080000000000	0
1.53163333333333	0
1.53246666666667	0
1.53330000000000	0
1.53413333333333	0
1.53496666666667	0
1.53580000000000	0
1.53663333333333	0
1.53746666666667	0
1.53830000000000	0
1.53913333333333	0
1.53996666666667	0
1.54080000000000	0
1.54163333333333	0
1.54246666666667	0
1.54330000000000	0
1.54415000000000	0
1.54498333333333	0
1.54581666666667	0
1.54665000000000	0
1.54748333333333	0
1.54831666666667	0
1.54915000000000	0
1.54998333333333	0
1.55081666666667	0
1.55165000000000	0
1.55248333333333	0
1.55331666666667	0
1.55415000000000	0
1.55498333333333	0
1.55581666666667	0
1.55665000000000	0
1.55748333333333	0
1.55831666666667	0
1.55915000000000	0
1.55998333333333	0
1.56083333333333	0
1.56166666666667	0
1.56250000000000	0
1.56333333333333	0
1.56416666666667	0
1.56500000000000	0
1.56583333333333	0
1.56666666666667	0
1.56750000000000	0
1.56833333333333	0
1.56916666666667	0
1.57000000000000	0
1.57083333333333	0
1.57166666666667	0
1.57248333333333	0
1.57331666666667	0
1.57415000000000	0
1.57498333333333	0
1.57581666666667	0
1.57665000000000	0
1.57748333333333	0
1.57833333333333	0
1.57916666666667	0
1.58000000000000	0
1.58083333333333	0
1.58166666666667	0
1.58250000000000	0
1.58333333333333	0
1.58416666666667	0
1.58500000000000	0
1.58583333333333	0
1.58666666666667	0
1.58750000000000	0
1.58833333333333	0
1.58916666666667	0
1.59000000000000	0
1.59083333333333	0
1.59166666666667	0
1.59250000000000	0
1.59333333333333	0
1.59416666666667	0
1.59501666666667	0
1.59585000000000	0
1.59668333333333	0
1.59751666666667	0
1.59835000000000	0
1.59918333333333	0
1.60001666666667	0
1.60085000000000	0
1.60168333333333	0
1.60251666666667	0
1.60335000000000	0
1.60418333333333	0
1.60501666666667	0
1.60585000000000	23
1.60668333333333	46
1.60751666666667	23
1.60835000000000	0
1.60918333333333	0
1.61001666666667	0
1.61085000000000	0
1.61168333333333	0
1.61253333333333	0
1.61336666666667	0
1.61420000000000	0
1.61503333333333	179
1.61586666666667	123
1.61670000000000	68
1.61753333333333	0
1.61836666666667	0
1.61920000000000	0
1.62003333333333	0
1.62086666666667	0
1.62170000000000	0
1.62253333333333	0
1.62336666666667	0
1.62420000000000	0
1.62503333333333	0
1.62586666666667	0
1.62670000000000	0
1.62753333333333	0
1.62836666666667	0
1.62921666666667	0
1.63005000000000	0
1.63088333333333	0
1.63171666666667	0
1.63255000000000	0
1.63338333333333	0
1.63421666666667	0
1.63505000000000	0
1.63588333333333	0
1.63671666666667	0
1.63755000000000	0
1.63838333333333	0
1.63921666666667	0
1.64005000000000	0
1.64088333333333	0
1.64171666666667	0
1.64255000000000	0
1.64338333333333	0
1.64421666666667	0
1.64505000000000	0
1.64588333333333	0
1.64673333333333	0
1.64756666666667	0
1.64840000000000	0
1.64923333333333	0
1.65006666666667	0
1.65090000000000	0
1.65173333333333	0
1.65256666666667	0
1.65340000000000	0
1.65423333333333	0
1.65506666666667	0
1.65590000000000	0
1.65673333333333	0
1.65756666666667	0
1.65840000000000	0
1.65923333333333	0
1.66006666666667	0
1.66088333333333	0
1.66171666666667	0
1.66255000000000	0
1.66340000000000	0
1.66423333333333	0
1.66506666666667	0
1.66590000000000	0
1.66673333333333	0
1.66756666666667	0
1.66840000000000	0
1.66923333333333	0
1.67006666666667	0
1.67090000000000	0
1.67173333333333	0
1.67256666666667	0
1.67340000000000	0
1.67423333333333	0
1.67506666666667	0
1.67590000000000	0
1.67673333333333	0
1.67756666666667	0
1.67840000000000	0
1.67923333333333	0
1.68006666666667	0
1.68091666666667	0
1.68175000000000	0
1.68258333333333	0
1.68341666666667	0
1.68425000000000	0
1.68508333333333	0
1.68591666666667	0
1.68675000000000	0
1.68758333333333	0
1.68841666666667	0
1.68925000000000	0
1.69008333333333	200
1.69091666666667	401
1.69175000000000	348
1.69258333333333	591
1.69341666666667	0
1.69425000000000	0
1.69508333333333	0
1.69591666666667	0
1.69675000000000	0
1.69760000000000	0
1.69843333333333	0
1.69926666666667	0
1.70010000000000	0
1.70093333333333	0
1.70176666666667	0
1.70260000000000	0
1.70343333333333	0
1.70426666666667	0
1.70510000000000	0
1.70593333333333	0
1.70676666666667	0
1.70760000000000	0
1.70843333333333	0
1.70926666666667	0
1.71010000000000	0
1.71093333333333	0
1.71176666666667	0
1.71260000000000	0
1.71343333333333	0
1.71426666666667	0
1.71511666666667	0
1.71595000000000	0
1.71678333333333	0
1.71761666666667	0
1.71845000000000	0
1.71928333333333	0
1.72011666666667	0
1.72095000000000	0
1.72178333333333	0
1.72261666666667	0
1.72345000000000	0
1.72428333333333	0
1.72511666666667	0
1.72595000000000	0
1.72678333333333	0
1.72761666666667	0
1.72845000000000	0
1.72926666666667	0
1.73010000000000	0
1.73093333333333	0
1.73178333333333	0
1.73261666666667	0
1.73345000000000	0
1.73428333333333	0
1.73511666666667	14
1.73595000000000	7
1.73678333333333	0
1.73761666666667	0
1.73845000000000	0
1.73928333333333	0
1.74011666666667	0
1.74095000000000	0
1.74178333333333	0
1.74261666666667	0
1.74345000000000	0
1.74428333333333	0
1.74511666666667	0
1.74595000000000	0
1.74678333333333	0
1.74761666666667	0
1.74845000000000	0
1.74930000000000	0
1.75013333333333	0
1.75096666666667	0
1.75180000000000	0
1.75263333333333	0
1.75346666666667	0
1.75430000000000	0
1.75513333333333	0
1.75596666666667	0
1.75680000000000	0
1.75763333333333	0
1.75846666666667	0
1.75930000000000	0
1.76013333333333	0
1.76096666666667	0
1.76180000000000	0
1.76263333333333	0
1.76346666666667	0
1.76430000000000	0
1.76513333333333	0
1.76598333333333	0
1.76681666666667	0
1.76765000000000	0
1.76848333333333	0
1.76931666666667	0
1.77015000000000	0
1.77098333333333	0
1.77181666666667	0
1.77265000000000	0
1.77348333333333	0
1.77431666666667	0
1.77515000000000	0
1.77598333333333	0
1.77681666666667	0
1.77765000000000	0
1.77848333333333	0
1.77931666666667	0
1.78015000000000	0
1.78098333333333	0
1.78181666666667	0
1.78265000000000	0
1.78350000000000	0
1.78433333333333	0
1.78516666666667	0
1.78600000000000	0
1.78683333333333	0
1.78766666666667	0
1.78850000000000	0
1.78933333333333	0
1.79016666666667	0
1.79100000000000	0
1.79183333333333	0
1.79266666666667	0
1.79350000000000	0
1.79433333333333	0
1.79516666666667	0
1.79600000000000	0
1.79683333333333	0
1.79766666666667	0
1.79850000000000	0
1.79933333333333	0
1.80018333333333	0
1.80101666666667	0
1.80185000000000	0
1.80268333333333	0
1.80351666666667	0
1.80435000000000	0
1.80518333333333	0
1.80601666666667	0
1.80685000000000	0
1.80768333333333	0
1.80851666666667	0
1.80935000000000	0
1.81018333333333	0
1.81101666666667	0
1.81185000000000	0
1.81268333333333	0
1.81351666666667	0
1.81435000000000	0
1.81518333333333	0
1.81601666666667	0
1.81685000000000	0
1.81770000000000	0
1.81853333333333	0
1.81936666666667	0
1.82020000000000	0
1.82103333333333	0
1.82186666666667	0
1.82270000000000	0
1.82353333333333	0
1.82436666666667	0
1.82520000000000	0
1.82603333333333	0
1.82686666666667	0
1.82770000000000	0
1.82853333333333	0
1.82936666666667	0
1.83020000000000	0
1.83103333333333	0
1.83186666666667	0
1.83270000000000	0
1.83353333333333	0
1.83438333333333	0
1.83521666666667	0
1.83605000000000	0
1.83688333333333	0
1.83771666666667	0
1.83855000000000	0
1.83938333333333	0
1.84021666666667	0
1.84105000000000	0
1.84188333333333	0
1.84271666666667	0
1.84355000000000	0
1.84438333333333	0
1.84521666666667	0
1.84605000000000	0
1.84688333333333	0
1.84771666666667	0
1.84855000000000	0
1.84938333333333	0
1.85021666666667	0
1.85105000000000	0
1.85190000000000	0
1.85273333333333	0
1.85356666666667	0
1.85440000000000	0
1.85523333333333	0
1.85606666666667	0
1.85690000000000	0
1.85773333333333	0
1.85856666666667	0
1.85940000000000	0
1.86023333333333	0
1.86106666666667	0
1.86190000000000	0
1.86273333333333	0
1.86356666666667	0
1.86440000000000	0
1.86523333333333	0
1.86606666666667	0
1.86690000000000	0
1.86773333333333	0
1.86858333333333	0
1.86941666666667	0
1.87025000000000	0
1.87108333333333	0
1.87191666666667	0
1.87275000000000	0
1.87358333333333	0
1.87441666666667	0
1.87525000000000	0
1.87608333333333	0
1.87691666666667	0
1.87775000000000	0
1.87858333333333	0
1.87941666666667	0
1.88025000000000	0
1.88108333333333	0
1.88191666666667	0
1.88275000000000	0
1.88356666666667	0
1.88440000000000	0
1.88523333333333	0
1.88608333333333	0
1.88691666666667	0
1.88775000000000	0
1.88858333333333	0
1.88941666666667	0
1.89025000000000	0
1.89108333333333	0
1.89191666666667	0
1.89275000000000	0
1.89358333333333	0
1.89441666666667	0
1.89525000000000	0
1.89608333333333	0
1.89691666666667	0
1.89775000000000	0
1.89858333333333	0
1.89941666666667	0
1.90025000000000	0
1.90108333333333	0
1.90191666666667	0
1.90276666666667	0
1.90360000000000	0
1.90443333333333	0
1.90526666666667	0
1.90610000000000	0
1.90693333333333	0
1.90776666666667	126
1.90860000000000	63
1.90943333333333	0
1.91026666666667	0
1.91110000000000	0
1.91193333333333	0
1.91276666666667	0
1.91360000000000	0
1.91443333333333	0
1.91526666666667	0
1.91610000000000	0
1.91693333333333	0
1.91776666666667	0
1.91860000000000	0
1.91943333333333	0
1.92028333333333	0
1.92111666666667	0
1.92195000000000	0
1.92278333333333	0
1.92361666666667	0
1.92445000000000	0
1.92528333333333	0
1.92611666666667	0
1.92695000000000	0
1.92778333333333	0
1.92861666666667	0
1.92945000000000	0
1.93028333333333	0
1.93111666666667	0
1.93195000000000	0
1.93278333333333	0
1.93361666666667	0
1.93445000000000	0
1.93528333333333	0
1.93611666666667	0
1.93696666666667	0
1.93780000000000	0
1.93863333333333	0
1.93946666666667	0
1.94030000000000	0
1.94113333333333	0
1.94196666666667	15
1.94280000000000	8
1.94363333333333	0
1.94446666666667	0
1.94530000000000	0
1.94613333333333	0
1.94696666666667	0
1.94780000000000	0
1.94863333333333	0
1.94946666666667	0
1.95030000000000	0
1.95113333333333	0
1.95196666666667	0
1.95280000000000	0
1.95363333333333	0
1.95448333333333	0
1.95531666666667	0
1.95615000000000	0
1.95698333333333	0
1.95781666666667	0
1.95865000000000	0
1.95948333333333	0
1.96031666666667	0
1.96115000000000	0
1.96198333333333	0
1.96281666666667	0
1.96365000000000	0
1.96448333333333	0
1.96530000000000	0
1.96613333333333	0
1.96696666666667	0
1.96780000000000	0
1.96863333333333	0
1.96946666666667	0
1.97030000000000	0
1.97115000000000	0
1.97198333333333	0
1.97281666666667	0
1.97365000000000	0
1.97448333333333	0
1.97531666666667	0
1.97615000000000	0
1.97698333333333	0
1.97781666666667	0
1.97865000000000	0
1.97948333333333	0
1.98031666666667	0
1.98115000000000	0
1.98198333333333	0
1.98281666666667	0
1.98365000000000	0
1.98448333333333	0
1.98531666666667	0
1.98615000000000	0
1.98698333333333	0
1.98781666666667	0
1.98866666666667	0
1.98950000000000	0
1.99033333333333	0
1.99116666666667	0
1.99200000000000	0
1.99283333333333	0
1.99366666666667	0
1.99450000000000	0
1.99533333333333	0
1.99616666666667	0
1.99700000000000	0
1.99783333333333	0
1.99866666666667	0
1.99950000000000	0
2.00033333333333	0
2.00116666666667	0
2.00200000000000	0
2.00283333333333	0
2.00366666666667	0
2.00450000000000	0
2.00535000000000	275
2.00618333333333	138
2.00701666666667	0
2.00785000000000	0
2.00868333333333	15
2.00951666666667	0
2.01035000000000	0
2.01118333333333	0
2.01201666666667	0
2.01285000000000	0
2.01368333333333	0
2.01451666666667	0
2.01535000000000	0
2.01618333333333	0
2.01701666666667	26
2.01785000000000	20
2.01868333333333	14
2.01951666666667	0
2.02035000000000	0
2.02118333333333	0
2.02201666666667	0
2.02286666666667	0
2.02370000000000	0
2.02453333333333	0
2.02536666666667	0
2.02620000000000	0
2.02703333333333	0
2.02786666666667	0
2.02870000000000	0
2.02953333333333	0
2.03036666666667	0
2.03120000000000	0
2.03203333333333	0
2.03286666666667	0
2.03370000000000	0
2.03453333333333	0
2.03536666666667	0
2.03620000000000	0
2.03703333333333	0
2.03786666666667	0
2.03870000000000	0
2.03955000000000	8
2.04038333333333	4
2.04121666666667	0
2.04205000000000	0
2.04288333333333	0
2.04371666666667	0
2.04455000000000	0
2.04538333333333	0
2.04621666666667	0
2.04705000000000	0
2.04788333333333	0
2.04871666666667	0
2.04955000000000	0
2.05038333333333	0
2.05121666666667	0
2.05205000000000	0
2.05288333333333	0
2.05371666666667	0
2.05455000000000	0
2.05538333333333	14
2.05621666666667	7
2.05706666666667	0
2.05790000000000	0
2.05873333333333	0
2.05956666666667	0
2.06040000000000	0
2.06123333333333	0
2.06206666666667	453
2.06290000000000	450
2.06373333333333	0
2.06456666666667	0
2.06540000000000	0
2.06623333333333	0
2.06706666666667	0
2.06790000000000	0
2.06873333333333	0
2.06956666666667	0
2.07040000000000	0
2.07123333333333	0
2.07206666666667	0
2.07290000000000	0
2.07375000000000	0
2.07458333333333	0
2.07541666666667	0
2.07625000000000	0
2.07708333333333	0
2.07791666666667	0
2.07875000000000	0
2.07958333333333	0
2.08041666666667	0
2.08125000000000	0
2.08208333333333	0
2.08291666666667	0
2.08375000000000	0
2.08458333333333	0
2.08541666666667	0
2.08625000000000	0
2.08708333333333	0
2.08791666666667	0
2.08875000000000	0
2.08958333333333	0
2.09041666666667	0
2.09126666666667	0
2.09210000000000	0
2.09293333333333	0
2.09376666666667	0
2.09460000000000	0
2.09543333333333	0
2.09626666666667	0
2.09710000000000	0
2.09793333333333	0
2.09876666666667	0
2.09960000000000	0
2.10043333333333	0
2.10126666666667	0
2.10208333333333	0
2.10291666666667	0
2.10375000000000	0
2.10458333333333	0
2.10541666666667	0
2.10625000000000	0
2.10708333333333	0
2.10793333333333	0
2.10876666666667	0
2.10960000000000	0
2.11043333333333	0
2.11126666666667	0
2.11210000000000	0
2.11293333333333	0
2.11376666666667	0
2.11460000000000	0
2.11543333333333	0
2.11626666666667	0
2.11710000000000	0
2.11793333333333	0
2.11876666666667	0
2.11960000000000	0
2.12043333333333	0
2.12126666666667	0
2.12210000000000	0
2.12293333333333	0
2.12376666666667	0
2.12460000000000	0
2.12545000000000	0
2.12628333333333	0
2.12711666666667	0
2.12795000000000	0
2.12878333333333	0
2.12961666666667	0
2.13045000000000	0
2.13128333333333	0
2.13211666666667	0
2.13295000000000	0
2.13378333333333	0
2.13461666666667	0
2.13545000000000	0
2.13628333333333	0
2.13711666666667	0
2.13795000000000	0
2.13878333333333	0
2.13961666666667	0
2.14045000000000	0
2.14128333333333	0
2.14213333333333	0
2.14296666666667	0
2.14380000000000	0
2.14463333333333	0
2.14546666666667	0
2.14630000000000	0
2.14713333333333	0
2.14796666666667	0
2.14880000000000	0
2.14963333333333	0
2.15046666666667	0
2.15130000000000	0
2.15213333333333	0
2.15296666666667	0
2.15380000000000	0
2.15463333333333	0
2.15546666666667	0
2.15630000000000	0
2.15713333333333	0
2.15796666666667	0
2.15880000000000	0
2.15965000000000	0
2.16048333333333	0
2.16131666666667	0
2.16215000000000	0
2.16298333333333	0
2.16381666666667	0
2.16465000000000	0
2.16548333333333	0
2.16631666666667	0
2.16715000000000	0
2.16798333333333	0
2.16881666666667	0
2.16965000000000	0
2.17048333333333	0
2.17131666666667	0
2.17215000000000	0
2.17298333333333	0
2.17381666666667	0
2.17465000000000	0
2.17548333333333	0
2.17633333333333	0
2.17716666666667	0
2.17800000000000	0
2.17883333333333	0
2.17966666666667	0
2.18050000000000	0
2.18133333333333	0
2.18216666666667	0
2.18300000000000	343
2.18383333333333	171
2.18466666666667	0
2.18550000000000	0
2.18633333333333	73
2.18716666666667	0
2.18800000000000	0
2.18883333333333	0
2.18966666666667	0
2.19048333333333	0
2.19131666666667	0
2.19215000000000	0
2.19298333333333	0
2.19383333333333	0
2.19466666666667	0
2.19550000000000	0
2.19633333333333	0
2.19716666666667	0
2.19800000000000	0
2.19883333333333	0
2.19966666666667	0
2.20050000000000	0
2.20133333333333	0
2.20216666666667	0
2.20300000000000	0
2.20383333333333	0
2.20466666666667	0
2.20550000000000	0
2.20633333333333	0
2.20716666666667	0
2.20800000000000	0
2.20883333333333	0
2.20966666666667	0
2.21051666666667	0
2.21135000000000	7
2.21218333333333	3
2.21301666666667	0
2.21385000000000	0
2.21468333333333	0
2.21551666666667	0
2.21635000000000	0
2.21718333333333	0
2.21801666666667	0
2.21885000000000	0
2.21968333333333	0
2.22051666666667	0
2.22135000000000	0
2.22218333333333	0
2.22301666666667	0
2.22385000000000	0
2.22468333333333	0
2.22551666666667	0
2.22635000000000	0
2.22718333333333	0
2.22803333333333	14
2.22886666666667	7
2.22970000000000	0
2.23053333333333	0
2.23136666666667	0
2.23220000000000	0
2.23303333333333	0
2.23386666666667	0
2.23470000000000	0
2.23553333333333	0
2.23636666666667	0
2.23720000000000	0
2.23803333333333	0
2.23886666666667	0
2.23970000000000	0
2.24053333333333	0
2.24136666666667	0
2.24220000000000	0
2.24303333333333	0
2.24386666666667	0
2.24471666666667	0
2.24555000000000	0
2.24638333333333	0
2.24721666666667	0
2.24805000000000	0
2.24888333333333	0
2.24971666666667	0
2.25055000000000	0
2.25138333333333	0
2.25221666666667	0
2.25305000000000	0
2.25388333333333	0
2.25471666666667	0
2.25555000000000	0
2.25638333333333	0
2.25721666666667	0
2.25805000000000	0
2.25888333333333	0
2.25971666666667	0
2.26055000000000	0
2.26138333333333	0
2.26223333333333	0
2.26306666666667	0
2.26390000000000	0
2.26473333333333	0
2.26556666666667	0
2.26640000000000	0
2.26723333333333	0
2.26806666666667	0
2.26890000000000	0
2.26973333333333	0
2.27056666666667	0
2.27140000000000	0
2.27223333333333	0
2.27306666666667	0
2.27390000000000	0
2.27473333333333	0
2.27556666666667	0
2.27640000000000	0
2.27723333333333	0
2.27806666666667	0
2.27891666666667	0
2.27975000000000	0
2.28058333333333	0
2.28141666666667	0
2.28225000000000	0
2.28308333333333	0
2.28391666666667	0
2.28475000000000	0
2.28558333333333	0
2.28641666666667	0
2.28725000000000	0
2.28808333333333	0
2.28891666666667	0
2.28975000000000	0
2.29058333333333	0
2.29141666666667	0
2.29225000000000	0
2.29306666666667	0
2.29390000000000	0
2.29473333333333	0
2.29556666666667	0
2.29641666666667	0
2.29725000000000	0
2.29808333333333	0
2.29891666666667	0
2.29975000000000	0
2.30058333333333	0
2.30141666666667	0
2.30225000000000	0
2.30308333333333	0
2.30391666666667	0
2.30475000000000	0
2.30558333333333	0
2.30641666666667	0
2.30725000000000	0
2.30808333333333	0
2.30891666666667	0
2.30975000000000	0
2.31058333333333	0
2.31141666666667	0
2.31225000000000	0
2.31310000000000	0
2.31393333333333	0
2.31476666666667	0
2.31560000000000	0
2.31643333333333	0
2.31726666666667	0
2.31810000000000	0
2.31893333333333	0
2.31976666666667	0
2.32060000000000	0
2.32143333333333	0
2.32226666666667	0
2.32310000000000	0
2.32393333333333	0
2.32476666666667	0
2.32560000000000	0
2.32643333333333	0
2.32726666666667	0
2.32810000000000	0
2.32893333333333	0
2.32976666666667	0
2.33061666666667	0
2.33145000000000	0
2.33228333333333	0
2.33311666666667	0
2.33395000000000	0
2.33478333333333	0
2.33561666666667	0
2.33645000000000	0
2.33728333333333	0
2.33811666666667	0
2.33895000000000	0
2.33978333333333	0
2.34061666666667	0
2.34145000000000	0
2.34228333333333	0
2.34311666666667	0
2.34395000000000	0
2.34478333333333	0
2.34561666666667	0
2.34645000000000	0
2.34730000000000	0
2.34813333333333	0
2.34896666666667	0
2.34980000000000	0
2.35063333333333	0
2.35146666666667	0
2.35230000000000	0
2.35313333333333	0
2.35396666666667	0
2.35480000000000	0
2.35563333333333	0
2.35646666666667	0
2.35730000000000	0
2.35813333333333	0
2.35896666666667	0
2.35980000000000	0
2.36063333333333	0
2.36146666666667	13
2.36230000000000	13
2.36313333333333	0
2.36396666666667	0
2.36481666666667	13
2.36565000000000	0
2.36648333333333	0
2.36731666666667	0
2.36815000000000	0
2.36898333333333	0
2.36981666666667	0
2.37065000000000	0
2.37148333333333	0
2.37231666666667	0
2.37315000000000	0
2.37398333333333	0
2.37481666666667	0
2.37565000000000	0
2.37648333333333	0
2.37731666666667	0
2.37813333333333	0
2.37896666666667	21
2.37980000000000	11
2.38063333333333	0
2.38148333333333	0
2.38231666666667	0
2.38315000000000	0
2.38398333333333	0
2.38481666666667	0
2.38565000000000	0
2.38648333333333	0
2.38731666666667	0
2.38815000000000	0
2.38898333333333	0
2.38981666666667	0
2.39065000000000	0
2.39148333333333	0
2.39231666666667	0
2.39315000000000	0
2.39398333333333	0
2.39481666666667	0
2.39565000000000	0
2.39648333333333	0
2.39731666666667	0
2.39815000000000	0
2.39900000000000	0
2.39983333333333	0
2.40066666666667	0
2.40150000000000	0
2.40233333333333	0
2.40316666666667	0
2.40400000000000	0
2.40483333333333	0
2.40566666666667	0
2.40650000000000	0
2.40733333333333	0
2.40816666666667	0
2.40900000000000	0
2.40983333333333	0
2.41066666666667	0
2.41150000000000	0
2.41233333333333	0
2.41316666666667	0
2.41400000000000	0
2.41483333333333	0
2.41568333333333	0
2.41651666666667	0
2.41735000000000	0
2.41818333333333	0
2.41901666666667	0
2.41985000000000	0
2.42068333333333	0
2.42151666666667	0
2.42235000000000	0
2.42318333333333	0
2.42401666666667	0
2.42485000000000	0
2.42568333333333	0
2.42651666666667	0
2.42735000000000	0
2.42818333333333	0
2.42901666666667	0
2.42985000000000	0
2.43068333333333	0
2.43151666666667	0
2.43235000000000	0
2.43320000000000	0
2.43403333333333	0
2.43486666666667	0
2.43570000000000	0
2.43653333333333	0
2.43736666666667	0
2.43820000000000	0
2.43903333333333	0
2.43986666666667	0
2.44070000000000	0
2.44153333333333	0
2.44236666666667	0
2.44320000000000	0
2.44403333333333	0
2.44486666666667	0
2.44570000000000	0
2.44653333333333	0
2.44736666666667	0
2.44820000000000	0
2.44903333333333	0
2.44988333333333	0
2.45071666666667	0
2.45155000000000	0
2.45238333333333	0
2.45321666666667	0
2.45405000000000	0
2.45488333333333	0
2.45571666666667	0
2.45655000000000	0
2.45738333333333	0
2.45821666666667	0
2.45905000000000	0
2.45988333333333	0
2.46071666666667	0
2.46155000000000	0
2.46238333333333	0
2.46321666666667	0
2.46405000000000	0
2.46488333333333	0
2.46571666666667	0
2.46655000000000	0
2.46740000000000	0
2.46823333333333	0
2.46906666666667	0
2.46990000000000	0
2.47073333333333	0
2.47156666666667	0
2.47240000000000	0
2.47323333333333	0
2.47406666666667	0
2.47490000000000	0
2.47573333333333	0
2.47656666666667	0
2.47740000000000	0
2.47823333333333	0
2.47906666666667	0
2.47990000000000	0
2.48073333333333	0
2.48156666666667	0
2.48240000000000	0
2.48323333333333	0
2.48408333333333	0
2.48491666666667	0
2.48575000000000	0
2.48658333333333	0
2.48741666666667	0
2.48825000000000	0
2.48908333333333	0
2.48991666666667	0
2.49075000000000	0
2.49158333333333	0
2.49241666666667	0
2.49325000000000	0
2.49408333333333	0
2.49491666666667	0
2.49575000000000	0
2.49658333333333	0
2.49741666666667	0
2.49823333333333	0
2.49906666666667	0
2.49990000000000	0
2.50073333333333	0
2.50158333333333	0
2.50241666666667	0
2.50325000000000	0
2.50408333333333	0
2.50491666666667	0
2.50575000000000	0
2.50658333333333	0
2.50741666666667	0
2.50825000000000	0
2.50908333333333	0
2.50991666666667	0
2.51075000000000	0
2.51158333333333	0
2.51241666666667	0
2.51325000000000	0
2.51408333333333	0
2.51491666666667	0
2.51575000000000	0
2.51658333333333	0
2.51741666666667	0
2.51826666666667	0
2.51910000000000	0
2.51993333333333	0
2.52076666666667	0
2.52160000000000	0
2.52243333333333	0
2.52326666666667	0
2.52410000000000	0
2.52493333333333	0
2.52576666666667	0
2.52660000000000	0
2.52743333333333	0
2.52826666666667	0
2.52910000000000	0
2.52993333333333	0
2.53076666666667	0
2.53160000000000	0
2.53243333333333	0
2.53326666666667	0
2.53410000000000	0
2.53493333333333	0
2.53578333333333	0
2.53661666666667	0
2.53745000000000	0
2.53828333333333	0
2.53911666666667	0
2.53995000000000	0
2.54078333333333	0
2.54161666666667	0
2.54245000000000	0
2.54328333333333	0
2.54411666666667	0
2.54495000000000	0
2.54578333333333	0
2.54661666666667	0
2.54745000000000	0
2.54828333333333	0
2.54911666666667	0
2.54995000000000	0
2.55078333333333	0
2.55161666666667	0
2.55246666666667	0
2.55330000000000	0
2.55413333333333	0
2.55496666666667	0
2.55580000000000	0
2.55663333333333	0
2.55746666666667	0
2.55830000000000	0
2.55913333333333	0
2.55996666666667	0
2.56080000000000	0
2.56163333333333	0
2.56246666666667	0
2.56330000000000	0
2.56413333333333	0
2.56496666666667	0
2.56580000000000	0
2.56663333333333	0
2.56746666666667	0
2.56828333333333	0
2.56911666666667	0
2.56996666666667	0
2.57080000000000	0
2.57163333333333	0
2.57246666666667	0
2.57330000000000	0
2.57413333333333	0
2.57496666666667	0
2.57580000000000	0
2.57663333333333	0
2.57746666666667	0
2.57830000000000	0
2.57913333333333	0
2.57996666666667	0
2.58080000000000	0
2.58163333333333	0
2.58246666666667	0
2.58330000000000	0
2.58413333333333	0
2.58496666666667	0
2.58580000000000	0
2.58665000000000	0
2.58748333333333	0
2.58831666666667	0
2.58915000000000	0
2.58998333333333	0
2.59081666666667	0
2.59165000000000	0
2.59248333333333	0
2.59331666666667	0
2.59415000000000	0
2.59498333333333	0
2.59581666666667	0
2.59665000000000	0
2.59748333333333	0
2.59831666666667	0
2.59915000000000	0
2.59998333333333	0
2.60081666666667	0
2.60165000000000	0
2.60248333333333	0
2.60331666666667	0
2.60416666666667	0
2.60500000000000	0
2.60583333333333	0
2.60666666666667	0
2.60750000000000	0
2.60833333333333	0
2.60916666666667	0
2.61000000000000	0
2.61083333333333	0
2.61166666666667	0
2.61250000000000	0
2.61333333333333	0
2.61416666666667	0
2.61500000000000	0
2.61583333333333	0
2.61666666666667	0
2.61750000000000	0
2.61833333333333	0
2.61916666666667	0
2.62000000000000	0
2.62085000000000	0
2.62168333333333	0
2.62251666666667	0
2.62335000000000	0
2.62418333333333	0
2.62501666666667	0
2.62585000000000	0
2.62668333333333	0
2.62751666666667	0
2.62835000000000	0
2.62918333333333	0
2.63001666666667	0
2.63085000000000	0
2.63168333333333	0
2.63251666666667	0
2.63335000000000	0
2.63418333333333	0
2.63501666666667	0
2.63585000000000	0
2.63668333333333	0
2.63751666666667	0
2.63836666666667	0
2.63920000000000	0
2.64003333333333	0
2.64086666666667	0
2.64170000000000	0
2.64253333333333	0
2.64336666666667	0
2.64420000000000	0
2.64503333333333	0
2.64586666666667	0
2.64670000000000	0
2.64753333333333	0
2.64836666666667	0
2.64920000000000	0
2.65003333333333	0
2.65086666666667	0
2.65170000000000	0
2.65253333333333	0
2.65336666666667	14
2.65420000000000	7
2.65505000000000	0
2.65588333333333	0
2.65671666666667	0
2.65755000000000	0
2.65838333333333	0
2.65921666666667	0
2.66005000000000	0
2.66088333333333	0
2.66171666666667	0
2.66255000000000	0
2.66338333333333	0
2.66421666666667	0
2.66505000000000	0
2.66588333333333	0
2.66671666666667	0
2.66755000000000	0
2.66838333333333	0
2.66921666666667	0
2.67005000000000	0
2.67088333333333	0
2.67171666666667	0
2.67256666666667	0
2.67340000000000	0
2.67423333333333	0
2.67506666666667	0
2.67590000000000	0
2.67673333333333	0
2.67756666666667	0
2.67840000000000	141
2.67923333333333	71
2.68006666666667	0
2.68090000000000	66
2.68173333333333	0
2.68256666666667	0
2.68340000000000	0
2.68423333333333	0
2.68506666666667	0
2.68590000000000	0
2.68673333333333	0
2.68756666666667	0
2.68840000000000	0
2.68925000000000	0
2.69008333333333	0
2.69091666666667	0
2.69175000000000	0
2.69258333333333	0
2.69341666666667	0
2.69425000000000	0
2.69508333333333	0
2.69591666666667	0
2.69675000000000	0
2.69758333333333	0
2.69841666666667	0
2.69925000000000	0
2.70008333333333	0
2.70091666666667	0
2.70175000000000	0
2.70258333333333	0
2.70341666666667	13
2.70425000000000	7
2.70508333333333	0
2.70590000000000	0
2.70675000000000	0
2.70758333333333	0
2.70841666666667	0
2.70925000000000	0
2.71008333333333	0
2.71091666666667	0
2.71175000000000	0
2.71258333333333	0
2.71341666666667	0
2.71425000000000	0
2.71508333333333	0
2.71591666666667	0
2.71675000000000	0
2.71758333333333	28
2.71841666666667	56
2.71925000000000	28
2.72008333333333	0
2.72091666666667	0
2.72175000000000	240
2.72258333333333	243
2.72343333333333	0
2.72426666666667	0
2.72510000000000	0
2.72593333333333	0
2.72676666666667	0
2.72760000000000	0
2.72843333333333	0
2.72926666666667	0
2.73010000000000	0
2.73093333333333	0
2.73176666666667	0
2.73260000000000	0
2.73343333333333	0
2.73426666666667	0
2.73510000000000	0
2.73593333333333	0
2.73676666666667	0
2.73760000000000	0
2.73843333333333	0
2.73926666666667	0
2.74010000000000	0
2.74095000000000	0
2.74178333333333	0
2.74261666666667	0
2.74345000000000	0
2.74428333333333	0
2.74511666666667	0
2.74595000000000	0
2.74678333333333	0
2.74761666666667	87
2.74845000000000	43
2.74928333333333	0
2.75011666666667	0
2.75095000000000	0
2.75178333333333	0
2.75261666666667	0
2.75345000000000	0
2.75428333333333	0
2.75511666666667	0
2.75595000000000	0
2.75678333333333	0
2.75763333333333	0
2.75846666666667	0
2.75930000000000	0
2.76013333333333	0
2.76096666666667	0
2.76180000000000	0
2.76263333333333	0
2.76346666666667	0
2.76430000000000	0
2.76513333333333	0
2.76596666666667	0
2.76680000000000	0
2.76763333333333	0
2.76846666666667	0
2.76930000000000	0
2.77013333333333	0
2.77096666666667	0
2.77180000000000	0
2.77261666666667	0
2.77345000000000	0
2.77428333333333	0
2.77513333333333	0
2.77596666666667	0
2.77680000000000	0
2.77763333333333	0
2.77846666666667	0
2.77930000000000	0
2.78013333333333	0
2.78096666666667	0
2.78180000000000	0
2.78263333333333	0
2.78346666666667	0
2.78430000000000	0
2.78513333333333	0
2.78596666666667	0
2.78680000000000	0
2.78763333333333	0
2.78846666666667	0
2.78930000000000	0
2.79013333333333	0
2.79096666666667	0
2.79181666666667	0
2.79265000000000	0
2.79348333333333	0
2.79431666666667	0
2.79515000000000	0
2.79598333333333	0
2.79681666666667	0
2.79765000000000	0
2.79848333333333	0
2.79931666666667	0
2.80015000000000	0
2.80098333333333	0
2.80181666666667	0
2.80265000000000	0
2.80348333333333	0
2.80431666666667	0
2.80515000000000	0
2.80598333333333	0
2.80681666666667	0
2.80765000000000	0
2.80848333333333	0
2.80933333333333	0
2.81016666666667	0
2.81100000000000	0
2.81183333333333	0
2.81266666666667	0
2.81350000000000	0
2.81433333333333	0
2.81516666666667	0
2.81600000000000	0
2.81683333333333	0
2.81766666666667	0
2.81850000000000	0
2.81933333333333	0
2.82016666666667	248
2.82100000000000	124
2.82183333333333	0
2.82266666666667	0
2.82350000000000	0
2.82433333333333	0
2.82516666666667	0
2.82601666666667	0
2.82685000000000	0
2.82768333333333	0
2.82851666666667	0
2.82935000000000	0
2.83018333333333	0
2.83101666666667	0
2.83185000000000	0
2.83268333333333	0
2.83351666666667	0
2.83435000000000	0
2.83518333333333	0
2.83601666666667	0
2.83685000000000	0
2.83768333333333	0
2.83851666666667	0
2.83935000000000	0
2.84018333333333	0
2.84100000000000	0
2.84183333333333	0
2.84266666666667	0
2.84351666666667	0
2.84435000000000	0
2.84518333333333	0
2.84601666666667	13
2.84685000000000	182
2.84768333333333	393
2.84851666666667	302
2.84935000000000	0
2.85018333333333	207
2.85101666666667	0
2.85185000000000	0
2.85268333333333	0
2.85351666666667	0
2.85435000000000	0
2.85518333333333	0
2.85601666666667	0
2.85685000000000	88
2.85768333333333	44
2.85851666666667	0
2.85935000000000	0
2.86020000000000	0
2.86103333333333	0
2.86186666666667	0
2.86270000000000	0
2.86353333333333	0
2.86436666666667	0
2.86520000000000	0
2.86603333333333	0
2.86686666666667	0
2.86770000000000	0
2.86853333333333	0
2.86936666666667	0
2.87020000000000	0
2.87103333333333	0
2.87186666666667	0
2.87270000000000	0
2.87353333333333	0
2.87436666666667	0
2.87520000000000	0
2.87603333333333	0
2.87686666666667	0
2.87771666666667	0
2.87855000000000	0
2.87938333333333	0
2.88021666666667	0
2.88105000000000	0
2.88188333333333	0
2.88271666666667	0
2.88355000000000	0
2.88438333333333	0
2.88521666666667	0
2.88605000000000	0
2.88688333333333	0
2.88771666666667	0
2.88855000000000	0
2.88938333333333	0
2.89021666666667	0
2.89105000000000	0
2.89188333333333	0
2.89271666666667	0
2.89355000000000	0
2.89440000000000	0
2.89523333333333	0
2.89606666666667	0
2.89690000000000	0
2.89773333333333	0
2.89856666666667	0
2.89940000000000	0
2.90023333333333	0
2.90106666666667	0
2.90190000000000	0
2.90273333333333	0
2.90356666666667	0
2.90440000000000	0
2.90523333333333	0
2.90606666666667	0
2.90690000000000	0
2.90773333333333	0
2.90856666666667	0
2.90940000000000	0
2.91023333333333	0
2.91106666666667	0
2.91191666666667	0
2.91275000000000	0
2.91358333333333	0
2.91441666666667	0
2.91525000000000	0
2.91608333333333	0
2.91691666666667	0
2.91775000000000	0
2.91858333333333	0
2.91941666666667	0
2.92025000000000	0
2.92108333333333	0
2.92191666666667	0
2.92275000000000	0
2.92358333333333	0
2.92441666666667	0
2.92525000000000	0
2.92606666666667	0
2.92690000000000	0
2.92773333333333	0
2.92858333333333	0
2.92941666666667	0
2.93025000000000	0
2.93108333333333	0
2.93191666666667	0
2.93275000000000	0
2.93358333333333	0
2.93441666666667	0
2.93525000000000	0
2.93608333333333	0
2.93691666666667	0
2.93775000000000	0
2.93858333333333	0
2.93941666666667	0
2.94025000000000	0
2.94108333333333	0
2.94191666666667	0
2.94275000000000	0
2.94358333333333	0
2.94441666666667	0
2.94525000000000	0
2.94610000000000	0
2.94693333333333	0
2.94776666666667	0
2.94860000000000	0
2.94943333333333	0
2.95026666666667	0
2.95110000000000	0
2.95193333333333	0
2.95276666666667	0
2.95360000000000	0
2.95443333333333	0
2.95526666666667	0
2.95610000000000	0
2.95693333333333	0
2.95776666666667	0
2.95860000000000	0
2.95943333333333	0
2.96026666666667	0
2.96110000000000	0
2.96193333333333	0
2.96278333333333	0
2.96361666666667	0
2.96445000000000	0
2.96528333333333	0
2.96611666666667	0
2.96695000000000	0
2.96778333333333	0
2.96861666666667	0
2.96945000000000	0
2.97028333333333	0
2.97111666666667	0
2.97195000000000	0
2.97278333333333	0
2.97361666666667	0
2.97445000000000	0
2.97528333333333	0
2.97611666666667	0
2.97695000000000	0
2.97778333333333	0
2.97861666666667	0
2.97945000000000	0
2.98030000000000	0
2.98113333333333	0
2.98196666666667	0
2.98280000000000	0
2.98363333333333	0
2.98446666666667	0
2.98530000000000	0
2.98613333333333	0
2.98696666666667	0
2.98780000000000	0
2.98863333333333	0
2.98946666666667	0
2.99030000000000	0
2.99113333333333	0
2.99196666666667	0
2.99280000000000	0
2.99363333333333	0
2.99446666666667	0
2.99530000000000	0
2.99613333333333	0
2.99698333333333	0
2.99781666666667	0
2.99865000000000	0
2.99948333333333	0
