0.50328333333333	0
0.50661666666667	0
0.50995000000000	0
0.51328333333333	0
0.51661666666667	0
0.51995000000000	0
0.52330000000000	0
0.52663333333333	0
0.52996666666667	0
0.53330000000000	0
0.53663333333333	0
0.53996666666667	0
0.54330000000000	0
0.54663333333333	0
0.54996666666667	0
0.55330000000000	0
0.55661666666667	0
0.55996666666667	0
0.56330000000000	0
0.56663333333333	0
0.56996666666667	0
0.57328333333333	0
0.57663333333333	0
0.57996666666667	0
0.58330000000000	0
0.58663333333333	0
0.58996666666667	0
0.59328333333333	0
0.59663333333333	0
0.59996666666667	0
0.60330000000000	0
0.60663333333333	0
0.60995000000000	0
0.61330000000000	0
0.61663333333333	0
0.61996666666667	0
0.62328333333333	0
0.62663333333333	0
0.62996666666667	0
0.63330000000000	0
0.63663333333333	0
0.63996666666667	0
0.64330000000000	0
0.64663333333333	0
0.64996666666667	0
0.65330000000000	0
0.65663333333333	0
0.65996666666667	0
0.66330000000000	0
0.66661666666667	0
0.66996666666667	0
0.67330000000000	0
0.67661666666667	0
0.67996666666667	0
0.68330000000000	0
0.68663333333333	0
0.68996666666667	0
0.69330000000000	0
0.69663333333333	0
0.69996666666667	0
0.70330000000000	0
0.70663333333333	0
0.70996666666667	0
0.71330000000000	0
0.71663333333333	0
0.71995000000000	0
0.72330000000000	0
0.72663333333333	0
0.72996666666667	0
0.73330000000000	0
0.73663333333333	0
0.73996666666667	0
0.74330000000000	0
0.74663333333333	0
0.74996666666667	0
0.75330000000000	0
0.75663333333333	0
0.75996666666667	0
0.76330000000000	0
0.76663333333333	0
0.76995000000000	0
0.77330000000000	0
0.77661666666667	0
0.77996666666667	0
0.78330000000000	0
0.78663333333333	2
0.78996666666667	1
0.79330000000000	0
0.79663333333333	0
0.79996666666667	0
0.80330000000000	0
0.80663333333333	0
0.80996666666667	0
0.81330000000000	0
0.81663333333333	0
0.81996666666667	0
0.82330000000000	0
0.82663333333333	0
0.82996666666667	0
0.83330000000000	0
0.83663333333333	0
0.83996666666667	0
0.84330000000000	0
0.84663333333333	0
0.84996666666667	0
0.85330000000000	0
0.85663333333333	0
0.85996666666667	0
0.86330000000000	0
0.86663333333333	0
0.86996666666667	0
0.87330000000000	0
0.87663333333333	0
0.87996666666667	0
0.88330000000000	0
0.88663333333333	0
0.88996666666667	0
0.89330000000000	0
0.89663333333333	0
0.89996666666667	0
0.90330000000000	0
0.90663333333333	0
0.90996666666667	0
0.91330000000000	0
0.91663333333333	0
0.91996666666667	0
0.92330000000000	0
0.92663333333333	0
0.92996666666667	0
0.93330000000000	0
0.93663333333333	0
0.93996666666667	0
0.94330000000000	2
0.94663333333333	1
0.94996666666667	0
0.95330000000000	0
0.95663333333333	5
0.95996666666667	10
0.96330000000000	7
0.96663333333333	4
0.96996666666667	0
0.97330000000000	0
0.97663333333333	0
0.97996666666667	154
0.98330000000000	190
0.98663333333333	0
0.98996666666667	88
0.99328333333333	0
0.99663333333333	61
0.99996666666667	9
1.00330000000000	32
1.00661666666667	55
1.00996666666667	162
1.01328333333333	282
1.01663333333333	421
1.01996666666667	472
1.02328333333333	196
1.02663333333333	358
1.02995000000000	454
1.03328333333333	711
1.03663333333333	846
1.03996666666667	317
1.04330000000000	663
1.04663333333333	318
1.04996666666667	425
1.05330000000000	531
1.05663333333333	877
1.05996666666667	1223
1.06330000000000	1167
1.06663333333333	1123
1.06996666666667	1811
1.07330000000000	1834
1.07663333333333	1572
1.07996666666667	1734
1.08330000000000	2827
1.08663333333333	3075
1.08996666666667	3540
1.09330000000000	3062
1.09663333333333	6112
1.09996666666667	7981
1.10330000000000	13676
1.10663333333333	23760
1.10996666666667	32880
1.11330000000000	37120
1.11663333333333	44528
1.11996666666667	54720
1.12330000000000	52016
1.12663333333333	43408
1.12996666666667	39120
1.13330000000000	38112
1.13663333333333	29732
1.13996666666667	33328
1.14330000000000	25188
1.14663333333333	21936
1.14996666666667	19972
1.15330000000000	18032
1.15663333333333	14312
1.15996666666667	14848
1.16330000000000	11828
1.16663333333333	9736
1.16996666666667	8980
1.17330000000000	7823
1.17663333333333	7602
1.17996666666667	6935
1.18330000000000	5872
1.18663333333333	5595
1.18996666666667	5669
1.19330000000000	5001
1.19663333333333	4596
1.19996666666667	3421
1.20330000000000	4456
1.20663333333333	2759
1.20996666666667	2769
1.21330000000000	3696
1.21663333333333	1715
1.21996666666667	2082
1.22330000000000	1898
1.22663333333333	1606
1.22996666666667	1401
1.23330000000000	1242
1.23663333333333	1154
1.23996666666667	1067
1.24330000000000	1113
1.24663333333333	602
1.24996666666667	449
1.25330000000000	767
1.25663333333333	373
1.25996666666667	733
1.26330000000000	734
1.26663333333333	376
1.26996666666667	748
1.27330000000000	640
1.27663333333333	609
1.27996666666667	376
1.28330000000000	336
1.28663333333333	545
1.28996666666667	111
1.29330000000000	439
1.29663333333333	208
1.29996666666667	174
1.30330000000000	273
1.30663333333333	234
1.30996666666667	196
1.31330000000000	248
1.31663333333333	199
1.31996666666667	150
1.32330000000000	176
1.32661666666667	0
1.32996666666667	0
1.33330000000000	113
1.33663333333333	56
1.33996666666667	0
1.34330000000000	238
1.34663333333333	167
1.34996666666667	95
1.35330000000000	303
1.35663333333333	314
1.35996666666667	104
1.36330000000000	113
1.36663333333333	110
1.36996666666667	41
1.37330000000000	84
1.37663333333333	79
1.37996666666667	114
1.38330000000000	380
1.38663333333333	304
1.38996666666667	365
1.39330000000000	15
1.39663333333333	126
1.39996666666667	255
1.40330000000000	8
1.40663333333333	52
1.40996666666667	0
1.41328333333333	11
1.41661666666667	24
1.41996666666667	18
1.42330000000000	12
1.42663333333333	66
1.42995000000000	121
1.43328333333333	187
1.43663333333333	141
1.43996666666667	148
1.44330000000000	109
1.44663333333333	12
1.44996666666667	6
1.45330000000000	0
1.45663333333333	33
1.45996666666667	18
1.46330000000000	4
1.46661666666667	0
1.46995000000000	0
1.47328333333333	35
1.47663333333333	71
1.47996666666667	85
1.48330000000000	100
1.48663333333333	65
1.48995000000000	37
1.49330000000000	109
1.49663333333333	77
1.49996666666667	0
1.50330000000000	41
1.50661666666667	82
1.50996666666667	41
1.51330000000000	0
1.51663333333333	0
1.51996666666667	5
1.52330000000000	10
1.52661666666667	5
1.52996666666667	0
1.53330000000000	0
1.53663333333333	0
1.53996666666667	206
1.54330000000000	275
1.54663333333333	87
1.54996666666667	0
1.55330000000000	102
1.55663333333333	53
1.55996666666667	3
1.56330000000000	0
1.56663333333333	6
1.56996666666667	44
1.57330000000000	57
1.57663333333333	70
1.57996666666667	53
1.58330000000000	80
1.58663333333333	108
1.58996666666667	0
1.59330000000000	140
1.59663333333333	0
1.59996666666667	0
1.60330000000000	0
1.60663333333333	0
1.60996666666667	0
1.61330000000000	0
1.61663333333333	0
1.61996666666667	0
1.62330000000000	0
1.62663333333333	0
1.62996666666667	80
1.63330000000000	40
1.63663333333333	0
1.63996666666667	0
1.64330000000000	0
1.64663333333333	0
1.64996666666667	0
1.65330000000000	0
1.65663333333333	36
1.65996666666667	18
1.66330000000000	0
1.66663333333333	48
1.66996666666667	24
1.67330000000000	0
1.67663333333333	0
1.67996666666667	0
1.68330000000000	0
1.68663333333333	0
1.68996666666667	4
1.69330000000000	52
1.69663333333333	54
1.69996666666667	55
1.70330000000000	167
1.70663333333333	176
1.70995000000000	185
1.71330000000000	81
1.71663333333333	0
1.71996666666667	0
1.72330000000000	0
1.72663333333333	0
1.72996666666667	0
1.73330000000000	0
1.73663333333333	0
1.73996666666667	0
1.74330000000000	0
1.74663333333333	0
1.74996666666667	3
1.75330000000000	73
1.75663333333333	73
1.75996666666667	74
1.76330000000000	0
1.76663333333333	0
1.76996666666667	0
1.77330000000000	0
1.77663333333333	0
1.77996666666667	0
1.78330000000000	0
1.78663333333333	0
1.78996666666667	0
1.79330000000000	104
1.79663333333333	53
1.79996666666667	3
1.80330000000000	0
1.80663333333333	0
1.80996666666667	0
1.81330000000000	0
1.81663333333333	0
1.81996666666667	0
1.82330000000000	0
1.82663333333333	0
1.82996666666667	0
1.83330000000000	46
1.83663333333333	84
1.83996666666667	121
1.84330000000000	104
1.84663333333333	85
1.84996666666667	67
1.85330000000000	0
1.85661666666667	0
1.85996666666667	3
1.86330000000000	0
1.86663333333333	0
1.86996666666667	26
1.87330000000000	16
1.87663333333333	7
1.87996666666667	0
1.88330000000000	0
1.88663333333333	0
1.88996666666667	0
1.89330000000000	0
1.89663333333333	126
1.89996666666667	116
1.90330000000000	130
1.90663333333333	0
1.90996666666667	3
1.91330000000000	0
1.91663333333333	41
1.91996666666667	21
1.92330000000000	0
1.92663333333333	2
1.92996666666667	3
1.93330000000000	0
1.93663333333333	0
1.93996666666667	0
1.94330000000000	65
1.94661666666667	34
1.94996666666667	3
1.95330000000000	2
1.95663333333333	0
1.95996666666667	0
1.96330000000000	0
1.96663333333333	0
1.96996666666667	0
1.97330000000000	0
1.97663333333333	115
1.97996666666667	91
1.98330000000000	0
1.98663333333333	71
1.98996666666667	132
1.99330000000000	0
1.99663333333333	0
1.99996666666667	87
2.00330000000000	0
2.00663333333333	0
2.00996666666667	0
2.01330000000000	15
2.01663333333333	102
2.01996666666667	51
2.02330000000000	0
2.02663333333333	109
2.02996666666667	0
2.03330000000000	0
2.03663333333333	40
2.03996666666667	0
2.04330000000000	0
2.04663333333333	0
2.04996666666667	0
2.05330000000000	0
2.05663333333333	0
2.05995000000000	0
2.06330000000000	0
2.06663333333333	0
2.06995000000000	0
2.07330000000000	0
2.07663333333333	0
2.07996666666667	0
2.08330000000000	0
2.08663333333333	0
2.08996666666667	0
2.09330000000000	0
2.09663333333333	0
2.09996666666667	0
2.10330000000000	0
2.10663333333333	0
2.10996666666667	0
2.11330000000000	0
2.11663333333333	0
2.11996666666667	0
2.12330000000000	0
2.12663333333333	0
2.12996666666667	0
2.13330000000000	0
2.13663333333333	0
2.13996666666667	0
2.14330000000000	0
2.14663333333333	0
2.14996666666667	0
2.15330000000000	0
2.15663333333333	0
2.15996666666667	42
2.16330000000000	83
2.16663333333333	42
2.16996666666667	0
2.17330000000000	0
2.17663333333333	3
2.17996666666667	0
2.18330000000000	0
2.18663333333333	0
2.18996666666667	0
2.19330000000000	0
2.19663333333333	0
2.19996666666667	0
2.20330000000000	0
2.20663333333333	0
2.20996666666667	0
2.21330000000000	0
2.21663333333333	0
2.21996666666667	0
2.22330000000000	40
2.22663333333333	86
2.22996666666667	43
2.23330000000000	0
2.23663333333333	82
2.23996666666667	0
2.24330000000000	0
2.24663333333333	17
2.24996666666667	8
2.25330000000000	0
2.25663333333333	0
2.25996666666667	0
2.26330000000000	0
2.26663333333333	0
2.26996666666667	0
2.27330000000000	0
2.27663333333333	8
2.27996666666667	4
2.28330000000000	0
2.28663333333333	0
2.28996666666667	7
2.29330000000000	4
2.29663333333333	0
2.29996666666667	0
2.30330000000000	0
2.30663333333333	0
2.30996666666667	77
2.31330000000000	66
2.31663333333333	87
2.31996666666667	0
2.32330000000000	116
2.32663333333333	39
2.32996666666667	0
2.33330000000000	0
2.33663333333333	6
2.33996666666667	0
2.34330000000000	0
2.34663333333333	0
2.34996666666667	0
2.35330000000000	0
2.35663333333333	0
2.35996666666667	0
2.36330000000000	0
2.36663333333333	0
2.36996666666667	0
2.37330000000000	0
2.37663333333333	0
2.37996666666667	0
2.38330000000000	0
2.38663333333333	0
2.38996666666667	0
2.39330000000000	0
2.39663333333333	0
2.39996666666667	0
2.40330000000000	0
2.40663333333333	0
2.40996666666667	0
2.41330000000000	58
2.41663333333333	69
2.41996666666667	0
2.42330000000000	109
2.42663333333333	0
2.42996666666667	0
2.43330000000000	2
2.43663333333333	4
2.43996666666667	2
2.44330000000000	0
2.44663333333333	63
2.44996666666667	146
2.45330000000000	141
2.45663333333333	168
2.45995000000000	207
2.46330000000000	0
2.46663333333333	0
2.46996666666667	0
2.47330000000000	0
2.47663333333333	0
2.47996666666667	0
2.48330000000000	55
2.48663333333333	28
2.48996666666667	0
2.49330000000000	3
2.49663333333333	0
2.49995000000000	0
2.50330000000000	0
2.50663333333333	0
2.50996666666667	0
2.51330000000000	0
2.51661666666667	0
2.51996666666667	0
2.52330000000000	0
2.52663333333333	20
2.52996666666667	10
2.53330000000000	0
2.53663333333333	0
2.53996666666667	0
2.54330000000000	0
2.54663333333333	0
2.54996666666667	0
2.55330000000000	59
2.55663333333333	117
2.55996666666667	101
2.56330000000000	0
2.56663333333333	84
2.56996666666667	0
2.57330000000000	118
2.57663333333333	95
2.57996666666667	3
2.58330000000000	0
2.58663333333333	33
2.58996666666667	16
2.59330000000000	0
2.59663333333333	0
2.59996666666667	0
2.60330000000000	0
2.60663333333333	0
2.60996666666667	0
2.61330000000000	0
2.61663333333333	0
2.61996666666667	0
2.62330000000000	0
2.62663333333333	0
2.62996666666667	27
2.63330000000000	13
2.63663333333333	0
2.63996666666667	0
2.64330000000000	0
2.64663333333333	0
2.64996666666667	0
2.65330000000000	0
2.65663333333333	0
2.65996666666667	0
2.66330000000000	0
2.66663333333333	0
2.66996666666667	0
2.67330000000000	0
2.67663333333333	0
2.67996666666667	3
2.68330000000000	2
2.68663333333333	0
2.68996666666667	2
2.69330000000000	4
2.69663333333333	27
2.69996666666667	14
2.70330000000000	0
2.70663333333333	128
2.70996666666667	92
2.71330000000000	56
2.71663333333333	0
2.71996666666667	0
2.72330000000000	0
2.72663333333333	0
2.72996666666667	0
2.73330000000000	0
2.73663333333333	0
2.73996666666667	0
2.74330000000000	0
2.74663333333333	0
2.74996666666667	0
2.75328333333333	15
2.75663333333333	7
2.75996666666667	0
2.76330000000000	0
2.76663333333333	0
2.76996666666667	0
2.77328333333333	0
2.77663333333333	0
2.77996666666667	17
2.78330000000000	9
2.78663333333333	0
2.78996666666667	246
2.79330000000000	246
2.79663333333333	140
2.79996666666667	50
2.80330000000000	0
2.80663333333333	49
2.80996666666667	24
2.81330000000000	0
2.81663333333333	0
2.81996666666667	0
2.82330000000000	0
2.82663333333333	0
2.82996666666667	0
2.83330000000000	0
2.83663333333333	0
2.83996666666667	0
2.84330000000000	36
2.84661666666667	109
2.84996666666667	102
2.85330000000000	85
2.85663333333333	43
2.85996666666667	0
2.86330000000000	0
2.86661666666667	0
2.86996666666667	0
2.87330000000000	0
2.87663333333333	0
2.87996666666667	0
2.88328333333333	0
2.88663333333333	0
2.88996666666667	3
2.89330000000000	29
2.89663333333333	15
2.89996666666667	0
2.90330000000000	0
2.90663333333333	0
2.90996666666667	5
2.91330000000000	3
2.91663333333333	0
2.91996666666667	116
2.92330000000000	113
2.92663333333333	4
2.92996666666667	0
2.93330000000000	0
2.93663333333333	0
2.93995000000000	0
2.94330000000000	0
2.94663333333333	0
2.94996666666667	98
2.95330000000000	139
2.95663333333333	131
2.95996666666667	3
2.96330000000000	72
2.96663333333333	0
2.96996666666667	0
2.97328333333333	0
2.97661666666667	0
2.97996666666667	0
2.98330000000000	0
2.98663333333333	24
2.98996666666667	12
2.99330000000000	0
2.99663333333333	0
