0.50081666666667	0
0.50165000000000	0
0.50248333333333	0
0.50331666666667	0
0.50415000000000	0
0.50498333333333	0
0.50581666666667	0
0.50665000000000	0
0.50748333333333	0
0.50831666666667	0
0.50915000000000	0
0.50998333333333	0
0.51081666666667	0
0.51165000000000	0
0.51248333333333	0
0.51331666666667	0
0.51415000000000	0
0.51498333333333	0
0.51581666666667	0
0.51665000000000	0
0.51748333333333	0
0.51833333333333	0
0.51916666666667	0
0.52000000000000	0
0.52083333333333	0
0.52166666666667	0
0.52250000000000	0
0.52333333333333	0
0.52416666666667	0
0.52500000000000	0
0.52583333333333	0
0.52666666666667	0
0.52750000000000	0
0.52833333333333	0
0.52916666666667	0
0.53000000000000	0
0.53083333333333	0
0.53166666666667	0
0.53250000000000	0
0.53333333333333	0
0.53416666666667	0
0.53501666666667	0
0.53585000000000	0
0.53668333333333	0
0.53751666666667	0
0.53835000000000	0
0.53918333333333	0
0.54001666666667	0
0.54085000000000	0
0.54168333333333	0
0.54251666666667	0
0.54335000000000	0
0.54418333333333	0
0.54501666666667	0
0.54585000000000	0
0.54668333333333	0
0.54751666666667	0
0.54835000000000	0
0.54916666666667	0
0.55000000000000	0
0.55083333333333	0
0.55166666666667	0
0.55251666666667	0
0.55335000000000	0
0.55418333333333	0
0.55501666666667	0
0.55585000000000	0
0.55668333333333	0
0.55751666666667	0
0.55835000000000	0
0.55918333333333	9
0.56001666666667	4
0.56085000000000	0
0.56168333333333	0
0.56251666666667	0
0.56335000000000	0
0.56418333333333	0
0.56501666666667	0
0.56585000000000	0
0.56668333333333	0
0.56751666666667	0
0.56835000000000	0
0.56920000000000	0
0.57003333333333	0
0.57086666666667	0
0.57170000000000	0
0.57253333333333	0
0.57336666666667	0
0.57420000000000	0
0.57503333333333	0
0.57586666666667	0
0.57670000000000	0
0.57753333333333	0
0.57836666666667	0
0.57920000000000	0
0.58003333333333	0
0.58086666666667	0
0.58170000000000	0
0.58253333333333	0
0.58336666666667	0
0.58420000000000	0
0.58503333333333	0
0.58586666666667	0
0.58671666666667	0
0.58755000000000	0
0.58838333333333	0
0.58921666666667	0
0.59005000000000	0
0.59088333333333	0
0.59171666666667	0
0.59255000000000	0
0.59338333333333	0
0.59421666666667	0
0.59505000000000	0
0.59588333333333	0
0.59671666666667	0
0.59755000000000	0
0.59838333333333	0
0.59921666666667	0
0.60005000000000	0
0.60088333333333	0
0.60171666666667	0
0.60255000000000	0
0.60340000000000	0
0.60423333333333	0
0.60506666666667	0
0.60590000000000	0
0.60673333333333	0
0.60756666666667	0
0.60840000000000	0
0.60923333333333	0
0.61006666666667	0
0.61090000000000	0
0.61173333333333	0
0.61256666666667	0
0.61340000000000	112
0.61423333333333	216
0.61506666666667	150
0.61590000000000	0
0.61673333333333	0
0.61756666666667	0
0.61840000000000	0
0.61923333333333	0
0.62006666666667	0
0.62091666666667	0
0.62175000000000	0
0.62258333333333	0
0.62341666666667	0
0.62425000000000	0
0.62508333333333	0
0.62591666666667	0
0.62675000000000	0
0.62758333333333	0
0.62841666666667	0
0.62925000000000	0
0.63008333333333	0
0.63091666666667	0
0.63175000000000	0
0.63256666666667	0
0.63340000000000	0
0.63423333333333	0
0.63506666666667	0
0.63590000000000	0
0.63673333333333	0
0.63758333333333	0
0.63841666666667	0
0.63925000000000	0
0.64008333333333	0
0.64091666666667	0
0.64175000000000	0
0.64258333333333	0
0.64341666666667	0
0.64425000000000	0
0.64508333333333	0
0.64591666666667	0
0.64675000000000	0
0.64758333333333	0
0.64841666666667	0
0.64925000000000	0
0.65008333333333	0
0.65091666666667	0
0.65175000000000	0
0.65258333333333	0
0.65341666666667	0
0.65425000000000	0
0.65510000000000	0
0.65593333333333	0
0.65676666666667	0
0.65760000000000	0
0.65843333333333	0
0.65926666666667	0
0.66010000000000	0
0.66093333333333	0
0.66176666666667	0
0.66260000000000	0
0.66343333333333	0
0.66426666666667	0
0.66510000000000	0
0.66593333333333	0
0.66676666666667	0
0.66760000000000	0
0.66843333333333	0
0.66926666666667	0
0.67010000000000	0
0.67093333333333	0
0.67178333333333	0
0.67261666666667	0
0.67345000000000	0
0.67428333333333	0
0.67511666666667	0
0.67595000000000	0
0.67678333333333	0
0.67761666666667	0
0.67845000000000	0
0.67928333333333	0
0.68011666666667	0
0.68095000000000	0
0.68178333333333	0
0.68261666666667	0
0.68345000000000	0
0.68428333333333	0
0.68511666666667	0
0.68595000000000	0
0.68678333333333	0
0.68761666666667	0
0.68845000000000	0
0.68930000000000	0
0.69013333333333	0
0.69096666666667	0
0.69180000000000	0
0.69263333333333	0
0.69346666666667	0
0.69430000000000	0
0.69513333333333	0
0.69596666666667	0
0.69680000000000	0
0.69763333333333	0
0.69846666666667	0
0.69930000000000	0
0.70013333333333	0
0.70096666666667	0
0.70180000000000	0
0.70263333333333	0
0.70346666666667	0
0.70430000000000	0
0.70513333333333	0
0.70598333333333	0
0.70681666666667	0
0.70765000000000	0
0.70848333333333	0
0.70931666666667	0
0.71015000000000	0
0.71098333333333	0
0.71181666666667	0
0.71265000000000	0
0.71348333333333	0
0.71431666666667	0
0.71515000000000	0
0.71598333333333	0
0.71681666666667	0
0.71765000000000	0
0.71848333333333	0
0.71931666666667	0
0.72015000000000	0
0.72098333333333	0
0.72181666666667	0
0.72265000000000	0
0.72350000000000	0
0.72433333333333	0
0.72516666666667	0
0.72600000000000	0
0.72683333333333	0
0.72766666666667	0
0.72850000000000	0
0.72933333333333	0
0.73016666666667	0
0.73100000000000	0
0.73183333333333	0
0.73266666666667	0
0.73350000000000	0
0.73433333333333	0
0.73516666666667	0
0.73600000000000	0
0.73683333333333	0
0.73766666666667	0
0.73850000000000	0
0.73933333333333	0
0.74018333333333	0
0.74101666666667	0
0.74185000000000	0
0.74268333333333	0
0.74351666666667	0
0.74435000000000	0
0.74518333333333	0
0.74601666666667	0
0.74685000000000	0
0.74768333333333	0
0.74851666666667	0
0.74935000000000	0
0.75018333333333	0
0.75101666666667	0
0.75185000000000	0
0.75268333333333	0
0.75351666666667	0
0.75435000000000	0
0.75518333333333	0
0.75601666666667	0
0.75685000000000	0
0.75770000000000	0
0.75853333333333	0
0.75936666666667	0
0.76020000000000	0
0.76103333333333	0
0.76186666666667	0
0.76270000000000	0
0.76353333333333	0
0.76436666666667	0
0.76520000000000	0
0.76603333333333	0
0.76686666666667	0
0.76770000000000	0
0.76853333333333	0
0.76936666666667	0
0.77018333333333	0
0.77101666666667	0
0.77185000000000	0
0.77268333333333	0
0.77351666666667	0
0.77436666666667	0
0.77520000000000	0
0.77603333333333	0
0.77686666666667	0
0.77770000000000	0
0.77853333333333	0
0.77936666666667	0
0.78020000000000	0
0.78103333333333	0
0.78186666666667	0
0.78270000000000	0
0.78353333333333	0
0.78436666666667	0
0.78520000000000	0
0.78603333333333	0
0.78686666666667	0
0.78770000000000	0
0.78853333333333	0
0.78936666666667	0
0.79020000000000	0
0.79103333333333	0
0.79188333333333	0
0.79271666666667	0
0.79355000000000	0
0.79438333333333	0
0.79521666666667	0
0.79605000000000	0
0.79688333333333	0
0.79771666666667	0
0.79855000000000	0
0.79938333333333	0
0.80021666666667	0
0.80105000000000	0
0.80188333333333	0
0.80271666666667	0
0.80355000000000	0
0.80438333333333	0
0.80521666666667	0
0.80605000000000	0
0.80688333333333	0
0.80771666666667	0
0.80856666666667	0
0.80940000000000	0
0.81023333333333	0
0.81106666666667	0
0.81190000000000	0
0.81273333333333	0
0.81356666666667	0
0.81440000000000	0
0.81523333333333	0
0.81606666666667	0
0.81690000000000	0
0.81773333333333	0
0.81856666666667	0
0.81940000000000	0
0.82023333333333	0
0.82106666666667	0
0.82190000000000	0
0.82273333333333	0
0.82356666666667	0
0.82440000000000	0
0.82523333333333	0
0.82608333333333	0
0.82691666666667	0
0.82775000000000	0
0.82858333333333	0
0.82941666666667	0
0.83025000000000	0
0.83108333333333	0
0.83191666666667	0
0.83275000000000	0
0.83358333333333	0
0.83441666666667	0
0.83525000000000	0
0.83608333333333	0
0.83691666666667	0
0.83775000000000	0
0.83858333333333	0
0.83941666666667	0
0.84025000000000	0
0.84108333333333	0
0.84191666666667	0
0.84276666666667	0
0.84360000000000	0
0.84443333333333	0
0.84526666666667	0
0.84610000000000	0
0.84693333333333	0
0.84776666666667	0
0.84860000000000	0
0.84943333333333	0
0.85026666666667	0
0.85110000000000	0
0.85193333333333	0
0.85276666666667	0
0.85360000000000	0
0.85443333333333	0
0.85526666666667	0
0.85610000000000	0
0.85693333333333	0
0.85776666666667	0
0.85860000000000	0
0.85943333333333	0
0.86028333333333	0
0.86111666666667	0
0.86195000000000	0
0.86278333333333	0
0.86361666666667	0
0.86445000000000	0
0.86528333333333	0
0.86611666666667	0
0.86695000000000	0
0.86778333333333	0
0.86861666666667	0
0.86945000000000	0
0.87028333333333	0
0.87111666666667	0
0.87195000000000	0
0.87278333333333	0
0.87361666666667	0
0.87445000000000	0
0.87528333333333	0
0.87611666666667	0
0.87696666666667	0
0.87780000000000	0
0.87863333333333	0
0.87946666666667	0
0.88030000000000	0
0.88113333333333	0
0.88196666666667	0
0.88280000000000	0
0.88363333333333	0
0.88446666666667	0
0.88530000000000	0
0.88613333333333	0
0.88696666666667	0
0.88780000000000	0
0.88863333333333	0
0.88946666666667	0
0.89030000000000	0
0.89113333333333	0
0.89196666666667	0
0.89280000000000	0
0.89363333333333	0
0.89448333333333	0
0.89531666666667	0
0.89615000000000	0
0.89698333333333	0
0.89781666666667	0
0.89865000000000	0
0.89948333333333	0
0.90031666666667	0
0.90115000000000	0
0.90198333333333	0
0.90281666666667	0
0.90365000000000	0
0.90448333333333	0
0.90531666666667	0
0.90615000000000	0
0.90698333333333	0
0.90781666666667	0
0.90865000000000	0
0.90948333333333	0
0.91030000000000	0
0.91115000000000	0
0.91198333333333	0
0.91281666666667	0
0.91365000000000	0
0.91448333333333	0
0.91531666666667	0
0.91615000000000	0
0.91698333333333	0
0.91781666666667	0
0.91865000000000	0
0.91948333333333	0
0.92031666666667	0
0.92115000000000	0
0.92198333333333	0
0.92281666666667	0
0.92365000000000	0
0.92448333333333	0
0.92531666666667	0
0.92615000000000	0
0.92698333333333	0
0.92781666666667	0
0.92866666666667	0
0.92950000000000	8
0.93033333333333	4
0.93116666666667	0
0.93200000000000	0
0.93283333333333	0
0.93366666666667	0
0.93450000000000	0
0.93533333333333	0
0.93616666666667	0
0.93700000000000	0
0.93783333333333	0
0.93866666666667	0
0.93950000000000	0
0.94033333333333	0
0.94116666666667	0
0.94200000000000	0
0.94283333333333	0
0.94366666666667	0
0.94450000000000	0
0.94535000000000	0
0.94618333333333	0
0.94701666666667	0
0.94785000000000	16
0.94868333333333	8
0.94951666666667	0
0.95035000000000	0
0.95118333333333	0
0.95201666666667	0
0.95285000000000	0
0.95368333333333	0
0.95451666666667	0
0.95535000000000	0
0.95618333333333	0
0.95701666666667	0
0.95785000000000	0
0.95868333333333	0
0.95951666666667	0
0.96035000000000	0
0.96118333333333	0
0.96201666666667	0
0.96286666666667	0
0.96370000000000	0
0.96453333333333	156
0.96536666666667	372
0.96620000000000	329
0.96703333333333	286
0.96786666666667	0
0.96870000000000	0
0.96953333333333	0
0.97036666666667	0
0.97120000000000	0
0.97203333333333	0
0.97286666666667	0
0.97370000000000	28
0.97453333333333	14
0.97536666666667	0
0.97620000000000	0
0.97703333333333	0
0.97786666666667	0
0.97870000000000	0
0.97955000000000	0
0.98038333333333	0
0.98121666666667	0
0.98205000000000	0
0.98288333333333	0
0.98371666666667	0
0.98455000000000	0
0.98538333333333	0
0.98621666666667	0
0.98705000000000	0
0.98788333333333	324
0.98871666666667	162
0.98955000000000	0
0.99038333333333	0
0.99121666666667	0
0.99205000000000	0
0.99288333333333	0
0.99371666666667	0
0.99455000000000	0
0.99538333333333	0
0.99621666666667	0
0.99706666666667	0
0.99790000000000	0
0.99873333333333	0
0.99956666666667	0
1.00040000000000	0
1.00123333333333	0
1.00206666666667	0
1.00290000000000	0
1.00373333333333	0
1.00456666666667	0
1.00540000000000	0
1.00623333333333	0
1.00706666666667	0
1.00790000000000	0
1.00873333333333	0
1.00956666666667	0
1.01040000000000	0
1.01123333333333	0
1.01206666666667	0
1.01290000000000	0
1.01375000000000	0
1.01458333333333	0
1.01541666666667	0
1.01625000000000	0
1.01708333333333	0
1.01791666666667	0
1.01875000000000	0
1.01958333333333	0
1.02041666666667	0
1.02125000000000	0
1.02208333333333	524
1.02291666666667	262
1.02375000000000	0
1.02458333333333	0
1.02541666666667	33
1.02625000000000	0
1.02708333333333	0
1.02791666666667	0
1.02875000000000	0
1.02958333333333	0
1.03041666666667	0
1.03126666666667	0
1.03210000000000	0
1.03293333333333	0
1.03376666666667	0
1.03460000000000	0
1.03543333333333	258
1.03626666666667	129
1.03710000000000	0
1.03793333333333	0
1.03876666666667	342
1.03960000000000	246
1.04043333333333	0
1.04126666666667	153
1.04210000000000	0
1.04293333333333	61
1.04376666666667	31
1.04460000000000	0
1.04543333333333	0
1.04626666666667	0
1.04710000000000	0
1.04795000000000	0
1.04878333333333	0
1.04961666666667	0
1.05045000000000	0
1.05128333333333	0
1.05211666666667	0
1.05295000000000	0
1.05378333333333	0
1.05461666666667	0
1.05545000000000	15
1.05628333333333	30
1.05711666666667	446
1.05795000000000	749
1.05878333333333	850
1.05961666666667	0
1.06045000000000	521
1.06128333333333	247
1.06211666666667	0
1.06295000000000	0
1.06378333333333	503
1.06460000000000	484
1.06545000000000	242
1.06628333333333	0
1.06711666666667	0
1.06795000000000	0
1.06878333333333	0
1.06961666666667	0
1.07045000000000	938
1.07128333333333	1086
1.07211666666667	686
1.07295000000000	693
1.07378333333333	0
1.07461666666667	0
1.07545000000000	397
1.07628333333333	0
1.07711666666667	248
1.07795000000000	611
1.07878333333333	307
1.07961666666667	546
1.08045000000000	127
1.08128333333333	297
1.08213333333333	252
1.08296666666667	1181
1.08380000000000	1016
1.08463333333333	231
1.08546666666667	0
1.08630000000000	666
1.08713333333333	676
1.08796666666667	682
1.08880000000000	687
1.08963333333333	0
1.09046666666667	0
1.09130000000000	1717
1.09213333333333	1230
1.09296666666667	1431
1.09380000000000	542
1.09463333333333	340
1.09546666666667	1764
1.09630000000000	902
1.09713333333333	1088
1.09796666666667	1435
1.09880000000000	1364
1.09965000000000	1293
1.10048333333333	2140
1.10131666666667	2988
1.10215000000000	2791
1.10298333333333	4827
1.10381666666667	7032
1.10465000000000	6821
1.10548333333333	5386
1.10631666666667	4193
1.10715000000000	2910
1.10798333333333	5164
1.10881666666667	4829
1.10965000000000	8512
1.11048333333333	7390
1.11131666666667	7687
1.11215000000000	8476
1.11298333333333	9268
1.11381666666667	8416
1.11465000000000	7567
1.11548333333333	12512
1.11633333333333	13080
1.11716666666667	10876
1.11800000000000	12032
1.11883333333333	11872
1.11966666666667	13028
1.12050000000000	11952
1.12133333333333	10872
1.12216666666667	10540
1.12300000000000	10208
1.12383333333333	9900
1.12466666666667	11228
1.12550000000000	9012
1.12633333333333	9808
1.12716666666667	11608
1.12800000000000	10636
1.12883333333333	9668
1.12966666666667	12656
1.13050000000000	7661
1.13133333333333	9404
1.13216666666667	8248
1.13300000000000	7093
1.13385000000000	10204
1.13468333333333	8672
1.13551666666667	9908
1.13635000000000	8160
1.13718333333333	7884
1.13801666666667	8106
1.13885000000000	7031
1.13968333333333	9764
1.14051666666667	3956
1.14135000000000	7939
1.14218333333333	5080
1.14301666666667	8924
1.14385000000000	4644
1.14468333333333	4472
1.14551666666667	10608
1.14635000000000	6987
1.14718333333333	7731
1.14801666666667	6116
1.14885000000000	6830
1.14968333333333	6313
1.15053333333333	3171
1.15136666666667	5704
1.15220000000000	6895
1.15303333333333	2113
1.15386666666667	5585
1.15470000000000	3128
1.15553333333333	6533
1.15636666666667	1914
1.15720000000000	3717
1.15803333333333	3197
1.15886666666667	4778
1.15970000000000	5828
1.16053333333333	6109
1.16136666666667	6313
1.16220000000000	2989
1.16303333333333	1739
1.16386666666667	3991
1.16470000000000	3104
1.16553333333333	2217
1.16635000000000	4523
1.16718333333333	2768
1.16803333333333	3781
1.16886666666667	3598
1.16970000000000	4252
1.17053333333333	1901
1.17136666666667	2567
1.17220000000000	1733
1.17303333333333	898
1.17386666666667	1641
1.17470000000000	1939
1.17553333333333	2236
1.17636666666667	2278
1.17720000000000	1140
1.17803333333333	2159
1.17886666666667	2268
1.17970000000000	1746
1.18053333333333	1224
1.18136666666667	1979
1.18220000000000	1901
1.18303333333333	1822
1.18386666666667	2159
1.18471666666667	1873
1.18555000000000	1587
1.18638333333333	1578
1.18721666666667	1121
1.18805000000000	854
1.18888333333333	1666
1.18971666666667	2165
1.19055000000000	1634
1.19138333333333	1104
1.19221666666667	1646
1.19305000000000	1006
1.19388333333333	691
1.19471666666667	966
1.19555000000000	1241
1.19638333333333	1310
1.19721666666667	1310
1.19805000000000	1310
1.19888333333333	1409
1.19971666666667	1508
1.20055000000000	222
1.20138333333333	1297
1.20223333333333	1338
1.20306666666667	1360
1.20390000000000	899
1.20473333333333	178
1.20556666666667	2178
1.20640000000000	1894
1.20723333333333	2527
1.20806666666667	1234
1.20890000000000	341
1.20973333333333	331
1.21056666666667	484
1.21140000000000	1697
1.21223333333333	1438
1.21306666666667	154
1.21390000000000	818
1.21473333333333	951
1.21556666666667	0
1.21640000000000	181
1.21723333333333	278
1.21806666666667	686
1.21891666666667	618
1.21975000000000	550
1.22058333333333	763
1.22141666666667	559
1.22225000000000	355
1.22308333333333	388
1.22391666666667	420
1.22475000000000	0
1.22558333333333	0
1.22641666666667	210
1.22725000000000	225
1.22808333333333	339
1.22891666666667	483
1.22975000000000	546
1.23058333333333	609
1.23141666666667	364
1.23225000000000	674
1.23308333333333	0
1.23391666666667	286
1.23475000000000	0
1.23558333333333	149
1.23643333333333	298
1.23726666666667	499
1.23810000000000	326
1.23893333333333	154
1.23976666666667	393
1.24060000000000	0
1.24143333333333	772
1.24226666666667	586
1.24310000000000	0
1.24393333333333	0
1.24476666666667	0
1.24560000000000	0
1.24643333333333	429
1.24726666666667	332
1.24810000000000	234
1.24893333333333	0
1.24976666666667	0
1.25060000000000	0
1.25143333333333	75
1.25226666666667	37
1.25311666666667	0
1.25395000000000	85
1.25478333333333	169
1.25561666666667	199
1.25645000000000	179
1.25728333333333	158
1.25811666666667	0
1.25895000000000	443
1.25978333333333	221
1.26061666666667	0
1.26145000000000	0
1.26228333333333	0
1.26311666666667	338
1.26395000000000	430
1.26478333333333	21
1.26561666666667	0
1.26645000000000	0
1.26728333333333	0
1.26811666666667	0
1.26895000000000	0
1.26978333333333	0
1.27063333333333	0
1.27146666666667	0
1.27230000000000	0
1.27313333333333	0
1.27396666666667	0
1.27480000000000	0
1.27563333333333	0
1.27646666666667	0
1.27730000000000	0
1.27813333333333	0
1.27896666666667	0
1.27980000000000	0
1.28063333333333	0
1.28146666666667	0
1.28230000000000	0
1.28313333333333	0
1.28396666666667	0
1.28480000000000	0
1.28563333333333	0
1.28646666666667	0
1.28731666666667	0
1.28815000000000	0
1.28898333333333	0
1.28981666666667	0
1.29065000000000	0
1.29148333333333	0
1.29231666666667	208
1.29315000000000	177
1.29398333333333	0
1.29481666666667	0
1.29565000000000	0
1.29648333333333	0
1.29731666666667	0
1.29815000000000	0
1.29898333333333	0
1.29981666666667	0
1.30065000000000	0
1.30148333333333	0
1.30231666666667	0
1.30315000000000	0
1.30398333333333	0
1.30483333333333	0
1.30566666666667	0
1.30650000000000	0
1.30733333333333	0
1.30816666666667	0
1.30900000000000	214
1.30983333333333	107
1.31066666666667	0
1.31150000000000	0
1.31233333333333	0
1.31316666666667	0
1.31400000000000	0
1.31483333333333	0
1.31566666666667	0
1.31650000000000	0
1.31733333333333	0
1.31816666666667	0
1.31900000000000	75
1.31983333333333	45
1.32066666666667	15
1.32151666666667	0
1.32235000000000	0
1.32318333333333	0
1.32401666666667	0
1.32485000000000	0
1.32568333333333	0
1.32651666666667	0
1.32735000000000	0
1.32818333333333	0
1.32901666666667	0
1.32985000000000	0
1.33068333333333	0
1.33151666666667	0
1.33235000000000	0
1.33318333333333	0
1.33401666666667	0
1.33483333333333	0
1.33566666666667	0
1.33650000000000	0
1.33733333333333	0
1.33816666666667	0
1.33901666666667	0
1.33985000000000	0
1.34068333333333	0
1.34151666666667	0
1.34235000000000	0
1.34318333333333	0
1.34401666666667	0
1.34485000000000	0
1.34568333333333	0
1.34651666666667	0
1.34735000000000	0
1.34818333333333	0
1.34901666666667	0
1.34985000000000	0
1.35068333333333	0
1.35151666666667	0
1.35235000000000	0
1.35318333333333	0
1.35401666666667	0
1.35485000000000	0
1.35570000000000	0
1.35653333333333	464
1.35736666666667	437
1.35820000000000	0
1.35903333333333	443
1.35986666666667	0
1.36070000000000	0
1.36153333333333	0
1.36236666666667	0
1.36320000000000	0
1.36403333333333	0
1.36486666666667	0
1.36570000000000	0
1.36653333333333	0
1.36736666666667	0
1.36820000000000	0
1.36903333333333	0
1.36986666666667	0
1.37070000000000	0
1.37153333333333	0
1.37236666666667	0
1.37321666666667	0
1.37405000000000	0
1.37488333333333	0
1.37571666666667	0
1.37655000000000	0
1.37738333333333	0
1.37821666666667	0
1.37905000000000	0
1.37988333333333	0
1.38071666666667	112
1.38155000000000	56
1.38238333333333	0
1.38321666666667	0
1.38405000000000	0
1.38488333333333	0
1.38571666666667	0
1.38655000000000	0
1.38738333333333	0
1.38821666666667	0
1.38905000000000	0
1.38990000000000	0
1.39073333333333	0
1.39156666666667	0
1.39240000000000	0
1.39323333333333	0
1.39406666666667	0
1.39490000000000	0
1.39573333333333	0
1.39656666666667	0
1.39740000000000	0
1.39823333333333	0
1.39906666666667	0
1.39990000000000	0
1.40073333333333	0
1.40156666666667	0
1.40240000000000	0
1.40323333333333	0
1.40406666666667	0
1.40490000000000	0
1.40573333333333	0
1.40656666666667	0
1.40741666666667	0
1.40825000000000	0
1.40908333333333	0
1.40991666666667	417
1.41075000000000	545
1.41158333333333	0
1.41241666666667	0
1.41325000000000	0
1.41408333333333	0
1.41491666666667	0
1.41575000000000	0
1.41658333333333	0
1.41741666666667	0
1.41825000000000	0
1.41908333333333	0
1.41991666666667	0
1.42075000000000	0
1.42158333333333	0
1.42241666666667	0
1.42323333333333	0
1.42408333333333	0
1.42491666666667	0
1.42575000000000	0
1.42658333333333	0
1.42741666666667	0
1.42825000000000	0
1.42908333333333	0
1.42991666666667	371
1.43075000000000	410
1.43158333333333	53
1.43241666666667	0
1.43325000000000	0
1.43408333333333	0
1.43491666666667	0
1.43575000000000	0
1.43658333333333	0
1.43741666666667	0
1.43825000000000	0
1.43908333333333	0
1.43991666666667	0
1.44075000000000	0
1.44160000000000	0
1.44243333333333	0
1.44326666666667	0
1.44410000000000	0
1.44493333333333	0
1.44576666666667	0
1.44660000000000	0
1.44743333333333	0
1.44826666666667	0
1.44910000000000	0
1.44993333333333	0
1.45076666666667	0
1.45160000000000	0
1.45243333333333	0
1.45326666666667	0
1.45410000000000	0
1.45493333333333	0
1.45576666666667	0
1.45660000000000	0
1.45743333333333	0
1.45828333333333	0
1.45911666666667	0
1.45995000000000	0
1.46078333333333	0
1.46161666666667	0
1.46245000000000	0
1.46328333333333	0
1.46411666666667	0
1.46495000000000	0
1.46578333333333	0
1.46661666666667	0
1.46745000000000	0
1.46828333333333	0
1.46911666666667	0
1.46995000000000	0
1.47078333333333	0
1.47161666666667	0
1.47245000000000	0
1.47328333333333	0
1.47411666666667	0
1.47495000000000	0
1.47580000000000	0
1.47663333333333	0
1.47746666666667	0
1.47830000000000	0
1.47913333333333	0
1.47996666666667	0
1.48080000000000	0
1.48163333333333	0
1.48246666666667	0
1.48330000000000	0
1.48413333333333	0
1.48496666666667	0
1.48580000000000	0
1.48663333333333	0
1.48746666666667	0
1.48830000000000	0
1.48913333333333	0
1.48996666666667	0
1.49080000000000	0
1.49163333333333	0
1.49246666666667	0
1.49330000000000	0
1.49413333333333	0
1.49496666666667	0
1.49580000000000	0
1.49663333333333	0
1.49746666666667	0
1.49830000000000	0
1.49913333333333	0
1.49996666666667	0
1.50080000000000	0
1.50163333333333	0
1.50246666666667	0
1.50330000000000	0
1.50413333333333	0
1.50496666666667	0
1.50580000000000	0
1.50663333333333	0
1.50746666666667	0
1.50830000000000	0
1.50913333333333	0
1.50998333333333	0
1.51081666666667	0
1.51165000000000	0
1.51248333333333	0
1.51331666666667	0
1.51415000000000	0
1.51498333333333	0
1.51581666666667	0
1.51665000000000	0
1.51748333333333	0
1.51831666666667	0
1.51915000000000	0
1.51998333333333	0
1.52081666666667	0
1.52165000000000	0
1.52248333333333	0
1.52331666666667	0
1.52415000000000	0
1.52498333333333	0
1.52581666666667	0
1.52666666666667	0
1.52750000000000	0
1.52833333333333	0
1.52916666666667	0
1.53000000000000	0
1.53083333333333	0
1.53166666666667	0
1.53250000000000	0
1.53333333333333	0
1.53416666666667	0
1.53500000000000	0
1.53583333333333	0
1.53666666666667	0
1.53750000000000	0
1.53833333333333	0
1.53916666666667	0
1.54000000000000	0
1.54083333333333	0
1.54166666666667	0
1.54250000000000	0
1.54333333333333	0
1.54418333333333	0
1.54501666666667	0
1.54585000000000	0
1.54668333333333	0
1.54751666666667	0
1.54835000000000	0
1.54918333333333	0
1.55001666666667	0
1.55085000000000	0
1.55168333333333	0
1.55251666666667	0
1.55335000000000	0
1.55418333333333	0
1.55501666666667	0
1.55585000000000	0
1.55668333333333	0
1.55751666666667	0
1.55835000000000	0
1.55918333333333	0
1.56000000000000	0
1.56085000000000	0
1.56168333333333	0
1.56251666666667	0
1.56335000000000	0
1.56418333333333	0
1.56501666666667	0
1.56585000000000	0
1.56668333333333	0
1.56751666666667	0
1.56835000000000	0
1.56918333333333	0
1.57001666666667	0
1.57085000000000	0
1.57168333333333	0
1.57251666666667	0
1.57335000000000	0
1.57418333333333	0
1.57501666666667	0
1.57585000000000	0
1.57668333333333	0
1.57751666666667	0
1.57836666666667	0
1.57920000000000	0
1.58003333333333	0
1.58086666666667	0
1.58170000000000	0
1.58253333333333	0
1.58336666666667	0
1.58420000000000	0
1.58503333333333	0
1.58586666666667	0
1.58670000000000	0
1.58753333333333	0
1.58836666666667	0
1.58920000000000	0
1.59003333333333	19
1.59086666666667	9
1.59170000000000	0
1.59253333333333	0
1.59336666666667	0
1.59420000000000	0
1.59505000000000	0
1.59588333333333	0
1.59671666666667	0
1.59755000000000	0
1.59838333333333	0
1.59921666666667	0
1.60005000000000	0
1.60088333333333	0
1.60171666666667	0
1.60255000000000	0
1.60338333333333	0
1.60421666666667	0
1.60505000000000	0
1.60588333333333	0
1.60671666666667	0
1.60755000000000	0
1.60838333333333	0
1.60921666666667	0
1.61005000000000	0
1.61088333333333	0
1.61171666666667	0
1.61256666666667	0
1.61340000000000	0
1.61423333333333	0
1.61506666666667	0
1.61590000000000	0
1.61673333333333	0
1.61756666666667	0
1.61840000000000	0
1.61923333333333	0
1.62006666666667	0
1.62090000000000	0
1.62173333333333	0
1.62256666666667	0
1.62340000000000	0
1.62423333333333	0
1.62506666666667	0
1.62590000000000	0
1.62673333333333	0
1.62756666666667	0
1.62840000000000	0
1.62925000000000	0
1.63008333333333	0
1.63091666666667	0
1.63175000000000	0
1.63258333333333	0
1.63341666666667	0
1.63425000000000	0
1.63508333333333	0
1.63591666666667	0
1.63675000000000	0
1.63758333333333	0
1.63841666666667	0
1.63925000000000	0
1.64008333333333	0
1.64091666666667	0
1.64175000000000	0
1.64258333333333	0
1.64340000000000	0
1.64423333333333	0
1.64506666666667	0
1.64590000000000	0
1.64675000000000	0
1.64758333333333	0
1.64841666666667	0
1.64925000000000	0
1.65008333333333	0
1.65091666666667	0
1.65175000000000	0
1.65258333333333	0
1.65341666666667	0
1.65425000000000	0
1.65508333333333	0
1.65591666666667	0
1.65675000000000	0
1.65758333333333	0
1.65841666666667	0
1.65925000000000	0
1.66008333333333	0
1.66091666666667	0
1.66175000000000	0
1.66258333333333	0
1.66343333333333	0
1.66426666666667	0
1.66510000000000	0
1.66593333333333	0
1.66676666666667	0
1.66760000000000	22
1.66843333333333	11
1.66926666666667	0
1.67010000000000	0
1.67093333333333	0
1.67176666666667	0
1.67260000000000	0
1.67343333333333	0
1.67426666666667	0
1.67510000000000	0
1.67593333333333	0
1.67676666666667	0
1.67760000000000	0
1.67843333333333	0
1.67926666666667	0
1.68010000000000	0
1.68095000000000	0
1.68178333333333	0
1.68261666666667	0
1.68345000000000	0
1.68428333333333	0
1.68511666666667	0
1.68595000000000	0
1.68678333333333	0
1.68761666666667	0
1.68845000000000	0
1.68928333333333	0
1.69011666666667	0
1.69095000000000	0
1.69178333333333	0
1.69261666666667	0
1.69345000000000	0
1.69428333333333	0
1.69511666666667	0
1.69595000000000	0
1.69678333333333	0
1.69763333333333	0
1.69846666666667	0
1.69930000000000	0
1.70013333333333	0
1.70096666666667	0
1.70180000000000	0
1.70263333333333	0
1.70346666666667	0
1.70430000000000	0
1.70513333333333	0
1.70596666666667	0
1.70680000000000	0
1.70763333333333	0
1.70846666666667	0
1.70930000000000	0
1.71013333333333	0
1.71096666666667	0
1.71180000000000	0
1.71263333333333	0
1.71346666666667	0
1.71428333333333	0
1.71513333333333	0
1.71596666666667	0
1.71680000000000	0
1.71763333333333	0
1.71846666666667	0
1.71930000000000	0
1.72013333333333	0
1.72096666666667	0
1.72180000000000	0
1.72263333333333	0
1.72346666666667	0
1.72430000000000	0
1.72513333333333	0
1.72596666666667	0
1.72680000000000	0
1.72763333333333	0
1.72846666666667	0
1.72930000000000	0
1.73013333333333	0
1.73096666666667	0
1.73181666666667	0
1.73265000000000	0
1.73348333333333	0
1.73431666666667	0
1.73515000000000	0
1.73598333333333	0
1.73681666666667	0
1.73765000000000	0
1.73848333333333	0
1.73931666666667	0
1.74015000000000	0
1.74098333333333	0
1.74181666666667	0
1.74265000000000	0
1.74348333333333	0
1.74431666666667	0
1.74515000000000	0
1.74598333333333	0
1.74681666666667	0
1.74765000000000	0
1.74848333333333	0
1.74933333333333	0
1.75016666666667	0
1.75100000000000	0
1.75183333333333	0
1.75266666666667	0
1.75350000000000	0
1.75433333333333	0
1.75516666666667	0
1.75600000000000	0
1.75683333333333	0
1.75766666666667	0
1.75850000000000	0
1.75933333333333	0
1.76016666666667	0
1.76100000000000	0
1.76183333333333	0
1.76266666666667	0
1.76350000000000	0
1.76433333333333	0
1.76516666666667	0
1.76601666666667	0
1.76685000000000	0
1.76768333333333	0
1.76851666666667	0
1.76935000000000	0
1.77018333333333	0
1.77101666666667	0
1.77185000000000	0
1.77268333333333	0
1.77351666666667	0
1.77435000000000	0
1.77518333333333	0
1.77601666666667	0
1.77685000000000	0
1.77768333333333	0
1.77851666666667	0
1.77935000000000	0
1.78018333333333	0
1.78101666666667	0
1.78185000000000	0
1.78268333333333	0
1.78353333333333	0
1.78436666666667	0
1.78520000000000	0
1.78603333333333	0
1.78686666666667	0
1.78770000000000	0
1.78853333333333	0
1.78936666666667	0
1.79020000000000	0
1.79103333333333	0
1.79186666666667	0
1.79270000000000	0
1.79353333333333	0
1.79436666666667	0
1.79520000000000	0
1.79603333333333	0
1.79686666666667	0
1.79770000000000	0
1.79853333333333	0
1.79936666666667	0
1.80021666666667	0
1.80105000000000	0
1.80188333333333	0
1.80271666666667	0
1.80355000000000	0
1.80438333333333	0
1.80521666666667	0
1.80605000000000	0
1.80688333333333	0
1.80771666666667	0
1.80855000000000	0
1.80938333333333	0
1.81021666666667	0
1.81105000000000	0
1.81188333333333	0
1.81271666666667	0
1.81355000000000	0
1.81438333333333	0
1.81521666666667	0
1.81605000000000	0
1.81688333333333	0
1.81773333333333	0
1.81856666666667	0
1.81940000000000	0
1.82023333333333	0
1.82106666666667	0
1.82190000000000	0
1.82273333333333	0
1.82356666666667	0
1.82440000000000	0
1.82523333333333	0
1.82606666666667	0
1.82690000000000	0
1.82773333333333	0
1.82856666666667	0
1.82940000000000	0
1.83023333333333	0
1.83106666666667	0
1.83190000000000	0
1.83273333333333	0
1.83356666666667	0
1.83441666666667	0
1.83525000000000	0
1.83608333333333	0
1.83691666666667	0
1.83775000000000	0
1.83858333333333	0
1.83941666666667	0
1.84025000000000	0
1.84108333333333	0
1.84191666666667	0
1.84275000000000	0
1.84358333333333	0
1.84441666666667	0
1.84525000000000	0
1.84608333333333	0
1.84691666666667	0
1.84775000000000	0
1.84858333333333	0
1.84941666666667	0
1.85025000000000	0
1.85108333333333	0
1.85193333333333	0
1.85276666666667	0
1.85360000000000	0
1.85443333333333	0
1.85526666666667	0
1.85610000000000	0
1.85693333333333	0
1.85776666666667	0
1.85860000000000	0
1.85943333333333	0
1.86026666666667	0
1.86110000000000	0
1.86193333333333	0
1.86276666666667	0
1.86360000000000	0
1.86443333333333	0
1.86526666666667	0
1.86610000000000	0
1.86693333333333	0
1.86776666666667	0
1.86861666666667	0
1.86945000000000	0
1.87028333333333	0
1.87111666666667	0
1.87195000000000	0
1.87278333333333	0
1.87361666666667	0
1.87445000000000	0
1.87528333333333	0
1.87611666666667	0
1.87695000000000	0
1.87778333333333	0
1.87861666666667	0
1.87945000000000	0
1.88028333333333	0
1.88111666666667	0
1.88195000000000	0
1.88278333333333	0
1.88361666666667	0
1.88445000000000	0
1.88528333333333	0
1.88613333333333	0
1.88696666666667	0
1.88780000000000	0
1.88863333333333	0
1.88946666666667	0
1.89030000000000	0
1.89113333333333	0
1.89196666666667	0
1.89280000000000	0
1.89363333333333	0
1.89446666666667	0
1.89530000000000	0
1.89613333333333	0
1.89696666666667	0
1.89780000000000	0
1.89863333333333	0
1.89946666666667	0
1.90028333333333	0
1.90111666666667	0
1.90195000000000	0
1.90280000000000	0
1.90363333333333	0
1.90446666666667	0
1.90530000000000	0
1.90613333333333	0
1.90696666666667	0
1.90780000000000	0
1.90863333333333	0
1.90946666666667	0
1.91030000000000	0
1.91113333333333	0
1.91196666666667	0
1.91280000000000	0
1.91363333333333	0
1.91446666666667	0
1.91530000000000	0
1.91613333333333	0
1.91696666666667	0
1.91780000000000	0
1.91863333333333	0
1.91946666666667	0
1.92031666666667	0
1.92115000000000	0
1.92198333333333	0
1.92281666666667	0
1.92365000000000	0
1.92448333333333	0
1.92531666666667	0
1.92615000000000	0
1.92698333333333	0
1.92781666666667	0
1.92865000000000	0
1.92948333333333	0
1.93031666666667	0
1.93115000000000	0
1.93198333333333	0
1.93281666666667	0
1.93365000000000	0
1.93448333333333	0
1.93531666666667	0
1.93615000000000	0
1.93700000000000	0
1.93783333333333	0
1.93866666666667	0
1.93950000000000	0
1.94033333333333	0
1.94116666666667	0
1.94200000000000	0
1.94283333333333	0
1.94366666666667	0
1.94450000000000	0
1.94533333333333	0
1.94616666666667	0
1.94700000000000	0
1.94783333333333	0
1.94866666666667	0
1.94950000000000	0
1.95033333333333	0
1.95116666666667	0
1.95200000000000	0
1.95283333333333	0
1.95366666666667	0
1.95451666666667	0
1.95535000000000	0
1.95618333333333	0
1.95701666666667	0
1.95785000000000	0
1.95868333333333	0
1.95951666666667	0
1.96035000000000	0
1.96118333333333	0
1.96201666666667	0
1.96285000000000	0
1.96368333333333	0
1.96451666666667	0
1.96535000000000	0
1.96618333333333	0
1.96701666666667	0
1.96785000000000	0
1.96868333333333	0
1.96951666666667	0
1.97035000000000	0
1.97120000000000	0
1.97203333333333	0
1.97286666666667	0
1.97370000000000	0
1.97453333333333	0
1.97536666666667	0
1.97620000000000	0
1.97703333333333	0
1.97786666666667	0
1.97870000000000	0
1.97953333333333	0
1.98036666666667	0
1.98120000000000	0
1.98203333333333	0
1.98286666666667	0
1.98370000000000	0
1.98453333333333	0
1.98536666666667	0
1.98620000000000	0
1.98703333333333	0
1.98786666666667	0
1.98871666666667	0
1.98955000000000	0
1.99038333333333	0
1.99121666666667	0
1.99205000000000	0
1.99288333333333	0
1.99371666666667	0
1.99455000000000	0
1.99538333333333	0
1.99621666666667	0
1.99705000000000	0
1.99788333333333	0
1.99871666666667	0
1.99955000000000	0
2.00038333333333	0
2.00121666666667	0
2.00205000000000	0
2.00288333333333	0
2.00371666666667	0
2.00455000000000	0
2.00540000000000	0
2.00623333333333	0
2.00706666666667	0
2.00790000000000	0
2.00873333333333	0
2.00956666666667	0
2.01040000000000	0
2.01123333333333	0
2.01206666666667	0
2.01290000000000	0
2.01373333333333	0
2.01456666666667	0
2.01540000000000	0
2.01623333333333	0
2.01706666666667	0
2.01788333333333	16
2.01871666666667	8
2.01955000000000	0
2.02038333333333	0
2.02121666666667	0
2.02205000000000	0
2.02290000000000	0
2.02373333333333	0
2.02456666666667	0
2.02540000000000	0
2.02623333333333	0
2.02706666666667	0
2.02790000000000	0
2.02873333333333	0
2.02956666666667	0
2.03040000000000	0
2.03123333333333	0
2.03206666666667	0
2.03290000000000	0
2.03373333333333	0
2.03456666666667	0
2.03540000000000	0
2.03623333333333	0
2.03706666666667	0
2.03790000000000	0
2.03873333333333	0
2.03958333333333	0
2.04041666666667	0
2.04125000000000	0
2.04208333333333	0
2.04291666666667	0
2.04375000000000	0
2.04458333333333	0
2.04541666666667	0
2.04625000000000	0
2.04708333333333	0
2.04791666666667	0
2.04875000000000	0
2.04958333333333	0
2.05041666666667	0
2.05125000000000	0
2.05208333333333	0
2.05291666666667	0
2.05375000000000	0
2.05458333333333	0
2.05541666666667	0
2.05625000000000	0
2.05710000000000	0
2.05793333333333	0
2.05876666666667	0
2.05960000000000	0
2.06043333333333	0
2.06126666666667	0
2.06210000000000	0
2.06293333333333	0
2.06376666666667	0
2.06460000000000	0
2.06543333333333	0
2.06626666666667	0
2.06710000000000	0
2.06793333333333	0
2.06876666666667	0
2.06960000000000	0
2.07043333333333	0
2.07126666666667	0
2.07210000000000	0
2.07293333333333	0
2.07378333333333	0
2.07461666666667	0
2.07545000000000	0
2.07628333333333	0
2.07711666666667	0
2.07795000000000	0
2.07878333333333	0
2.07961666666667	0
2.08045000000000	0
2.08128333333333	0
2.08211666666667	0
2.08295000000000	0
2.08378333333333	0
2.08461666666667	0
2.08545000000000	0
2.08628333333333	0
2.08711666666667	0
2.08795000000000	0
2.08878333333333	0
2.08961666666667	0
2.09043333333333	0
2.09128333333333	0
2.09211666666667	0
2.09295000000000	0
2.09378333333333	0
2.09461666666667	0
2.09545000000000	0
2.09628333333333	0
2.09711666666667	0
2.09795000000000	0
2.09878333333333	0
2.09961666666667	0
2.10045000000000	0
2.10128333333333	0
2.10211666666667	0
2.10295000000000	0
2.10378333333333	0
2.10461666666667	0
2.10545000000000	0
2.10628333333333	0
2.10711666666667	0
2.10796666666667	0
2.10880000000000	0
2.10963333333333	0
2.11046666666667	0
2.11130000000000	0
2.11213333333333	0
2.11296666666667	0
2.11380000000000	0
2.11463333333333	0
2.11546666666667	0
2.11630000000000	0
2.11713333333333	0
2.11796666666667	0
2.11880000000000	0
2.11963333333333	0
2.12046666666667	0
2.12130000000000	0
2.12213333333333	0
2.12296666666667	0
2.12380000000000	0
2.12463333333333	0
2.12548333333333	0
2.12631666666667	0
2.12715000000000	0
2.12798333333333	0
2.12881666666667	0
2.12965000000000	0
2.13048333333333	0
2.13131666666667	0
2.13215000000000	0
2.13298333333333	0
2.13381666666667	0
2.13465000000000	0
2.13548333333333	0
2.13631666666667	0
2.13715000000000	0
2.13798333333333	0
2.13881666666667	0
2.13965000000000	0
2.14048333333333	0
2.14131666666667	0
2.14216666666667	0
2.14300000000000	0
2.14383333333333	0
2.14466666666667	0
2.14550000000000	0
2.14633333333333	0
2.14716666666667	0
2.14800000000000	0
2.14883333333333	0
2.14966666666667	0
2.15050000000000	0
2.15133333333333	0
2.15216666666667	0
2.15300000000000	0
2.15383333333333	0
2.15466666666667	0
2.15550000000000	0
2.15633333333333	0
2.15716666666667	0
2.15800000000000	0
2.15883333333333	0
2.15968333333333	0
2.16051666666667	0
2.16135000000000	0
2.16218333333333	0
2.16301666666667	0
2.16385000000000	0
2.16468333333333	0
2.16551666666667	0
2.16635000000000	0
2.16718333333333	0
2.16801666666667	0
2.16885000000000	0
2.16968333333333	0
2.17051666666667	0
2.17135000000000	0
2.17218333333333	0
2.17301666666667	0
2.17385000000000	0
2.17468333333333	0
2.17551666666667	0
2.17636666666667	0
2.17720000000000	0
2.17803333333333	0
2.17886666666667	0
2.17970000000000	0
2.18053333333333	0
2.18136666666667	0
2.18220000000000	0
2.18303333333333	0
2.18386666666667	0
2.18470000000000	0
2.18553333333333	0
2.18636666666667	0
2.18720000000000	0
2.18803333333333	0
2.18886666666667	0
2.18970000000000	0
2.19053333333333	0
2.19136666666667	0
2.19220000000000	0
2.19303333333333	0
2.19388333333333	0
2.19471666666667	0
2.19555000000000	0
2.19638333333333	0
2.19721666666667	0
2.19805000000000	0
2.19888333333333	0
2.19971666666667	0
2.20055000000000	0
2.20138333333333	0
2.20221666666667	0
2.20305000000000	0
2.20388333333333	0
2.20471666666667	0
2.20555000000000	0
2.20638333333333	0
2.20721666666667	0
2.20805000000000	0
2.20888333333333	0
2.20971666666667	0
2.21056666666667	0
2.21140000000000	0
2.21223333333333	0
2.21306666666667	0
2.21390000000000	0
2.21473333333333	0
2.21556666666667	0
2.21640000000000	0
2.21723333333333	0
2.21806666666667	0
2.21890000000000	0
2.21973333333333	0
2.22056666666667	0
2.22140000000000	0
2.22223333333333	0
2.22306666666667	0
2.22390000000000	0
2.22473333333333	0
2.22556666666667	0
2.22640000000000	0
2.22723333333333	0
2.22808333333333	0
2.22891666666667	0
2.22975000000000	0
2.23058333333333	0
2.23141666666667	0
2.23225000000000	0
2.23308333333333	0
2.23391666666667	0
2.23475000000000	0
2.23558333333333	0
2.23641666666667	0
2.23725000000000	0
2.23806666666667	0
2.23890000000000	0
2.23973333333333	0
2.24056666666667	0
2.24140000000000	0
2.24223333333333	0
2.24306666666667	0
2.24390000000000	0
2.24475000000000	0
2.24558333333333	0
2.24641666666667	0
2.24725000000000	368
2.24808333333333	184
2.24891666666667	0
2.24975000000000	0
2.25058333333333	0
2.25141666666667	0
2.25225000000000	0
2.25308333333333	0
2.25391666666667	189
2.25475000000000	95
2.25558333333333	0
2.25641666666667	0
2.25725000000000	0
2.25808333333333	0
2.25891666666667	0
2.25975000000000	0
2.26058333333333	0
2.26141666666667	18
2.26226666666667	9
2.26310000000000	0
2.26393333333333	0
2.26476666666667	0
2.26560000000000	0
2.26643333333333	0
2.26726666666667	0
2.26810000000000	0
2.26893333333333	0
2.26976666666667	0
2.27060000000000	0
2.27143333333333	0
2.27226666666667	0
2.27310000000000	0
2.27393333333333	0
2.27476666666667	0
2.27560000000000	0
2.27643333333333	0
2.27726666666667	0
2.27810000000000	0
2.27895000000000	0
2.27978333333333	0
2.28061666666667	0
2.28145000000000	0
2.28228333333333	0
2.28311666666667	0
2.28395000000000	0
2.28478333333333	0
2.28561666666667	0
2.28645000000000	0
2.28728333333333	0
2.28811666666667	0
2.28895000000000	0
2.28978333333333	0
2.29061666666667	0
2.29145000000000	0
2.29228333333333	0
2.29311666666667	0
2.29395000000000	0
2.29478333333333	0
2.29561666666667	0
2.29646666666667	0
2.29730000000000	0
2.29813333333333	0
2.29896666666667	0
2.29980000000000	0
2.30063333333333	0
2.30146666666667	0
2.30230000000000	0
2.30313333333333	0
2.30396666666667	0
2.30480000000000	0
2.30563333333333	0
2.30646666666667	0
2.30730000000000	0
2.30813333333333	0
2.30896666666667	0
2.30980000000000	0
2.31063333333333	0
2.31146666666667	0
2.31230000000000	0
2.31315000000000	0
2.31398333333333	0
2.31481666666667	0
2.31565000000000	0
2.31648333333333	0
2.31731666666667	0
2.31815000000000	0
2.31898333333333	0
2.31981666666667	0
2.32065000000000	0
2.32148333333333	0
2.32231666666667	0
2.32315000000000	0
2.32398333333333	0
2.32481666666667	0
2.32565000000000	0
2.32648333333333	0
2.32731666666667	0
2.32815000000000	0
2.32898333333333	0
2.32980000000000	0
2.33065000000000	0
2.33148333333333	0
2.33231666666667	0
2.33315000000000	0
2.33398333333333	0
2.33481666666667	0
2.33565000000000	0
2.33648333333333	0
2.33731666666667	0
2.33815000000000	0
2.33898333333333	0
2.33981666666667	0
2.34065000000000	0
2.34148333333333	0
2.34231666666667	0
2.34315000000000	0
2.34398333333333	0
2.34481666666667	0
2.34565000000000	0
2.34648333333333	0
2.34733333333333	0
2.34816666666667	0
2.34900000000000	0
2.34983333333333	0
2.35066666666667	0
2.35150000000000	0
2.35233333333333	0
2.35316666666667	0
2.35400000000000	0
2.35483333333333	0
2.35566666666667	0
2.35650000000000	0
2.35733333333333	0
2.35816666666667	0
2.35900000000000	0
2.35983333333333	0
2.36066666666667	0
2.36150000000000	0
2.36233333333333	0
2.36316666666667	0
2.36400000000000	0
2.36485000000000	0
2.36568333333333	336
2.36651666666667	258
2.36735000000000	0
2.36818333333333	0
2.36901666666667	283
2.36985000000000	14
2.37068333333333	0
2.37151666666667	0
2.37235000000000	0
2.37318333333333	0
2.37401666666667	0
2.37485000000000	0
2.37568333333333	0
2.37651666666667	0
2.37735000000000	0
2.37818333333333	0
2.37901666666667	0
2.37985000000000	0
2.38068333333333	0
2.38153333333333	0
2.38236666666667	0
2.38320000000000	0
2.38403333333333	0
2.38486666666667	0
2.38570000000000	0
2.38653333333333	0
2.38736666666667	0
2.38820000000000	0
2.38903333333333	0
2.38986666666667	0
2.39070000000000	0
2.39153333333333	0
2.39236666666667	0
2.39320000000000	0
2.39403333333333	0
2.39486666666667	0
2.39570000000000	0
2.39653333333333	0
2.39736666666667	0
2.39820000000000	0
2.39905000000000	0
2.39988333333333	0
2.40071666666667	0
2.40155000000000	0
2.40238333333333	0
2.40321666666667	0
2.40405000000000	0
2.40488333333333	0
2.40571666666667	0
2.40655000000000	0
2.40738333333333	0
2.40821666666667	0
2.40905000000000	0
2.40988333333333	0
2.41071666666667	0
2.41155000000000	39
2.41236666666667	20
2.41320000000000	0
2.41403333333333	0
2.41486666666667	19
2.41571666666667	0
2.41655000000000	0
2.41738333333333	0
2.41821666666667	0
2.41905000000000	0
2.41988333333333	0
2.42071666666667	0
2.42155000000000	0
2.42238333333333	0
2.42321666666667	0
2.42405000000000	0
2.42488333333333	0
2.42571666666667	0
2.42655000000000	0
2.42738333333333	0
2.42821666666667	0
2.42905000000000	22
2.42988333333333	11
2.43071666666667	0
2.43155000000000	0
2.43238333333333	0
2.43323333333333	0
2.43406666666667	0
2.43490000000000	0
2.43573333333333	0
2.43656666666667	0
2.43740000000000	0
2.43823333333333	0
2.43906666666667	0
2.43990000000000	0
2.44073333333333	0
2.44156666666667	0
2.44240000000000	0
2.44323333333333	0
2.44406666666667	0
2.44490000000000	0
2.44573333333333	0
2.44656666666667	0
2.44740000000000	0
2.44823333333333	0
2.44906666666667	0
2.44991666666667	0
2.45075000000000	0
2.45158333333333	0
2.45241666666667	0
2.45325000000000	0
2.45408333333333	0
2.45491666666667	0
2.45575000000000	0
2.45658333333333	0
2.45741666666667	0
2.45825000000000	0
2.45908333333333	0
2.45991666666667	0
2.46075000000000	0
2.46158333333333	0
2.46241666666667	0
2.46325000000000	0
2.46408333333333	0
2.46491666666667	0
2.46575000000000	0
2.46658333333333	0
2.46743333333333	0
2.46826666666667	0
2.46910000000000	0
2.46993333333333	0
2.47076666666667	0
2.47160000000000	0
2.47243333333333	0
2.47326666666667	0
2.47410000000000	0
2.47493333333333	0
2.47576666666667	0
2.47660000000000	0
2.47743333333333	0
2.47826666666667	0
2.47910000000000	0
2.47993333333333	0
2.48076666666667	0
2.48160000000000	0
2.48243333333333	0
2.48326666666667	0
2.48411666666667	0
2.48495000000000	0
2.48578333333333	0
2.48661666666667	0
2.48745000000000	0
2.48828333333333	0
2.48911666666667	0
2.48995000000000	0
2.49078333333333	0
2.49161666666667	0
2.49245000000000	0
2.49328333333333	0
2.49411666666667	0
2.49495000000000	0
2.49578333333333	0
2.49661666666667	0
2.49743333333333	0
2.49826666666667	0
2.49910000000000	0
2.49993333333333	0
2.50076666666667	0
2.50161666666667	0
2.50245000000000	0
2.50328333333333	0
2.50411666666667	0
2.50495000000000	0
2.50578333333333	0
2.50661666666667	0
2.50745000000000	0
2.50828333333333	0
2.50911666666667	0
2.50995000000000	0
2.51078333333333	0
2.51161666666667	0
2.51245000000000	0
2.51328333333333	0
2.51411666666667	0
2.51495000000000	0
2.51578333333333	0
2.51661666666667	0
2.51745000000000	0
2.51830000000000	0
2.51913333333333	0
2.51996666666667	0
2.52080000000000	0
2.52163333333333	0
2.52246666666667	0
2.52330000000000	0
2.52413333333333	0
2.52496666666667	0
2.52580000000000	0
2.52663333333333	0
2.52746666666667	0
2.52830000000000	0
2.52913333333333	0
2.52996666666667	301
2.53080000000000	151
2.53163333333333	0
2.53246666666667	0
2.53330000000000	0
2.53413333333333	0
2.53496666666667	0
2.53581666666667	0
2.53665000000000	0
2.53748333333333	0
2.53831666666667	0
2.53915000000000	0
2.53998333333333	0
2.54081666666667	0
2.54165000000000	0
2.54248333333333	0
2.54331666666667	0
2.54415000000000	0
2.54498333333333	0
2.54581666666667	0
2.54665000000000	0
2.54748333333333	0
2.54831666666667	0
2.54915000000000	0
2.54998333333333	0
2.55081666666667	0
2.55165000000000	0
2.55250000000000	0
2.55333333333333	0
2.55416666666667	0
2.55500000000000	0
2.55583333333333	0
2.55666666666667	0
2.55750000000000	0
2.55833333333333	0
2.55916666666667	0
2.56000000000000	0
2.56083333333333	0
2.56166666666667	0
2.56250000000000	0
2.56333333333333	0
2.56416666666667	0
2.56500000000000	0
2.56583333333333	0
2.56666666666667	0
2.56750000000000	0
2.56833333333333	0
2.56916666666667	0
2.57001666666667	0
2.57085000000000	0
2.57168333333333	0
2.57251666666667	0
2.57335000000000	0
2.57418333333333	0
2.57501666666667	0
2.57585000000000	0
2.57668333333333	0
2.57751666666667	0
2.57835000000000	0
2.57918333333333	0
2.58001666666667	0
2.58083333333333	0
2.58166666666667	0
2.58250000000000	0
2.58333333333333	0
2.58416666666667	0
2.58500000000000	0
2.58583333333333	0
2.58668333333333	0
2.58751666666667	0
2.58835000000000	0
2.58918333333333	0
2.59001666666667	0
2.59085000000000	0
2.59168333333333	0
2.59251666666667	0
2.59335000000000	0
2.59418333333333	0
2.59501666666667	0
2.59585000000000	0
2.59668333333333	0
2.59751666666667	0
2.59835000000000	0
2.59918333333333	0
2.60001666666667	0
2.60085000000000	0
2.60168333333333	0
2.60251666666667	0
2.60335000000000	0
2.60420000000000	0
2.60503333333333	0
2.60586666666667	0
2.60670000000000	0
2.60753333333333	0
2.60836666666667	0
2.60920000000000	0
2.61003333333333	0
2.61086666666667	0
2.61170000000000	0
2.61253333333333	0
2.61336666666667	0
2.61420000000000	0
2.61503333333333	0
2.61586666666667	0
2.61670000000000	0
2.61753333333333	0
2.61836666666667	0
2.61920000000000	0
2.62003333333333	0
2.62088333333333	0
2.62171666666667	0
2.62255000000000	0
2.62338333333333	0
2.62421666666667	0
2.62505000000000	0
2.62588333333333	0
2.62671666666667	0
2.62755000000000	0
2.62838333333333	0
2.62921666666667	0
2.63005000000000	0
2.63088333333333	0
2.63171666666667	0
2.63255000000000	0
2.63338333333333	0
2.63421666666667	0
2.63505000000000	0
2.63588333333333	0
2.63671666666667	0
2.63755000000000	0
2.63840000000000	0
2.63923333333333	0
2.64006666666667	0
2.64090000000000	0
2.64173333333333	0
2.64256666666667	0
2.64340000000000	0
2.64423333333333	0
2.64506666666667	0
2.64590000000000	0
2.64673333333333	0
2.64756666666667	0
2.64840000000000	0
2.64923333333333	0
2.65006666666667	0
2.65090000000000	0
2.65173333333333	0
2.65256666666667	0
2.65340000000000	0
2.65423333333333	0
2.65508333333333	0
2.65591666666667	0
2.65675000000000	0
2.65758333333333	118
2.65841666666667	59
2.65925000000000	0
2.66008333333333	0
2.66091666666667	0
2.66175000000000	0
2.66258333333333	0
2.66341666666667	0
2.66425000000000	0
2.66506666666667	0
2.66590000000000	0
2.66673333333333	0
2.66756666666667	0
2.66840000000000	0
2.66923333333333	0
2.67006666666667	0
2.67090000000000	0
2.67173333333333	0
2.67258333333333	0
2.67341666666667	0
2.67425000000000	0
2.67508333333333	0
2.67591666666667	0
2.67675000000000	0
2.67758333333333	0
2.67841666666667	0
2.67925000000000	0
2.68008333333333	0
2.68091666666667	0
2.68175000000000	0
2.68258333333333	0
2.68341666666667	0
2.68425000000000	0
2.68508333333333	0
2.68591666666667	0
2.68675000000000	0
2.68758333333333	0
2.68841666666667	0
2.68926666666667	0
2.69010000000000	0
2.69093333333333	0
2.69176666666667	0
2.69260000000000	53
2.69343333333333	26
2.69426666666667	0
2.69510000000000	0
2.69593333333333	0
2.69676666666667	0
2.69760000000000	0
2.69843333333333	0
2.69926666666667	0
2.70010000000000	0
2.70093333333333	0
2.70176666666667	0
2.70260000000000	0
2.70343333333333	0
2.70426666666667	0
2.70510000000000	0
2.70593333333333	0
2.70678333333333	0
2.70761666666667	0
2.70845000000000	0
2.70928333333333	0
2.71011666666667	0
2.71095000000000	0
2.71178333333333	0
2.71261666666667	0
2.71345000000000	0
2.71428333333333	0
2.71511666666667	0
2.71595000000000	0
2.71678333333333	0
2.71761666666667	0
2.71845000000000	0
2.71928333333333	0
2.72011666666667	0
2.72095000000000	0
2.72178333333333	0
2.72261666666667	0
2.72346666666667	0
2.72430000000000	0
2.72513333333333	0
2.72596666666667	0
2.72680000000000	0
2.72763333333333	0
2.72846666666667	0
2.72930000000000	0
2.73013333333333	0
2.73096666666667	0
2.73180000000000	0
2.73263333333333	0
2.73346666666667	0
2.73430000000000	0
2.73513333333333	0
2.73596666666667	0
2.73680000000000	0
2.73763333333333	0
2.73846666666667	0
2.73930000000000	0
2.74013333333333	0
2.74098333333333	0
2.74181666666667	0
2.74265000000000	0
2.74348333333333	0
2.74431666666667	0
2.74515000000000	21
2.74598333333333	10
2.74681666666667	0
2.74765000000000	0
2.74848333333333	0
2.74931666666667	0
2.75015000000000	0
2.75098333333333	0
2.75181666666667	0
2.75265000000000	0
2.75348333333333	0
2.75431666666667	0
2.75515000000000	0
2.75598333333333	0
2.75681666666667	0
2.75766666666667	0
2.75850000000000	0
2.75933333333333	0
2.76016666666667	0
2.76100000000000	0
2.76183333333333	0
2.76266666666667	0
2.76350000000000	0
2.76433333333333	0
2.76516666666667	0
2.76600000000000	303
2.76683333333333	152
2.76766666666667	0
2.76850000000000	0
2.76933333333333	14
2.77016666666667	7
2.77100000000000	0
2.77183333333333	0
2.77266666666667	0
2.77350000000000	0
2.77433333333333	0
2.77518333333333	0
2.77601666666667	0
2.77685000000000	0
2.77768333333333	0
2.77851666666667	0
2.77935000000000	0
2.78018333333333	0
2.78101666666667	0
2.78185000000000	0
2.78268333333333	0
2.78351666666667	0
2.78435000000000	0
2.78518333333333	0
2.78601666666667	0
2.78685000000000	0
2.78768333333333	0
2.78851666666667	0
2.78935000000000	0
2.79018333333333	0
2.79100000000000	0
2.79185000000000	0
2.79268333333333	0
2.79351666666667	0
2.79435000000000	0
2.79518333333333	0
2.79601666666667	0
2.79685000000000	0
2.79768333333333	0
2.79851666666667	0
2.79935000000000	0
2.80018333333333	0
2.80101666666667	0
2.80185000000000	0
2.80268333333333	0
2.80351666666667	0
2.80435000000000	0
2.80518333333333	0
2.80601666666667	0
2.80685000000000	0
2.80768333333333	0
2.80851666666667	0
2.80936666666667	0
2.81020000000000	0
2.81103333333333	0
2.81186666666667	0
2.81270000000000	0
2.81353333333333	0
2.81436666666667	0
2.81520000000000	0
2.81603333333333	0
2.81686666666667	0
2.81770000000000	0
2.81853333333333	0
2.81936666666667	0
2.82020000000000	0
2.82103333333333	0
2.82186666666667	0
2.82270000000000	0
2.82353333333333	0
2.82436666666667	0
2.82520000000000	0
2.82605000000000	0
2.82688333333333	0
2.82771666666667	0
2.82855000000000	0
2.82938333333333	0
2.83021666666667	0
2.83105000000000	0
2.83188333333333	0
2.83271666666667	0
2.83355000000000	0
2.83438333333333	0
2.83521666666667	0
2.83605000000000	0
2.83688333333333	0
2.83771666666667	0
2.83855000000000	0
2.83938333333333	0
2.84021666666667	0
2.84105000000000	0
2.84188333333333	0
2.84271666666667	0
2.84356666666667	0
2.84440000000000	0
2.84523333333333	0
2.84606666666667	0
2.84690000000000	0
2.84773333333333	0
2.84856666666667	0
2.84940000000000	0
2.85023333333333	0
2.85106666666667	0
2.85190000000000	0
2.85273333333333	0
2.85356666666667	0
2.85440000000000	0
2.85523333333333	0
2.85606666666667	0
2.85690000000000	0
2.85773333333333	0
2.85856666666667	0
2.85940000000000	0
2.86025000000000	0
2.86108333333333	0
2.86191666666667	0
2.86275000000000	0
2.86358333333333	0
2.86441666666667	0
2.86525000000000	0
2.86608333333333	0
2.86691666666667	0
2.86775000000000	0
2.86858333333333	0
2.86941666666667	0
2.87025000000000	0
2.87108333333333	0
2.87191666666667	0
2.87273333333333	0
2.87356666666667	0
2.87440000000000	0
2.87523333333333	0
2.87606666666667	0
2.87690000000000	0
2.87775000000000	0
2.87858333333333	0
2.87941666666667	0
2.88025000000000	0
2.88108333333333	0
2.88191666666667	0
2.88275000000000	450
2.88358333333333	225
2.88441666666667	0
2.88525000000000	0
2.88608333333333	0
2.88691666666667	20
2.88775000000000	10
2.88858333333333	0
2.88941666666667	0
2.89025000000000	0
2.89108333333333	0
2.89191666666667	0
2.89275000000000	0
2.89358333333333	0
2.89443333333333	0
2.89526666666667	0
2.89610000000000	0
2.89693333333333	0
2.89776666666667	0
2.89860000000000	0
2.89943333333333	0
2.90026666666667	0
2.90110000000000	0
2.90193333333333	0
2.90276666666667	0
2.90360000000000	0
2.90443333333333	0
2.90526666666667	0
2.90610000000000	0
2.90693333333333	0
2.90776666666667	0
2.90860000000000	0
2.90943333333333	0
2.91026666666667	0
2.91110000000000	0
2.91195000000000	0
2.91278333333333	0
2.91361666666667	0
2.91445000000000	0
2.91528333333333	0
2.91611666666667	0
2.91695000000000	0
2.91778333333333	0
2.91861666666667	0
2.91945000000000	0
2.92028333333333	0
2.92111666666667	0
2.92195000000000	0
2.92278333333333	0
2.92361666666667	0
2.92445000000000	0
2.92528333333333	0
2.92611666666667	0
2.92695000000000	0
2.92778333333333	0
2.92863333333333	0
2.92946666666667	0
2.93030000000000	0
2.93113333333333	0
2.93196666666667	0
2.93280000000000	0
2.93363333333333	0
2.93446666666667	0
2.93530000000000	0
2.93613333333333	0
2.93696666666667	0
2.93780000000000	0
2.93863333333333	0
2.93946666666667	0
2.94030000000000	0
2.94113333333333	0
2.94196666666667	0
2.94280000000000	0
2.94363333333333	0
2.94446666666667	0
2.94530000000000	0
2.94615000000000	0
2.94698333333333	0
2.94781666666667	0
2.94865000000000	0
2.94948333333333	0
2.95031666666667	0
2.95115000000000	0
2.95198333333333	0
2.95281666666667	0
2.95365000000000	0
2.95448333333333	0
2.95531666666667	0
2.95615000000000	0
2.95698333333333	0
2.95781666666667	0
2.95863333333333	0
2.95946666666667	0
2.96030000000000	0
2.96113333333333	0
2.96196666666667	0
2.96281666666667	0
2.96365000000000	0
2.96448333333333	0
2.96531666666667	0
2.96615000000000	0
2.96698333333333	0
2.96781666666667	0
2.96865000000000	0
2.96948333333333	0
2.97031666666667	0
2.97115000000000	0
2.97198333333333	0
2.97281666666667	0
2.97365000000000	0
2.97448333333333	0
2.97531666666667	0
2.97615000000000	0
2.97698333333333	0
2.97781666666667	0
2.97865000000000	0
2.97948333333333	0
2.98033333333333	9
2.98116666666667	18
2.98200000000000	9
2.98283333333333	0
2.98366666666667	0
2.98450000000000	0
2.98533333333333	0
2.98616666666667	0
2.98700000000000	0
2.98783333333333	0
2.98866666666667	0
2.98950000000000	0
2.99033333333333	0
2.99116666666667	0
2.99200000000000	0
2.99283333333333	0
2.99366666666667	0
2.99450000000000	0
2.99533333333333	176
2.99616666666667	88
2.99701666666667	0
2.99785000000000	0
2.99868333333333	0
2.99951666666667	0
