0.50328333333333	0
0.50661666666667	0
0.50995000000000	0
0.51328333333333	0
0.51661666666667	0
0.51995000000000	0
0.52328333333333	0
0.52661666666667	0
0.52995000000000	0
0.53328333333333	0
0.53661666666667	0
0.53996666666667	0
0.54330000000000	0
0.54663333333333	0
0.54996666666667	0
0.55330000000000	0
0.55661666666667	0
0.55996666666667	0
0.56330000000000	0
0.56661666666667	0
0.56996666666667	36
0.57330000000000	18
0.57663333333333	0
0.57996666666667	4
0.58330000000000	0
0.58663333333333	0
0.58996666666667	0
0.59330000000000	0
0.59663333333333	0
0.59996666666667	0
0.60330000000000	0
0.60663333333333	3
0.60996666666667	2
0.61330000000000	0
0.61663333333333	0
0.61996666666667	0
0.62330000000000	0
0.62663333333333	0
0.62996666666667	0
0.63330000000000	0
0.63663333333333	0
0.63996666666667	0
0.64330000000000	0
0.64663333333333	84
0.64996666666667	42
0.65330000000000	0
0.65663333333333	3
0.65996666666667	3
0.66330000000000	3
0.66661666666667	0
0.66996666666667	0
0.67330000000000	0
0.67663333333333	0
0.67996666666667	0
0.68330000000000	0
0.68663333333333	0
0.68996666666667	0
0.69330000000000	0
0.69663333333333	0
0.69996666666667	0
0.70330000000000	0
0.70663333333333	0
0.70996666666667	0
0.71330000000000	0
0.71663333333333	0
0.71996666666667	8
0.72330000000000	4
0.72663333333333	0
0.72996666666667	0
0.73330000000000	3
0.73663333333333	0
0.73996666666667	3
0.74330000000000	0
0.74663333333333	0
0.74996666666667	0
0.75330000000000	0
0.75663333333333	0
0.75996666666667	0
0.76330000000000	0
0.76663333333333	0
0.76996666666667	13
0.77330000000000	6
0.77663333333333	0
0.77996666666667	0
0.78330000000000	3
0.78663333333333	0
0.78996666666667	0
0.79330000000000	0
0.79663333333333	0
0.79996666666667	0
0.80330000000000	0
0.80661666666667	0
0.80996666666667	0
0.81330000000000	0
0.81663333333333	0
0.81996666666667	0
0.82330000000000	0
0.82663333333333	0
0.82996666666667	0
0.83330000000000	0
0.83663333333333	0
0.83996666666667	0
0.84330000000000	0
0.84663333333333	0
0.84996666666667	0
0.85330000000000	0
0.85663333333333	0
0.85996666666667	0
0.86330000000000	0
0.86663333333333	0
0.86996666666667	0
0.87330000000000	0
0.87663333333333	0
0.87996666666667	0
0.88330000000000	0
0.88663333333333	0
0.88996666666667	0
0.89330000000000	0
0.89663333333333	2
0.89996666666667	3
0.90330000000000	2
0.90663333333333	0
0.90996666666667	0
0.91330000000000	0
0.91663333333333	0
0.91996666666667	0
0.92330000000000	0
0.92663333333333	0
0.92996666666667	0
0.93330000000000	0
0.93663333333333	3
0.93996666666667	2
0.94330000000000	0
0.94663333333333	0
0.94996666666667	0
0.95328333333333	0
0.95661666666667	182
0.95996666666667	212
0.96330000000000	0
0.96663333333333	54
0.96996666666667	109
0.97330000000000	58
0.97663333333333	7
0.97996666666667	0
0.98330000000000	0
0.98663333333333	0
0.98996666666667	30
0.99330000000000	60
0.99663333333333	30
0.99996666666667	0
1.00330000000000	3
1.00663333333333	31
1.00996666666667	58
1.01330000000000	95
1.01663333333333	296
1.01996666666667	237
1.02330000000000	178
1.02663333333333	381
1.02996666666667	368
1.03330000000000	251
1.03663333333333	121
1.03996666666667	252
1.04328333333333	384
1.04663333333333	492
1.04996666666667	520
1.05330000000000	764
1.05663333333333	700
1.05996666666667	738
1.06330000000000	775
1.06661666666667	626
1.06996666666667	867
1.07330000000000	1108
1.07663333333333	1935
1.07996666666667	2198
1.08330000000000	1866
1.08663333333333	3281
1.08996666666667	4493
1.09330000000000	10148
1.09663333333333	13240
1.09996666666667	16608
1.10330000000000	21008
1.10663333333333	30488
1.10996666666667	31400
1.11330000000000	26384
1.11663333333333	28236
1.11996666666667	23584
1.12330000000000	20220
1.12663333333333	18288
1.12996666666667	18836
1.13330000000000	16916
1.13663333333333	12484
1.13996666666667	14964
1.14330000000000	13108
1.14663333333333	8240
1.14996666666667	7531
1.15330000000000	6313
1.15663333333333	5968
1.15996666666667	5804
1.16330000000000	5355
1.16663333333333	4815
1.16996666666667	4434
1.17328333333333	4523
1.17661666666667	3809
1.17996666666667	4292
1.18330000000000	3057
1.18663333333333	2710
1.18996666666667	3346
1.19330000000000	2716
1.19663333333333	2537
1.19996666666667	2146
1.20330000000000	1124
1.20661666666667	1701
1.20996666666667	1479
1.21330000000000	1661
1.21661666666667	1057
1.21996666666667	494
1.22330000000000	542
1.22663333333333	1042
1.22996666666667	821
1.23330000000000	626
1.23663333333333	461
1.23996666666667	464
1.24330000000000	397
1.24661666666667	352
1.24996666666667	321
1.25330000000000	289
1.25663333333333	319
1.25996666666667	348
1.26330000000000	76
1.26663333333333	313
1.26996666666667	625
1.27330000000000	564
1.27663333333333	333
1.27996666666667	252
1.28330000000000	70
1.28663333333333	217
1.28996666666667	56
1.29330000000000	68
1.29663333333333	106
1.29996666666667	106
1.30330000000000	107
1.30663333333333	10
1.30996666666667	47
1.31330000000000	84
1.31663333333333	179
1.31995000000000	191
1.32330000000000	254
1.32661666666667	4
1.32996666666667	0
1.33330000000000	4
1.33663333333333	38
1.33996666666667	72
1.34330000000000	61
1.34663333333333	65
1.34996666666667	69
1.35330000000000	146
1.35663333333333	158
1.35995000000000	51
1.36328333333333	0
1.36663333333333	67
1.36996666666667	90
1.37330000000000	79
1.37663333333333	81
1.37995000000000	84
1.38330000000000	88
1.38663333333333	46
1.38996666666667	100
1.39330000000000	93
1.39663333333333	50
1.39996666666667	62
1.40330000000000	0
1.40663333333333	0
1.40996666666667	98
1.41330000000000	97
1.41663333333333	160
1.41996666666667	128
1.42330000000000	0
1.42663333333333	0
1.42996666666667	40
1.43330000000000	81
1.43663333333333	40
1.43996666666667	0
1.44330000000000	0
1.44663333333333	12
1.44996666666667	6
1.45330000000000	0
1.45663333333333	0
1.45996666666667	0
1.46330000000000	180
1.46663333333333	121
1.46996666666667	63
1.47330000000000	61
1.47663333333333	15
1.47996666666667	189
1.48330000000000	164
1.48663333333333	82
1.48995000000000	0
1.49330000000000	0
1.49663333333333	82
1.49996666666667	41
1.50330000000000	0
1.50663333333333	0
1.50996666666667	0
1.51330000000000	0
1.51663333333333	56
1.51996666666667	134
1.52330000000000	116
1.52663333333333	0
1.52996666666667	45
1.53330000000000	0
1.53663333333333	74
1.53996666666667	37
1.54330000000000	0
1.54663333333333	68
1.54996666666667	0
1.55330000000000	0
1.55663333333333	67
1.55996666666667	134
1.56330000000000	128
1.56663333333333	0
1.56996666666667	94
1.57330000000000	0
1.57663333333333	4
1.57995000000000	85
1.58328333333333	70
1.58663333333333	56
1.58996666666667	28
1.59330000000000	0
1.59663333333333	0
1.59995000000000	0
1.60330000000000	0
1.60663333333333	0
1.60996666666667	61
1.61330000000000	106
1.61663333333333	53
1.61996666666667	0
1.62330000000000	0
1.62663333333333	0
1.62996666666667	0
1.63330000000000	0
1.63663333333333	0
1.63996666666667	0
1.64330000000000	0
1.64663333333333	0
1.64996666666667	0
1.65330000000000	0
1.65663333333333	0
1.65996666666667	98
1.66330000000000	73
1.66663333333333	55
1.66996666666667	0
1.67330000000000	95
1.67663333333333	0
1.67996666666667	85
1.68330000000000	15
1.68663333333333	73
1.68996666666667	0
1.69330000000000	92
1.69663333333333	0
1.69996666666667	17
1.70330000000000	3
1.70663333333333	69
1.70996666666667	197
1.71330000000000	99
1.71663333333333	0
1.71996666666667	0
1.72330000000000	0
1.72663333333333	0
1.72996666666667	39
1.73330000000000	20
1.73663333333333	0
1.73996666666667	0
1.74330000000000	6
1.74663333333333	12
1.74996666666667	78
1.75330000000000	39
1.75663333333333	0
1.75996666666667	0
1.76330000000000	0
1.76663333333333	0
1.76996666666667	0
1.77330000000000	0
1.77663333333333	0
1.77996666666667	0
1.78330000000000	0
1.78663333333333	0
1.78996666666667	134
1.79330000000000	163
1.79663333333333	0
1.79996666666667	0
1.80328333333333	193
1.80663333333333	0
1.80996666666667	0
1.81330000000000	0
1.81661666666667	0
1.81996666666667	0
1.82330000000000	0
1.82663333333333	0
1.82996666666667	0
1.83330000000000	0
1.83661666666667	0
1.83995000000000	0
1.84330000000000	0
1.84663333333333	43
1.84996666666667	21
1.85330000000000	0
1.85663333333333	3
1.85996666666667	0
1.86330000000000	0
1.86663333333333	0
1.86996666666667	0
1.87330000000000	0
1.87663333333333	0
1.87996666666667	0
1.88330000000000	0
1.88663333333333	0
1.88996666666667	0
1.89330000000000	0
1.89663333333333	0
1.89996666666667	0
1.90330000000000	81
1.90663333333333	63
1.90996666666667	107
1.91330000000000	48
1.91663333333333	150
1.91996666666667	109
1.92330000000000	0
1.92663333333333	202
1.92996666666667	195
1.93330000000000	12
1.93663333333333	0
1.93996666666667	0
1.94330000000000	3
1.94663333333333	0
1.94996666666667	0
1.95330000000000	0
1.95663333333333	0
1.95996666666667	0
1.96330000000000	0
1.96663333333333	0
1.96996666666667	0
1.97330000000000	0
1.97663333333333	0
1.97996666666667	0
1.98330000000000	0
1.98661666666667	0
1.98996666666667	0
1.99330000000000	0
1.99663333333333	0
1.99996666666667	0
2.00328333333333	0
2.00663333333333	0
2.00996666666667	0
2.01330000000000	0
2.01663333333333	0
2.01996666666667	0
2.02328333333333	0
2.02663333333333	0
2.02996666666667	0
2.03330000000000	0
2.03663333333333	0
2.03995000000000	0
2.04330000000000	0
2.04663333333333	0
2.04996666666667	0
2.05328333333333	0
2.05663333333333	120
2.05995000000000	106
2.06330000000000	0
2.06663333333333	0
2.06996666666667	114
2.07330000000000	0
2.07663333333333	0
2.07996666666667	106
2.08330000000000	38
2.08663333333333	128
2.08996666666667	0
2.09330000000000	0
2.09661666666667	109
2.09996666666667	12
2.10330000000000	0
2.10663333333333	0
2.10996666666667	5
2.11330000000000	2
2.11663333333333	0
2.11996666666667	0
2.12330000000000	64
2.12663333333333	32
2.12996666666667	0
2.13330000000000	0
2.13663333333333	38
2.13996666666667	0
2.14330000000000	0
2.14663333333333	0
2.14996666666667	0
2.15330000000000	0
2.15663333333333	0
2.15996666666667	0
2.16330000000000	0
2.16663333333333	0
2.16995000000000	0
2.17330000000000	0
2.17663333333333	0
2.17996666666667	0
2.18330000000000	0
2.18663333333333	0
2.18996666666667	0
2.19330000000000	0
2.19663333333333	0
2.19996666666667	0
2.20330000000000	0
2.20663333333333	0
2.20996666666667	0
2.21330000000000	0
2.21663333333333	0
2.21996666666667	0
2.22330000000000	0
2.22663333333333	17
2.22996666666667	86
2.23330000000000	143
2.23661666666667	84
2.23996666666667	110
2.24328333333333	0
2.24663333333333	0
2.24996666666667	0
2.25330000000000	0
2.25663333333333	0
2.25996666666667	0
2.26330000000000	0
2.26663333333333	0
2.26996666666667	27
2.27330000000000	15
2.27663333333333	3
2.27996666666667	0
2.28330000000000	0
2.28663333333333	0
2.28996666666667	0
2.29330000000000	0
2.29663333333333	0
2.29996666666667	0
2.30330000000000	0
2.30663333333333	5
2.30996666666667	2
2.31330000000000	0
2.31663333333333	0
2.31996666666667	0
2.32330000000000	0
2.32663333333333	0
2.32996666666667	6
2.33330000000000	3
2.33663333333333	0
2.33996666666667	3
2.34330000000000	0
2.34663333333333	3
2.34996666666667	0
2.35330000000000	0
2.35663333333333	0
2.35996666666667	0
2.36330000000000	59
2.36663333333333	30
2.36996666666667	0
2.37330000000000	0
2.37663333333333	0
2.37996666666667	0
2.38330000000000	0
2.38663333333333	0
2.38996666666667	0
2.39330000000000	0
2.39663333333333	0
2.39996666666667	0
2.40330000000000	0
2.40663333333333	10
2.40996666666667	5
2.41330000000000	0
2.41663333333333	88
2.41996666666667	83
2.42330000000000	79
2.42663333333333	0
2.42996666666667	0
2.43330000000000	0
2.43663333333333	3
2.43996666666667	1
2.44330000000000	0
2.44663333333333	0
2.44996666666667	28
2.45330000000000	14
2.45663333333333	0
2.45995000000000	0
2.46330000000000	0
2.46663333333333	0
2.46996666666667	8
2.47330000000000	65
2.47663333333333	62
2.47996666666667	0
2.48330000000000	0
2.48663333333333	63
2.48996666666667	0
2.49330000000000	0
2.49663333333333	0
2.49996666666667	0
2.50330000000000	0
2.50663333333333	0
2.50996666666667	0
2.51330000000000	0
2.51663333333333	0
2.51996666666667	0
2.52330000000000	0
2.52663333333333	3
2.52996666666667	1
2.53330000000000	0
2.53663333333333	0
2.53996666666667	0
2.54330000000000	0
2.54663333333333	0
2.54996666666667	123
2.55330000000000	99
2.55663333333333	0
2.55996666666667	0
2.56330000000000	0
2.56661666666667	0
2.56996666666667	0
2.57330000000000	0
2.57663333333333	0
2.57996666666667	0
2.58330000000000	0
2.58663333333333	0
2.58996666666667	0
2.59330000000000	0
2.59663333333333	0
2.59996666666667	0
2.60328333333333	0
2.60661666666667	0
2.60995000000000	0
2.61330000000000	0
2.61663333333333	0
2.61996666666667	0
2.62328333333333	0
2.62661666666667	0
2.62996666666667	0
2.63330000000000	0
2.63663333333333	0
2.63996666666667	0
2.64328333333333	0
2.64663333333333	0
2.64996666666667	0
2.65330000000000	0
2.65663333333333	0
2.65996666666667	0
2.66330000000000	0
2.66663333333333	0
2.66996666666667	0
2.67328333333333	0
2.67661666666667	0
2.67995000000000	81
2.68330000000000	74
2.68663333333333	114
2.68996666666667	0
2.69330000000000	0
2.69663333333333	47
2.69996666666667	20
2.70330000000000	3
2.70663333333333	18
2.70996666666667	32
2.71330000000000	20
2.71663333333333	0
2.71996666666667	0
2.72330000000000	0
2.72663333333333	0
2.72996666666667	2
2.73330000000000	3
2.73663333333333	3
2.73996666666667	3
2.74330000000000	86
2.74663333333333	99
2.74996666666667	0
2.75330000000000	0
2.75661666666667	0
2.75996666666667	2
2.76330000000000	1
2.76663333333333	0
2.76996666666667	0
2.77330000000000	0
2.77663333333333	0
2.77996666666667	0
2.78330000000000	0
2.78663333333333	0
2.78996666666667	0
2.79330000000000	42
2.79663333333333	243
2.79996666666667	233
2.80330000000000	0
2.80663333333333	0
2.80996666666667	67
2.81330000000000	52
2.81663333333333	83
2.81996666666667	90
2.82330000000000	73
2.82663333333333	56
2.82995000000000	0
2.83330000000000	0
2.83663333333333	70
2.83996666666667	0
2.84328333333333	33
2.84663333333333	67
2.84996666666667	0
2.85330000000000	41
2.85663333333333	81
2.85995000000000	0
2.86328333333333	83
2.86661666666667	0
2.86996666666667	0
2.87330000000000	0
2.87661666666667	0
2.87995000000000	0
2.88328333333333	0
2.88663333333333	0
2.88996666666667	0
2.89330000000000	34
2.89663333333333	17
2.89996666666667	0
2.90330000000000	0
2.90663333333333	0
2.90996666666667	0
2.91330000000000	0
2.91663333333333	0
2.91996666666667	0
2.92330000000000	7
2.92663333333333	6
2.92996666666667	4
2.93330000000000	2
2.93663333333333	0
2.93996666666667	0
2.94330000000000	21
2.94663333333333	42
2.94996666666667	142
2.95330000000000	120
2.95663333333333	0
2.95996666666667	0
2.96330000000000	0
2.96663333333333	0
2.96996666666667	0
2.97330000000000	0
2.97663333333333	0
2.97996666666667	0
2.98330000000000	39
2.98663333333333	56
2.98996666666667	42
2.99330000000000	0
2.99663333333333	0
