0.50331666666667	0
0.50665000000000	0
0.50998333333333	0
0.51331666666667	0
0.51665000000000	0
0.52000000000000	0
0.52333333333333	0
0.52666666666667	0
0.53000000000000	0
0.53333333333333	0
0.53668333333333	0
0.54001666666667	0
0.54335000000000	0
0.54668333333333	0
0.55001666666667	0
0.55336666666667	0
0.55670000000000	0
0.56003333333333	0
0.56336666666667	0
0.56670000000000	0
0.57005000000000	0
0.57338333333333	0
0.57671666666667	0
0.58005000000000	0
0.58338333333333	0
0.58673333333333	0
0.59006666666667	0
0.59340000000000	0
0.59673333333333	0
0.60006666666667	0
0.60341666666667	0
0.60675000000000	0
0.61008333333333	0
0.61341666666667	0
0.61675000000000	0
0.62010000000000	0
0.62343333333333	0
0.62676666666667	0
0.63010000000000	0
0.63343333333333	0
0.63678333333333	0
0.64011666666667	0
0.64345000000000	0
0.64678333333333	0
0.65011666666667	0
0.65346666666667	0
0.65680000000000	0
0.66013333333333	0
0.66346666666667	0
0.66680000000000	0
0.67015000000000	0
0.67348333333333	0
0.67681666666667	0
0.68015000000000	0
0.68348333333333	0
0.68683333333333	0
0.69016666666667	0
0.69350000000000	0
0.69683333333333	0
0.70016666666667	0
0.70351666666667	0
0.70685000000000	0
0.71018333333333	0
0.71351666666667	0
0.71685000000000	0
0.72020000000000	0
0.72353333333333	0
0.72686666666667	0
0.73020000000000	0
0.73353333333333	0
0.73688333333333	0
0.74021666666667	0
0.74355000000000	0
0.74688333333333	0
0.75021666666667	0
0.75356666666667	0
0.75690000000000	0
0.76023333333333	0
0.76356666666667	0
0.76690000000000	0
0.77025000000000	0
0.77358333333333	0
0.77691666666667	0
0.78025000000000	0
0.78358333333333	0
0.78693333333333	0
0.79026666666667	0
0.79360000000000	0
0.79693333333333	0
0.80026666666667	0
0.80361666666667	0
0.80695000000000	0
0.81028333333333	0
0.81361666666667	0
0.81695000000000	0
0.82028333333333	0
0.82363333333333	0
0.82696666666667	0
0.83030000000000	0
0.83363333333333	0
0.83696666666667	0
0.84031666666667	0
0.84365000000000	0
0.84698333333333	0
0.85031666666667	0
0.85365000000000	0
0.85700000000000	0
0.86033333333333	0
0.86366666666667	0
0.86700000000000	0
0.87033333333333	0
0.87368333333333	0
0.87701666666667	0
0.88035000000000	0
0.88368333333333	0
0.88701666666667	0
0.89036666666667	0
0.89370000000000	0
0.89703333333333	0
0.90036666666667	0
0.90370000000000	0
0.90705000000000	0
0.91038333333333	0
0.91371666666667	0
0.91705000000000	0
0.92038333333333	0
0.92373333333333	0
0.92706666666667	0
0.93040000000000	0
0.93373333333333	0
0.93706666666667	0
0.94041666666667	0
0.94375000000000	0
0.94708333333333	0
0.95041666666667	0
0.95375000000000	0
0.95710000000000	0
0.96043333333333	0
0.96376666666667	0
0.96710000000000	0
0.97043333333333	0
0.97378333333333	0
0.97711666666667	0
0.98045000000000	0
0.98378333333333	0
0.98711666666667	0
0.99046666666667	0
0.99380000000000	0
0.99713333333333	0
1.00046666666667	0
1.00380000000000	0
1.00715000000000	0
1.01048333333333	0
1.01381666666667	0
1.01715000000000	0
1.02048333333333	0
1.02383333333333	0
1.02716666666667	0
1.03050000000000	0
1.03383333333333	0
1.03716666666667	0
1.04051666666667	0
1.04385000000000	0
1.04718333333333	0
1.05051666666667	0
1.05385000000000	0
1.05720000000000	0
1.06053333333333	0
1.06386666666667	0
1.06720000000000	0
1.07053333333333	0
1.07388333333333	0
1.07721666666667	0
1.08055000000000	0
1.08388333333333	0
1.08721666666667	0
1.09056666666667	0
1.09390000000000	0
1.09723333333333	0
1.10056666666667	0
1.10390000000000	0
1.10725000000000	0
1.11058333333333	0
1.11391666666667	0
1.11725000000000	0
1.12058333333333	0
1.12393333333333	0
1.12726666666667	1135
1.13060000000000	1452
1.13393333333333	0
1.13726666666667	0
1.14061666666667	1379
1.14395000000000	0
1.14728333333333	238
1.15061666666667	0
1.15395000000000	0
1.15728333333333	0
1.16063333333333	0
1.16396666666667	0
1.16730000000000	0
1.17063333333333	0
1.17396666666667	0
1.17731666666667	0
1.18065000000000	0
1.18398333333333	0
1.18731666666667	0
1.19065000000000	0
1.19400000000000	0
1.19733333333333	0
1.20066666666667	0
1.20400000000000	0
1.20733333333333	0
1.21068333333333	0
1.21401666666667	0
1.21735000000000	0
1.22068333333333	0
1.22401666666667	0
1.22736666666667	0
1.23070000000000	0
1.23403333333333	0
1.23736666666667	0
1.24070000000000	0
1.24405000000000	0
1.24738333333333	0
1.25071666666667	0
1.25405000000000	0
1.25738333333333	0
1.26071666666667	0
1.26405000000000	0
1.26738333333333	0
1.27071666666667	0
1.27405000000000	0
1.27740000000000	0
1.28073333333333	0
1.28406666666667	0
1.28740000000000	0
1.29073333333333	0
1.29408333333333	0
1.29741666666667	0
1.30075000000000	0
1.30408333333333	0
1.30741666666667	0
1.31076666666667	0
1.31410000000000	0
1.31743333333333	0
1.32076666666667	0
1.32410000000000	173
1.32745000000000	87
1.33078333333333	0
1.33411666666667	0
1.33745000000000	0
1.34078333333333	0
1.34413333333333	0
1.34746666666667	0
1.35080000000000	0
1.35413333333333	0
1.35746666666667	0
1.36081666666667	0
1.36415000000000	0
1.36748333333333	0
1.37081666666667	0
1.37415000000000	0
1.37750000000000	0
1.38083333333333	0
1.38416666666667	0
1.38750000000000	0
1.39083333333333	0
1.39418333333333	0
1.39751666666667	0
1.40085000000000	0
1.40418333333333	0
1.40751666666667	0
1.41086666666667	0
1.41420000000000	0
1.41753333333333	0
1.42086666666667	0
1.42420000000000	0
1.42755000000000	0
1.43088333333333	0
1.43421666666667	0
1.43755000000000	0
1.44088333333333	0
1.44423333333333	0
1.44756666666667	0
1.45090000000000	0
1.45423333333333	0
1.45756666666667	0
1.46091666666667	0
1.46425000000000	0
1.46758333333333	0
1.47091666666667	0
1.47425000000000	0
1.47760000000000	0
1.48093333333333	0
1.48426666666667	0
1.48760000000000	0
1.49093333333333	0
1.49426666666667	0
1.49761666666667	0
1.50095000000000	0
1.50428333333333	0
1.50761666666667	0
1.51095000000000	0
1.51430000000000	0
1.51763333333333	0
1.52096666666667	0
1.52430000000000	0
1.52763333333333	0
1.53098333333333	0
1.53431666666667	0
1.53765000000000	0
1.54098333333333	0
1.54431666666667	0
1.54766666666667	0
1.55100000000000	0
1.55433333333333	0
1.55766666666667	0
1.56100000000000	0
1.56435000000000	0
1.56768333333333	0
1.57101666666667	0
1.57435000000000	0
1.57768333333333	0
1.58103333333333	0
1.58436666666667	0
1.58770000000000	0
1.59103333333333	0
1.59436666666667	0
1.59771666666667	0
1.60105000000000	0
1.60438333333333	0
1.60771666666667	0
1.61105000000000	0
1.61440000000000	0
1.61773333333333	0
1.62106666666667	0
1.62440000000000	0
1.62773333333333	0
1.63108333333333	0
1.63441666666667	0
1.63775000000000	0
1.64108333333333	0
1.64440000000000	0
1.64775000000000	0
1.65108333333333	0
1.65441666666667	0
1.65775000000000	0
1.66108333333333	0
1.66443333333333	0
1.66776666666667	0
1.67110000000000	0
1.67443333333333	0
1.67776666666667	0
1.68111666666667	0
1.68445000000000	0
1.68778333333333	0
1.69111666666667	0
1.69445000000000	0
1.69780000000000	0
1.70113333333333	0
1.70446666666667	0
1.70780000000000	0
1.71113333333333	0
1.71448333333333	0
1.71781666666667	0
1.72115000000000	0
1.72448333333333	0
1.72781666666667	0
1.73116666666667	0
1.73450000000000	0
1.73783333333333	0
1.74116666666667	0
1.74450000000000	0
1.74783333333333	0
1.75116666666667	0
1.75450000000000	0
1.75783333333333	0
1.76116666666667	0
1.76451666666667	0
1.76785000000000	0
1.77118333333333	0
1.77451666666667	0
1.77785000000000	0
1.78120000000000	0
1.78453333333333	0
1.78786666666667	0
1.79120000000000	0
1.79453333333333	0
1.79788333333333	0
1.80121666666667	0
1.80455000000000	0
1.80788333333333	0
1.81121666666667	0
1.81456666666667	0
1.81790000000000	0
1.82123333333333	0
1.82456666666667	0
1.82790000000000	0
1.83123333333333	0
1.83458333333333	0
1.83791666666667	0
1.84125000000000	0
1.84458333333333	0
1.84791666666667	0
1.85126666666667	0
1.85460000000000	0
1.85793333333333	0
1.86126666666667	0
1.86460000000000	0
1.86795000000000	0
1.87128333333333	0
1.87461666666667	0
1.87795000000000	0
1.88128333333333	0
1.88463333333333	0
1.88796666666667	0
1.89130000000000	0
1.89463333333333	0
1.89796666666667	0
1.90131666666667	0
1.90465000000000	0
1.90798333333333	0
1.91131666666667	0
1.91465000000000	0
1.91800000000000	0
1.92133333333333	0
1.92466666666667	0
1.92800000000000	0
1.93133333333333	0
1.93468333333333	0
1.93801666666667	0
1.94135000000000	0
1.94468333333333	0
1.94801666666667	0
1.95136666666667	0
1.95470000000000	0
1.95803333333333	0
1.96136666666667	0
1.96470000000000	0
1.96805000000000	0
1.97138333333333	0
1.97471666666667	0
1.97805000000000	0
1.98138333333333	0
1.98473333333333	0
1.98806666666667	0
1.99140000000000	0
1.99473333333333	0
1.99806666666667	0
2.00141666666667	0
2.00475000000000	0
2.00808333333333	0
2.01141666666667	0
2.01475000000000	0
2.01810000000000	0
2.02143333333333	0
2.02476666666667	0
2.02810000000000	0
2.03143333333333	0
2.03478333333333	0
2.03811666666667	0
2.04145000000000	0
2.04478333333333	0
2.04811666666667	0
2.05146666666667	0
2.05480000000000	0
2.05813333333333	0
2.06146666666667	0
2.06480000000000	0
2.06815000000000	0
2.07148333333333	0
2.07481666666667	0
2.07815000000000	0
2.08148333333333	0
2.08483333333333	0
2.08816666666667	0
2.09150000000000	0
2.09483333333333	0
2.09816666666667	0
2.10151666666667	0
2.10485000000000	0
2.10818333333333	0
2.11151666666667	0
2.11485000000000	0
2.11820000000000	0
2.12153333333333	0
2.12486666666667	0
2.12820000000000	0
2.13153333333333	0
2.13488333333333	0
2.13821666666667	0
2.14155000000000	0
2.14488333333333	0
2.14821666666667	0
2.15156666666667	0
2.15490000000000	0
2.15823333333333	0
2.16156666666667	0
2.16490000000000	0
2.16823333333333	0
2.17158333333333	0
2.17491666666667	0
2.17825000000000	0
2.18158333333333	0
2.18491666666667	0
2.18826666666667	0
2.19160000000000	0
2.19493333333333	0
2.19826666666667	0
2.20160000000000	0
2.20495000000000	0
2.20828333333333	0
2.21161666666667	0
2.21495000000000	0
2.21828333333333	0
2.22163333333333	0
2.22496666666667	0
2.22830000000000	0
2.23163333333333	0
2.23496666666667	0
2.23831666666667	0
2.24165000000000	0
2.24498333333333	0
2.24831666666667	0
2.25165000000000	0
2.25500000000000	0
2.25833333333333	0
2.26166666666667	0
2.26500000000000	0
2.26833333333333	0
2.27168333333333	0
2.27501666666667	0
2.27835000000000	0
2.28168333333333	0
2.28501666666667	0
2.28836666666667	0
2.29170000000000	0
2.29503333333333	0
2.29836666666667	0
2.30170000000000	0
2.30505000000000	0
2.30838333333333	0
2.31171666666667	0
2.31505000000000	0
2.31838333333333	0
2.32173333333333	0
2.32506666666667	0
2.32840000000000	0
2.33173333333333	0
2.33506666666667	0
2.33841666666667	0
2.34175000000000	0
2.34508333333333	0
2.34841666666667	0
2.35175000000000	0
2.35510000000000	0
2.35843333333333	0
2.36176666666667	0
2.36510000000000	0
2.36843333333333	0
2.37178333333333	0
2.37511666666667	0
2.37845000000000	0
2.38178333333333	0
2.38511666666667	0
2.38846666666667	0
2.39180000000000	0
2.39513333333333	0
2.39846666666667	0
2.40180000000000	0
2.40515000000000	0
2.40848333333333	0
2.41181666666667	0
2.41515000000000	0
2.41848333333333	0
2.42183333333333	0
2.42516666666667	0
2.42850000000000	0
2.43183333333333	0
2.43516666666667	0
2.43851666666667	0
2.44185000000000	0
2.44518333333333	0
2.44851666666667	0
2.45185000000000	0
2.45520000000000	0
2.45853333333333	0
2.46186666666667	0
2.46520000000000	0
2.46853333333333	0
2.47188333333333	0
2.47521666666667	0
2.47855000000000	0
2.48188333333333	0
2.48521666666667	0
2.48856666666667	0
2.49190000000000	0
2.49523333333333	0
2.49856666666667	0
2.50190000000000	0
2.50523333333333	0
2.50858333333333	0
2.51191666666667	0
2.51525000000000	0
2.51858333333333	0
2.52191666666667	0
2.52526666666667	0
2.52860000000000	0
2.53193333333333	0
2.53526666666667	0
2.53860000000000	0
2.54195000000000	0
2.54528333333333	0
2.54861666666667	0
2.55195000000000	0
2.55528333333333	0
2.55863333333333	0
2.56196666666667	0
2.56530000000000	0
2.56863333333333	0
2.57196666666667	0
2.57531666666667	0
2.57865000000000	0
2.58198333333333	0
2.58531666666667	0
2.58865000000000	0
2.59200000000000	0
2.59533333333333	0
2.59866666666667	0
2.60200000000000	0
2.60533333333333	0
2.60868333333333	0
2.61201666666667	0
2.61535000000000	0
2.61868333333333	0
2.62201666666667	0
2.62536666666667	0
2.62870000000000	0
2.63203333333333	0
2.63536666666667	0
2.63870000000000	0
2.64205000000000	0
2.64538333333333	0
2.64871666666667	0
2.65205000000000	0
2.65538333333333	0
2.65873333333333	0
2.66206666666667	0
2.66540000000000	0
2.66873333333333	0
2.67206666666667	0
2.67541666666667	0
2.67875000000000	0
2.68208333333333	0
2.68541666666667	0
2.68875000000000	0
2.69210000000000	0
2.69543333333333	0
2.69876666666667	0
2.70210000000000	0
2.70543333333333	0
2.70878333333333	0
2.71211666666667	0
2.71545000000000	0
2.71878333333333	0
2.72211666666667	0
2.72546666666667	0
2.72880000000000	0
2.73213333333333	0
2.73546666666667	0
2.73880000000000	0
2.74215000000000	0
2.74548333333333	0
2.74881666666667	0
2.75215000000000	0
2.75548333333333	0
2.75883333333333	0
2.76216666666667	0
2.76550000000000	0
2.76883333333333	0
2.77216666666667	0
2.77551666666667	0
2.77885000000000	0
2.78218333333333	0
2.78551666666667	0
2.78885000000000	0
2.79220000000000	0
2.79553333333333	0
2.79886666666667	0
2.80220000000000	0
2.80553333333333	0
2.80888333333333	0
2.81221666666667	0
2.81555000000000	0
2.81888333333333	0
2.82221666666667	0
2.82556666666667	0
2.82890000000000	0
2.83223333333333	0
2.83556666666667	0
2.83890000000000	0
2.84223333333333	0
2.84558333333333	0
2.84891666666667	0
2.85225000000000	0
2.85558333333333	0
2.85891666666667	0
2.86226666666667	0
2.86560000000000	0
2.86893333333333	0
2.87226666666667	0
2.87560000000000	0
2.87895000000000	0
2.88228333333333	0
2.88561666666667	0
2.88895000000000	0
2.89228333333333	0
2.89563333333333	0
2.89896666666667	0
2.90230000000000	0
2.90563333333333	0
2.90896666666667	0
2.91231666666667	0
2.91565000000000	0
2.91898333333333	0
2.92231666666667	0
2.92565000000000	0
2.92900000000000	0
2.93233333333333	0
2.93566666666667	0
2.93900000000000	0
2.94233333333333	0
2.94568333333333	0
2.94901666666667	0
2.95235000000000	0
2.95568333333333	0
2.95901666666667	0
2.96236666666667	0
2.96570000000000	0
2.96903333333333	0
2.97236666666667	0
2.97570000000000	0
2.97905000000000	0
2.98238333333333	0
2.98571666666667	0
2.98905000000000	0
2.99238333333333	0
2.99573333333333	0
